weight_g,60.000000
thrust_N,velocity_m_s,power_W
13.000000,0.000000,600.036639
14.000000,0.000000,670.961788
15.000000,0.000000,745.391645
16.000000,0.000000,823.326208
13.000000,0.500000,601.139349
14.000000,0.500000,672.097907
15.000000,0.500000,746.561190
16.000000,0.500000,824.529199
13.000000,1.000000,602.242270
14.000000,1.000000,673.234266
15.000000,1.000000,747.731005
16.000000,1.000000,825.732487
13.000000,1.500000,603.346333
14.000000,1.500000,674.366428
15.000000,1.500000,748.890863
16.000000,1.500000,826.919638
13.000000,2.000000,604.450609
14.000000,2.000000,675.498830
15.000000,2.000000,750.050988
16.000000,2.000000,828.107081
13.000000,2.500000,605.555526
14.000000,2.500000,676.626660
15.000000,2.500000,751.200917
16.000000,2.500000,829.278297
13.000000,3.000000,606.660657
14.000000,3.000000,677.754729
15.000000,3.000000,752.351110
16.000000,3.000000,830.449798
13.000000,3.500000,607.765944
14.000000,3.500000,678.877868
15.000000,3.500000,753.490886
16.000000,3.500000,831.604999
13.000000,4.000000,608.871448
14.000000,4.000000,680.001246
15.000000,4.000000,754.630923
16.000000,4.000000,832.760480
13.000000,4.500000,609.976641
14.000000,4.500000,681.119351
15.000000,4.500000,755.760338
16.000000,4.500000,833.899602
13.000000,5.000000,611.082052
14.000000,5.000000,682.237696
15.000000,5.000000,756.890012
16.000000,5.000000,835.039000
13.000000,5.500000,612.186702
14.000000,5.500000,683.350444
15.000000,5.500000,758.008875
16.000000,5.500000,836.161997
13.000000,6.000000,613.291572
14.000000,6.000000,684.463430
15.000000,6.000000,759.127994
16.000000,6.000000,837.285264
13.000000,6.500000,614.398708
14.000000,6.500000,685.578040
15.000000,6.500000,760.248010
16.000000,6.500000,838.408620
13.000000,7.000000,615.506069
14.000000,7.000000,686.692892
15.000000,7.000000,761.368284
16.000000,7.000000,839.532246
13.000000,7.500000,616.630203
14.000000,7.500000,687.884135
15.000000,7.500000,762.629092
16.000000,7.500000,840.865072
13.000000,8.000000,617.754571
14.000000,8.000000,689.075656
15.000000,8.000000,763.890220
16.000000,8.000000,842.198262
13.000000,8.500000,618.883246
14.000000,8.500000,690.271454
15.000000,8.500000,765.155576
16.000000,8.500000,843.535609
13.000000,9.000000,620.012159
14.000000,9.000000,691.467534
15.000000,9.000000,766.421256
16.000000,9.000000,844.873325
13.000000,9.500000,621.145378
14.000000,9.500000,692.667907
15.000000,9.500000,767.691198
16.000000,9.500000,846.215253
13.000000,10.000000,622.278839
14.000000,10.000000,693.868565
15.000000,10.000000,768.961469
16.000000,10.000000,847.557553
13.000000,10.500000,623.422985
14.000000,10.500000,695.097152
15.000000,10.500000,770.278098
16.000000,10.500000,848.965822
13.000000,11.000000,624.567379
14.000000,11.000000,696.326033
15.000000,11.000000,771.595066
16.000000,11.000000,850.374480
13.000000,11.500000,625.716982
14.000000,11.500000,697.559610
15.000000,11.500000,772.916128
16.000000,11.500000,851.786536
13.000000,12.000000,626.866837
14.000000,12.000000,698.793481
15.000000,12.000000,774.237529
16.000000,12.000000,853.198980
13.000000,12.500000,628.019735
14.000000,12.500000,700.023548
15.000000,12.500000,775.547736
16.000000,12.500000,854.592297
13.000000,13.000000,629.172887
14.000000,13.000000,701.253910
15.000000,13.000000,776.858279
16.000000,13.000000,855.985995
13.000000,13.500000,630.331047
14.000000,13.500000,702.489140
15.000000,13.500000,778.173527
16.000000,13.500000,857.384206
13.000000,14.000000,631.489465
14.000000,14.000000,703.724670
15.000000,14.000000,779.489116
16.000000,14.000000,858.782802
13.000000,14.500000,632.655577
14.000000,14.500000,704.974757
15.000000,14.500000,780.826652
16.000000,14.500000,860.211262
13.000000,15.000000,633.821953
14.000000,15.000000,706.225153
15.000000,15.000000,782.164544
16.000000,15.000000,861.640126
13.000000,15.500000,634.993220
14.000000,15.500000,707.480749
15.000000,15.500000,783.507952
16.000000,15.500000,863.074829
13.000000,16.000000,636.164754
14.000000,16.000000,708.736657
15.000000,16.000000,784.851719
16.000000,16.000000,864.509941
13.000000,16.500000,637.341201
14.000000,16.500000,709.997788
15.000000,16.500000,786.201027
16.000000,16.500000,865.950920
13.000000,17.000000,638.517920
14.000000,17.000000,711.259236
15.000000,17.000000,787.550700
16.000000,17.000000,867.392313
13.000000,17.500000,639.679068
14.000000,17.500000,712.511505
15.000000,17.500000,788.898309
16.000000,17.500000,868.839479
13.000000,18.000000,640.840459
14.000000,18.000000,713.764073
15.000000,18.000000,790.246275
16.000000,18.000000,870.287064
13.000000,18.500000,642.246586
14.000000,18.500000,715.187652
15.000000,18.500000,791.685193
13.000000,19.000000,643.653052
14.000000,19.000000,716.611601
15.000000,19.000000,793.124510
13.000000,19.500000,645.119113
14.000000,19.500000,718.076416
15.000000,19.500000,794.584353
13.000000,20.000000,646.585541
14.000000,20.000000,719.541623
15.000000,20.000000,796.044607
13.000000,20.500000,648.078890
14.000000,20.500000,721.072489
15.000000,20.500000,797.612193
13.000000,21.000000,649.572628
14.000000,21.000000,722.603787
15.000000,21.000000,799.180254
13.000000,21.500000,651.108544
14.000000,21.500000,724.230012
15.000000,21.500000,800.899966
13.000000,22.000000,652.644877
14.000000,22.000000,725.856732
15.000000,22.000000,802.620251
13.000000,22.500000,654.188486
14.000000,22.500000,727.491258
15.000000,22.500000,804.348893
13.000000,23.000000,655.732521
14.000000,23.000000,729.126289
15.000000,23.000000,806.078119
13.000000,23.500000,657.245969
14.000000,23.500000,730.744072
15.000000,23.500000,807.804499
13.000000,24.000000,658.759842
14.000000,24.000000,732.362362
15.000000,24.000000,809.531470
13.000000,24.500000,660.218075
14.000000,24.500000,733.947770
15.000000,24.500000,811.250077
13.000000,25.000000,661.676734
14.000000,25.000000,735.533687
15.000000,25.000000,812.969284
13.000000,25.500000,663.123196
14.000000,25.500000,737.116185
15.000000,25.500000,814.694520
13.000000,26.000000,664.570088
14.000000,26.000000,738.699199
15.000000,26.000000,816.420365
13.000000,26.500000,666.003646
14.000000,26.500000,740.278544
15.000000,26.500000,818.152977
12.000000,27.000000,596.623881
13.000000,27.000000,667.437634
14.000000,27.000000,741.858410
15.000000,27.000000,819.886209
12.000000,27.500000,597.896017
13.000000,27.500000,668.795386
14.000000,27.500000,743.305101
15.000000,27.500000,821.425164
12.000000,28.000000,599.168494
13.000000,28.000000,670.153535
14.000000,28.000000,744.752248
15.000000,28.000000,822.964633
12.000000,28.500000,600.417253
13.000000,28.500000,671.486934
14.000000,28.500000,746.173600
15.000000,28.500000,824.477251
12.000000,29.000000,601.666348
13.000000,29.000000,672.820723
14.000000,29.000000,747.595399
15.000000,29.000000,825.990375
12.000000,29.500000,603.011975
13.000000,29.500000,674.220938
14.000000,29.500000,749.050720
15.000000,29.500000,827.501322
12.000000,30.000000,604.357997
13.000000,30.000000,675.621586
14.000000,30.000000,750.506513
15.000000,30.000000,829.012776
12.000000,30.500000,605.823735
13.000000,30.500000,677.104931
14.000000,30.500000,752.004500
15.000000,30.500000,830.522441
12.000000,31.000000,607.289953
13.000000,31.000000,678.588769
14.000000,31.000000,753.502990
15.000000,31.000000,832.032617
12.000000,31.500000,608.760473
13.000000,31.500000,680.068820
14.000000,31.500000,754.988901
15.000000,31.500000,833.520714
12.000000,32.000000,610.231483
13.000000,32.000000,681.549368
14.000000,32.000000,756.475311
15.000000,32.000000,835.009313
12.000000,32.500000,611.703150
13.000000,32.500000,683.030084
14.000000,32.500000,757.961326
15.000000,32.500000,836.496874
12.000000,33.000000,613.175311
13.000000,33.000000,684.511298
14.000000,33.000000,759.447839
15.000000,33.000000,837.984934
12.000000,33.500000,614.661535
13.000000,33.500000,686.051709
14.000000,33.500000,761.042208
15.000000,33.500000,839.633031
12.000000,34.000000,616.148263
13.000000,34.000000,687.592651
14.000000,34.000000,762.637133
15.000000,34.000000,841.281710
12.000000,34.500000,617.663410
13.000000,34.500000,689.232992
14.000000,34.500000,764.408224
15.000000,34.500000,843.189107
12.000000,35.000000,619.179085
13.000000,35.000000,690.873944
14.000000,35.000000,766.180012
15.000000,35.000000,845.097291
12.000000,35.500000,620.733041
13.000000,35.500000,692.535379
14.000000,35.500000,767.952709
15.000000,35.500000,846.985031
12.000000,36.000000,622.287594
13.000000,36.000000,694.197471
14.000000,36.000000,769.726123
15.000000,36.000000,848.873552
12.000000,36.500000,623.884703
13.000000,36.500000,695.882102
14.000000,36.500000,771.500442
15.000000,36.500000,850.739722
12.000000,37.000000,625.482415
13.000000,37.000000,697.567389
14.000000,37.000000,773.275471
15.000000,37.000000,852.606659
12.000000,37.500000,627.050746
13.000000,37.500000,699.223451
14.000000,37.500000,775.021510
15.000000,37.500000,854.444923
12.000000,38.000000,628.619669
13.000000,38.000000,700.880156
14.000000,38.000000,776.768246
15.000000,38.000000,856.283938
12.000000,38.500000,630.160034
13.000000,38.500000,702.508533
14.000000,38.500000,778.486965
15.000000,38.500000,858.095330
12.000000,39.000000,631.700981
13.000000,39.000000,704.137542
14.000000,39.000000,780.206367
15.000000,39.000000,859.907457
12.000000,39.500000,633.225040
13.000000,39.500000,705.768800
14.000000,39.500000,781.948782
15.000000,39.500000,861.764988
12.000000,40.000000,634.749680
13.000000,40.000000,707.400704
14.000000,40.000000,783.691912
15.000000,40.000000,863.623303
12.000000,40.500000,636.371400
13.000000,40.500000,709.158946
14.000000,40.500000,785.592742
15.000000,40.500000,865.672788
12.000000,41.000000,637.993796
13.000000,41.000000,710.917960
14.000000,41.000000,787.494444
15.000000,41.000000,867.723248
12.000000,41.500000,639.696880
13.000000,41.500000,712.769135
14.000000,41.500000,789.500227
12.000000,42.000000,641.400771
13.000000,42.000000,714.621211
14.000000,42.000000,791.507011
12.000000,42.500000,643.126591
13.000000,42.500000,716.480973
14.000000,42.500000,793.505899
12.000000,43.000000,644.853259
13.000000,43.000000,718.341658
14.000000,43.000000,795.505790
12.000000,43.500000,646.584429
13.000000,43.500000,720.197508
14.000000,43.500000,797.490736
12.000000,44.000000,648.316452
13.000000,44.000000,722.054280
14.000000,44.000000,799.476676
12.000000,44.500000,650.051785
13.000000,44.500000,723.905120
14.000000,44.500000,801.446679
12.000000,45.000000,651.787978
13.000000,45.000000,725.756880
14.000000,45.000000,803.417664
12.000000,45.500000,653.507514
13.000000,45.500000,727.589261
14.000000,45.500000,805.366278
12.000000,46.000000,655.227917
13.000000,46.000000,729.422560
14.000000,46.000000,807.315863
12.000000,46.500000,656.887614
13.000000,46.500000,731.233605
14.000000,46.500000,809.284811
12.000000,47.000000,658.548219
13.000000,47.000000,733.045640
14.000000,47.000000,811.254834
12.000000,47.500000,660.225571
13.000000,47.500000,734.859190
14.000000,47.500000,813.209682
12.000000,48.000000,661.903900
13.000000,48.000000,736.673778
14.000000,48.000000,815.165631
12.000000,48.500000,663.573880
13.000000,48.500000,738.482296
14.000000,48.500000,817.117968
11.000000,49.000000,593.930363
12.000000,49.000000,665.244842
13.000000,49.000000,740.291858
14.000000,49.000000,819.071411
11.000000,49.500000,595.449747
12.000000,49.500000,666.905785
13.000000,49.500000,742.100396
14.000000,49.500000,821.033578
11.000000,50.000000,596.970040
12.000000,50.000000,668.567704
13.000000,50.000000,743.909978
14.000000,50.000000,822.996861
11.000000,50.500000,598.473950
12.000000,50.500000,670.221415
13.000000,50.500000,745.720267
14.000000,50.500000,824.970505
11.000000,51.000000,599.978755
12.000000,51.000000,671.876096
13.000000,51.000000,747.531602
14.000000,51.000000,826.945276
11.000000,51.500000,601.650453
12.000000,51.500000,673.668141
13.000000,51.500000,749.447291
14.000000,51.500000,828.987905
11.000000,52.000000,603.323267
12.000000,52.000000,675.461323
13.000000,52.000000,751.364140
14.000000,52.000000,831.031717
11.000000,52.500000,605.208369
12.000000,52.500000,677.442546
13.000000,52.500000,753.441708
14.000000,52.500000,833.205853
11.000000,53.000000,607.094898
12.000000,53.000000,679.425170
13.000000,53.000000,755.520649
14.000000,53.000000,835.381335
11.000000,53.500000,609.001970
12.000000,53.500000,681.453144
13.000000,53.500000,757.672040
14.000000,53.500000,837.658660
11.000000,54.000000,610.910534
12.000000,54.000000,683.482632
13.000000,54.000000,759.824970
14.000000,54.000000,839.937546
11.000000,54.500000,612.855996
12.000000,54.500000,685.541992
13.000000,54.500000,762.000038
14.000000,54.500000,842.230135
11.000000,55.000000,614.802988
12.000000,55.000000,687.602897
13.000000,55.000000,764.176666
14.000000,55.000000,844.524296
11.000000,55.500000,616.790618
12.000000,55.500000,689.695740
13.000000,55.500000,766.375849
14.000000,55.500000,846.830944
11.000000,56.000000,618.779784
12.000000,56.000000,691.790135
13.000000,56.000000,768.576598
14.000000,56.000000,849.139173
11.000000,56.500000,620.746051
12.000000,56.500000,693.870864
13.000000,56.500000,770.773712
14.000000,56.500000,851.454595
11.000000,57.000000,622.713839
12.000000,57.000000,695.953135
13.000000,57.000000,772.972390
14.000000,57.000000,853.771604
11.000000,57.500000,624.592583
12.000000,57.500000,697.972412
13.000000,57.500000,775.135555
14.000000,57.500000,856.082012
11.000000,58.000000,626.472958
12.000000,58.000000,699.993319
13.000000,58.000000,777.300343
14.000000,58.000000,858.394029
11.000000,58.500000,628.315332
12.000000,58.500000,701.977508
13.000000,58.500000,779.429892
14.000000,58.500000,860.672485
11.000000,59.000000,630.159347
12.000000,59.000000,703.963344
13.000000,59.000000,781.561089
14.000000,59.000000,862.952583
11.000000,59.500000,632.001296
12.000000,59.500000,705.972413
13.000000,59.500000,783.743356
11.000000,60.000000,633.844892
12.000000,60.000000,707.983197
13.000000,60.000000,785.927402
11.000000,60.500000,635.680321
12.000000,60.500000,709.993672
13.000000,60.500000,788.119818
11.000000,61.000000,637.517389
12.000000,61.000000,712.005873
13.000000,61.000000,790.314045
11.000000,61.500000,639.399992
12.000000,61.500000,714.044272
13.000000,61.500000,792.512950
11.000000,62.000000,641.284354
12.000000,62.000000,716.084469
13.000000,62.000000,794.713688
11.000000,62.500000,643.171963
12.000000,62.500000,718.121073
13.000000,62.500000,796.903236
11.000000,63.000000,645.061356
12.000000,63.000000,720.159482
13.000000,63.000000,799.094605
11.000000,63.500000,646.934425
12.000000,63.500000,722.181883
13.000000,63.500000,801.269156
11.000000,64.000000,648.809410
12.000000,64.000000,724.206171
13.000000,64.000000,803.445550
11.000000,64.500000,650.721703
12.000000,64.500000,726.306072
13.000000,64.500000,805.739591
11.000000,65.000000,652.635988
12.000000,65.000000,728.408033
13.000000,65.000000,808.035748
14.000000,65.000000,891.137142
15.000000,65.000000,977.047601
16.000000,65.000000,1066.583556
11.000000,65.500000,654.567621
12.000000,65.500000,730.535151
13.000000,65.500000,810.365718
14.000000,65.500000,893.612346
15.000000,65.500000,979.657829
16.000000,65.500000,1069.330772
11.000000,66.000000,656.501275
12.000000,66.000000,732.664383
13.000000,66.000000,812.697889
14.000000,66.000000,896.089471
15.000000,66.000000,982.269966
16.000000,66.000000,1072.079884
11.000000,66.500000,658.445876
12.000000,66.500000,734.802890
13.000000,66.500000,815.037459
14.000000,66.500000,898.562509
15.000000,66.500000,984.872690
16.000000,66.500000,1074.813458
11.000000,67.000000,660.392565
12.000000,67.000000,736.943581
13.000000,67.000000,817.379304
14.000000,67.000000,901.037530
15.000000,67.000000,987.477354
16.000000,67.000000,1077.548925
11.000000,67.500000,662.354175
12.000000,67.500000,739.101002
13.000000,67.500000,819.739192
14.000000,67.500000,903.518041
15.000000,67.500000,990.078145
16.000000,67.500000,1080.270526
10.000000,68.000000,591.273251
11.000000,68.000000,664.317955
12.000000,68.000000,741.260668
13.000000,68.000000,822.101389
14.000000,68.000000,906.000531
15.000000,68.000000,992.680862
16.000000,68.000000,1082.993995
10.000000,68.500000,593.064022
11.000000,68.500000,666.299198
12.000000,68.500000,743.438576
13.000000,68.500000,824.482158
14.000000,68.500000,908.486981
15.000000,68.500000,995.278263
16.000000,68.500000,1085.702254
10.000000,69.000000,594.856949
11.000000,69.000000,668.282674
12.000000,69.000000,745.618778
13.000000,69.000000,826.865260
14.000000,69.000000,910.975404
15.000000,69.000000,997.877573
16.000000,69.000000,1088.412354
10.000000,69.500000,596.671145
11.000000,69.500000,670.287790
12.000000,69.500000,747.820006
13.000000,69.500000,829.267793
14.000000,69.500000,913.475945
15.000000,69.500000,1000.497129
16.000000,69.500000,1091.151602
10.000000,70.000000,598.487627
11.000000,70.000000,672.295248
12.000000,70.000000,750.023602
13.000000,70.000000,831.672688
14.000000,70.000000,915.978472
15.000000,70.000000,1003.118632
16.000000,70.000000,1093.892757
10.000000,70.500000,600.315406
11.000000,70.500000,674.315385
12.000000,70.500000,752.241997
13.000000,70.500000,834.095241
14.000000,70.500000,918.495409
15.000000,70.500000,1005.762357
16.000000,70.500000,1096.663842
10.000000,71.000000,602.145481
11.000000,71.000000,676.337904
12.000000,71.000000,754.462838
13.000000,71.000000,836.520285
14.000000,71.000000,921.014474
15.000000,71.000000,1008.408148
16.000000,71.000000,1099.436927
10.000000,71.500000,603.986871
11.000000,71.500000,678.372894
12.000000,71.500000,756.698308
13.000000,71.500000,838.963113
14.000000,71.500000,923.501116
15.000000,71.500000,1010.958626
16.000000,71.500000,1102.047528
10.000000,72.000000,605.830571
11.000000,72.000000,680.410323
12.000000,72.000000,758.936334
13.000000,72.000000,841.408605
14.000000,72.000000,925.990030
15.000000,72.000000,1013.511245
16.000000,72.000000,1104.660138
10.000000,72.500000,607.831372
11.000000,72.500000,682.566977
12.000000,72.500000,761.251026
13.000000,72.500000,843.883518
14.000000,72.500000,928.482158
15.000000,72.500000,1016.069053
16.000000,72.500000,1107.280018
10.000000,73.000000,609.834898
11.000000,73.000000,684.726374
12.000000,73.000000,763.568461
13.000000,73.000000,846.361160
14.000000,73.000000,930.976569
15.000000,73.000000,1018.629014
16.000000,73.000000,1109.901920
10.000000,73.500000,611.877270
11.000000,73.500000,686.908839
12.000000,73.500000,765.891368
13.000000,73.500000,848.824856
14.000000,73.500000,933.457690
15.000000,73.500000,1021.192711
16.000000,73.500000,1112.545913
10.000000,74.000000,613.922460
11.000000,74.000000,689.094087
12.000000,74.000000,768.217007
13.000000,74.000000,851.291220
14.000000,74.000000,935.941046
15.000000,74.000000,1023.758543
16.000000,74.000000,1115.191939
10.000000,74.500000,615.995153
11.000000,74.500000,691.301610
12.000000,74.500000,770.558374
13.000000,74.500000,853.765445
14.000000,74.500000,938.433424
15.000000,74.500000,1026.342588
16.000000,74.500000,1117.865978
10.000000,75.000000,618.070790
11.000000,75.000000,693.512004
12.000000,75.000000,772.902519
13.000000,75.000000,856.242336
14.000000,75.000000,940.928037
15.000000,75.000000,1028.928778
16.000000,75.000000,1120.542071
10.000000,75.500000,620.166573
11.000000,75.500000,695.741009
12.000000,75.500000,775.263210
13.000000,75.500000,858.733176
14.000000,75.500000,943.439167
15.000000,75.500000,1031.538570
16.000000,75.500000,1123.249096
10.000000,76.000000,622.265380
11.000000,76.000000,697.972951
12.000000,76.000000,777.626730
13.000000,76.000000,861.226715
14.000000,76.000000,945.952565
15.000000,76.000000,1034.150539
16.000000,76.000000,1125.958201
10.000000,76.500000,624.374452
11.000000,76.500000,700.215966
12.000000,76.500000,780.002335
13.000000,76.500000,863.719515
14.000000,76.500000,948.491726
15.000000,76.500000,1036.804840
16.000000,76.500000,1128.727779
10.000000,77.000000,626.486551
11.000000,77.000000,702.461928
12.000000,77.000000,782.380785
13.000000,77.000000,866.214982
14.000000,77.000000,951.033241
15.000000,77.000000,1039.461458
16.000000,77.000000,1131.499633
10.000000,77.500000,628.579218
11.000000,77.500000,704.726032
12.000000,77.500000,784.819570
13.000000,77.500000,868.740441
14.000000,77.500000,953.659972
15.000000,77.500000,1042.186466
16.000000,77.500000,1134.319923
10.000000,78.000000,630.674930
11.000000,78.000000,706.993252
12.000000,78.000000,787.261529
13.000000,78.000000,871.268769
14.000000,78.000000,956.289427
15.000000,78.000000,1044.914042
16.000000,78.000000,1137.142613
10.000000,78.500000,632.687017
11.000000,78.500000,709.208184
12.000000,78.500000,789.684241
13.000000,78.500000,873.810960
14.000000,78.500000,959.022857
15.000000,78.500000,1047.842605
10.000000,79.000000,634.702028
11.000000,79.000000,711.426170
12.000000,79.000000,792.110108
13.000000,79.000000,876.356026
14.000000,79.000000,961.759202
15.000000,79.000000,1050.774106
10.000000,79.500000,636.729834
11.000000,79.500000,713.657747
12.000000,79.500000,794.550383
13.000000,79.500000,878.916680
14.000000,79.500000,964.525381
15.000000,79.500000,1053.750782
10.000000,80.000000,638.760576
11.000000,80.000000,715.892388
12.000000,80.000000,796.993822
13.000000,80.000000,881.480220
14.000000,80.000000,967.294515
15.000000,80.000000,1056.730466
10.000000,80.500000,640.833369
11.000000,80.500000,718.161053
12.000000,80.500000,799.461219
13.000000,80.500000,884.056831
14.000000,80.500000,970.070604
15.000000,80.500000,1059.710542
10.000000,81.000000,642.909262
11.000000,81.000000,720.432899
12.000000,81.000000,801.931838
13.000000,81.000000,886.636334
14.000000,81.000000,972.849640
15.000000,81.000000,1062.693607
10.000000,81.500000,644.995121
11.000000,81.500000,722.702550
12.000000,81.500000,804.387306
13.000000,81.500000,889.194815
14.000000,81.500000,975.613242
15.000000,81.500000,1065.666669
10.000000,82.000000,647.084105
11.000000,82.000000,724.975391
12.000000,82.000000,806.845994
13.000000,82.000000,891.756203
14.000000,82.000000,978.379797
15.000000,82.000000,1068.642710
10.000000,82.500000,649.182525
11.000000,82.500000,727.253763
12.000000,82.500000,809.306079
13.000000,82.500000,894.318705
14.000000,82.500000,981.145533
15.000000,82.500000,1071.615653
10.000000,83.000000,651.284078
11.000000,83.000000,729.535325
12.000000,83.000000,811.769380
13.000000,83.000000,896.884119
14.000000,83.000000,983.914217
15.000000,83.000000,1074.591556
10.000000,83.500000,653.341541
11.000000,83.500000,731.819860
12.000000,83.500000,814.286653
13.000000,83.500000,899.509738
14.000000,83.500000,986.683192
15.000000,83.500000,1077.503746
10.000000,84.000000,655.402094
11.000000,84.000000,734.107686
12.000000,84.000000,816.807381
13.000000,84.000000,902.138541
14.000000,84.000000,989.455309
15.000000,84.000000,1080.419019
10.000000,84.500000,657.475301
11.000000,84.500000,736.427054
12.000000,84.500000,819.380443
13.000000,84.500000,904.805747
14.000000,84.500000,992.238491
15.000000,84.500000,1083.315679
10.000000,85.000000,659.551640
11.000000,85.000000,738.749817
12.000000,85.000000,821.957133
13.000000,85.000000,907.476289
14.000000,85.000000,995.024902
15.000000,85.000000,1086.215450
10.000000,85.500000,661.661771
11.000000,85.500000,741.099555
12.000000,85.500000,824.553151
13.000000,85.500000,910.132261
14.000000,85.500000,997.771381
15.000000,85.500000,1089.048741
10.000000,86.000000,663.775112
11.000000,86.000000,743.452741
12.000000,86.000000,827.152820
13.000000,86.000000,912.791531
14.000000,86.000000,1000.521026
15.000000,86.000000,1091.885064
10.000000,86.500000,665.959979
11.000000,86.500000,745.855978
12.000000,86.500000,829.777529
13.000000,86.500000,915.442357
14.000000,86.500000,1003.254313
15.000000,86.500000,1094.696791
9.000000,87.000000,592.062367
10.000000,87.000000,668.148291
11.000000,87.000000,748.262815
12.000000,87.000000,832.405941
13.000000,87.000000,918.096450
14.000000,87.000000,1005.990730
15.000000,87.000000,1097.511508
9.000000,87.500000,594.072706
10.000000,87.500000,670.376256
11.000000,87.500000,750.711927
12.000000,87.500000,835.079718
13.000000,87.500000,920.774126
14.000000,87.500000,1008.741625
15.000000,87.500000,1100.330457
9.000000,88.000000,596.086376
10.000000,88.000000,672.607764
11.000000,88.000000,753.164746
12.000000,88.000000,837.757322
13.000000,88.000000,923.455141
14.000000,88.000000,1011.495685
15.000000,88.000000,1103.152394
9.000000,88.500000,598.142028
10.000000,88.500000,674.880282
11.000000,88.500000,755.657449
12.000000,88.500000,840.473528
13.000000,88.500000,926.151511
14.000000,88.500000,1014.258446
15.000000,88.500000,1105.975576
9.000000,89.000000,600.201128
10.000000,89.000000,677.156451
11.000000,89.000000,758.153961
12.000000,89.000000,843.193659
13.000000,89.000000,928.851261
14.000000,89.000000,1017.024387
15.000000,89.000000,1108.801734
9.000000,89.500000,602.311885
10.000000,89.500000,679.457861
11.000000,89.500000,760.646610
12.000000,89.500000,845.878131
13.000000,89.500000,931.507970
14.000000,89.500000,1019.764764
15.000000,89.500000,1111.620563
9.000000,90.000000,604.426256
10.000000,90.000000,681.763009
11.000000,90.000000,763.143079
12.000000,90.000000,848.566467
13.000000,90.000000,934.167993
14.000000,90.000000,1022.508278
15.000000,90.000000,1114.442341
9.000000,90.500000,606.554262
10.000000,90.500000,684.005829
11.000000,90.500000,765.497199
12.000000,90.500000,851.028374
13.000000,90.500000,936.710291
14.000000,90.500000,1025.278302
15.000000,90.500000,1117.444538
9.000000,91.000000,608.685905
10.000000,91.000000,686.252225
11.000000,91.000000,767.854830
12.000000,91.000000,853.493719
13.000000,91.000000,939.255824
14.000000,91.000000,1028.051715
15.000000,91.000000,1120.450243
9.000000,91.500000,610.784864
10.000000,91.500000,688.474600
11.000000,91.500000,770.196942
12.000000,91.500000,855.951890
13.000000,91.500000,941.821826
14.000000,91.500000,1030.860356
15.000000,91.500000,1123.507130
9.000000,92.000000,612.887378
10.000000,92.000000,690.700493
11.000000,92.000000,772.542524
12.000000,92.000000,858.413470
13.000000,92.000000,944.391099
14.000000,92.000000,1033.672459
15.000000,92.000000,1126.567639
9.000000,92.500000,614.935066
10.000000,92.500000,692.887894
11.000000,92.500000,774.865840
12.000000,92.500000,860.868903
13.000000,92.500000,946.980704
14.000000,92.500000,1036.517364
15.000000,92.500000,1129.674364
9.000000,93.000000,616.986155
10.000000,93.000000,695.078717
11.000000,93.000000,777.192571
12.000000,93.000000,863.327718
13.000000,93.000000,949.573615
14.000000,93.000000,1039.365793
15.000000,93.000000,1132.784803
9.000000,93.500000,619.051530
10.000000,93.500000,697.274943
11.000000,93.500000,779.515267
12.000000,93.500000,865.713100
13.000000,93.500000,952.179423
14.000000,93.500000,1042.239304
15.000000,93.500000,1135.933074
9.000000,94.000000,621.120339
10.000000,94.000000,699.474596
11.000000,94.000000,781.841359
12.000000,94.000000,868.101655
13.000000,94.000000,954.788566
14.000000,94.000000,1045.116390
15.000000,94.000000,1139.085128
9.000000,94.500000,623.205570
10.000000,94.500000,701.678925
11.000000,94.500000,784.159480
12.000000,94.500000,870.447300
13.000000,94.500000,957.404315
14.000000,94.500000,1048.009392
9.000000,95.000000,625.294279
10.000000,95.000000,703.886688
11.000000,95.000000,786.480974
12.000000,95.000000,872.796005
13.000000,95.000000,960.023413
14.000000,95.000000,1050.905993
9.000000,95.500000,627.394551
10.000000,95.500000,706.101083
11.000000,95.500000,788.803674
12.000000,95.500000,875.159740
13.000000,95.500000,962.661095
14.000000,95.500000,1053.824994
9.000000,96.000000,629.498323
10.000000,96.000000,708.318917
11.000000,96.000000,791.129733
12.000000,96.000000,877.526550
13.000000,96.000000,965.302144
14.000000,96.000000,1056.747614
9.000000,96.500000,631.634291
10.000000,96.500000,710.614187
11.000000,96.500000,793.584268
12.000000,96.500000,880.072196
13.000000,96.500000,968.073260
14.000000,96.500000,1059.745423
9.000000,97.000000,633.773850
10.000000,97.000000,712.913131
11.000000,97.000000,796.042547
12.000000,97.000000,882.621420
13.000000,97.000000,970.848101
14.000000,97.000000,1062.747036
9.000000,97.500000,635.742373
10.000000,97.500000,715.121822
11.000000,97.500000,798.496651
12.000000,97.500000,885.236062
13.000000,97.500000,973.672275
14.000000,97.500000,1065.783103
9.000000,98.000000,637.713943
10.000000,98.000000,717.333927
11.000000,98.000000,800.954502
12.000000,98.000000,887.854465
13.000000,98.000000,976.500373
14.000000,98.000000,1068.823229
9.000000,98.500000,639.577275
10.000000,98.500000,719.484831
11.000000,98.500000,803.401348
12.000000,98.500000,890.492833
13.000000,98.500000,979.347246
14.000000,98.500000,1071.880925
9.000000,99.000000,641.443290
10.000000,99.000000,721.638955
11.000000,99.000000,805.851900
12.000000,99.000000,893.134999
13.000000,99.000000,982.198074
14.000000,99.000000,1074.942709
9.000000,99.500000,643.372299
10.000000,99.500000,723.845183
11.000000,99.500000,808.342922
12.000000,99.500000,895.798460
13.000000,99.500000,985.069201
14.000000,99.500000,1078.023740
9.000000,100.000000,645.304189
10.000000,100.000000,726.054776
11.000000,100.000000,810.837748
12.000000,100.000000,898.465760
13.000000,100.000000,987.944319
14.000000,100.000000,1081.108890
9.000000,100.500000,647.267114
10.000000,100.500000,728.297231
11.000000,100.500000,813.367081
12.000000,100.500000,901.157595
13.000000,100.500000,990.841942
14.000000,100.500000,1084.214367
9.000000,101.000000,649.233010
10.000000,101.000000,730.543140
11.000000,101.000000,815.900305
12.000000,101.000000,903.853319
13.000000,101.000000,993.743600
14.000000,101.000000,1087.324002
9.000000,101.500000,651.226831
10.000000,101.500000,732.813633
11.000000,101.500000,818.453923
12.000000,101.500000,906.558461
13.000000,101.500000,996.657280
14.000000,101.500000,1090.448567
9.000000,102.000000,653.223702
10.000000,102.000000,735.087642
11.000000,102.000000,821.011470
12.000000,102.000000,909.267494
13.000000,102.000000,999.575001
14.000000,102.000000,1093.577300
9.000000,102.500000,655.252697
10.000000,102.500000,737.385835
11.000000,102.500000,823.585504
12.000000,102.500000,911.984229
13.000000,102.500000,1002.504950
14.000000,102.500000,1096.721739
9.000000,103.000000,657.284833
10.000000,103.000000,739.687610
11.000000,103.000000,826.163525
12.000000,103.000000,914.704902
13.000000,103.000000,1005.438985
14.000000,103.000000,1099.870375
9.000000,103.500000,659.488577
10.000000,103.500000,742.090079
11.000000,103.500000,828.765953
12.000000,103.500000,917.420284
13.000000,103.500000,1008.377369
14.000000,103.500000,1103.031213
9.000000,104.000000,661.696008
10.000000,104.000000,744.496442
11.000000,104.000000,831.372465
12.000000,104.000000,920.139635
13.000000,104.000000,1011.319883
14.000000,104.000000,1106.196272
9.000000,104.500000,663.908766
10.000000,104.500000,746.916988
11.000000,104.500000,834.002542
12.000000,104.500000,922.829401
13.000000,104.500000,1014.143496
14.000000,104.500000,1109.151308
9.000000,105.000000,666.125217
10.000000,105.000000,749.341459
11.000000,105.000000,836.636756
12.000000,105.000000,925.523055
13.000000,105.000000,1016.970996
14.000000,105.000000,1112.110221
9.000000,105.500000,668.342465
10.000000,105.500000,751.776841
11.000000,105.500000,839.293012
12.000000,105.500000,928.235395
13.000000,105.500000,1019.819415
14.000000,105.500000,1115.092103
9.000000,106.000000,670.563398
10.000000,106.000000,754.216169
11.000000,106.000000,841.953456
12.000000,106.000000,930.951660
13.000000,106.000000,1022.671757
14.000000,106.000000,1118.077897
9.000000,106.500000,672.789937
10.000000,106.500000,756.670567
11.000000,106.500000,844.638026
12.000000,106.500000,933.681523
13.000000,106.500000,1025.533561
14.000000,106.500000,1121.068639
8.000000,107.000000,595.000495
9.000000,107.000000,675.020165
10.000000,107.000000,759.128949
11.000000,107.000000,847.326846
12.000000,107.000000,936.415338
13.000000,107.000000,1028.399302
14.000000,107.000000,1124.063295
8.000000,107.500000,596.998303
9.000000,107.500000,677.254426
10.000000,107.500000,761.602337
11.000000,107.500000,850.042035
12.000000,107.500000,939.156992
13.000000,107.500000,1031.261701
14.000000,107.500000,1127.043155
8.000000,108.000000,598.999436
9.000000,108.000000,679.492376
10.000000,108.000000,764.079743
11.000000,108.000000,852.761538
12.000000,108.000000,941.902611
13.000000,108.000000,1034.128025
14.000000,108.000000,1130.026896
8.000000,108.500000,600.967602
9.000000,108.500000,681.716401
10.000000,108.500000,766.563409
11.000000,108.500000,855.508623
12.000000,108.500000,944.662219
13.000000,108.500000,1037.006098
14.000000,108.500000,1133.019961
8.000000,109.000000,602.938957
9.000000,109.000000,683.944056
10.000000,109.000000,769.051100
11.000000,109.000000,858.260090
12.000000,109.000000,947.425816
13.000000,109.000000,1039.888115
14.000000,109.000000,1136.016918
8.000000,109.500000,604.869845
9.000000,109.500000,686.195496
10.000000,109.500000,771.633659
11.000000,109.500000,861.184333
12.000000,109.500000,950.298924
13.000000,109.500000,1042.831498
8.000000,110.000000,606.803757
9.000000,110.000000,688.450625
10.000000,110.000000,774.220546
11.000000,110.000000,864.113518
12.000000,110.000000,953.176341
13.000000,110.000000,1045.778987
8.000000,110.500000,608.796601
9.000000,110.500000,690.756534
10.000000,110.500000,776.849304
11.000000,110.500000,866.966911
12.000000,110.500000,956.061482
13.000000,110.500000,1048.742003
8.000000,111.000000,610.792676
9.000000,111.000000,693.066294
10.000000,111.000000,779.482511
11.000000,111.000000,869.824969
12.000000,111.000000,958.950938
13.000000,111.000000,1051.709151
8.000000,111.500000,612.844824
9.000000,111.500000,695.420144
10.000000,111.500000,782.146709
11.000000,111.500000,872.625370
12.000000,111.500000,961.913871
13.000000,111.500000,1054.833960
8.000000,112.000000,614.900397
9.000000,112.000000,697.777984
10.000000,112.000000,784.815440
11.000000,112.000000,875.430231
12.000000,112.000000,964.881323
13.000000,112.000000,1057.963343
8.000000,112.500000,617.019439
9.000000,112.500000,700.123369
10.000000,112.500000,787.389110
11.000000,112.500000,878.068799
12.000000,112.500000,967.736936
13.000000,112.500000,1061.037218
8.000000,113.000000,619.142097
9.000000,113.000000,702.472680
10.000000,113.000000,789.966992
11.000000,113.000000,880.711338
12.000000,113.000000,970.596755
13.000000,113.000000,1064.115510
8.000000,113.500000,621.350686
9.000000,113.500000,704.865330
10.000000,113.500000,792.542720
11.000000,113.500000,883.320448
12.000000,113.500000,973.437998
13.000000,113.500000,1067.191139
8.000000,114.000000,623.563200
9.000000,114.000000,707.262045
10.000000,114.000000,795.122640
11.000000,114.000000,885.933418
12.000000,114.000000,976.283384
13.000000,114.000000,1070.271167
8.000000,114.500000,625.806222
9.000000,114.500000,709.661960
10.000000,114.500000,797.676695
11.000000,114.500000,888.514530
12.000000,114.500000,979.119544
13.000000,114.500000,1073.367161
8.000000,115.000000,628.053269
9.000000,115.000000,712.065937
10.000000,115.000000,800.234844
11.000000,115.000000,891.099396
12.000000,115.000000,981.959814
13.000000,115.000000,1076.467601
8.000000,115.500000,630.263544
9.000000,115.500000,714.383050
10.000000,115.500000,802.652942
11.000000,115.500000,893.546677
12.000000,115.500000,984.716710
13.000000,115.500000,1079.541555
8.000000,116.000000,632.477692
9.000000,116.000000,716.703911
10.000000,116.000000,805.074662
11.000000,116.000000,895.997290
12.000000,116.000000,987.477470
13.000000,116.000000,1082.619874
8.000000,116.500000,634.648053
9.000000,116.500000,718.955856
10.000000,116.500000,807.400599
11.000000,116.500000,898.375126
12.000000,116.500000,990.199186
13.000000,116.500000,1085.694585
8.000000,117.000000,636.822112
9.000000,117.000000,721.211294
10.000000,117.000000,809.729829
11.000000,117.000000,900.756068
12.000000,117.000000,992.924646
13.000000,117.000000,1088.773640
8.000000,117.500000,638.984053
9.000000,117.500000,723.463381
10.000000,117.500000,812.064575
11.000000,117.500000,903.168789
12.000000,117.500000,995.667583
13.000000,117.500000,1091.855485
8.000000,118.000000,641.149633
9.000000,118.000000,725.718939
10.000000,118.000000,814.402628
11.000000,118.000000,905.584706
12.000000,118.000000,998.414302
13.000000,118.000000,1094.941670
8.000000,118.500000,643.285082
9.000000,118.500000,727.979516
10.000000,118.500000,816.782986
11.000000,118.500000,908.056056
12.000000,118.500000,1001.149766
13.000000,118.500000,1097.946149
8.000000,119.000000,645.424026
9.000000,119.000000,730.243549
10.000000,119.000000,819.166756
11.000000,119.000000,910.530739
12.000000,119.000000,1003.888965
13.000000,119.000000,1100.954743
8.000000,119.500000,647.580680
9.000000,119.500000,732.554027
10.000000,119.500000,821.629426
11.000000,119.500000,913.103312
12.000000,119.500000,1006.704141
13.000000,119.500000,1104.013855
8.000000,120.000000,649.740879
9.000000,120.000000,734.868095
10.000000,120.000000,824.095728
11.000000,120.000000,915.679483
12.000000,120.000000,1009.523254
13.000000,120.000000,1107.077207
8.000000,120.500000,651.911590
9.000000,120.500000,737.203855
10.000000,120.500000,826.595969
11.000000,120.500000,918.302660
12.000000,120.500000,1012.386219
13.000000,120.500000,1110.180974
8.000000,121.000000,654.085875
9.000000,121.000000,739.543270
10.000000,121.000000,829.099943
11.000000,121.000000,920.929567
12.000000,121.000000,1015.253237
13.000000,121.000000,1113.289080
8.000000,121.500000,656.270064
9.000000,121.500000,741.935971
10.000000,121.500000,831.702227
11.000000,121.500000,923.660312
12.000000,121.500000,1018.199378
13.000000,121.500000,1116.452943
8.000000,122.000000,658.457841
9.000000,122.000000,744.332499
10.000000,122.000000,834.308567
11.000000,122.000000,926.395094
12.000000,122.000000,1021.149785
13.000000,122.000000,1119.621294
8.000000,122.500000,660.644634
9.000000,122.500000,746.750626
10.000000,122.500000,836.959473
11.000000,122.500000,929.178213
12.000000,122.500000,1024.144057
13.000000,122.500000,1122.829036
8.000000,123.000000,662.834985
9.000000,123.000000,749.172640
10.000000,123.000000,839.614571
11.000000,123.000000,931.965504
12.000000,123.000000,1027.142713
13.000000,123.000000,1126.041365
8.000000,123.500000,665.023993
9.000000,123.500000,751.595047
10.000000,123.500000,842.271694
11.000000,123.500000,934.763047
12.000000,123.500000,1030.164672
13.000000,123.500000,1129.290713
8.000000,124.000000,667.216539
9.000000,124.000000,754.021327
10.000000,124.000000,844.933002
11.000000,124.000000,937.564780
12.000000,124.000000,1033.191069
13.000000,124.000000,1132.544740
8.000000,124.500000,669.406132
9.000000,124.500000,756.446843
10.000000,124.500000,847.596053
11.000000,124.500000,940.378158
12.000000,124.500000,1036.241750
13.000000,124.500000,1135.836372
8.000000,125.000000,671.599243
9.000000,125.000000,758.876217
10.000000,125.000000,850.263282
11.000000,125.000000,943.195749
12.000000,125.000000,1039.296928
13.000000,125.000000,1139.132777
8.000000,125.500000,673.782677
9.000000,125.500000,761.317983
10.000000,125.500000,852.969262
11.000000,125.500000,946.057365
12.000000,125.500000,1042.396477
8.000000,126.000000,675.969585
9.000000,126.000000,763.763627
10.000000,126.000000,855.679514
11.000000,126.000000,948.923310
12.000000,126.000000,1045.500642
8.000000,126.500000,678.158598
9.000000,126.500000,766.211461
10.000000,126.500000,858.391787
8.000000,127.000000,680.351078
9.000000,127.000000,768.663165
10.000000,127.000000,861.108324
8.000000,127.500000,682.512708
9.000000,127.500000,771.096484
10.000000,127.500000,863.818515
7.000000,128.000000,599.965161
8.000000,128.000000,684.677666
9.000000,128.000000,773.533592
10.000000,128.000000,866.532940
7.000000,128.500000,601.841489
8.000000,128.500000,686.834870
9.000000,128.500000,775.977718
7.000000,129.000000,603.720554
8.000000,129.000000,688.995346
9.000000,129.000000,778.425633
7.000000,129.500000,605.625592
8.000000,129.500000,691.181094
9.000000,129.500000,780.898816
7.000000,130.000000,607.533461
8.000000,130.000000,693.370190
9.000000,130.000000,783.375855
