weight_g,230.000000
thrust_N,velocity_m_s,power_W
26.000000,0.000000,1725.160227
27.000000,0.000000,1794.335200
28.000000,0.000000,1864.836358
29.000000,0.000000,1936.663703
30.000000,0.000000,2009.817233
31.000000,0.000000,2084.296949
32.000000,0.000000,2160.102850
33.000000,0.000000,2236.893982
34.000000,0.000000,2308.026070
35.000000,0.000000,2380.233396
36.000000,0.000000,2453.515960
37.000000,0.000000,2527.873763
38.000000,0.000000,2603.306804
39.000000,0.000000,2679.815084
40.000000,0.000000,2757.176614
41.000000,0.000000,2833.316438
42.000000,0.000000,2910.435682
43.000000,0.000000,2988.534346
44.000000,0.000000,3067.612428
45.000000,0.000000,3147.669930
46.000000,0.000000,3228.978709
47.000000,0.000000,3312.624503
48.000000,0.000000,3397.247382
49.000000,0.000000,3482.847346
50.000000,0.000000,3569.424395
26.000000,0.500000,1733.532188
27.000000,0.500000,1803.039624
28.000000,0.500000,1873.879717
29.000000,0.500000,1946.052468
30.000000,0.500000,2019.557877
31.000000,0.500000,2094.395943
32.000000,0.500000,2170.566667
33.000000,0.500000,2246.715066
34.000000,0.500000,2318.140662
35.000000,0.500000,2390.645865
36.000000,0.500000,2464.230674
37.000000,0.500000,2538.895091
38.000000,0.500000,2614.639114
39.000000,0.500000,2691.462745
40.000000,0.500000,2768.735208
41.000000,0.500000,2845.095265
42.000000,0.500000,2922.436919
43.000000,0.500000,3000.760170
44.000000,0.500000,3080.065016
45.000000,0.500000,3160.351460
46.000000,0.500000,3242.130289
47.000000,0.500000,3325.993487
48.000000,0.500000,3410.835578
49.000000,0.500000,3496.656561
50.000000,0.500000,3583.456437
25.000000,1.000000,1673.422355
26.000000,1.000000,1741.923905
27.000000,1.000000,1811.764601
28.000000,1.000000,1882.944442
29.000000,1.000000,1955.463428
30.000000,1.000000,2029.321559
31.000000,1.000000,2104.518835
32.000000,1.000000,2181.055257
33.000000,1.000000,2256.556919
34.000000,1.000000,2328.276634
35.000000,1.000000,2401.080333
36.000000,1.000000,2474.968016
37.000000,1.000000,2549.939684
38.000000,1.000000,2625.995337
39.000000,1.000000,2703.134973
40.000000,1.000000,2780.316715
41.000000,1.000000,2856.897337
42.000000,1.000000,2934.461733
43.000000,1.000000,3013.009904
44.000000,1.000000,3092.541850
45.000000,1.000000,3173.057570
46.000000,1.000000,3255.306855
47.000000,1.000000,3339.387737
48.000000,1.000000,3424.449320
49.000000,1.000000,3510.491605
50.000000,1.000000,3597.514590
25.000000,1.500000,1681.585559
26.000000,1.500000,1750.417875
27.000000,1.500000,1820.595904
28.000000,1.500000,1892.119645
29.000000,1.500000,1964.989098
30.000000,1.500000,2039.204263
31.000000,1.500000,2114.765141
32.000000,1.500000,2191.671732
33.000000,1.500000,2266.499084
34.000000,1.500000,2338.515940
35.000000,1.500000,2411.621204
36.000000,1.500000,2485.814874
37.000000,1.500000,2561.096951
38.000000,1.500000,2637.467435
39.000000,1.500000,2714.926327
40.000000,1.500000,2791.964291
41.000000,1.500000,2868.766723
42.000000,1.500000,2946.555119
43.000000,1.500000,3025.329480
44.000000,1.500000,3105.089805
45.000000,1.500000,3185.836095
46.000000,1.500000,3268.547709
47.000000,1.500000,3352.847590
48.000000,1.500000,3438.129992
49.000000,1.500000,3524.394916
50.000000,1.500000,3611.642360
25.000000,2.000000,1689.768112
26.000000,2.000000,1758.931990
27.000000,2.000000,1829.448164
28.000000,2.000000,1901.316634
29.000000,2.000000,1974.537399
30.000000,2.000000,2049.110459
31.000000,2.000000,2125.035816
32.000000,2.000000,2202.313467
33.000000,2.000000,2276.462357
34.000000,2.000000,2348.776976
35.000000,2.000000,2422.184434
36.000000,2.000000,2496.684730
37.000000,2.000000,2572.277865
38.000000,2.000000,2648.963838
39.000000,2.000000,2726.742649
40.000000,2.000000,2803.634985
41.000000,2.000000,2880.659561
42.000000,2.000000,2958.672291
43.000000,2.000000,3037.673178
44.000000,2.000000,3117.662220
45.000000,2.000000,3198.639418
46.000000,2.000000,3281.813734
47.000000,2.000000,3366.332896
48.000000,2.000000,3451.836401
49.000000,2.000000,3538.324248
50.000000,2.000000,3625.796436
25.000000,2.500000,1698.090728
26.000000,2.500000,1767.587964
27.000000,2.500000,1838.443919
28.000000,2.500000,1910.658590
29.000000,2.500000,1984.231980
30.000000,2.500000,2059.164088
31.000000,2.500000,2135.454914
32.000000,2.500000,2213.104458
33.000000,2.500000,2286.553497
34.000000,2.500000,2359.166288
35.000000,2.500000,2432.876238
36.000000,2.500000,2507.683346
37.000000,2.500000,2583.587611
38.000000,2.500000,2660.589035
39.000000,2.500000,2738.687617
40.000000,2.500000,2815.379098
41.000000,2.500000,2892.625810
42.000000,2.500000,2970.862831
43.000000,2.500000,3050.090160
44.000000,2.500000,3130.307797
45.000000,2.500000,3211.571503
46.000000,2.500000,3295.144838
47.000000,2.500000,3379.884611
48.000000,2.500000,3465.610559
49.000000,2.500000,3552.322682
25.000000,3.000000,1706.433398
26.000000,3.000000,1776.264783
27.000000,3.000000,1847.461322
28.000000,3.000000,1920.023018
29.000000,3.000000,1993.949868
30.000000,3.000000,2069.241874
31.000000,3.000000,2145.899035
32.000000,3.000000,2223.921352
33.000000,3.000000,2296.666262
34.000000,3.000000,2369.577837
35.000000,3.000000,2443.590898
36.000000,3.000000,2518.705446
37.000000,3.000000,2594.921480
38.000000,3.000000,2672.239000
39.000000,3.000000,2750.658007
40.000000,3.000000,2827.146573
41.000000,3.000000,2904.615752
42.000000,3.000000,2983.077392
43.000000,3.000000,3062.531493
44.000000,3.000000,3142.978056
45.000000,3.000000,3224.528642
46.000000,3.000000,3308.501302
47.000000,3.000000,3393.461970
48.000000,3.000000,3479.410647
49.000000,3.000000,3566.347332
25.000000,3.500000,1714.908567
26.000000,3.500000,1785.081463
27.000000,3.500000,1856.626163
28.000000,3.500000,1929.542667
29.000000,3.500000,2003.830976
30.000000,3.500000,2079.491088
31.000000,3.500000,2156.523004
32.000000,3.500000,2234.388533
33.000000,3.500000,2306.975307
34.000000,3.500000,2380.199673
35.000000,3.500000,2454.530163
36.000000,3.500000,2529.966778
37.000000,3.500000,2606.509517
38.000000,3.500000,2684.158380
39.000000,3.500000,2762.452116
40.000000,3.500000,2839.185979
41.000000,3.500000,2916.909051
42.000000,3.500000,2995.627274
43.000000,3.500000,3075.340648
44.000000,3.500000,3156.049172
45.000000,3.500000,3238.086691
46.000000,3.500000,3322.287695
47.000000,3.500000,3407.478513
48.000000,3.500000,3493.659147
49.000000,3.500000,3580.829596
25.000000,4.000000,1723.404408
26.000000,4.000000,1793.919643
27.000000,4.000000,1865.813347
28.000000,4.000000,1939.085519
29.000000,4.000000,2013.736161
30.000000,4.000000,2089.765272
31.000000,4.000000,2167.172852
32.000000,4.000000,2244.879833
33.000000,4.000000,2317.306887
34.000000,4.000000,2390.844712
35.000000,4.000000,2465.493310
36.000000,4.000000,2541.252679
37.000000,4.000000,2618.122820
38.000000,4.000000,2696.103733
39.000000,4.000000,2774.270431
40.000000,4.000000,2851.249974
41.000000,4.000000,2929.227360
42.000000,4.000000,3008.202589
43.000000,4.000000,3088.175661
44.000000,4.000000,3169.146576
45.000000,4.000000,3251.671495
46.000000,4.000000,3336.101131
47.000000,4.000000,3421.522391
48.000000,4.000000,3507.935274
49.000000,4.000000,3595.339780
25.000000,4.500000,1732.117624
26.000000,4.500000,1802.964599
27.000000,4.500000,1875.196192
28.000000,4.500000,1948.812404
29.000000,4.500000,2023.813234
30.000000,4.500000,2100.198683
31.000000,4.500000,2177.968750
32.000000,4.500000,2255.013675
33.000000,4.500000,2327.753281
34.000000,4.500000,2401.608374
35.000000,4.500000,2476.578955
36.000000,4.500000,2552.665024
37.000000,4.500000,2629.866581
38.000000,4.500000,2708.183624
39.000000,4.500000,2786.182241
40.000000,4.500000,2863.427435
41.000000,4.500000,2941.673495
42.000000,4.500000,3020.920423
43.000000,4.500000,3101.168217
44.000000,4.500000,3182.416878
45.000000,4.500000,3265.419903
46.000000,4.500000,3350.089943
47.000000,4.500000,3435.753677
48.000000,4.500000,3522.411108
49.000000,4.500000,3610.062234
24.000000,5.000000,1671.063723
25.000000,5.000000,1740.852433
26.000000,5.000000,1812.031924
27.000000,5.000000,1884.602197
28.000000,5.000000,1958.563251
29.000000,5.000000,2033.915087
30.000000,5.000000,2110.657704
31.000000,5.000000,2188.791103
32.000000,5.000000,2265.169781
33.000000,5.000000,2338.222612
34.000000,5.000000,2412.395655
35.000000,5.000000,2487.688913
36.000000,5.000000,2564.102383
37.000000,5.000000,2641.636067
38.000000,5.000000,2720.289964
39.000000,5.000000,2798.118555
40.000000,5.000000,2875.629871
41.000000,5.000000,2954.145081
42.000000,5.000000,3033.664186
43.000000,5.000000,3114.187186
44.000000,5.000000,3195.714080
45.000000,5.000000,3279.195642
46.000000,5.000000,3364.106420
47.000000,5.000000,3450.012967
48.000000,5.000000,3536.915284
49.000000,5.000000,3624.813370
24.000000,5.500000,1680.080850
25.000000,5.500000,1750.170613
26.000000,5.500000,1821.656082
27.000000,5.500000,1894.537257
28.000000,5.500000,1968.814138
29.000000,5.500000,2044.486725
30.000000,5.500000,2121.555018
31.000000,5.500000,2200.019017
32.000000,5.500000,2275.661864
33.000000,5.500000,2349.005511
34.000000,5.500000,2423.473260
35.000000,5.500000,2499.065110
36.000000,5.500000,2575.781061
37.000000,5.500000,2653.621113
38.000000,5.500000,2732.585267
39.000000,5.500000,2810.194395
40.000000,5.500000,2887.965757
41.000000,5.500000,2966.743837
42.000000,5.500000,3046.528636
43.000000,5.500000,3127.320153
44.000000,5.500000,3209.118389
45.000000,5.500000,3293.052086
46.000000,5.500000,3378.202907
47.000000,5.500000,3464.351544
48.000000,5.500000,3551.497995
24.000000,6.000000,1689.121610
25.000000,6.000000,1759.513071
26.000000,6.000000,1831.305171
27.000000,6.000000,1904.497910
28.000000,6.000000,1979.091287
29.000000,6.000000,2055.085303
30.000000,6.000000,2132.479958
31.000000,6.000000,2211.275252
32.000000,6.000000,2286.177596
33.000000,6.000000,2359.812629
34.000000,6.000000,2434.575658
35.000000,6.000000,2510.466682
36.000000,6.000000,2587.485702
37.000000,6.000000,2665.632718
38.000000,6.000000,2744.907729
39.000000,6.000000,2822.295229
40.000000,6.000000,2900.327079
41.000000,6.000000,2979.368475
42.000000,6.000000,3059.419417
43.000000,6.000000,3140.479905
44.000000,6.000000,3222.549940
45.000000,6.000000,3306.936101
46.000000,6.000000,3392.327297
47.000000,6.000000,3478.718355
48.000000,6.000000,3566.109275
24.000000,6.500000,1698.264175
25.000000,6.500000,1768.987038
26.000000,6.500000,1841.116550
27.000000,6.500000,1914.652711
28.000000,6.500000,1989.595520
29.000000,6.500000,2065.944978
30.000000,6.500000,2143.701085
31.000000,6.500000,2222.863841
32.000000,6.500000,2297.029553
33.000000,6.500000,2370.993885
34.000000,6.500000,2446.091105
35.000000,6.500000,2522.321212
36.000000,6.500000,2599.684207
37.000000,6.500000,2678.180089
38.000000,6.500000,2757.453024
39.000000,6.500000,2834.892439
40.000000,6.500000,2913.160386
41.000000,6.500000,2992.439977
42.000000,6.500000,3072.731211
43.000000,6.500000,3154.034088
44.000000,6.500000,3236.543052
45.000000,6.500000,3321.147162
46.000000,6.500000,3406.755121
47.000000,6.500000,3493.364345
48.000000,6.500000,3580.974835
24.000000,7.000000,1707.430807
25.000000,7.000000,1778.485865
26.000000,7.000000,1850.953593
27.000000,7.000000,1924.833993
28.000000,7.000000,2000.127064
29.000000,7.000000,2076.832806
30.000000,7.000000,2154.951219
31.000000,7.000000,2234.482302
32.000000,7.000000,2307.906575
33.000000,7.000000,2382.200941
34.000000,7.000000,2457.633096
35.000000,7.000000,2534.203041
36.000000,7.000000,2611.910777
37.000000,7.000000,2690.756302
38.000000,7.000000,2770.025999
39.000000,7.000000,2847.516640
40.000000,7.000000,2926.021022
41.000000,7.000000,3005.539146
42.000000,7.000000,3086.071011
43.000000,7.000000,3167.616617
44.000000,7.000000,3250.564796
45.000000,7.000000,3335.387079
46.000000,7.000000,3421.212030
47.000000,7.000000,3508.039648
48.000000,7.000000,3595.869935
24.000000,7.500000,1716.747747
25.000000,7.500000,1788.134516
26.000000,7.500000,1860.939620
27.000000,7.500000,1935.163060
28.000000,7.500000,2010.804836
29.000000,7.500000,2087.864949
30.000000,7.500000,2166.343397
31.000000,7.500000,2245.296568
32.000000,7.500000,2318.917999
33.000000,7.500000,2393.548048
34.000000,7.500000,2469.320899
35.000000,7.500000,2546.236553
36.000000,7.500000,2624.295010
37.000000,7.500000,2703.496271
38.000000,7.500000,2782.520381
39.000000,7.500000,2860.258229
40.000000,7.500000,2939.012274
41.000000,7.500000,3018.782514
42.000000,7.500000,3099.568952
43.000000,7.500000,3181.371586
44.000000,7.500000,3264.775037
45.000000,7.500000,3349.855892
46.000000,7.500000,3435.941763
47.000000,7.500000,3523.032651
48.000000,7.500000,3611.128554
24.000000,8.000000,1726.089591
25.000000,8.000000,1797.808827
26.000000,8.000000,1870.952075
27.000000,8.000000,1945.519336
28.000000,8.000000,2021.510609
29.000000,8.000000,2098.925894
30.000000,8.000000,2177.765192
31.000000,8.000000,2256.136330
32.000000,8.000000,2329.954991
33.000000,8.000000,2404.921479
34.000000,8.000000,2481.035794
35.000000,8.000000,2558.297935
36.000000,8.000000,2636.707904
37.000000,8.000000,2716.265699
38.000000,8.000000,2795.041784
39.000000,8.000000,2873.027233
40.000000,8.000000,2952.031335
41.000000,8.000000,3032.054091
42.000000,8.000000,3113.095500
43.000000,8.000000,3195.155562
44.000000,8.000000,3279.014642
45.000000,8.000000,3364.354460
46.000000,8.000000,3450.701645
47.000000,8.000000,3538.056197
48.000000,8.000000,3626.418115
24.000000,8.500000,1735.572172
25.000000,8.500000,1807.643948
26.000000,8.500000,1881.146130
27.000000,8.500000,1956.078716
28.000000,8.500000,2032.441707
29.000000,8.500000,2110.235103
30.000000,8.500000,2189.458904
31.000000,8.500000,2267.112651
32.000000,8.500000,2341.237822
33.000000,8.500000,2416.514859
34.000000,8.500000,2492.943762
35.000000,8.500000,2570.524530
36.000000,8.500000,2649.257163
37.000000,8.500000,2729.141661
38.000000,8.500000,2807.614533
39.000000,8.500000,2885.854893
40.000000,8.500000,2965.116441
41.000000,8.500000,3045.399177
42.000000,8.500000,3126.703101
43.000000,8.500000,3209.028214
44.000000,8.500000,3293.344014
45.000000,8.500000,3378.945105
46.000000,8.500000,3465.555940
47.000000,8.500000,3553.176518
23.000000,9.000000,1674.091959
24.000000,9.000000,1745.080328
25.000000,9.000000,1817.505507
26.000000,9.000000,1891.367498
27.000000,9.000000,1966.666301
28.000000,9.000000,2043.401915
29.000000,9.000000,2121.574340
30.000000,9.000000,2201.183577
31.000000,9.000000,2278.115049
32.000000,9.000000,2352.547346
33.000000,9.000000,2428.135553
34.000000,9.000000,2504.879672
35.000000,9.000000,2582.779702
36.000000,9.000000,2661.835642
37.000000,9.000000,2742.047494
38.000000,9.000000,2820.214504
39.000000,9.000000,2898.710182
40.000000,9.000000,2978.229587
41.000000,9.000000,3058.772717
42.000000,9.000000,3140.339573
43.000000,9.000000,3222.930156
44.000000,9.000000,3307.703031
45.000000,9.000000,3393.565791
46.000000,9.000000,3480.440675
47.000000,9.000000,3568.327681
23.000000,9.500000,1683.453893
24.000000,9.500000,1754.783917
25.000000,9.500000,1827.556789
26.000000,9.500000,1901.772510
27.000000,9.500000,1977.431078
28.000000,9.500000,2054.532493
29.000000,9.500000,2133.076757
30.000000,9.500000,2213.063868
31.000000,9.500000,2289.234658
32.000000,9.500000,2363.960069
33.000000,9.500000,2439.845156
34.000000,9.500000,2516.889919
35.000000,9.500000,2595.094358
36.000000,9.500000,2674.458472
37.000000,9.500000,2754.764485
38.000000,9.500000,2832.871744
39.000000,9.500000,2911.657424
40.000000,9.500000,2991.469962
41.000000,9.500000,3072.309359
42.000000,9.500000,3154.175614
43.000000,9.500000,3237.209874
44.000000,9.500000,3322.267891
45.000000,9.500000,3408.378734
46.000000,9.500000,3495.503535
47.000000,9.500000,3583.642295
23.000000,10.000000,1692.841534
24.000000,10.000000,1764.514027
25.000000,10.000000,1837.635416
26.000000,10.000000,1912.205702
27.000000,10.000000,1988.224884
28.000000,10.000000,2065.692964
29.000000,10.000000,2144.609940
30.000000,10.000000,2224.975813
31.000000,10.000000,2300.380835
32.000000,10.000000,2375.399928
33.000000,10.000000,2451.582468
34.000000,10.000000,2528.928454
35.000000,10.000000,2607.437887
36.000000,10.000000,2687.110767
37.000000,10.000000,2767.510401
38.000000,10.000000,2845.556605
39.000000,10.000000,2924.632805
40.000000,10.000000,3004.739000
41.000000,10.000000,3085.875191
42.000000,10.000000,3168.041378
43.000000,10.000000,3251.519817
44.000000,10.000000,3336.863259
45.000000,10.000000,3423.222498
46.000000,10.000000,3510.597532
47.000000,10.000000,3598.988362
23.000000,10.500000,1702.397278
24.000000,10.500000,1774.409147
25.000000,10.500000,1847.875559
26.000000,10.500000,1922.796516
27.000000,10.500000,1999.172017
28.000000,10.500000,2077.002063
29.000000,10.500000,2156.286652
30.000000,10.500000,2236.712355
31.000000,10.500000,2311.640315
32.000000,10.500000,2386.958861
33.000000,10.500000,2463.444727
34.000000,10.500000,2541.097911
35.000000,10.500000,2619.918415
36.000000,10.500000,2699.906238
37.000000,10.500000,2780.053777
38.000000,10.500000,2858.406815
39.000000,10.500000,2937.793552
40.000000,10.500000,3018.213989
41.000000,10.500000,3099.668125
42.000000,10.500000,3182.155960
43.000000,10.500000,3266.089373
44.000000,10.500000,3351.676664
45.000000,10.500000,3438.281623
46.000000,10.500000,3525.904251
47.000000,10.500000,3614.544547
23.000000,11.000000,1711.979615
24.000000,11.000000,1784.331632
25.000000,11.000000,1858.143853
26.000000,11.000000,1933.416276
27.000000,11.000000,2010.148902
28.000000,11.000000,2088.341731
29.000000,11.000000,2167.994763
30.000000,11.000000,2248.479417
31.000000,11.000000,2322.926805
32.000000,11.000000,2398.545392
33.000000,11.000000,2475.335177
34.000000,11.000000,2553.296161
35.000000,11.000000,2632.428342
36.000000,11.000000,2712.731722
37.000000,11.000000,2792.624795
38.000000,11.000000,2871.285272
39.000000,11.000000,2950.983159
40.000000,11.000000,3031.718456
41.000000,11.000000,3113.491163
42.000000,11.000000,3196.301280
43.000000,11.000000,3280.690084
44.000000,11.000000,3366.521536
45.000000,11.000000,3453.372529
46.000000,11.000000,3541.243065
47.000000,11.000000,3630.133144
23.000000,11.500000,1721.707275
24.000000,11.500000,1794.447062
25.000000,11.500000,1868.654469
26.000000,11.500000,1944.329495
27.000000,11.500000,2021.472141
28.000000,11.500000,2100.082406
29.000000,11.500000,2180.160291
30.000000,11.500000,2259.898764
31.000000,11.500000,2334.623874
32.000000,11.500000,2410.523190
33.000000,11.500000,2487.596710
34.000000,11.500000,2565.844436
35.000000,11.500000,2645.266366
36.000000,11.500000,2725.862501
37.000000,11.500000,2805.463971
38.000000,11.500000,2884.406491
39.000000,11.500000,2964.389448
40.000000,11.500000,3045.412842
41.000000,11.500000,3127.476672
42.000000,11.500000,3210.580938
43.000000,11.500000,3295.370127
44.000000,11.500000,3381.445618
45.000000,11.500000,3468.542541
46.000000,11.500000,3556.660895
47.000000,11.500000,3645.800680
23.000000,12.000000,1731.462215
24.000000,12.000000,1804.590799
25.000000,12.000000,1879.194438
26.000000,12.000000,1955.273133
27.000000,12.000000,2032.826882
28.000000,12.000000,2111.855686
29.000000,12.000000,2192.359545
30.000000,12.000000,2271.346525
31.000000,12.000000,2346.349826
32.000000,12.000000,2422.530342
33.000000,12.000000,2499.888074
34.000000,12.000000,2578.423022
35.000000,12.000000,2658.135185
36.000000,12.000000,2739.024563
37.000000,12.000000,2818.331813
38.000000,12.000000,2897.556875
39.000000,12.000000,2977.825403
40.000000,12.000000,3059.137399
41.000000,12.000000,3141.492862
42.000000,12.000000,3224.891792
43.000000,12.000000,3310.081569
44.000000,12.000000,3396.401413
45.000000,12.000000,3483.744579
46.000000,12.000000,3572.111066
47.000000,12.000000,3661.500874
23.000000,12.500000,1741.504748
24.000000,12.500000,1815.008425
25.000000,12.500000,1889.993762
26.000000,12.500000,1966.460762
27.000000,12.500000,2044.409422
28.000000,12.500000,2123.839745
29.000000,12.500000,2204.751728
30.000000,12.500000,2282.944786
31.000000,12.500000,2358.288472
32.000000,12.500000,2434.814199
33.000000,12.500000,2512.521968
34.000000,12.500000,2591.411779
35.000000,12.500000,2671.483631
36.000000,12.500000,2752.696223
37.000000,12.500000,2831.666845
38.000000,12.500000,2911.118078
39.000000,12.500000,2991.614329
40.000000,12.500000,3073.155599
41.000000,12.500000,3155.741887
42.000000,12.500000,3239.454726
43.000000,12.500000,3324.931072
44.000000,12.500000,3411.485569
45.000000,12.500000,3499.064896
46.000000,12.500000,3587.669054
22.000000,13.000000,1679.184617
23.000000,13.000000,1751.576040
24.000000,13.000000,1825.455746
25.000000,13.000000,1900.823735
26.000000,13.000000,1977.680006
27.000000,13.000000,2056.024559
28.000000,13.000000,2135.857394
29.000000,13.000000,2217.178512
30.000000,13.000000,2294.572062
31.000000,13.000000,2370.256897
32.000000,13.000000,2447.128608
33.000000,13.000000,2525.187197
34.000000,13.000000,2604.432663
35.000000,13.000000,2684.865006
36.000000,13.000000,2766.401396
37.000000,13.000000,2845.032482
38.000000,13.000000,2924.710138
39.000000,13.000000,3005.434363
40.000000,13.000000,3087.205159
41.000000,13.000000,3170.022523
42.000000,13.000000,3254.049455
43.000000,13.000000,3339.812516
44.000000,13.000000,3426.601918
45.000000,13.000000,3514.417661
46.000000,13.000000,3603.259744
22.000000,13.500000,1689.096708
23.000000,13.500000,1761.853801
24.000000,13.500000,1836.105541
25.000000,13.500000,1911.851930
26.000000,13.500000,1989.092967
27.000000,13.500000,2067.828653
28.000000,13.500000,2148.058987
29.000000,13.500000,2229.783969
30.000000,13.500000,2306.362351
31.000000,13.500000,2382.388502
32.000000,13.500000,2459.606225
33.000000,13.500000,2538.015521
34.000000,13.500000,2617.616390
35.000000,13.500000,2698.408831
36.000000,13.500000,2779.644974
37.000000,13.500000,2858.557910
38.000000,13.500000,2938.520430
39.000000,13.500000,3019.532535
40.000000,13.500000,3101.594225
41.000000,13.500000,3184.705500
42.000000,13.500000,3269.146586
43.000000,13.500000,3355.165617
44.000000,13.500000,3442.212864
45.000000,13.500000,3530.288327
46.000000,13.500000,3619.392005
22.000000,14.000000,1699.037677
23.000000,14.000000,1772.161336
24.000000,14.000000,1846.786022
25.000000,14.000000,1922.911735
26.000000,14.000000,2000.538477
27.000000,14.000000,2079.666246
28.000000,14.000000,2160.295043
29.000000,14.000000,2242.424867
30.000000,14.000000,2318.182380
31.000000,14.000000,2394.550599
32.000000,14.000000,2472.115095
33.000000,14.000000,2550.875869
34.000000,14.000000,2630.832920
35.000000,14.000000,2711.986248
36.000000,14.000000,2792.919299
37.000000,14.000000,2872.114587
38.000000,14.000000,2952.362479
39.000000,14.000000,3033.662975
40.000000,14.000000,3116.016074
41.000000,14.000000,3199.421777
42.000000,14.000000,3284.277260
43.000000,14.000000,3370.552590
44.000000,14.000000,3457.858012
45.000000,14.000000,3546.193526
46.000000,14.000000,3635.559131
22.000000,14.500000,1709.206956
23.000000,14.500000,1782.697172
24.000000,14.500000,1857.694683
25.000000,14.500000,1934.199489
26.000000,14.500000,2012.211591
27.000000,14.500000,2091.730988
28.000000,14.500000,2172.757681
29.000000,14.500000,2254.419369
30.000000,14.500000,2330.203561
31.000000,14.500000,2406.894361
32.000000,14.500000,2484.785349
33.000000,14.500000,2563.876524
34.000000,14.500000,2644.167887
35.000000,14.500000,2725.659438
36.000000,14.500000,2806.257225
37.000000,14.500000,2885.746667
38.000000,14.500000,2966.291865
39.000000,14.500000,3047.892817
40.000000,14.500000,3130.549525
41.000000,14.500000,3214.261988
42.000000,14.500000,3299.537621
43.000000,14.500000,3386.105781
44.000000,14.500000,3473.706760
45.000000,14.500000,3562.340558
46.000000,14.500000,3652.007176
22.000000,15.000000,1719.406309
23.000000,15.000000,1793.263974
24.000000,15.000000,1868.635216
25.000000,15.000000,1945.520034
26.000000,15.000000,2023.918427
27.000000,15.000000,2103.830397
28.000000,15.000000,2185.255944
29.000000,15.000000,2266.445535
30.000000,15.000000,2342.255451
31.000000,15.000000,2419.269472
32.000000,15.000000,2497.487597
33.000000,15.000000,2576.909826
34.000000,15.000000,2657.536160
35.000000,15.000000,2739.366598
36.000000,15.000000,2819.626167
37.000000,15.000000,2899.410298
38.000000,15.000000,2980.253340
39.000000,15.000000,3062.155293
40.000000,15.000000,3145.116157
41.000000,15.000000,3229.135932
42.000000,15.000000,3314.831970
43.000000,15.000000,3401.693445
44.000000,15.000000,3489.590469
45.000000,15.000000,3578.523043
46.000000,15.000000,3668.491167
22.000000,15.500000,1729.789552
23.000000,15.500000,1804.014348
24.000000,15.500000,1879.758656
25.000000,15.500000,1957.022475
26.000000,15.500000,2035.805805
27.000000,15.500000,2116.108647
28.000000,15.500000,2197.931000
29.000000,15.500000,2278.319069
30.000000,15.500000,2354.451672
31.000000,15.500000,2431.792516
32.000000,15.500000,2510.341601
33.000000,15.500000,2590.098926
34.000000,15.500000,2671.064491
35.000000,15.500000,2753.238297
36.000000,15.500000,2833.168835
37.000000,15.500000,2913.265285
38.000000,15.500000,2994.423946
39.000000,15.500000,3076.644817
40.000000,15.500000,3159.927899
41.000000,15.500000,3244.321214
42.000000,15.500000,3330.346041
43.000000,15.500000,3417.473301
44.000000,15.500000,3505.638144
45.000000,15.500000,3594.840569
22.000000,16.000000,1740.203855
23.000000,16.000000,1814.796649
24.000000,16.000000,1890.914901
25.000000,16.000000,1968.558611
26.000000,16.000000,2047.727779
27.000000,16.000000,2128.422406
28.000000,16.000000,2210.642491
29.000000,16.000000,2290.223243
30.000000,16.000000,2366.679195
31.000000,16.000000,2444.347531
32.000000,16.000000,2523.228250
33.000000,16.000000,2603.321354
34.000000,16.000000,2684.626841
35.000000,16.000000,2767.144713
36.000000,16.000000,2846.743327
37.000000,16.000000,2927.152677
38.000000,16.000000,3008.627543
39.000000,16.000000,3091.167924
40.000000,16.000000,3174.773820
41.000000,16.000000,3259.541156
42.000000,16.000000,3345.894943
43.000000,16.000000,3433.288348
44.000000,16.000000,3521.721370
45.000000,16.000000,3611.194010
22.000000,16.500000,1750.773612
23.000000,16.500000,1825.770935
24.000000,16.500000,1902.300930
25.000000,16.500000,1980.363598
26.000000,16.500000,2059.958939
27.000000,16.500000,2141.086952
28.000000,16.500000,2223.747638
29.000000,16.500000,2302.464840
30.000000,16.500000,2379.230489
31.000000,16.500000,2457.212067
32.000000,16.500000,2536.409576
33.000000,16.500000,2616.823014
34.000000,16.500000,2698.452382
35.000000,16.500000,2780.773016
36.000000,16.500000,2860.576543
37.000000,16.500000,2941.321806
38.000000,16.500000,3023.136544
39.000000,16.500000,3106.020756
40.000000,16.500000,3189.974441
41.000000,16.500000,3275.144384
42.000000,16.500000,3361.740820
43.000000,16.500000,3449.378229
44.000000,16.500000,3538.056611
45.000000,16.500000,3627.775967
22.000000,17.000000,1761.375194
23.000000,17.000000,1836.778115
24.000000,17.000000,1913.720939
25.000000,17.000000,1992.203667
26.000000,17.000000,2072.226298
27.000000,17.000000,2153.788832
28.000000,17.000000,2236.891270
29.000000,17.000000,2314.738659
30.000000,17.000000,2391.814583
31.000000,17.000000,2470.109988
32.000000,17.000000,2549.624875
33.000000,17.000000,2630.359242
34.000000,17.000000,2712.313090
35.000000,17.000000,2794.434219
36.000000,17.000000,2874.442652
37.000000,17.000000,2955.524525
38.000000,17.000000,3037.679839
39.000000,17.000000,3120.908592
40.000000,17.000000,3205.210786
41.000000,17.000000,3290.783512
42.000000,17.000000,3377.622837
43.000000,17.000000,3465.504491
44.000000,17.000000,3554.428476
45.000000,17.000000,3644.394790
22.000000,17.500000,1772.358228
23.000000,17.500000,1848.170512
24.000000,17.500000,1925.529759
25.000000,17.500000,2004.435970
26.000000,17.500000,2084.889145
27.000000,17.500000,2166.889283
28.000000,17.500000,2250.165571
29.000000,17.500000,2327.321336
30.000000,17.500000,2404.701409
31.000000,17.500000,2483.304170
32.000000,17.500000,2563.129620
33.000000,17.500000,2644.177759
34.000000,17.500000,2726.448586
35.000000,17.500000,2808.233017
36.000000,17.500000,2888.558333
37.000000,17.500000,2969.960582
38.000000,17.500000,3052.439765
39.000000,17.500000,3135.995880
40.000000,17.500000,3220.628929
41.000000,17.500000,3306.552497
42.000000,17.500000,3393.662465
43.000000,17.500000,3481.816887
44.000000,17.500000,3571.015762
45.000000,17.500000,3661.259092
21.000000,18.000000,1708.706510
22.000000,18.000000,1783.375191
23.000000,18.000000,1859.597911
24.000000,18.000000,1937.374672
25.000000,18.000000,2016.705472
26.000000,18.000000,2097.590312
27.000000,18.000000,2180.029192
28.000000,18.000000,2263.478833
29.000000,18.000000,2339.937687
30.000000,18.000000,2417.622442
31.000000,18.000000,2496.533097
32.000000,18.000000,2576.669652
33.000000,18.000000,2658.032107
34.000000,18.000000,2740.620463
35.000000,18.000000,2822.065128
36.000000,18.000000,2902.707939
37.000000,18.000000,2984.431181
38.000000,18.000000,3067.234856
39.000000,18.000000,3151.118963
40.000000,18.000000,3236.083501
41.000000,18.000000,3322.357875
42.000000,18.000000,3409.738862
43.000000,18.000000,3498.166429
44.000000,18.000000,3587.640575
45.000000,18.000000,3678.161300
21.000000,18.500000,1719.556519
22.000000,18.500000,1794.622735
23.000000,18.500000,1871.249641
24.000000,18.500000,1949.437237
25.000000,18.500000,2029.185523
26.000000,18.500000,2110.494498
27.000000,18.500000,2193.364164
28.000000,18.500000,2275.927739
29.000000,18.500000,2352.717409
30.000000,18.500000,2430.737083
31.000000,18.500000,2509.986762
32.000000,18.500000,2590.466444
33.000000,18.500000,2672.176131
34.000000,18.500000,2755.115823
35.000000,18.500000,2836.201482
36.000000,18.500000,2917.134689
37.000000,18.500000,2999.150987
38.000000,18.500000,3082.250378
39.000000,18.500000,3166.432859
40.000000,18.500000,3251.712981
41.000000,18.500000,3338.281303
42.000000,18.500000,3425.927941
43.000000,18.500000,3514.623060
44.000000,18.500000,3604.366660
21.000000,19.000000,1730.440648
22.000000,19.000000,1805.905410
23.000000,19.000000,1882.937525
24.000000,19.000000,1961.536994
25.000000,19.000000,2041.703816
26.000000,19.000000,2123.437992
27.000000,19.000000,2206.739522
28.000000,19.000000,2288.410343
29.000000,19.000000,2365.531510
30.000000,19.000000,2443.886791
31.000000,19.000000,2523.476187
32.000000,19.000000,2604.299698
33.000000,19.000000,2686.357324
34.000000,19.000000,2769.649065
35.000000,19.000000,2850.372492
36.000000,19.000000,2931.596567
37.000000,19.000000,3013.906396
38.000000,19.000000,3097.301980
39.000000,19.000000,3181.783318
40.000000,19.000000,3267.379322
41.000000,19.000000,3354.241566
42.000000,19.000000,3442.154193
43.000000,19.000000,3531.117205
44.000000,19.000000,3621.130601
21.000000,19.500000,1741.580198
22.000000,19.500000,1817.410328
23.000000,19.500000,1894.813189
24.000000,19.500000,1973.788779
25.000000,19.500000,2054.337101
26.000000,19.500000,2136.458152
27.000000,19.500000,2220.151934
28.000000,19.500000,2300.955894
29.000000,19.500000,2378.428371
30.000000,19.500000,2457.139340
31.000000,19.500000,2537.088801
32.000000,19.500000,2618.276754
33.000000,19.500000,2700.703199
34.000000,19.500000,2783.978889
35.000000,19.500000,2864.714400
36.000000,19.500000,2946.245397
37.000000,19.500000,3028.865260
38.000000,19.500000,3112.573988
39.000000,19.500000,3197.371582
40.000000,19.500000,3283.293710
41.000000,19.500000,3370.406286
42.000000,19.500000,3458.570589
43.000000,19.500000,3547.786618
44.000000,19.500000,3638.054374
21.000000,20.000000,1752.755261
22.000000,20.000000,1828.951567
23.000000,20.000000,1906.725989
24.000000,20.000000,1986.078528
25.000000,20.000000,2067.009183
26.000000,20.000000,2149.517955
27.000000,20.000000,2233.604842
28.000000,20.000000,2313.535487
29.000000,20.000000,2391.360030
30.000000,20.000000,2470.427449
31.000000,20.000000,2550.737744
32.000000,20.000000,2632.290915
33.000000,20.000000,2715.086962
34.000000,20.000000,2798.345195
35.000000,20.000000,2879.091686
36.000000,20.000000,2960.930156
37.000000,20.000000,3043.860608
38.000000,20.000000,3127.883039
39.000000,20.000000,3212.997451
40.000000,20.000000,3299.245591
41.000000,20.000000,3386.608745
42.000000,20.000000,3475.024970
43.000000,20.000000,3564.494264
44.000000,20.000000,3655.016628
21.000000,20.500000,1764.227796
22.000000,20.500000,1840.757635
23.000000,20.500000,1918.869514
24.000000,20.500000,1998.563435
25.000000,20.500000,2079.839398
26.000000,20.500000,2162.697402
27.000000,20.500000,2247.137447
28.000000,20.500000,2326.227572
29.000000,20.500000,2404.418610
30.000000,20.500000,2483.857188
31.000000,20.500000,2564.543306
32.000000,20.500000,2646.476963
33.000000,20.500000,2729.658160
34.000000,20.500000,2812.585100
35.000000,20.500000,2893.642376
36.000000,20.500000,2975.794848
37.000000,20.500000,3059.042515
38.000000,20.500000,3143.385377
39.000000,20.500000,3228.823435
40.000000,20.500000,3315.380578
41.000000,20.500000,3403.026764
42.000000,20.500000,3491.728184
43.000000,20.500000,3581.484840
44.000000,20.500000,3672.296730
21.000000,21.000000,1775.737528
22.000000,21.000000,1852.601486
23.000000,21.000000,1931.051415
24.000000,21.000000,2011.087314
25.000000,21.000000,2092.709184
26.000000,21.000000,2175.917024
27.000000,21.000000,2260.710835
28.000000,21.000000,2338.954182
29.000000,21.000000,2417.512536
30.000000,21.000000,2497.323100
31.000000,21.000000,2578.385875
32.000000,21.000000,2660.700861
33.000000,21.000000,2744.268058
34.000000,21.000000,2826.860551
35.000000,21.000000,2908.229183
36.000000,21.000000,2990.696229
37.000000,21.000000,3074.261691
38.000000,21.000000,3158.925566
39.000000,21.000000,3244.687857
40.000000,21.000000,3331.553827
41.000000,21.000000,3419.483441
42.000000,21.000000,3508.470457
43.000000,21.000000,3598.514875
44.000000,21.000000,3689.616694
21.000000,21.500000,1787.380130
22.000000,21.500000,1864.581314
23.000000,21.500000,1943.372411
24.000000,21.500000,2023.753422
25.000000,21.500000,2105.724347
26.000000,21.500000,2189.285186
27.000000,21.500000,2273.713070
28.000000,21.500000,2351.863580
29.000000,21.500000,2430.801409
30.000000,21.500000,2510.996502
31.000000,21.500000,2592.448860
32.000000,21.500000,2675.158482
33.000000,21.500000,2759.125369
34.000000,21.500000,2841.344050
35.000000,21.500000,2923.016039
36.000000,21.500000,3005.789266
37.000000,21.500000,3089.663731
38.000000,21.500000,3174.639434
39.000000,21.500000,3260.715417
40.000000,21.500000,3347.873932
41.000000,21.500000,3436.095048
42.000000,21.500000,3525.375897
43.000000,21.500000,3615.716479
20.000000,22.000000,1723.115418
21.000000,22.000000,1799.060560
22.000000,22.000000,1876.599563
23.000000,22.000000,1955.732428
24.000000,22.000000,2036.459153
25.000000,22.000000,2118.779740
26.000000,22.000000,2202.694187
27.000000,22.000000,2286.752444
28.000000,22.000000,2364.808303
29.000000,22.000000,2444.126491
30.000000,22.000000,2524.707006
31.000000,22.000000,2606.549849
32.000000,22.000000,2689.655020
33.000000,22.000000,2774.022519
34.000000,22.000000,2855.864035
35.000000,22.000000,2937.839891
36.000000,22.000000,3020.919813
37.000000,22.000000,3105.103800
38.000000,22.000000,3190.391851
39.000000,22.000000,3276.781882
40.000000,22.000000,3364.232862
41.000000,22.000000,3452.745909
42.000000,22.000000,3542.321023
43.000000,22.000000,3632.958204
20.000000,22.500000,1734.439751
21.000000,22.500000,1810.797094
22.000000,22.500000,1888.754969
23.000000,22.500000,1968.313377
24.000000,22.500000,2049.472318
25.000000,22.500000,2132.231792
26.000000,22.500000,2216.591800
27.000000,22.500000,2299.829556
28.000000,22.500000,2378.221782
29.000000,22.500000,2457.879946
30.000000,22.500000,2538.804050
31.000000,22.500000,2620.994092
32.000000,22.500000,2704.450072
33.000000,22.500000,2788.930707
34.000000,22.500000,2870.594671
35.000000,22.500000,2952.879381
36.000000,22.500000,3036.271065
37.000000,22.500000,3120.769724
38.000000,22.500000,3206.375356
39.000000,22.500000,3293.064300
40.000000,22.500000,3380.790355
41.000000,22.500000,3469.580254
42.000000,22.500000,3559.433999
43.000000,22.500000,3650.351588
20.000000,23.000000,1745.801122
21.000000,23.000000,1822.571727
22.000000,23.000000,1900.949550
23.000000,23.000000,1980.934591
24.000000,23.000000,2062.526850
25.000000,23.000000,2145.726327
26.000000,23.000000,2230.533022
27.000000,23.000000,2312.943724
28.000000,23.000000,2391.672961
29.000000,23.000000,2471.671752
30.000000,23.000000,2552.940097
31.000000,23.000000,2635.477997
32.000000,23.000000,2719.285451
33.000000,23.000000,2803.878518
34.000000,23.000000,2885.362722
35.000000,23.000000,2967.956813
36.000000,23.000000,3051.660792
37.000000,23.000000,3136.474659
38.000000,23.000000,3222.398413
39.000000,23.000000,3309.386061
40.000000,23.000000,3397.387524
41.000000,23.000000,3486.454613
42.000000,23.000000,3576.587326
43.000000,23.000000,3667.785664
20.000000,23.500000,1757.321530
21.000000,23.500000,1834.514753
22.000000,23.500000,1913.322077
23.000000,23.500000,1993.743505
24.000000,23.500000,2075.779034
25.000000,23.500000,2159.428666
26.000000,23.500000,2244.692400
27.000000,23.500000,2326.231082
28.000000,23.500000,2405.302392
29.000000,23.500000,2485.647005
30.000000,23.500000,2567.264921
31.000000,23.500000,2650.156141
32.000000,23.500000,2734.320664
33.000000,23.500000,2818.529186
34.000000,23.500000,2900.330568
35.000000,23.500000,2983.245010
36.000000,23.500000,3067.272513
37.000000,23.500000,3152.413076
38.000000,23.500000,3238.666700
39.000000,23.500000,3325.942915
40.000000,23.500000,3414.239272
41.000000,23.500000,3503.603285
42.000000,23.500000,3594.034956
43.000000,23.500000,3685.534285
20.000000,24.000000,1768.879775
21.000000,24.000000,1846.496724
22.000000,24.000000,1925.734674
23.000000,24.000000,2006.593623
24.000000,24.000000,2089.073573
25.000000,24.000000,2173.174523
26.000000,24.000000,2258.896473
27.000000,24.000000,2339.556261
28.000000,24.000000,2418.970311
29.000000,24.000000,2499.661419
30.000000,24.000000,2581.629584
31.000000,24.000000,2664.874808
32.000000,24.000000,2749.397089
33.000000,24.000000,2833.217569
34.000000,24.000000,2915.336704
35.000000,24.000000,2998.572075
36.000000,24.000000,3082.923685
37.000000,24.000000,3168.391532
38.000000,24.000000,3254.975617
39.000000,24.000000,3342.540153
40.000000,24.000000,3431.131804
41.000000,24.000000,3520.793147
42.000000,24.000000,3611.524183
43.000000,24.000000,3703.324910
20.000000,24.500000,1780.741921
21.000000,24.500000,1858.755476
22.000000,24.500000,1938.395470
23.000000,24.500000,2019.661905
24.000000,24.500000,2102.554779
25.000000,24.500000,2187.074093
26.000000,24.500000,2273.204682
27.000000,24.500000,2352.967707
28.000000,24.500000,2432.747107
29.000000,24.500000,2513.808160
30.000000,24.500000,2596.150867
31.000000,24.500000,2679.775226
32.000000,24.500000,2764.681239
33.000000,24.500000,2848.101421
34.000000,24.500000,2930.530385
35.000000,24.500000,3014.078391
36.000000,24.500000,3098.745441
37.000000,24.500000,3184.531533
38.000000,24.500000,3271.433787
39.000000,24.500000,3359.326167
40.000000,24.500000,3448.269931
41.000000,24.500000,3538.286689
42.000000,24.500000,3629.376440
20.000000,25.000000,1792.643646
21.000000,25.000000,1871.054713
22.000000,25.000000,1951.097667
23.000000,25.000000,2032.772509
24.000000,25.000000,2116.079237
25.000000,25.000000,2201.017853
26.000000,25.000000,2287.557928
27.000000,25.000000,2366.417221
28.000000,25.000000,2446.562771
29.000000,25.000000,2527.994578
30.000000,25.000000,2610.712641
31.000000,25.000000,2694.716960
32.000000,25.000000,2780.007536
33.000000,25.000000,2863.023854
34.000000,25.000000,2945.763164
35.000000,25.000000,3029.624327
36.000000,25.000000,3114.607341
37.000000,25.000000,3200.712206
38.000000,25.000000,3287.933060
39.000000,25.000000,3376.153298
40.000000,25.000000,3465.449836
41.000000,25.000000,3555.822675
42.000000,25.000000,3647.271815
20.000000,25.500000,1804.764322
21.000000,25.500000,1883.614978
22.000000,25.500000,1964.104560
23.000000,25.500000,2046.233067
24.000000,25.500000,2130.000501
25.000000,25.500000,2215.406860
26.000000,25.500000,2301.060900
27.000000,25.500000,2380.253275
28.000000,25.500000,2460.735500
29.000000,25.500000,2542.507576
30.000000,25.500000,2625.569503
31.000000,25.500000,2709.921280
32.000000,25.500000,2795.514897
33.000000,25.500000,2878.138305
34.000000,25.500000,2961.184744
35.000000,25.500000,3045.355640
36.000000,25.500000,3130.650993
37.000000,25.500000,3217.070801
38.000000,25.500000,3304.604307
39.000000,25.500000,3393.171781
40.000000,25.500000,3482.818649
41.000000,25.500000,3573.544911
42.000000,25.500000,3665.350567
19.000000,26.000000,1739.280308
20.000000,26.000000,1816.925742
21.000000,26.000000,1896.217154
22.000000,26.000000,1977.154545
23.000000,26.000000,2059.737913
24.000000,26.000000,2143.967260
25.000000,26.000000,2229.842585
26.000000,26.000000,2314.603292
27.000000,26.000000,2394.129368
28.000000,26.000000,2474.948894
29.000000,26.000000,2557.061869
30.000000,26.000000,2640.468293
31.000000,26.000000,2725.168166
32.000000,26.000000,2811.065190
33.000000,26.000000,2893.292181
34.000000,26.000000,2976.646237
35.000000,26.000000,3061.127358
36.000000,26.000000,3146.735543
37.000000,26.000000,3233.470792
38.000000,26.000000,3321.316808
39.000000,26.000000,3410.232148
40.000000,26.000000,3500.229979
41.000000,26.000000,3591.310302
42.000000,26.000000,3683.473117
19.000000,26.500000,1751.109837
20.000000,26.500000,1829.200961
21.000000,26.500000,1908.945580
22.000000,26.500000,1990.343696
23.000000,26.500000,2073.395307
24.000000,26.500000,2158.100415
25.000000,26.500000,2244.459019
26.000000,26.500000,2328.276813
27.000000,26.500000,2408.145525
28.000000,26.500000,2489.311555
29.000000,26.500000,2571.774901
30.000000,26.500000,2655.535564
31.000000,26.500000,2740.593545
32.000000,26.500000,2826.088921
33.000000,26.500000,2908.638653
34.000000,26.500000,2992.318586
35.000000,26.500000,3077.128720
36.000000,26.500000,3163.069055
37.000000,26.500000,3250.139592
38.000000,26.500000,3338.312467
39.000000,26.500000,3427.557959
40.000000,26.500000,3517.888255
41.000000,26.500000,3609.303355
42.000000,26.500000,3701.803260
19.000000,27.000000,1762.979357
20.000000,27.000000,1841.517393
21.000000,27.000000,1921.716460
22.000000,27.000000,2003.576556
23.000000,27.000000,2087.097683
24.000000,27.000000,2172.279839
25.000000,27.000000,2259.123026
26.000000,27.000000,2341.990303
27.000000,27.000000,2422.202317
28.000000,27.000000,2503.715521
29.000000,27.000000,2586.529916
30.000000,27.000000,2670.645501
31.000000,27.000000,2756.062276
32.000000,27.000000,2841.152343
33.000000,27.000000,2924.025392
34.000000,27.000000,3008.031783
35.000000,27.000000,3093.171515
36.000000,27.000000,3179.444590
37.000000,27.000000,3266.851007
38.000000,27.000000,3355.350684
39.000000,27.000000,3444.926838
40.000000,27.000000,3535.590110
41.000000,27.000000,3627.340500
42.000000,27.000000,3720.178008
19.000000,27.500000,1775.333379
20.000000,27.500000,1854.259770
21.000000,27.500000,1934.852040
22.000000,27.500000,2017.110190
23.000000,27.500000,2101.034218
24.000000,27.500000,2186.624125
25.000000,27.500000,2273.879911
26.000000,27.500000,2355.789856
27.000000,27.500000,2436.367764
28.000000,27.500000,2518.251219
29.000000,27.500000,2601.440219
30.000000,27.500000,2685.934764
31.000000,27.500000,2771.734855
32.000000,27.500000,2856.411670
33.000000,27.500000,2939.601316
34.000000,27.500000,3023.927132
35.000000,27.500000,3109.389118
36.000000,27.500000,3195.987272
37.000000,27.500000,3283.721490
38.000000,27.500000,3372.550196
39.000000,27.500000,3462.463376
40.000000,27.500000,3553.466650
41.000000,27.500000,3645.560017
19.000000,28.000000,1787.730411
20.000000,28.000000,1867.045960
21.000000,28.000000,1948.032244
22.000000,28.000000,2030.689262
23.000000,28.000000,2115.017016
24.000000,28.000000,2201.015504
25.000000,28.000000,2288.684728
26.000000,28.000000,2369.629750
27.000000,28.000000,2450.574327
28.000000,28.000000,2532.828812
29.000000,28.000000,2616.393205
30.000000,28.000000,2701.267507
31.000000,28.000000,2787.451716
32.000000,28.000000,2871.711544
33.000000,28.000000,2955.218317
34.000000,28.000000,3039.864089
35.000000,28.000000,3125.648862
36.000000,28.000000,3212.572635
37.000000,28.000000,3300.635180
38.000000,28.000000,3389.792900
39.000000,28.000000,3480.043692
40.000000,28.000000,3571.387557
41.000000,28.000000,3663.824496
19.000000,28.500000,1800.243446
20.000000,28.500000,1879.929755
21.000000,28.500000,1961.291067
22.000000,28.500000,2044.327382
23.000000,28.500000,2129.038699
24.000000,28.500000,2215.425019
25.000000,28.500000,2302.875895
26.000000,28.500000,2383.568812
27.000000,28.500000,2464.919818
28.000000,28.500000,2547.586088
29.000000,28.500000,2631.567621
30.000000,28.500000,2716.864418
31.000000,28.500000,2803.476478
32.000000,28.500000,2887.272629
33.000000,28.500000,2971.076032
34.000000,28.500000,3056.020478
35.000000,28.500000,3142.105970
36.000000,28.500000,3229.332506
37.000000,28.500000,3317.706551
38.000000,28.500000,3407.197588
39.000000,28.500000,3497.784584
40.000000,28.500000,3589.467541
41.000000,28.500000,3682.246458
19.000000,29.000000,1812.800005
20.000000,29.000000,1892.857754
21.000000,29.000000,1974.594778
22.000000,29.000000,2058.011078
23.000000,29.000000,2143.106652
24.000000,29.000000,2229.881503
25.000000,29.000000,2317.110864
26.000000,29.000000,2397.548654
27.000000,29.000000,2479.307074
28.000000,29.000000,2562.386123
29.000000,29.000000,2646.785802
30.000000,29.000000,2732.506111
31.000000,29.000000,2819.547048
32.000000,29.000000,2902.875485
33.000000,29.000000,2986.975916
34.000000,29.000000,3072.219438
35.000000,29.000000,3158.606050
36.000000,29.000000,3246.135753
37.000000,29.000000,3334.821165
38.000000,29.000000,3424.646086
39.000000,29.000000,3515.569858
40.000000,29.000000,3607.592482
41.000000,29.000000,3700.713958
19.000000,29.500000,1825.552771
20.000000,29.500000,1905.987281
21.000000,29.500000,1988.105204
22.000000,29.500000,2071.906539
23.000000,29.500000,2157.391288
24.000000,29.500000,2244.559449
25.000000,29.500000,2330.928034
26.000000,29.500000,2411.781594
27.000000,29.500000,2493.961488
28.000000,29.500000,2577.467715
29.000000,29.500000,2662.300274
30.000000,29.500000,2748.459167
31.000000,29.500000,2835.300386
32.000000,29.500000,2918.813013
33.000000,29.500000,3003.286632
34.000000,29.500000,3088.907326
35.000000,29.500000,3175.675097
36.000000,29.500000,3263.589943
37.000000,29.500000,3352.571162
38.000000,29.500000,3442.630712
39.000000,29.500000,3533.789437
40.000000,29.500000,3626.047338
41.000000,29.500000,3719.404414
18.000000,30.000000,1759.225758
19.000000,30.000000,1838.350160
20.000000,30.000000,1919.162117
21.000000,30.000000,2001.661630
22.000000,30.000000,2085.848698
23.000000,30.000000,2171.723322
24.000000,30.000000,2259.285500
25.000000,30.000000,2344.786168
26.000000,30.000000,2426.056543
27.000000,30.000000,2508.658965
28.000000,30.000000,2592.593436
29.000000,30.000000,2677.859956
30.000000,30.000000,2764.458523
31.000000,30.000000,2851.097350
32.000000,30.000000,2934.793875
33.000000,30.000000,3019.641470
34.000000,30.000000,3105.640132
35.000000,30.000000,3192.789863
36.000000,30.000000,3281.090662
37.000000,30.000000,3370.367393
38.000000,30.000000,3460.661621
39.000000,30.000000,3552.055347
40.000000,30.000000,3644.548573
41.000000,30.000000,3738.141297
18.000000,30.500000,1771.833059
19.000000,30.500000,1851.368655
20.000000,30.500000,1932.597252
21.000000,30.500000,2015.518848
22.000000,30.500000,2100.133444
23.000000,30.500000,2186.441040
24.000000,30.500000,2274.441637
25.000000,30.500000,2359.063405
26.000000,30.500000,2440.723538
27.000000,30.500000,2523.720382
28.000000,30.500000,2608.053939
29.000000,30.500000,2693.724209
30.000000,30.500000,2780.731191
31.000000,30.500000,2866.933662
32.000000,30.500000,2951.008179
33.000000,30.500000,3036.237851
34.000000,30.500000,3122.622678
35.000000,30.500000,3210.162661
36.000000,30.500000,3298.857799
37.000000,30.500000,3388.336824
38.000000,30.500000,3478.872110
39.000000,30.500000,3570.507575
40.000000,30.500000,3663.243221
18.000000,31.000000,1784.485310
19.000000,31.000000,1864.433022
20.000000,31.000000,1946.079188
21.000000,31.000000,2029.423806
22.000000,31.000000,2114.466878
23.000000,31.000000,2201.208402
24.000000,31.000000,2289.648380
25.000000,31.000000,2373.383838
26.000000,31.000000,2455.434596
27.000000,31.000000,2538.826738
28.000000,31.000000,2623.560265
29.000000,31.000000,2709.635177
30.000000,31.000000,2797.051472
31.000000,31.000000,2882.813532
32.000000,31.000000,2967.266852
33.000000,31.000000,3052.879422
34.000000,31.000000,3139.651241
35.000000,31.000000,3227.582310
36.000000,31.000000,3316.672628
37.000000,31.000000,3406.353177
38.000000,31.000000,3497.129616
39.000000,31.000000,3589.006915
40.000000,31.000000,3681.985072
18.000000,31.500000,1797.316358
19.000000,31.500000,1877.698338
20.000000,31.500000,1959.784924
21.000000,31.500000,2043.576115
22.000000,31.500000,2129.071912
23.000000,31.500000,2216.272313
24.000000,31.500000,2305.177320
25.000000,31.500000,2387.992878
26.000000,31.500000,2470.430554
27.000000,31.500000,2554.214205
28.000000,31.500000,2639.343833
29.000000,31.500000,2725.819437
30.000000,31.500000,2813.641017
31.000000,31.500000,2898.953202
32.000000,31.500000,2983.776426
33.000000,31.500000,3069.762198
34.000000,31.500000,3156.910517
35.000000,31.500000,3245.221383
36.000000,31.500000,3334.561634
37.000000,31.500000,3424.487120
38.000000,31.500000,3515.512351
39.000000,31.500000,3607.639831
40.000000,31.500000,3700.869559
18.000000,32.000000,1810.193311
19.000000,32.000000,1891.010617
20.000000,32.000000,1973.538692
21.000000,32.000000,2057.777534
22.000000,32.000000,2143.727144
23.000000,32.000000,2231.387522
24.000000,32.000000,2320.758669
25.000000,32.000000,2402.646591
26.000000,32.000000,2485.472024
27.000000,32.000000,2569.648033
28.000000,32.000000,2655.174617
29.000000,32.000000,2742.051777
30.000000,32.000000,2830.279513
31.000000,32.000000,2915.137665
32.000000,32.000000,3000.331516
33.000000,32.000000,3086.691215
34.000000,32.000000,3174.216762
35.000000,32.000000,3262.908158
36.000000,32.000000,3352.497711
37.000000,32.000000,3442.668284
38.000000,32.000000,3533.942490
39.000000,32.000000,3626.320329
40.000000,32.000000,3719.801803
18.000000,32.500000,1823.229689
19.000000,32.500000,1904.482168
20.000000,32.500000,1987.451151
21.000000,32.500000,2072.136636
22.000000,32.500000,2158.538625
23.000000,32.500000,2246.657118
24.000000,32.500000,2335.378071
25.000000,32.500000,2417.444566
26.000000,32.500000,2500.659000
27.000000,32.500000,2585.228558
28.000000,32.500000,2671.153240
29.000000,32.500000,2758.433046
30.000000,32.500000,2846.655533
31.000000,32.500000,2931.456123
32.000000,32.500000,3017.009231
33.000000,32.500000,3103.731155
34.000000,32.500000,3191.621895
35.000000,32.500000,3280.681451
18.000000,33.000000,1836.312827
19.000000,33.000000,1918.001516
20.000000,33.000000,2001.412450
21.000000,33.000000,2086.545631
22.000000,33.000000,2173.401059
23.000000,33.000000,2261.978732
24.000000,33.000000,2350.043261
25.000000,33.000000,2432.287852
26.000000,33.000000,2515.892124
27.000000,33.000000,2600.856075
28.000000,33.000000,2687.179707
29.000000,33.000000,2774.863018
30.000000,33.000000,2863.078655
31.000000,33.000000,2947.819893
32.000000,33.000000,3033.732917
33.000000,33.000000,3120.817726
34.000000,33.000000,3209.074321
35.000000,33.000000,3298.502701
18.000000,33.500000,1849.577429
19.000000,33.500000,1931.706187
20.000000,33.500000,2015.563144
21.000000,33.500000,2101.148301
22.000000,33.500000,2188.461658
23.000000,33.500000,2277.503216
24.000000,33.500000,2364.713544
25.000000,33.500000,2447.342809
26.000000,33.500000,2531.335919
27.000000,33.500000,2616.692872
28.000000,33.500000,2703.413670
29.000000,33.500000,2791.498312
30.000000,33.500000,2879.263688
31.000000,33.500000,2964.349880
32.000000,33.500000,3050.610573
33.000000,33.500000,3138.045769
34.000000,33.500000,3226.655466
35.000000,33.500000,3316.439665
17.000000,34.000000,1782.054040
18.000000,34.000000,1862.889753
19.000000,34.000000,1945.459629
20.000000,34.000000,2029.763669
21.000000,34.000000,2115.801872
22.000000,34.000000,2203.574238
23.000000,34.000000,2293.080767
24.000000,34.000000,2379.429403
25.000000,34.000000,2462.444143
26.000000,34.000000,2546.826897
27.000000,34.000000,2632.577666
28.000000,34.000000,2719.696449
29.000000,34.000000,2808.183246
30.000000,34.000000,2895.494114
31.000000,34.000000,2980.925849
32.000000,34.000000,3067.534805
33.000000,34.000000,3155.320980
34.000000,34.000000,3244.284377
35.000000,34.000000,3334.424993
17.000000,34.500000,1795.218266
18.000000,34.500000,1876.476881
19.000000,34.500000,1959.474689
20.000000,34.500000,2044.211693
21.000000,34.500000,2130.687891
22.000000,34.500000,2218.903283
23.000000,34.500000,2308.857870
24.000000,34.500000,2394.337182
25.000000,34.500000,2477.766933
26.000000,34.500000,2562.569905
27.000000,34.500000,2648.746100
28.000000,34.500000,2736.295517
29.000000,34.500000,2825.218155
30.000000,34.500000,2912.042942
31.000000,34.500000,2997.791011
32.000000,34.500000,3084.717850
33.000000,34.500000,3172.823458
34.000000,34.500000,3262.107836
17.000000,35.000000,1808.430931
18.000000,35.000000,1890.113370
19.000000,35.000000,1973.540040
20.000000,35.000000,2058.710942
21.000000,35.000000,2145.626076
22.000000,35.000000,2234.285441
23.000000,35.000000,2324.689037
24.000000,35.000000,2409.291448
25.000000,35.000000,2493.137185
26.000000,35.000000,2578.361362
27.000000,35.000000,2664.963978
28.000000,35.000000,2752.945034
29.000000,35.000000,2842.304530
30.000000,35.000000,2928.638746
31.000000,35.000000,3014.703549
32.000000,35.000000,3101.948669
33.000000,35.000000,3190.374106
34.000000,35.000000,3279.979860
17.000000,35.500000,1821.908350
18.000000,35.500000,1904.024807
19.000000,35.500000,1987.890718
20.000000,35.500000,2073.506082
21.000000,35.500000,2160.870899
22.000000,35.500000,2249.985170
23.000000,35.500000,2340.612352
24.000000,35.500000,2424.555573
25.000000,35.500000,2508.810918
26.000000,35.500000,2594.449487
27.000000,35.500000,2681.471281
28.000000,35.500000,2769.876301
29.000000,35.500000,2859.514426
30.000000,35.500000,2945.445013
31.000000,35.500000,3031.830554
32.000000,35.500000,3119.398121
33.000000,35.500000,3208.147713
34.000000,35.500000,3298.079330
17.000000,36.000000,1835.435796
18.000000,36.000000,1917.987242
19.000000,36.000000,2002.293370
20.000000,36.000000,2088.354179
21.000000,36.000000,2176.169670
22.000000,36.000000,2265.739843
23.000000,36.000000,2356.589982
24.000000,36.000000,2439.867832
25.000000,36.000000,2524.533700
26.000000,36.000000,2610.587587
27.000000,36.000000,2698.029493
28.000000,36.000000,2786.859418
29.000000,36.000000,2876.776198
30.000000,36.000000,2962.299163
31.000000,36.000000,3049.005860
32.000000,36.000000,3136.896291
33.000000,36.000000,3225.970454
34.000000,36.000000,3316.228351
17.000000,36.500000,1849.193404
18.000000,36.500000,1932.156969
19.000000,36.500000,2016.879607
20.000000,36.500000,2103.361319
21.000000,36.500000,2191.602106
22.000000,36.500000,2281.601966
23.000000,36.500000,2371.630243
24.000000,36.500000,2455.326665
25.000000,36.500000,2540.415892
26.000000,36.500000,2626.897925
27.000000,36.500000,2714.772765
28.000000,36.500000,2804.040411
29.000000,36.500000,2893.466739
30.000000,36.500000,2979.325181
31.000000,36.500000,3066.369594
32.000000,36.500000,3154.599977
33.000000,36.500000,3244.016331
34.000000,36.500000,3334.618656
17.000000,37.000000,1863.002369
18.000000,37.000000,1946.378835
19.000000,37.000000,2031.518773
20.000000,37.000000,2118.422183
21.000000,37.000000,2207.089064
22.000000,37.000000,2297.519416
23.000000,37.000000,2386.718325
24.000000,37.000000,2470.834289
25.000000,37.000000,2556.347854
26.000000,37.000000,2643.259019
27.000000,37.000000,2731.567784
28.000000,37.000000,2821.274149
29.000000,37.000000,2910.205353
30.000000,37.000000,2996.399779
31.000000,37.000000,3083.782415
32.000000,37.000000,3172.353261
33.000000,37.000000,3262.112317
34.000000,37.000000,3353.059583
17.000000,37.500000,1877.202499
18.000000,37.500000,1960.970734
19.000000,37.500000,2046.505391
20.000000,37.500000,2133.806468
21.000000,37.500000,2222.873966
22.000000,37.500000,2313.707885
23.000000,37.500000,2402.061041
24.000000,37.500000,2486.605004
25.000000,37.500000,2572.551745
26.000000,37.500000,2659.901265
27.000000,37.500000,2748.653563
28.000000,37.500000,2838.808640
29.000000,37.500000,2927.203827
30.000000,37.500000,3013.732099
31.000000,37.500000,3101.450425
32.000000,37.500000,3190.358804
33.000000,37.500000,3280.457238
16.000000,38.000000,1809.065321
17.000000,38.000000,1891.456535
18.000000,38.000000,1975.617120
19.000000,38.000000,2061.547077
20.000000,38.000000,2149.246405
21.000000,38.000000,2238.715106
22.000000,38.000000,2329.953177
23.000000,38.000000,2417.452877
24.000000,38.000000,2502.425852
25.000000,38.000000,2588.806794
26.000000,38.000000,2676.595702
27.000000,38.000000,2765.792575
28.000000,38.000000,2856.397415
29.000000,38.000000,2944.251631
30.000000,38.000000,3031.114220
31.000000,38.000000,3119.168704
32.000000,38.000000,3208.415085
33.000000,38.000000,3298.853363
16.000000,38.500000,1823.103812
17.000000,38.500000,1905.887816
18.000000,38.500000,1990.444380
19.000000,38.500000,2076.773505
20.000000,38.500000,2164.875189
21.000000,38.500000,2254.749434
22.000000,38.500000,2346.396239
23.000000,38.500000,2433.066406
24.000000,38.500000,2518.427122
25.000000,38.500000,2605.199067
26.000000,38.500000,2693.382242
27.000000,38.500000,2782.976648
28.000000,38.500000,2873.982283
29.000000,38.500000,2961.282342
30.000000,38.500000,3048.532092
31.000000,38.500000,3136.977313
32.000000,38.500000,3226.618005
33.000000,38.500000,3317.454169
16.000000,39.000000,1837.196553
17.000000,39.000000,1920.373935
18.000000,39.000000,2005.327068
19.000000,39.000000,2092.055953
20.000000,39.000000,2180.560590
21.000000,39.000000,2270.840978
22.000000,39.000000,2362.897118
23.000000,39.000000,2448.730178
24.000000,39.000000,2534.479364
25.000000,39.000000,2621.643044
26.000000,39.000000,2710.221219
27.000000,39.000000,2800.213889
28.000000,39.000000,2891.621053
29.000000,39.000000,2978.361947
30.000000,39.000000,3065.999639
31.000000,39.000000,3154.836382
32.000000,39.000000,3244.872176
33.000000,39.000000,3336.107021
16.000000,39.500000,1851.509473
17.000000,39.500000,1935.097352
18.000000,39.500000,2020.464517
19.000000,39.500000,2107.610970
20.000000,39.500000,2196.536709
21.000000,39.500000,2287.241736
22.000000,39.500000,2379.236361
23.000000,39.500000,2464.690157
24.000000,39.500000,2550.809225
25.000000,39.500000,2638.345282
26.000000,39.500000,2727.298328
27.000000,39.500000,2817.668363
28.000000,39.500000,2908.675976
29.000000,39.500000,2995.675293
30.000000,39.500000,3083.726395
31.000000,39.500000,3172.980866
32.000000,39.500000,3263.438707
33.000000,39.500000,3355.099917
16.000000,40.000000,1865.877930
17.000000,40.000000,1949.876994
18.000000,40.000000,2035.658884
19.000000,40.000000,2123.223599
20.000000,40.000000,2212.571140
21.000000,40.000000,2303.701506
22.000000,40.000000,2395.631897
23.000000,40.000000,2480.701954
24.000000,40.000000,2567.191494
25.000000,40.000000,2655.100516
26.000000,40.000000,2744.429021
27.000000,40.000000,2835.177008
28.000000,40.000000,2925.780856
29.000000,40.000000,3013.038594
30.000000,40.000000,3101.504027
31.000000,40.000000,3191.177155
32.000000,40.000000,3282.057980
33.000000,40.000000,3374.146500
16.000000,40.500000,1880.482934
17.000000,40.500000,1964.886905
18.000000,40.500000,2051.076577
19.000000,40.500000,2139.051952
20.000000,40.500000,2228.813030
21.000000,40.500000,2320.359809
22.000000,40.500000,2411.455171
23.000000,40.500000,2496.905854
24.000000,40.500000,2583.779062
25.000000,40.500000,2672.074797
26.000000,40.500000,2761.793057
27.000000,40.500000,2852.933844
28.000000,40.500000,2943.023669
29.000000,40.500000,3030.677195
30.000000,40.500000,3119.542013
31.000000,40.500000,3209.618126
32.000000,40.500000,3300.905532
16.000000,41.000000,1895.144876
17.000000,41.000000,1979.954366
18.000000,41.000000,2066.552436
19.000000,41.000000,2154.939086
20.000000,41.000000,2245.114315
21.000000,41.000000,2337.078123
22.000000,41.000000,2427.330507
23.000000,41.000000,2513.162476
24.000000,41.000000,2600.420017
25.000000,41.000000,2689.103131
26.000000,41.000000,2779.211816
27.000000,41.000000,2870.746074
28.000000,41.000000,2960.316976
29.000000,41.000000,3048.367098
30.000000,41.000000,3137.632117
31.000000,41.000000,3228.112032
32.000000,41.000000,3319.806843
16.000000,41.500000,1910.022365
17.000000,41.500000,1995.257384
18.000000,41.500000,2082.284769
19.000000,41.500000,2171.104518
20.000000,41.500000,2261.716633
21.000000,41.500000,2354.121112
22.000000,41.500000,2443.543286
23.000000,41.500000,2529.732597
24.000000,41.500000,2617.349228
25.000000,41.500000,2706.393181
26.000000,41.500000,2796.864455
27.000000,41.500000,2888.763050
28.000000,41.500000,2977.820700
29.000000,41.500000,3066.266005
30.000000,41.500000,3155.929778
31.000000,41.500000,3246.812019
32.000000,41.500000,3338.912726
16.000000,42.000000,1924.958022
17.000000,42.000000,2010.619313
18.000000,42.000000,2098.076758
19.000000,42.000000,2187.330357
20.000000,42.000000,2278.380110
21.000000,42.000000,2371.226017
22.000000,42.000000,2459.810023
23.000000,42.000000,2546.357153
24.000000,42.000000,2634.333350
25.000000,42.000000,2723.738614
26.000000,42.000000,2814.572946
27.000000,42.000000,2906.836345
28.000000,42.000000,2995.375847
29.000000,42.000000,3084.217130
30.000000,42.000000,3174.280457
31.000000,42.000000,3265.565828
32.000000,42.000000,3358.073242
16.000000,42.500000,1940.165855
17.000000,42.500000,2026.246751
18.000000,42.500000,2114.126848
19.000000,42.500000,2203.806145
20.000000,42.500000,2295.284641
21.000000,42.500000,2388.562338
22.000000,42.500000,2476.282793
23.000000,42.500000,2563.190819
24.000000,42.500000,2651.529656
25.000000,42.500000,2741.299304
26.000000,42.500000,2832.499764
27.000000,42.500000,2924.709726
28.000000,42.500000,3013.198345
29.000000,42.500000,3102.451486
30.000000,42.500000,3192.930713
31.000000,42.500000,3284.636023
32.000000,42.500000,3377.567419
15.000000,43.000000,1870.734605
16.000000,43.000000,1955.433520
17.000000,43.000000,2041.934683
18.000000,43.000000,2130.238092
19.000000,43.000000,2220.343748
20.000000,43.000000,2312.251651
21.000000,43.000000,2405.961800
22.000000,43.000000,2492.810527
23.000000,43.000000,2580.079930
24.000000,43.000000,2668.781885
25.000000,43.000000,2758.916393
26.000000,43.000000,2850.483455
27.000000,43.000000,2942.637794
28.000000,43.000000,3031.073543
29.000000,43.000000,3120.739423
30.000000,43.000000,3211.635436
31.000000,43.000000,3303.761582
32.000000,43.000000,3397.117859
15.000000,43.500000,1885.839555
16.000000,43.500000,1970.955282
17.000000,43.500000,2057.875977
18.000000,43.500000,2146.601641
19.000000,43.500000,2237.132272
20.000000,43.500000,2329.467872
21.000000,43.500000,2422.849701
22.000000,43.500000,2509.532237
23.000000,43.500000,2597.140940
24.000000,43.500000,2686.183498
25.000000,43.500000,2776.659911
26.000000,43.500000,2868.570178
27.000000,43.500000,2960.265792
28.000000,43.500000,3049.121689
29.000000,43.500000,3139.211541
30.000000,43.500000,3230.535347
31.000000,43.500000,3323.093107
15.000000,44.000000,1901.005237
16.000000,44.000000,1986.538401
17.000000,44.000000,2073.879254
18.000000,44.000000,2163.027796
19.000000,44.000000,2253.984027
20.000000,44.000000,2346.747948
21.000000,44.000000,2439.796660
22.000000,44.000000,2526.309834
23.000000,44.000000,2614.258164
24.000000,44.000000,2703.641651
25.000000,44.000000,2794.460294
26.000000,44.000000,2886.714093
27.000000,44.000000,2977.946350
28.000000,44.000000,3067.223314
29.000000,44.000000,3157.738057
30.000000,44.000000,3249.490580
31.000000,44.000000,3342.480881
15.000000,44.500000,1916.439549
16.000000,44.500000,2002.440466
17.000000,44.500000,2090.253661
18.000000,44.500000,2179.879133
19.000000,44.500000,2271.316884
20.000000,44.500000,2364.566911
21.000000,44.500000,2456.718647
22.000000,44.500000,2543.517363
23.000000,44.500000,2631.750585
24.000000,44.500000,2721.418311
25.000000,44.500000,2812.520542
26.000000,44.500000,2905.057279
27.000000,44.500000,2995.873177
28.000000,44.500000,3085.584334
29.000000,44.500000,3176.537425
30.000000,44.500000,3268.732448
31.000000,44.500000,3362.169404
15.000000,45.000000,1931.936260
16.000000,45.000000,2018.405923
17.000000,45.000000,2106.692456
18.000000,45.000000,2196.795858
19.000000,45.000000,2288.716129
20.000000,45.000000,2382.453269
21.000000,45.000000,2473.699095
22.000000,45.000000,2560.783280
23.000000,45.000000,2649.301318
24.000000,45.000000,2739.253209
25.000000,45.000000,2830.638953
26.000000,45.000000,2923.458551
27.000000,45.000000,3013.853715
28.000000,45.000000,3104.000050
29.000000,45.000000,3195.392476
30.000000,45.000000,3288.030994
31.000000,45.000000,3381.915603
15.000000,45.500000,1947.202164
16.000000,45.500000,2034.231968
17.000000,45.500000,2123.087082
18.000000,45.500000,2213.767505
19.000000,45.500000,2306.273237
20.000000,45.500000,2400.604278
21.000000,45.500000,2490.861258
22.000000,45.500000,2578.217222
23.000000,45.500000,2667.006050
24.000000,45.500000,2757.227742
25.000000,45.500000,2848.882298
26.000000,45.500000,2941.967243
27.000000,45.500000,3032.039042
28.000000,45.500000,3122.611023
29.000000,45.500000,3214.432991
30.000000,45.500000,3307.504945
31.000000,45.500000,3401.826886
15.000000,46.000000,1962.528134
16.000000,46.000000,2050.119810
17.000000,46.000000,2139.545252
18.000000,46.000000,2230.804458
19.000000,46.000000,2323.897429
20.000000,46.000000,2418.824165
21.000000,46.000000,2508.082723
22.000000,46.000000,2595.710289
23.000000,46.000000,2684.769730
24.000000,46.000000,2775.261046
25.000000,46.000000,2867.184237
26.000000,46.000000,2960.534338
27.000000,46.000000,3050.278999
28.000000,46.000000,3141.277547
29.000000,46.000000,3233.529981
30.000000,46.000000,3327.036302
31.000000,46.000000,3421.796509
15.000000,46.500000,1978.049919
16.000000,46.500000,2066.226043
17.000000,46.500000,2156.245286
18.000000,46.500000,2248.107647
19.000000,46.500000,2341.813126
20.000000,46.500000,2437.361724
21.000000,46.500000,2525.490543
22.000000,46.500000,2613.416284
23.000000,46.500000,2702.773703
24.000000,46.500000,2793.562799
25.000000,46.500000,2885.783573
26.000000,46.500000,2978.751235
27.000000,46.500000,3068.884392
28.000000,46.500000,3160.274203
29.000000,46.500000,3252.920667
30.000000,46.500000,3346.823785
14.000000,47.000000,1906.722881
15.000000,47.000000,1993.632842
16.000000,47.000000,2082.395295
17.000000,47.000000,2173.010242
18.000000,47.000000,2265.477682
19.000000,47.000000,2359.797615
20.000000,47.000000,2455.970041
21.000000,47.000000,2542.958543
22.000000,47.000000,2631.182446
23.000000,47.000000,2720.837829
24.000000,47.000000,2811.924692
25.000000,47.000000,2904.443036
26.000000,47.000000,2997.023934
27.000000,47.000000,3087.546277
28.000000,47.000000,3179.328042
29.000000,47.000000,3272.369229
30.000000,47.000000,3366.669839
14.000000,47.500000,1922.050861
15.000000,47.500000,2009.408490
16.000000,47.500000,2098.622395
17.000000,47.500000,2189.692576
18.000000,47.500000,2282.619033
19.000000,47.500000,2377.401767
20.000000,47.500000,2472.749626
21.000000,47.500000,2560.056398
22.000000,47.500000,2648.699802
23.000000,47.500000,2738.778211
24.000000,47.500000,2830.291625
25.000000,47.500000,2923.240044
26.000000,47.500000,3015.546608
27.000000,47.500000,3106.450756
28.000000,47.500000,3198.617081
29.000000,47.500000,3292.045582
30.000000,47.500000,3386.736260
14.000000,48.000000,1937.440193
15.000000,48.000000,2025.246297
16.000000,48.000000,2114.912463
17.000000,48.000000,2206.438690
18.000000,48.000000,2299.824980
19.000000,48.000000,2395.071331
20.000000,48.000000,2489.586336
21.000000,48.000000,2577.211541
22.000000,48.000000,2666.275277
23.000000,48.000000,2756.777545
24.000000,48.000000,2848.718345
25.000000,48.000000,2942.097677
26.000000,48.000000,3034.126267
27.000000,48.000000,3125.412860
28.000000,48.000000,3217.964386
29.000000,48.000000,3311.780846
30.000000,48.000000,3406.862241
14.000000,48.500000,1953.125993
15.000000,48.500000,2041.354656
16.000000,48.500000,2131.445545
17.000000,48.500000,2223.398662
18.000000,48.500000,2317.214005
19.000000,48.500000,2412.891574
20.000000,48.500000,2506.463883
21.000000,48.500000,2594.548440
22.000000,48.500000,2684.076515
23.000000,48.500000,2775.048108
24.000000,48.500000,2867.463220
25.000000,48.500000,2961.321850
26.000000,48.500000,3053.046056
27.000000,48.500000,3144.709591
28.000000,48.500000,3237.640660
29.000000,48.500000,3331.839265
30.000000,48.500000,3427.305406
14.000000,49.000000,1968.875019
15.000000,49.000000,2057.526810
16.000000,49.000000,2148.042990
17.000000,49.000000,2240.423559
18.000000,49.000000,2334.668517
19.000000,49.000000,2430.777864
20.000000,49.000000,2523.398445
21.000000,49.000000,2611.943454
22.000000,49.000000,2701.936976
23.000000,49.000000,2793.379011
24.000000,49.000000,2886.269557
25.000000,49.000000,2980.608617
26.000000,49.000000,3072.024567
27.000000,49.000000,3164.065634
28.000000,49.000000,3257.376839
29.000000,49.000000,3351.958184
30.000000,49.000000,3447.809669
14.000000,49.500000,1984.890648
15.000000,49.500000,2073.966780
16.000000,49.500000,2164.909399
17.000000,49.500000,2257.718504
18.000000,49.500000,2352.394096
19.000000,49.500000,2448.936174
20.000000,49.500000,2540.648584
21.000000,49.500000,2629.670349
22.000000,49.500000,2720.146072
23.000000,49.500000,2812.075752
24.000000,49.500000,2905.459389
25.000000,49.500000,2999.879542
26.000000,49.500000,3091.332324
27.000000,49.500000,3183.733483
28.000000,49.500000,3277.406582
29.000000,49.500000,3372.351622
14.000000,50.000000,2000.971145
15.000000,50.000000,2090.472161
16.000000,50.000000,2181.841760
17.000000,50.000000,2275.079942
18.000000,50.000000,2370.186706
19.000000,50.000000,2467.162053
20.000000,50.000000,2557.957483
21.000000,50.000000,2647.457195
22.000000,50.000000,2738.416318
23.000000,50.000000,2830.834853
24.000000,50.000000,2924.712800
25.000000,50.000000,3019.212536
26.000000,50.000000,3110.700501
27.000000,50.000000,3203.462209
28.000000,50.000000,3297.497660
29.000000,50.000000,3392.806853
14.000000,50.500000,2017.471942
15.000000,50.500000,2107.376184
16.000000,50.500000,2199.150041
17.000000,50.500000,2292.793511
18.000000,50.500000,2388.306596
19.000000,50.500000,2485.689296
20.000000,50.500000,2575.616750
21.000000,50.500000,2665.584947
22.000000,50.500000,2757.017266
23.000000,50.500000,2849.913707
24.000000,50.500000,2944.274270
25.000000,50.500000,3038.458874
26.000000,50.500000,3130.322877
27.000000,50.500000,3223.462791
28.000000,50.500000,3317.878613
29.000000,50.500000,3413.570345
14.000000,51.000000,2034.040490
15.000000,51.000000,2124.348270
16.000000,51.000000,2216.526694
17.000000,51.000000,2310.575763
18.000000,51.000000,2406.495477
19.000000,51.000000,2504.285834
20.000000,51.000000,2593.336764
21.000000,51.000000,2683.774551
22.000000,51.000000,2775.681175
23.000000,51.000000,2869.056637
24.000000,51.000000,2963.900936
25.000000,51.000000,3057.766293
26.000000,51.000000,3150.006883
27.000000,51.000000,3243.525551
28.000000,51.000000,3338.322296
29.000000,51.000000,3434.397118
14.000000,51.500000,2050.864757
15.000000,51.500000,2141.573440
16.000000,51.500000,2234.153493
17.000000,51.500000,2328.604917
18.000000,51.500000,2424.927711
19.000000,51.500000,2521.860023
20.000000,51.500000,2611.337146
21.000000,51.500000,2702.246706
22.000000,51.500000,2794.629836
23.000000,51.500000,2888.486537
24.000000,51.500000,2983.816808
25.000000,51.500000,3077.345873
26.000000,51.500000,3170.010965
27.000000,51.500000,3263.957479
28.000000,51.500000,3359.185414
29.000000,51.500000,3455.694771
13.000000,52.000000,1978.520564
14.000000,52.000000,2067.758314
15.000000,52.000000,2158.868159
16.000000,52.000000,2251.850099
17.000000,52.000000,2346.704133
18.000000,52.000000,2443.430262
19.000000,52.000000,2539.495661
20.000000,52.000000,2629.399782
21.000000,52.000000,2720.782213
22.000000,52.000000,2813.642954
23.000000,52.000000,2907.982004
24.000000,52.000000,3003.799365
25.000000,52.000000,3096.987874
26.000000,52.000000,3190.078298
27.000000,52.000000,3284.453492
28.000000,52.000000,3380.113455
29.000000,52.000000,3477.058188
13.000000,52.500000,1995.237624
14.000000,52.500000,2084.870601
15.000000,52.500000,2176.375976
16.000000,52.500000,2269.753750
17.000000,52.500000,2365.003922
18.000000,52.500000,2462.126492
19.000000,52.500000,2557.347329
20.000000,52.500000,2647.715937
21.000000,52.500000,2739.567500
22.000000,52.500000,2832.902016
23.000000,52.500000,2927.719486
24.000000,52.500000,3023.941914
25.000000,52.500000,3116.867582
26.000000,52.500000,3210.387219
27.000000,52.500000,3305.194538
28.000000,52.500000,3401.289538
13.000000,53.000000,2012.025003
14.000000,53.000000,2102.053395
15.000000,53.000000,2193.954488
16.000000,53.000000,2287.728281
17.000000,53.000000,2383.374774
18.000000,53.000000,2480.893967
19.000000,53.000000,2575.261521
20.000000,53.000000,2666.095664
21.000000,53.000000,2758.417412
22.000000,53.000000,2852.226764
23.000000,53.000000,2947.523722
24.000000,53.000000,3044.151772
25.000000,53.000000,3136.810862
26.000000,53.000000,3230.760545
27.000000,53.000000,3326.000821
28.000000,53.000000,3422.531689
13.000000,53.500000,2028.998906
14.000000,53.500000,2119.415950
15.000000,53.500000,2211.705477
16.000000,53.500000,2305.867486
17.000000,53.500000,2401.901980
18.000000,53.500000,2499.808956
19.000000,53.500000,2593.421303
20.000000,53.500000,2684.735711
21.000000,53.500000,2777.542339
22.000000,53.500000,2871.841187
23.000000,53.500000,2967.632255
24.000000,53.500000,3063.955550
25.000000,53.500000,3157.039343
26.000000,53.500000,3251.416393
27.000000,53.500000,3347.086702
28.000000,53.500000,3444.050270
13.000000,54.000000,2046.044071
14.000000,54.000000,2136.849877
15.000000,54.000000,2229.527947
16.000000,54.000000,2324.078281
17.000000,54.000000,2420.500878
18.000000,54.000000,2518.795739
19.000000,54.000000,2611.644875
20.000000,54.000000,2703.440683
21.000000,54.000000,2796.733330
22.000000,54.000000,2891.522818
23.000000,54.000000,2987.809145
24.000000,54.000000,3083.823505
25.000000,54.000000,3177.332797
26.000000,54.000000,3272.138012
27.000000,54.000000,3368.239148
28.000000,54.000000,3465.636207
13.000000,54.500000,2063.377357
14.000000,54.500000,2154.576279
15.000000,54.500000,2247.647241
16.000000,54.500000,2342.590243
17.000000,54.500000,2439.405284
18.000000,54.500000,2538.092365
19.000000,54.500000,2630.216065
20.000000,54.500000,2722.493628
21.000000,54.500000,2816.272545
22.000000,54.500000,2911.552817
23.000000,54.500000,3008.334445
13.000000,55.000000,2080.783735
14.000000,55.000000,2172.375884
15.000000,55.000000,2265.839845
16.000000,55.000000,2361.175619
17.000000,55.000000,2458.383205
18.000000,55.000000,2557.462605
19.000000,55.000000,2648.853048
20.000000,55.000000,2741.613475
21.000000,55.000000,2835.879776
22.000000,55.000000,2931.651952
23.000000,55.000000,3028.930004
13.000000,55.500000,2098.379113
14.000000,55.500000,2190.391725
15.000000,55.500000,2284.276363
16.000000,55.500000,2380.033026
17.000000,55.500000,2477.661716
18.000000,55.500000,2576.086809
19.000000,55.500000,2667.962737
20.000000,55.500000,2761.282809
21.000000,55.500000,2856.115219
22.000000,55.500000,2952.459966
23.000000,55.500000,3050.317049
12.000000,56.000000,2025.487332
13.000000,56.000000,2116.048501
14.000000,56.000000,2208.481902
15.000000,56.000000,2302.787534
16.000000,56.000000,2398.965398
17.000000,56.000000,2497.015494
18.000000,56.000000,2594.778576
19.000000,56.000000,2687.141108
20.000000,56.000000,2781.022449
21.000000,56.000000,2876.422599
22.000000,56.000000,2973.341557
23.000000,56.000000,3071.779324
12.000000,56.500000,2043.000390
13.000000,56.500000,2133.991404
14.000000,56.500000,2226.855081
15.000000,56.500000,2321.591421
16.000000,56.500000,2418.200424
17.000000,56.500000,2516.682090
18.000000,56.500000,2613.777250
19.000000,56.500000,2706.615401
20.000000,56.500000,2800.974963
21.000000,56.500000,2896.855935
22.000000,56.500000,2994.258316
12.000000,57.000000,2060.588741
13.000000,57.000000,2152.009976
14.000000,57.000000,2245.304299
15.000000,57.000000,2340.471709
16.000000,57.000000,2437.512206
17.000000,57.000000,2536.425790
18.000000,57.000000,2632.845218
19.000000,57.000000,2726.160007
20.000000,57.000000,2820.998789
21.000000,57.000000,2917.361562
22.000000,57.000000,3015.248328
12.000000,57.500000,2077.804117
13.000000,57.500000,2169.762271
14.000000,57.500000,2263.599145
15.000000,57.500000,2359.314740
16.000000,57.500000,2456.909055
17.000000,57.500000,2556.382092
18.000000,57.500000,2652.205087
19.000000,57.500000,2746.007911
20.000000,57.500000,2841.337389
21.000000,57.500000,2938.193520
22.000000,57.500000,3036.576305
12.000000,58.000000,2095.091059
13.000000,58.000000,2187.587439
14.000000,58.000000,2281.968179
15.000000,58.000000,2378.233281
16.000000,58.000000,2476.382742
17.000000,58.000000,2576.416564
18.000000,58.000000,2671.635874
19.000000,58.000000,2765.927801
20.000000,58.000000,2861.749021
21.000000,58.000000,2959.099533
22.000000,58.000000,3057.979339
12.000000,58.500000,2112.789490
13.000000,58.500000,2205.829531
14.000000,58.500000,2300.759769
15.000000,58.500000,2397.580205
16.000000,58.500000,2496.290839
17.000000,58.500000,2596.891670
18.000000,58.500000,2691.446551
19.000000,58.500000,2786.196395
20.000000,58.500000,2882.477266
21.000000,58.500000,2980.289164
22.000000,58.500000,3079.632090
12.000000,59.000000,2130.562344
13.000000,59.000000,2224.147348
14.000000,59.000000,2319.628395
15.000000,59.000000,2417.005484
16.000000,59.000000,2516.278616
17.000000,59.000000,2617.447790
18.000000,59.000000,2711.330407
19.000000,59.000000,2806.538974
20.000000,59.000000,2903.280287
21.000000,59.000000,3001.554345
22.000000,59.000000,3101.361149
12.000000,59.500000,2148.698401
13.000000,59.500000,2242.878394
14.000000,59.500000,2338.961874
15.000000,59.500000,2436.948843
16.000000,59.500000,2536.839300
17.000000,59.500000,2637.512501
18.000000,59.500000,2731.716272
19.000000,59.500000,2827.349327
20.000000,59.500000,2924.515459
21.000000,59.500000,3023.214668
12.000000,60.000000,2166.911307
13.000000,60.000000,2261.687969
14.000000,60.000000,2358.375578
15.000000,60.000000,2456.974133
16.000000,60.000000,2557.483634
17.000000,60.000000,2657.653822
18.000000,60.000000,2752.178476
19.000000,60.000000,2848.236520
20.000000,60.000000,2945.827954
21.000000,60.000000,3044.952777
12.000000,60.500000,2185.390117
13.000000,60.500000,2280.736534
14.000000,60.500000,2377.999405
15.000000,60.500000,2477.178730
16.000000,60.500000,2578.274510
17.000000,60.500000,2677.744672
18.000000,60.500000,2772.758006
19.000000,60.500000,2869.307477
20.000000,60.500000,2967.393086
21.000000,60.500000,3067.014832
11.000000,61.000000,2109.951728
12.000000,61.000000,2203.947368
13.000000,61.000000,2299.864970
14.000000,61.000000,2397.704535
15.000000,61.000000,2497.466062
16.000000,61.000000,2599.149552
17.000000,61.000000,2697.911142
18.000000,61.000000,2793.414135
19.000000,61.000000,2890.456004
20.000000,61.000000,2989.036749
21.000000,61.000000,3089.156369
11.000000,61.500000,2128.175156
12.000000,61.500000,2222.666330
13.000000,61.500000,2319.081092
14.000000,61.500000,2417.419443
15.000000,61.500000,2517.681381
16.000000,61.500000,2619.866908
17.000000,61.500000,2717.972894
18.000000,61.500000,2814.088618
19.000000,61.500000,2911.750493
20.000000,61.500000,3010.958521
21.000000,61.500000,3111.712701
11.000000,62.000000,2146.476884
12.000000,62.000000,2241.464415
13.000000,62.000000,2338.377143
14.000000,62.000000,2437.215066
15.000000,62.000000,2537.978185
16.000000,62.000000,2640.666501
17.000000,62.000000,2738.108901
18.000000,62.000000,2834.839246
19.000000,62.000000,2933.123030
20.000000,62.000000,3032.960254
21.000000,62.000000,3134.350917
11.000000,62.500000,2165.170671
12.000000,62.500000,2260.623901
13.000000,62.500000,2358.002839
14.000000,62.500000,2457.307486
15.000000,62.500000,2558.537840
16.000000,62.500000,2661.662362
17.000000,62.500000,2758.621105
18.000000,62.500000,2856.003807
19.000000,62.500000,2954.947593
20.000000,62.500000,3055.452464
11.000000,63.000000,2183.945473
12.000000,63.000000,2279.864899
13.000000,63.000000,2377.710534
14.000000,63.000000,2477.482378
15.000000,63.000000,2579.180431
16.000000,63.000000,2682.741362
17.000000,63.000000,2779.209820
18.000000,63.000000,2877.247014
19.000000,63.000000,2976.852942
20.000000,63.000000,3078.027606
11.000000,63.500000,2203.116220
12.000000,63.500000,2299.504416
13.000000,63.500000,2397.818955
14.000000,63.500000,2498.059840
15.000000,63.500000,2600.227069
16.000000,63.500000,2703.170743
17.000000,63.500000,2800.292384
18.000000,63.500000,2898.990338
19.000000,63.500000,2999.264604
20.000000,63.500000,3101.115184
11.000000,64.000000,2222.370724
12.000000,64.000000,2319.228151
13.000000,64.000000,2418.012044
14.000000,64.000000,2518.722404
15.000000,64.000000,2621.359230
16.000000,64.000000,2723.677565
17.000000,64.000000,2821.454524
18.000000,64.000000,2920.815378
19.000000,64.000000,3021.760127
20.000000,64.000000,3124.288772
11.000000,64.500000,2242.039531
12.000000,64.500000,2339.345923
13.000000,64.500000,2438.577695
14.000000,64.500000,2539.734847
15.000000,64.500000,2642.817379
16.000000,64.500000,2744.639431
17.000000,64.500000,2843.133948
18.000000,64.500000,2943.221505
19.000000,64.500000,3044.902104
20.000000,64.500000,3148.175743
11.000000,65.000000,2261.794982
12.000000,65.000000,2359.550569
13.000000,65.000000,2459.230433
14.000000,65.000000,2560.834574
15.000000,65.000000,2664.362993
16.000000,65.000000,2765.681575
17.000000,65.000000,2864.896216
18.000000,65.000000,2965.713053
19.000000,65.000000,3068.132087
20.000000,65.000000,3172.153318
11.000000,65.500000,2281.934220
12.000000,65.500000,2380.087023
13.000000,65.500000,2480.161125
14.000000,65.500000,2582.156527
15.000000,65.500000,2686.073229
16.000000,65.500000,2787.107532
17.000000,65.500000,2887.102307
18.000000,65.500000,2988.709404
19.000000,65.500000,3091.928823
10.000000,66.000000,2205.531289
11.000000,66.000000,2302.162715
12.000000,66.000000,2400.712456
13.000000,66.000000,2501.180509
14.000000,66.000000,2603.566877
15.000000,66.000000,2707.871558
16.000000,66.000000,2808.616106
17.000000,66.000000,2909.394001
18.000000,66.000000,3011.794348
19.000000,66.000000,3115.817147
10.000000,66.500000,2225.761939
11.000000,66.500000,2322.794108
12.000000,66.500000,2421.741319
13.000000,66.500000,2522.603574
14.000000,66.500000,2625.380871
15.000000,66.500000,2729.988484
16.000000,66.500000,2830.742640
17.000000,66.500000,2932.331997
18.000000,66.500000,3035.554317
19.000000,66.500000,3140.409600
10.000000,67.000000,2246.084950
11.000000,67.000000,2343.517534
12.000000,67.000000,2442.861882
13.000000,67.000000,2544.117993
14.000000,67.000000,2647.285866
15.000000,67.000000,2752.195355
16.000000,67.000000,2852.955838
17.000000,67.000000,2955.359799
18.000000,67.000000,3059.407237
19.000000,67.000000,3165.098151
10.000000,67.500000,2265.398694
11.000000,67.500000,2363.522791
12.000000,67.500000,2463.567381
13.000000,67.500000,2565.532465
14.000000,67.500000,2669.418043
15.000000,67.500000,2774.280414
16.000000,67.500000,2875.861013
17.000000,67.500000,2979.095951
18.000000,67.500000,3083.985230
19.000000,67.500000,3190.528849
10.000000,68.000000,2284.795107
11.000000,68.000000,2383.613068
12.000000,68.000000,2484.360259
13.000000,68.000000,2587.036682
14.000000,68.000000,2691.642336
15.000000,68.000000,2796.453555
16.000000,68.000000,2898.857483
17.000000,68.000000,3002.926624
18.000000,68.000000,3108.660977
19.000000,68.000000,3216.060542
10.000000,68.500000,2304.711860
11.000000,68.500000,2404.337275
12.000000,68.500000,2505.904233
13.000000,68.500000,2609.412734
14.000000,68.500000,2714.862779
15.000000,68.500000,2819.663676
16.000000,68.500000,2922.835305
17.000000,68.500000,3027.680976
18.000000,68.500000,3134.200688
10.000000,69.000000,2324.715040
11.000000,69.000000,2425.151185
12.000000,69.000000,2527.541206
13.000000,69.000000,2631.885104
14.000000,69.000000,2738.182877
15.000000,69.000000,2842.969350
16.000000,69.000000,2946.911400
17.000000,69.000000,3052.536322
18.000000,69.000000,3159.844118
10.000000,69.500000,2345.382793
11.000000,69.500000,2446.633477
12.000000,69.500000,2549.849978
13.000000,69.500000,2655.032296
14.000000,69.500000,2762.180430
15.000000,69.500000,2866.899238
16.000000,69.500000,2971.618053
17.000000,69.500000,3078.028417
18.000000,69.500000,3186.130329
10.000000,70.000000,2366.142007
11.000000,70.000000,2468.210473
12.000000,70.000000,2572.256713
13.000000,70.000000,2678.280727
14.000000,70.000000,2786.282515
15.000000,70.000000,2890.928854
16.000000,70.000000,2996.427144
17.000000,70.000000,3103.625658
18.000000,70.000000,3212.524396
10.000000,70.500000,2387.561072
11.000000,70.500000,2490.453663
12.000000,70.500000,2595.335398
13.000000,70.500000,2702.206277
9.000000,71.000000,2307.357195
10.000000,71.000000,2409.076617
11.000000,71.000000,2512.796561
12.000000,71.000000,2618.517027
13.000000,71.000000,2726.238015
9.000000,71.500000,2328.569738
10.000000,71.500000,2431.098750
11.000000,71.500000,2535.639255
12.000000,71.500000,2642.191252
13.000000,71.500000,2750.754741
9.000000,72.000000,2349.879334
10.000000,72.000000,2453.221053
11.000000,72.000000,2558.585245
12.000000,72.000000,2665.971911
13.000000,72.000000,2775.381050
9.000000,72.500000,2371.776413
10.000000,72.500000,2475.834818
11.000000,72.500000,2581.920736
12.000000,72.500000,2690.034168
13.000000,72.500000,2800.175115
9.000000,73.000000,2393.774987
10.000000,73.000000,2498.552203
11.000000,73.000000,2605.361926
12.000000,73.000000,2714.204157
13.000000,73.000000,2825.078896
9.000000,73.500000,2416.359317
10.000000,73.500000,2521.853121
11.000000,73.500000,2629.383196
12.000000,73.500000,2738.949541
9.000000,74.000000,2439.049545
10.000000,74.000000,2545.261919
11.000000,74.000000,2653.514260
12.000000,74.000000,2763.806568
9.000000,74.500000,2462.412037
10.000000,74.500000,2569.372270
11.000000,74.500000,2678.376133
12.000000,74.500000,2789.423627
9.000000,75.000000,2485.885662
10.000000,75.000000,2593.595874
11.000000,75.000000,2703.353297
12.000000,75.000000,2815.157931
9.000000,75.500000,2509.838048
10.000000,75.500000,2618.391729
11.000000,75.500000,2728.999685
12.000000,75.500000,2841.661916
8.000000,76.000000,2426.566037
9.000000,76.000000,2533.904787
10.000000,76.000000,2643.304809
11.000000,76.000000,2754.766104
12.000000,76.000000,2868.288672
8.000000,76.500000,2449.744914
9.000000,76.500000,2558.130663
10.000000,76.500000,2668.594383
11.000000,76.500000,2781.136074
8.000000,77.000000,2473.033205
9.000000,77.000000,2582.470768
10.000000,77.000000,2694.003026
11.000000,77.000000,2807.629980
8.000000,77.500000,2497.191864
9.000000,77.500000,2607.704055
10.000000,77.500000,2720.327201
11.000000,77.500000,2835.061305
8.000000,78.000000,2521.466954
9.000000,78.000000,2633.058687
10.000000,78.000000,2746.777647
11.000000,78.000000,2862.623836
8.000000,78.500000,2546.628660
9.000000,78.500000,2659.306806
10.000000,78.500000,2774.128159
11.000000,78.500000,2891.092720
8.000000,79.000000,2571.913878
9.000000,79.000000,2685.683328
10.000000,79.000000,2801.611977
11.000000,79.000000,2919.699822
8.000000,79.500000,2598.114365
9.000000,79.500000,2712.997335
10.000000,79.500000,2830.055411
7.000000,80.000000,2510.635209
8.000000,80.000000,2624.445643
9.000000,80.000000,2740.447099
10.000000,80.000000,2858.639578
7.000000,80.500000,2536.635184
8.000000,80.500000,2651.611261
9.000000,80.500000,2768.795057
10.000000,80.500000,2888.186571
7.000000,81.000000,2562.767158
8.000000,81.000000,2678.914284
9.000000,81.000000,2797.285814
10.000000,81.000000,2917.881749
7.000000,81.500000,2589.998211
8.000000,81.500000,2707.431631
9.000000,81.500000,2827.109084
10.000000,81.500000,2949.030570
7.000000,82.000000,2617.370515
8.000000,82.000000,2736.096592
9.000000,82.000000,2857.086333
10.000000,82.000000,2980.339738
7.000000,82.500000,2645.917702
8.000000,82.500000,2765.960328
9.000000,82.500000,2888.285980
7.000000,83.000000,2674.615928
8.000000,83.000000,2795.981511
9.000000,83.000000,2919.649475
7.000000,83.500000,2704.541517
8.000000,83.500000,2827.244633
9.000000,83.500000,2952.268816
6.000000,84.000000,2612.921132
7.000000,84.000000,2734.628388
8.000000,84.000000,2858.675376
9.000000,84.000000,2985.062097
