weight_g,450.000000
thrust_N,velocity_m_s,power_W
15.000000,0.000000,3254.381621
16.000000,0.000000,3484.536123
17.000000,0.000000,3722.491249
18.000000,0.000000,3968.247000
15.000000,0.500000,3255.892442
16.000000,0.500000,3486.246028
17.000000,0.500000,3724.410231
18.000000,0.500000,3970.385054
15.000000,1.000000,3257.403401
16.000000,1.000000,3487.956134
17.000000,1.000000,3726.329487
18.000000,1.000000,3972.523458
15.000000,1.500000,3258.909732
16.000000,1.500000,3489.660870
17.000000,1.500000,3728.242579
18.000000,1.500000,3974.654860
15.000000,2.000000,3260.416206
16.000000,2.000000,3491.365813
17.000000,2.000000,3730.155949
18.000000,2.000000,3976.786614
15.000000,2.500000,3261.918155
16.000000,2.500000,3493.065493
17.000000,2.500000,3732.063270
18.000000,2.500000,3978.911486
15.000000,3.000000,3263.420251
16.000000,3.000000,3494.765383
17.000000,3.000000,3733.970870
18.000000,3.000000,3981.036713
15.000000,3.500000,3264.917922
16.000000,3.500000,3496.460116
17.000000,3.500000,3735.872533
18.000000,3.500000,3983.155175
15.000000,4.000000,3266.415745
16.000000,4.000000,3498.155062
17.000000,4.000000,3737.774478
18.000000,4.000000,3985.273993
15.000000,4.500000,3267.909237
16.000000,4.500000,3499.844950
17.000000,4.500000,3739.670591
18.000000,4.500000,3987.386161
15.000000,5.000000,3269.402884
16.000000,5.000000,3501.535056
17.000000,5.000000,3741.566990
18.000000,5.000000,3989.498686
15.000000,5.500000,3270.954260
16.000000,5.500000,3503.263724
17.000000,5.500000,3743.481502
18.000000,5.500000,3991.607593
15.000000,6.000000,3272.505799
16.000000,6.000000,3504.992617
17.000000,6.000000,3745.396304
18.000000,6.000000,3993.716860
15.000000,6.500000,3274.118167
16.000000,6.500000,3506.743981
17.000000,6.500000,3747.292746
18.000000,6.500000,3995.764461
14.000000,7.000000,3050.894874
15.000000,7.000000,3275.730707
16.000000,7.000000,3508.495575
17.000000,7.000000,3749.189477
18.000000,7.000000,3997.812412
14.000000,7.500000,3052.384605
15.000000,7.500000,3277.341857
16.000000,7.500000,3510.233458
17.000000,7.500000,3751.059410
18.000000,7.500000,3999.819711
14.000000,8.000000,3053.874458
15.000000,8.000000,3278.953182
16.000000,8.000000,3511.971572
17.000000,8.000000,3752.929630
18.000000,8.000000,4001.827353
14.000000,8.500000,3055.373932
15.000000,8.500000,3280.574085
16.000000,8.500000,3513.719192
17.000000,8.500000,3754.809254
18.000000,8.500000,4003.844270
14.000000,9.000000,3056.873533
15.000000,9.000000,3282.195169
16.000000,9.000000,3515.467048
17.000000,9.000000,3756.689170
18.000000,9.000000,4005.861535
14.000000,9.500000,3058.382731
15.000000,9.500000,3283.825805
16.000000,9.500000,3517.224381
17.000000,9.500000,3758.578459
14.000000,10.000000,3059.892062
15.000000,10.000000,3285.456628
16.000000,10.000000,3518.981956
17.000000,10.000000,3760.468046
14.000000,10.500000,3061.410968
15.000000,10.500000,3287.096977
16.000000,10.500000,3520.748978
17.000000,10.500000,3762.366972
14.000000,11.000000,3062.930011
15.000000,11.000000,3288.737517
16.000000,11.000000,3522.516247
17.000000,11.000000,3764.266201
14.000000,11.500000,3064.509427
15.000000,11.500000,3290.426660
16.000000,11.500000,3524.319377
17.000000,11.500000,3766.187576
14.000000,12.000000,3066.089011
15.000000,12.000000,3292.116020
16.000000,12.000000,3526.122771
17.000000,12.000000,3768.109265
14.000000,12.500000,3067.692626
15.000000,12.500000,3293.869625
16.000000,12.500000,3528.033213
17.000000,12.500000,3770.183389
14.000000,13.000000,3069.296418
15.000000,13.000000,3295.623467
16.000000,13.000000,3529.943954
17.000000,13.000000,3772.257878
14.000000,13.500000,3070.931970
15.000000,13.500000,3297.470476
16.000000,13.500000,3532.013241
17.000000,13.500000,3774.560265
14.000000,14.000000,3072.567711
15.000000,14.000000,3299.317751
16.000000,14.000000,3534.082879
17.000000,14.000000,3776.863097
14.000000,14.500000,3074.074016
15.000000,14.500000,3301.065887
16.000000,14.500000,3536.086136
17.000000,14.500000,3779.134765
14.000000,15.000000,3075.580447
15.000000,15.000000,3302.814239
16.000000,15.000000,3538.089711
17.000000,15.000000,3781.406865
14.000000,15.500000,3077.104630
15.000000,15.500000,3304.576049
16.000000,15.500000,3540.102139
17.000000,15.500000,3783.682900
14.000000,16.000000,3078.628946
15.000000,16.000000,3306.338083
16.000000,16.000000,3542.114892
17.000000,16.000000,3785.959374
14.000000,16.500000,3080.226743
15.000000,16.500000,3308.155242
16.000000,16.500000,3544.162983
17.000000,16.500000,3788.249965
14.000000,17.000000,3081.824707
15.000000,17.000000,3309.972655
16.000000,17.000000,3546.211422
17.000000,17.000000,3790.541007
14.000000,17.500000,3083.490751
15.000000,17.500000,3311.838508
16.000000,17.500000,3548.287066
17.000000,17.500000,3792.836425
14.000000,18.000000,3085.156992
15.000000,18.000000,3313.704633
16.000000,18.000000,3550.363062
17.000000,18.000000,3795.132280
14.000000,18.500000,3086.850754
15.000000,18.500000,3315.621539
16.000000,18.500000,3552.514520
17.000000,18.500000,3797.529697
14.000000,19.000000,3088.544720
15.000000,19.000000,3317.538726
16.000000,19.000000,3554.666344
17.000000,19.000000,3799.927574
14.000000,19.500000,3090.295419
15.000000,19.500000,3319.579962
16.000000,19.500000,3557.013891
17.000000,19.500000,3802.597205
14.000000,20.000000,3092.046340
15.000000,20.000000,3321.621522
16.000000,20.000000,3559.361878
17.000000,20.000000,3805.267406
14.000000,20.500000,3093.817140
15.000000,20.500000,3323.678245
16.000000,20.500000,3561.719970
17.000000,20.500000,3807.942316
14.000000,21.000000,3095.588171
15.000000,21.000000,3325.735299
16.000000,21.000000,3564.078510
17.000000,21.000000,3810.617803
14.000000,21.500000,3097.412666
15.000000,21.500000,3327.831638
16.000000,21.500000,3566.461066
17.000000,21.500000,3813.300951
14.000000,22.000000,3099.237419
15.000000,22.000000,3329.928333
16.000000,22.000000,3568.844089
17.000000,22.000000,3815.984686
14.000000,22.500000,3101.169936
15.000000,22.500000,3332.102610
16.000000,22.500000,3571.272158
17.000000,22.500000,3818.678579
14.000000,23.000000,3103.102772
15.000000,23.000000,3334.277291
16.000000,23.000000,3573.700724
17.000000,23.000000,3821.373072
14.000000,23.500000,3105.056248
15.000000,23.500000,3336.465426
16.000000,23.500000,3576.135038
17.000000,23.500000,3824.065084
14.000000,24.000000,3107.010053
15.000000,24.000000,3338.653974
16.000000,24.000000,3578.569856
17.000000,24.000000,3826.757699
14.000000,24.500000,3108.988315
15.000000,24.500000,3340.872070
16.000000,24.500000,3581.039645
17.000000,24.500000,3829.491038
14.000000,25.000000,3110.966918
15.000000,25.000000,3343.090598
16.000000,25.000000,3583.509964
17.000000,25.000000,3832.225016
14.000000,25.500000,3112.985650
15.000000,25.500000,3345.371695
16.000000,25.500000,3586.066801
17.000000,25.500000,3835.070970
14.000000,26.000000,3115.004748
15.000000,26.000000,3347.653265
16.000000,26.000000,3588.624232
17.000000,26.000000,3837.917647
14.000000,26.500000,3117.077922
15.000000,26.500000,3349.972279
16.000000,26.500000,3591.201200
17.000000,26.500000,3840.764683
14.000000,27.000000,3119.151493
15.000000,27.000000,3352.291793
16.000000,27.000000,3593.778778
17.000000,27.000000,3843.612449
14.000000,27.500000,3121.372329
15.000000,27.500000,3354.712029
16.000000,27.500000,3596.406986
13.000000,28.000000,2898.418296
14.000000,28.000000,3123.593645
15.000000,28.000000,3357.132826
16.000000,28.000000,3599.035840
13.000000,28.500000,2900.545896
14.000000,28.500000,3125.888074
15.000000,28.500000,3359.600732
16.000000,28.500000,3601.683872
13.000000,29.000000,2902.673947
14.000000,29.000000,3128.183020
15.000000,29.000000,3362.069225
16.000000,29.000000,3604.332563
13.000000,29.500000,2904.795241
14.000000,29.500000,3130.470000
15.000000,29.500000,3364.528456
16.000000,29.500000,3606.970608
13.000000,30.000000,2906.916992
14.000000,30.000000,3132.757503
15.000000,30.000000,3366.988277
16.000000,30.000000,3609.609314
13.000000,30.500000,2909.043390
14.000000,30.500000,3135.108362
15.000000,30.500000,3369.574276
16.000000,30.500000,3612.441130
13.000000,31.000000,2911.170256
14.000000,31.000000,3137.459785
15.000000,31.000000,3372.160939
16.000000,31.000000,3615.273719
13.000000,31.500000,2913.313695
14.000000,31.500000,3139.878901
15.000000,31.500000,3374.869999
16.000000,31.500000,3618.286989
13.000000,32.000000,2915.457621
14.000000,32.000000,3142.298627
15.000000,32.000000,3377.579805
16.000000,32.000000,3621.301154
13.000000,32.500000,2918.056181
14.000000,32.500000,3145.076331
15.000000,32.500000,3380.542991
16.000000,32.500000,3624.456160
13.000000,33.000000,2920.655474
14.000000,33.000000,3147.854851
15.000000,33.000000,3383.507077
16.000000,33.000000,3627.612153
13.000000,33.500000,2923.317483
14.000000,33.500000,3150.686105
15.000000,33.500000,3386.513014
16.000000,33.500000,3630.798210
13.000000,34.000000,2925.980278
14.000000,34.000000,3153.518218
15.000000,34.000000,3389.519884
16.000000,34.000000,3633.985278
13.000000,34.500000,2928.629020
14.000000,34.500000,3156.345029
15.000000,34.500000,3392.530891
16.000000,34.500000,3637.186605
13.000000,35.000000,2931.278533
14.000000,35.000000,3159.172692
15.000000,35.000000,3395.542832
16.000000,35.000000,3640.388953
13.000000,35.500000,2933.797769
14.000000,35.500000,3161.909292
15.000000,35.500000,3398.506147
16.000000,35.500000,3643.588335
13.000000,36.000000,2936.317665
14.000000,36.000000,3164.646666
15.000000,36.000000,3401.470354
16.000000,36.000000,3646.788732
13.000000,36.500000,2938.908355
14.000000,36.500000,3167.499536
15.000000,36.500000,3404.597779
16.000000,36.500000,3650.203082
13.000000,37.000000,2941.499775
14.000000,37.000000,3170.353286
15.000000,37.000000,3407.726240
16.000000,37.000000,3653.618636
13.000000,37.500000,2944.262585
14.000000,37.500000,3173.372676
15.000000,37.500000,3411.013368
16.000000,37.500000,3657.184661
13.000000,38.000000,2947.026350
14.000000,38.000000,3176.393143
15.000000,38.000000,3414.301702
16.000000,38.000000,3660.752027
13.000000,38.500000,2949.848599
14.000000,38.500000,3179.434248
15.000000,38.500000,3417.569755
16.000000,38.500000,3664.255122
13.000000,39.000000,2952.671882
14.000000,39.000000,3182.476463
15.000000,39.000000,3420.838999
16.000000,39.000000,3667.759490
13.000000,39.500000,2955.506140
14.000000,39.500000,3185.523932
15.000000,39.500000,3424.107361
16.000000,39.500000,3671.256424
13.000000,40.000000,2958.341437
14.000000,40.000000,3188.572516
15.000000,40.000000,3427.376913
16.000000,40.000000,3674.754629
13.000000,40.500000,2961.186761
14.000000,40.500000,3191.625401
15.000000,40.500000,3430.644630
16.000000,40.500000,3678.244449
13.000000,41.000000,2964.033130
14.000000,41.000000,3194.679404
15.000000,41.000000,3433.913539
16.000000,41.000000,3681.735536
13.000000,41.500000,2966.991671
14.000000,41.500000,3197.838613
15.000000,41.500000,3437.279767
16.000000,41.500000,3685.315132
13.000000,42.000000,2969.951390
14.000000,42.000000,3200.999058
15.000000,42.000000,3440.647290
16.000000,42.000000,3688.896084
13.000000,42.500000,2973.084570
14.000000,42.500000,3204.322490
15.000000,42.500000,3444.166169
16.000000,42.500000,3692.615608
13.000000,43.000000,2976.219118
14.000000,43.000000,3207.647345
15.000000,43.000000,3447.686528
16.000000,43.000000,3696.336668
13.000000,43.500000,2979.562913
14.000000,43.500000,3211.144951
15.000000,43.500000,3451.339979
16.000000,43.500000,3700.147995
13.000000,44.000000,2982.908306
14.000000,44.000000,3214.644176
15.000000,44.000000,3454.995067
16.000000,44.000000,3703.960978
13.000000,44.500000,2986.247744
14.000000,44.500000,3218.143029
15.000000,44.500000,3458.655757
12.000000,45.000000,2766.153922
13.000000,45.000000,2989.588777
14.000000,45.000000,3221.643499
15.000000,45.000000,3462.318089
12.000000,45.500000,2769.328111
13.000000,45.500000,2992.925141
14.000000,45.500000,3225.144848
15.000000,45.500000,3465.987231
12.000000,46.000000,2772.503865
13.000000,46.000000,2996.263097
14.000000,46.000000,3228.647815
15.000000,46.000000,3469.658018
12.000000,46.500000,2775.987262
13.000000,46.500000,2999.839952
14.000000,46.500000,3232.314970
15.000000,46.500000,3473.412316
12.000000,47.000000,2779.472544
13.000000,47.000000,3003.418636
14.000000,47.000000,3235.983899
15.000000,47.000000,3477.168333
12.000000,47.500000,2783.169381
13.000000,47.500000,3007.231810
14.000000,47.500000,3239.911447
15.000000,47.500000,3481.208293
12.000000,48.000000,2786.868344
13.000000,48.000000,3011.047074
14.000000,48.000000,3243.841050
15.000000,48.000000,3485.250273
12.000000,48.500000,2790.802950
13.000000,48.500000,3015.116569
14.000000,48.500000,3248.043945
15.000000,48.500000,3489.585078
12.000000,49.000000,2794.740029
13.000000,49.000000,3019.188496
14.000000,49.000000,3252.249229
15.000000,49.000000,3493.922230
12.000000,49.500000,2798.712215
13.000000,49.500000,3023.349886
14.000000,49.500000,3256.602309
15.000000,49.500000,3498.469485
12.000000,50.000000,2802.686904
13.000000,50.000000,3027.513806
14.000000,50.000000,3260.957945
15.000000,50.000000,3503.019321
12.000000,50.500000,2806.682580
13.000000,50.500000,3031.689195
14.000000,50.500000,3265.314830
15.000000,50.500000,3507.559486
12.000000,51.000000,2810.680773
13.000000,51.000000,3035.867118
14.000000,51.000000,3269.674266
15.000000,51.000000,3512.102217
12.000000,51.500000,2814.831297
13.000000,51.500000,3040.153690
14.000000,51.500000,3274.094628
15.000000,51.500000,3516.654111
12.000000,52.000000,2818.984627
13.000000,52.000000,3044.442998
14.000000,52.000000,3278.517655
15.000000,52.000000,3521.208597
12.000000,52.500000,2823.284036
13.000000,52.500000,3048.842216
14.000000,52.500000,3283.010950
15.000000,52.500000,3525.790238
12.000000,53.000000,2827.586529
13.000000,53.000000,3053.244373
14.000000,53.000000,3287.507034
15.000000,53.000000,3530.374513
12.000000,53.500000,2832.101753
13.000000,53.500000,3057.974849
14.000000,53.500000,3292.455067
15.000000,53.500000,3535.542406
12.000000,54.000000,2836.620380
13.000000,54.000000,3062.708738
14.000000,54.000000,3297.406516
15.000000,54.000000,3540.713714
12.000000,54.500000,2841.205814
13.000000,54.500000,3067.523333
14.000000,54.500000,3302.453444
15.000000,54.500000,3545.996147
12.000000,55.000000,2845.794750
13.000000,55.000000,3072.341460
14.000000,55.000000,3307.503929
15.000000,55.000000,3551.282156
12.000000,55.500000,2850.396184
13.000000,55.500000,3077.198741
14.000000,55.500000,3312.622199
15.000000,55.500000,3556.666558
12.000000,56.000000,2855.001134
13.000000,56.000000,3082.059610
14.000000,56.000000,3317.744124
15.000000,56.000000,3562.054678
12.000000,56.500000,2859.884795
13.000000,56.500000,3087.123308
14.000000,56.500000,3322.986513
15.000000,56.500000,3567.474411
12.000000,57.000000,2864.772418
13.000000,57.000000,3092.190904
14.000000,57.000000,3328.232729
15.000000,57.000000,3572.897893
12.000000,57.500000,2870.140540
13.000000,57.500000,3097.595776
14.000000,57.500000,3333.660959
15.000000,57.500000,3578.336089
12.000000,58.000000,2875.513455
13.000000,58.000000,3103.005092
14.000000,58.000000,3339.093286
15.000000,58.000000,3583.778039
12.000000,58.500000,2880.941171
13.000000,58.500000,3108.484385
14.000000,58.500000,3344.611801
12.000000,59.000000,2886.373773
13.000000,59.000000,3113.968238
14.000000,59.000000,3350.134549
12.000000,59.500000,2891.972496
13.000000,59.500000,3119.759449
14.000000,59.500000,3356.116168
12.000000,60.000000,2897.576424
13.000000,60.000000,3125.555793
14.000000,60.000000,3362.102844
12.000000,60.500000,2903.163154
13.000000,60.500000,3131.317338
14.000000,60.500000,3368.035884
11.000000,61.000000,2688.987186
12.000000,61.000000,2908.755041
13.000000,61.000000,3137.083936
14.000000,61.000000,3373.973871
11.000000,61.500000,2694.590191
12.000000,61.500000,2914.482004
13.000000,61.500000,3142.926752
14.000000,61.500000,3379.924435
11.000000,62.000000,2700.198843
12.000000,62.000000,2920.214387
13.000000,62.000000,3148.774760
14.000000,62.000000,3385.879963
11.000000,62.500000,2706.444338
12.000000,62.500000,2926.430328
13.000000,62.500000,3154.939092
14.000000,62.500000,3391.970631
11.000000,63.000000,2712.696907
12.000000,63.000000,2932.652699
13.000000,63.000000,3161.109232
14.000000,63.000000,3398.066504
11.000000,63.500000,2718.943421
12.000000,63.500000,2938.890845
13.000000,63.500000,3167.318748
14.000000,63.500000,3404.227130
11.000000,64.000000,2725.196975
12.000000,64.000000,2945.135437
13.000000,64.000000,3173.534133
14.000000,64.000000,3410.393062
11.000000,64.500000,2731.429299
12.000000,64.500000,2951.411288
13.000000,64.500000,3179.837570
14.000000,64.500000,3416.708145
11.000000,65.000000,2737.668597
12.000000,65.000000,2957.693645
13.000000,65.000000,3186.147055
14.000000,65.000000,3423.028826
11.000000,65.500000,2743.918582
12.000000,65.500000,2964.091182
13.000000,65.500000,3192.684575
14.000000,65.500000,3429.698760
11.000000,66.000000,2750.175552
12.000000,66.000000,2970.495482
13.000000,66.000000,3199.228637
14.000000,66.000000,3436.375017
15.000000,66.000000,3670.969225
16.000000,66.000000,3903.290469
17.000000,66.000000,4142.674599
11.000000,66.500000,2756.518248
12.000000,66.500000,2976.963362
13.000000,66.500000,3205.812198
14.000000,66.500000,3443.064754
15.000000,66.500000,3677.073173
16.000000,66.500000,3909.491801
17.000000,66.500000,4148.967074
11.000000,67.000000,2762.868112
12.000000,67.000000,2983.438128
13.000000,67.000000,3212.402366
14.000000,67.000000,3449.760824
15.000000,67.000000,3683.181971
16.000000,67.000000,3915.697787
17.000000,67.000000,4155.264001
11.000000,67.500000,2770.060531
12.000000,67.500000,2990.525617
13.000000,67.500000,3219.355385
14.000000,67.500000,3456.549835
15.000000,67.500000,3689.286456
16.000000,67.500000,3921.891088
17.000000,67.500000,4161.539440
11.000000,68.000000,2777.262198
12.000000,68.000000,2997.621392
13.000000,68.000000,3226.315775
14.000000,68.000000,3463.345347
15.000000,68.000000,3695.395766
16.000000,68.000000,3928.089007
17.000000,68.000000,4167.819287
11.000000,68.500000,2784.437550
12.000000,68.500000,3004.716184
13.000000,68.500000,3233.302715
14.000000,68.500000,3470.197144
15.000000,68.500000,3701.599827
16.000000,68.500000,3934.355706
17.000000,68.500000,4174.140139
11.000000,69.000000,2791.622055
12.000000,69.000000,3011.819241
13.000000,69.000000,3240.297072
14.000000,69.000000,3477.055549
15.000000,69.000000,3707.808871
16.000000,69.000000,3940.627128
17.000000,69.000000,4180.465453
11.000000,69.500000,2798.792118
12.000000,69.500000,3018.926576
13.000000,69.500000,3247.316053
14.000000,69.500000,3483.960549
15.000000,69.500000,3714.123737
16.000000,69.500000,3947.024462
17.000000,69.500000,4186.937704
11.000000,70.000000,2805.971274
12.000000,70.000000,3026.042169
13.000000,70.000000,3254.342493
14.000000,70.000000,3490.872246
15.000000,70.000000,3720.443760
16.000000,70.000000,3953.426714
17.000000,70.000000,4193.414629
11.000000,70.500000,2813.202888
12.000000,70.500000,3033.327260
13.000000,70.500000,3261.664019
14.000000,70.500000,3498.213167
15.000000,70.500000,3727.160699
16.000000,70.500000,3960.165656
17.000000,70.500000,4200.163933
11.000000,71.000000,2820.443702
12.000000,71.000000,3040.620985
13.000000,71.000000,3268.993628
14.000000,71.000000,3505.561631
15.000000,71.000000,3733.883470
16.000000,71.000000,3966.910069
17.000000,71.000000,4206.918348
11.000000,71.500000,2827.786598
12.000000,71.500000,3048.187055
13.000000,71.500000,3276.778077
14.000000,71.500000,3513.559666
15.000000,71.500000,3741.196510
16.000000,71.500000,3974.213276
17.000000,71.500000,4214.197667
11.000000,72.000000,2835.138927
12.000000,72.000000,3055.762391
13.000000,72.000000,3284.571624
14.000000,72.000000,3521.566626
15.000000,72.000000,3748.516479
16.000000,72.000000,3981.522963
17.000000,72.000000,4221.483027
11.000000,72.500000,2843.131844
12.000000,72.500000,3063.775243
13.000000,72.500000,3292.582128
14.000000,72.500000,3529.293866
15.000000,72.500000,3755.804857
16.000000,72.500000,3988.806840
17.000000,72.500000,4228.748775
11.000000,73.000000,2851.135966
12.000000,73.000000,3071.798505
13.000000,73.000000,3300.602258
14.000000,73.000000,3537.029377
15.000000,73.000000,3763.100087
16.000000,73.000000,3996.097133
17.000000,73.000000,4236.020514
11.000000,73.500000,2859.120561
12.000000,73.500000,3079.791955
13.000000,73.500000,3308.581617
14.000000,73.500000,3544.280834
15.000000,73.500000,3770.365556
16.000000,73.500000,4003.363400
17.000000,73.500000,4243.274369
11.000000,74.000000,2867.116276
12.000000,74.000000,3087.795708
13.000000,74.000000,3316.570475
14.000000,74.000000,3551.539504
15.000000,74.000000,3777.637803
16.000000,74.000000,4010.636024
17.000000,74.000000,4250.534167
11.000000,74.500000,2875.139093
12.000000,74.500000,3095.919491
13.000000,74.500000,3324.779151
14.000000,74.500000,3559.095400
15.000000,74.500000,3785.119342
16.000000,74.500000,4018.024044
17.000000,74.500000,4257.809506
11.000000,75.000000,2883.173070
12.000000,75.000000,3104.053861
13.000000,75.000000,3332.997838
14.000000,75.000000,3566.659125
15.000000,75.000000,3792.608062
16.000000,75.000000,4025.418620
17.000000,75.000000,4265.090798
11.000000,75.500000,2891.221322
12.000000,75.500000,3112.208661
13.000000,75.500000,3341.243601
14.000000,75.500000,3574.257836
15.000000,75.500000,3800.200493
16.000000,75.500000,4032.989954
17.000000,75.500000,4272.626218
10.000000,76.000000,2686.219422
11.000000,76.000000,2899.280739
12.000000,76.000000,3120.374068
13.000000,76.000000,3349.499411
14.000000,76.000000,3581.864435
15.000000,76.000000,3807.800308
16.000000,76.000000,4040.568181
17.000000,76.000000,4280.168054
10.000000,76.500000,2694.162344
11.000000,76.500000,2907.400701
12.000000,76.500000,3128.660161
13.000000,76.500000,3357.940723
14.000000,76.500000,3589.713237
15.000000,76.500000,3815.574256
16.000000,76.500000,4048.247480
17.000000,76.500000,4287.732910
10.000000,77.000000,2702.116964
11.000000,77.000000,2915.531972
12.000000,77.000000,3136.957172
13.000000,77.000000,3366.392563
14.000000,77.000000,3597.570496
15.000000,77.000000,3823.355969
16.000000,77.000000,4055.933874
17.000000,77.000000,4295.304211
10.000000,77.500000,2710.651018
11.000000,77.500000,2924.151658
12.000000,77.500000,3145.642869
13.000000,77.500000,3375.124651
14.000000,77.500000,3605.709490
15.000000,77.500000,3831.573719
16.000000,77.500000,4064.219029
17.000000,77.500000,4303.645421
10.000000,78.000000,2719.198525
11.000000,78.000000,2932.784056
12.000000,78.000000,3154.340546
13.000000,78.000000,3383.867997
14.000000,78.000000,3613.857594
15.000000,78.000000,3839.800168
16.000000,78.000000,4072.512472
17.000000,78.000000,4311.994504
10.000000,78.500000,2727.859276
11.000000,78.500000,2941.493571
12.000000,78.500000,3163.076183
13.000000,78.500000,3392.607113
14.000000,78.500000,3622.011262
15.000000,78.500000,3848.074977
16.000000,78.500000,4080.899664
10.000000,79.000000,2736.533796
11.000000,79.000000,2950.215989
12.000000,79.000000,3171.823872
13.000000,79.000000,3401.357444
14.000000,79.000000,3630.174027
15.000000,79.000000,3856.358565
16.000000,79.000000,4089.295313
10.000000,79.500000,2745.161955
11.000000,79.500000,2958.906151
12.000000,79.500000,3180.554869
13.000000,79.500000,3410.108109
14.000000,79.500000,3638.369591
15.000000,79.500000,3864.658787
16.000000,79.500000,4097.690332
10.000000,80.000000,2753.803691
11.000000,80.000000,2967.609080
12.000000,80.000000,3189.297837
13.000000,80.000000,3418.869963
14.000000,80.000000,3646.574310
15.000000,80.000000,3872.967804
16.000000,80.000000,4106.093784
10.000000,80.500000,2762.576379
11.000000,80.500000,2976.442300
12.000000,80.500000,3198.170358
13.000000,80.500000,3427.760553
14.000000,80.500000,3654.921659
15.000000,80.500000,3881.364380
16.000000,80.500000,4114.525850
10.000000,81.000000,2771.363017
11.000000,81.000000,2985.288639
12.000000,81.000000,3207.055185
13.000000,81.000000,3436.662655
14.000000,81.000000,3663.278488
15.000000,81.000000,3889.769937
16.000000,81.000000,4122.966391
10.000000,81.500000,2780.156156
11.000000,81.500000,2994.126349
12.000000,81.500000,3215.915242
13.000000,81.500000,3445.522833
14.000000,81.500000,3671.645960
15.000000,81.500000,3898.260279
16.000000,81.500000,4131.570653
10.000000,82.000000,2788.963221
11.000000,82.000000,3002.977113
12.000000,82.000000,3224.787500
13.000000,82.000000,3454.394381
14.000000,82.000000,3680.022915
15.000000,82.000000,3906.759779
16.000000,82.000000,4140.183745
10.000000,82.500000,2798.362640
11.000000,82.500000,3012.426205
12.000000,82.500000,3234.263265
13.000000,82.500000,3463.873819
14.000000,82.500000,3688.897309
15.000000,82.500000,3915.600433
16.000000,82.500000,4148.971711
10.000000,83.000000,2807.777863
11.000000,83.000000,3021.890125
12.000000,83.000000,3243.752908
13.000000,83.000000,3473.366210
14.000000,83.000000,3697.782329
15.000000,83.000000,3924.450987
16.000000,83.000000,4157.768863
10.000000,83.500000,2817.475619
11.000000,83.500000,3031.661901
12.000000,83.500000,3253.577056
13.000000,83.500000,3483.221082
14.000000,83.500000,3707.004417
15.000000,83.500000,3933.615159
16.000000,83.500000,4166.854437
10.000000,84.000000,2827.190082
11.000000,84.000000,3041.449434
12.000000,84.000000,3263.416032
13.000000,84.000000,3493.089878
14.000000,84.000000,3716.237930
15.000000,84.000000,3942.789931
16.000000,84.000000,4175.949809
10.000000,84.500000,2836.829714
11.000000,84.500000,3051.181501
12.000000,84.500000,3273.220590
13.000000,84.500000,3502.946982
14.000000,84.500000,3725.563432
15.000000,84.500000,3952.184425
16.000000,84.500000,4185.400268
10.000000,85.000000,2846.485740
11.000000,85.000000,3060.929095
12.000000,85.000000,3283.039826
13.000000,85.000000,3512.817933
14.000000,85.000000,3734.900560
15.000000,85.000000,3961.590019
16.000000,85.000000,4194.861309
10.000000,85.500000,2856.343652
11.000000,85.500000,3070.860226
12.000000,85.500000,3293.022434
13.000000,85.500000,3522.830277
14.000000,85.500000,3744.337033
15.000000,85.500000,3971.046466
16.000000,85.500000,4204.321789
10.000000,86.000000,2866.218594
11.000000,86.000000,3080.807422
12.000000,86.000000,3303.020166
13.000000,86.000000,3532.856826
14.000000,86.000000,3753.785348
15.000000,86.000000,3980.514105
16.000000,86.000000,4213.792821
10.000000,86.500000,2876.206896
11.000000,86.500000,3090.864041
12.000000,86.500000,3313.122857
13.000000,86.500000,3542.744239
14.000000,86.500000,3763.297206
15.000000,86.500000,3990.006562
16.000000,86.500000,4223.247684
10.000000,87.000000,2886.212561
11.000000,87.000000,3100.937027
12.000000,87.000000,3323.240944
13.000000,87.000000,3552.645420
14.000000,87.000000,3772.821033
15.000000,87.000000,3999.510238
16.000000,87.000000,4232.713036
10.000000,87.500000,2896.279345
11.000000,87.500000,3111.033002
12.000000,87.500000,3333.340577
13.000000,87.500000,3562.124479
14.000000,87.500000,3782.392932
15.000000,87.500000,4009.162633
16.000000,87.500000,4242.433582
10.000000,88.000000,2906.363653
11.000000,88.000000,3121.145375
12.000000,88.000000,3343.455506
13.000000,88.000000,3571.616112
14.000000,88.000000,3791.976887
15.000000,88.000000,4018.826573
16.000000,88.000000,4252.165168
10.000000,88.500000,2916.632066
11.000000,88.500000,3131.599271
12.000000,88.500000,3354.080029
13.000000,88.500000,3581.771530
14.000000,88.500000,3802.105590
15.000000,88.500000,4028.907590
16.000000,88.500000,4262.177530
10.000000,89.000000,2926.918586
11.000000,89.000000,3142.070642
12.000000,89.000000,3364.721395
13.000000,89.000000,3591.941337
14.000000,89.000000,3812.247752
15.000000,89.000000,4039.001159
16.000000,89.000000,4272.201556
10.000000,89.500000,2937.242033
11.000000,89.500000,3152.649743
12.000000,89.500000,3375.546516
13.000000,89.500000,3602.316926
14.000000,89.500000,3822.515452
15.000000,89.500000,4049.134886
16.000000,89.500000,4282.175228
10.000000,90.000000,2947.583654
11.000000,90.000000,3163.246621
12.000000,90.000000,3386.389012
13.000000,90.000000,3612.707453
14.000000,90.000000,3832.796912
15.000000,90.000000,4059.281232
16.000000,90.000000,4292.160412
10.000000,90.500000,2958.038033
11.000000,90.500000,3173.924433
12.000000,90.500000,3397.278084
13.000000,90.500000,3623.146952
14.000000,90.500000,3843.359046
15.000000,90.500000,4069.953870
10.000000,91.000000,2968.510918
11.000000,91.000000,3184.620234
12.000000,91.000000,3408.184624
13.000000,91.000000,3633.601485
14.000000,91.000000,3853.935671
15.000000,91.000000,4080.640460
10.000000,91.500000,2979.246145
11.000000,91.500000,3195.514071
12.000000,91.500000,3419.219477
13.000000,91.500000,3644.123868
14.000000,91.500000,3864.562534
15.000000,91.500000,4091.358609
10.000000,92.000000,2990.000746
11.000000,92.000000,3206.426508
12.000000,92.000000,3430.272154
13.000000,92.000000,3654.661435
14.000000,92.000000,3875.203984
15.000000,92.000000,4102.090751
10.000000,92.500000,3000.840207
11.000000,92.500000,3217.375266
12.000000,92.500000,3441.309233
13.000000,92.500000,3665.161711
14.000000,92.500000,3885.815426
15.000000,92.500000,4112.800736
9.000000,93.000000,2802.433819
10.000000,93.000000,3011.699280
11.000000,93.000000,3228.342682
12.000000,93.000000,3452.364024
13.000000,93.000000,3675.677016
14.000000,93.000000,3896.441328
15.000000,93.000000,4123.524616
9.000000,93.500000,2813.281126
10.000000,93.500000,3022.624651
11.000000,93.500000,3239.321417
12.000000,93.500000,3463.371422
13.000000,93.500000,3686.151755
14.000000,93.500000,3907.067227
15.000000,93.500000,4134.291656
9.000000,94.000000,2824.149383
10.000000,94.000000,3033.569803
11.000000,94.000000,3250.318782
12.000000,94.000000,3474.396320
13.000000,94.000000,3696.641362
14.000000,94.000000,3917.707547
15.000000,94.000000,4145.072668
9.000000,94.500000,2834.983683
10.000000,94.500000,3044.695733
11.000000,94.500000,3261.727709
12.000000,94.500000,3486.079610
13.000000,94.500000,3707.833157
14.000000,94.500000,3928.876518
15.000000,94.500000,4156.197221
9.000000,95.000000,2845.838724
10.000000,95.000000,3055.842029
11.000000,95.000000,3273.156624
12.000000,95.000000,3497.782509
13.000000,95.000000,3719.041860
14.000000,95.000000,3940.061365
15.000000,95.000000,4167.336640
9.000000,95.500000,2856.671152
10.000000,95.500000,3066.983438
11.000000,95.500000,3284.599831
12.000000,95.500000,3509.520332
13.000000,95.500000,3730.247767
14.000000,95.500000,3951.218028
15.000000,95.500000,4178.421004
9.000000,96.000000,2867.524156
10.000000,96.000000,3078.145120
11.000000,96.000000,3296.063006
12.000000,96.000000,3521.277814
13.000000,96.000000,3741.470522
14.000000,96.000000,3962.390439
15.000000,96.000000,4189.520041
9.000000,96.500000,2878.988048
10.000000,96.500000,3089.724620
11.000000,96.500000,3307.735580
12.000000,96.500000,3533.020929
13.000000,96.500000,3752.686766
14.000000,96.500000,3973.699256
15.000000,96.500000,4200.907069
9.000000,97.000000,2890.474802
10.000000,97.000000,3101.325857
11.000000,97.000000,3319.428786
12.000000,97.000000,3544.783589
13.000000,97.000000,3763.919788
14.000000,97.000000,3985.024170
15.000000,97.000000,4212.309520
9.000000,97.500000,2901.834822
10.000000,97.500000,3112.867894
11.000000,97.500000,3331.135667
12.000000,97.500000,3556.638143
13.000000,97.500000,3775.323791
14.000000,97.500000,3996.596365
15.000000,97.500000,4224.040057
9.000000,98.000000,2913.217120
10.000000,98.000000,3124.431368
11.000000,98.000000,3342.863155
12.000000,98.000000,3568.512482
13.000000,98.000000,3786.745036
14.000000,98.000000,4008.185326
15.000000,98.000000,4235.786887
9.000000,98.500000,2924.577126
10.000000,98.500000,3135.989658
11.000000,98.500000,3354.604002
12.000000,98.500000,3580.420158
13.000000,98.500000,3798.200938
14.000000,98.500000,4019.799378
15.000000,98.500000,4247.548725
9.000000,99.000000,2935.959237
10.000000,99.000000,3147.569286
11.000000,99.000000,3366.365428
12.000000,99.000000,3592.347662
13.000000,99.000000,3809.674133
14.000000,99.000000,4031.430220
15.000000,99.000000,4259.326851
9.000000,99.500000,2947.385584
10.000000,99.500000,3159.188350
11.000000,99.500000,3378.161065
12.000000,99.500000,3604.303730
13.000000,99.500000,3821.174795
14.000000,99.500000,4043.083653
15.000000,99.500000,4271.122457
9.000000,100.000000,2958.834121
10.000000,100.000000,3170.828820
11.000000,100.000000,3389.977330
12.000000,100.000000,3616.279652
13.000000,100.000000,3832.692778
14.000000,100.000000,4054.753890
15.000000,100.000000,4282.934353
9.000000,100.500000,2970.384611
10.000000,100.500000,3182.659410
11.000000,100.500000,3402.078868
12.000000,100.500000,3628.322431
13.000000,100.500000,3844.582897
14.000000,100.500000,4066.709535
15.000000,100.500000,4294.938416
9.000000,101.000000,2981.957600
10.000000,101.000000,3194.512026
11.000000,101.000000,3414.201963
12.000000,101.000000,3640.385224
13.000000,101.000000,3856.491431
14.000000,101.000000,4078.682776
15.000000,101.000000,4306.959261
9.000000,101.500000,2993.789395
10.000000,101.500000,3206.543858
11.000000,101.500000,3426.418277
12.000000,101.500000,3652.189706
13.000000,101.500000,3868.360075
14.000000,101.500000,4090.597748
15.000000,101.500000,4318.902725
9.000000,102.000000,3005.644610
10.000000,102.000000,3218.598302
11.000000,102.000000,3438.656404
12.000000,102.000000,3664.013295
13.000000,102.000000,3880.246954
14.000000,102.000000,4102.530090
15.000000,102.000000,4330.862705
9.000000,102.500000,3017.575817
10.000000,102.500000,3230.700304
11.000000,102.500000,3450.911363
12.000000,102.500000,3675.807289
13.000000,102.500000,3892.119606
14.000000,102.500000,4114.464892
15.000000,102.500000,4342.843148
9.000000,103.000000,3029.530652
10.000000,103.000000,3242.825011
11.000000,103.000000,3463.188120
12.000000,103.000000,3687.620234
13.000000,103.000000,3904.010392
14.000000,103.000000,4126.417019
15.000000,103.000000,4354.840116
9.000000,103.500000,3041.495919
10.000000,103.500000,3255.030237
11.000000,103.500000,3475.620706
12.000000,103.500000,3699.704780
13.000000,103.500000,3916.336227
14.000000,103.500000,4138.977118
9.000000,104.000000,3053.484761
10.000000,104.000000,3267.258382
11.000000,104.000000,3488.075564
12.000000,104.000000,3711.809093
13.000000,104.000000,3928.681489
14.000000,104.000000,4151.556303
9.000000,104.500000,3065.520269
10.000000,104.500000,3279.548539
11.000000,104.500000,3500.608788
9.000000,105.000000,3077.579442
10.000000,105.000000,3291.861762
11.000000,105.000000,3513.164485
9.000000,105.500000,3089.894162
10.000000,105.500000,3304.376804
11.000000,105.500000,3525.863949
9.000000,106.000000,3102.233462
10.000000,106.000000,3316.915584
11.000000,106.000000,3538.586322
9.000000,106.500000,3114.734794
10.000000,106.500000,3329.690460
11.000000,106.500000,3551.623365
9.000000,107.000000,3127.261253
10.000000,107.000000,3342.489883
11.000000,107.000000,3564.684377
9.000000,107.500000,3139.855670
10.000000,107.500000,3355.316023
11.000000,107.500000,3577.727914
9.000000,108.000000,3152.475386
10.000000,108.000000,3368.166718
11.000000,108.000000,3590.795269
9.000000,108.500000,3165.085688
10.000000,108.500000,3380.993544
11.000000,108.500000,3603.823451
9.000000,109.000000,3177.721152
10.000000,109.000000,3393.844743
11.000000,109.000000,3616.875225
9.000000,109.500000,3190.470999
10.000000,109.500000,3406.927593
11.000000,109.500000,3630.283944
8.000000,110.000000,2993.349744
9.000000,110.000000,3203.246362
10.000000,110.000000,3420.035603
11.000000,110.000000,3643.717465
8.000000,110.500000,3006.005749
9.000000,110.500000,3216.224237
10.000000,110.500000,3433.326407
11.000000,110.500000,3657.312259
8.000000,111.000000,3018.688433
9.000000,111.000000,3229.228331
10.000000,111.000000,3446.642972
11.000000,111.000000,3670.932357
8.000000,111.500000,3031.320532
9.000000,111.500000,3242.214700
10.000000,111.500000,3459.977111
11.000000,111.500000,3684.607763
8.000000,112.000000,3043.978988
9.000000,112.000000,3255.227114
10.000000,112.000000,3473.336980
11.000000,112.000000,3698.308585
8.000000,112.500000,3056.688310
9.000000,112.500000,3268.279252
10.000000,112.500000,3486.724921
11.000000,112.500000,3712.025315
8.000000,113.000000,3069.424097
9.000000,113.000000,3281.357494
10.000000,113.000000,3500.138604
11.000000,113.000000,3725.767425
8.000000,113.500000,3082.185648
9.000000,113.500000,3294.360038
10.000000,113.500000,3513.368791
11.000000,113.500000,3739.211909
8.000000,114.000000,3094.973666
9.000000,114.000000,3307.388285
10.000000,114.000000,3526.623928
11.000000,114.000000,3752.680596
8.000000,114.500000,3107.876881
9.000000,114.500000,3320.509287
10.000000,114.500000,3539.947476
11.000000,114.500000,3766.191447
8.000000,115.000000,3120.806925
9.000000,115.000000,3333.656253
10.000000,115.000000,3553.296134
11.000000,115.000000,3779.726566
8.000000,115.500000,3133.879082
9.000000,115.500000,3347.048350
10.000000,115.500000,3566.999543
8.000000,116.000000,3146.978545
9.000000,116.000000,3360.467277
10.000000,116.000000,3580.729310
8.000000,116.500000,3160.273924
9.000000,116.500000,3374.056364
10.000000,116.500000,3594.601234
8.000000,117.000000,3173.597308
9.000000,117.000000,3387.672850
10.000000,117.000000,3608.499958
8.000000,117.500000,3186.947800
9.000000,117.500000,3401.289771
10.000000,117.500000,3622.370854
8.000000,118.000000,3200.326297
9.000000,118.000000,3414.933986
10.000000,118.000000,3636.268342
8.000000,118.500000,3213.741297
9.000000,118.500000,3428.615308
10.000000,118.500000,3650.203720
8.000000,119.000000,3227.184338
9.000000,119.000000,3442.323965
10.000000,119.000000,3664.165736
8.000000,119.500000,3240.766688
9.000000,119.500000,3456.215290
10.000000,119.500000,3678.356364
8.000000,120.000000,3254.377544
9.000000,120.000000,3470.134572
10.000000,120.000000,3692.574401
8.000000,120.500000,3268.219887
9.000000,120.500000,3484.226887
10.000000,120.500000,3706.902613
8.000000,121.000000,3282.091583
9.000000,121.000000,3498.347738
10.000000,121.000000,3721.258553
8.000000,121.500000,3296.069337
9.000000,121.500000,3512.575216
10.000000,121.500000,3735.721934
8.000000,122.000000,3310.076767
9.000000,122.000000,3526.831540
10.000000,122.000000,3750.213341
8.000000,122.500000,3323.865815
9.000000,122.500000,3540.974489
10.000000,122.500000,3764.703419
8.000000,123.000000,3337.683499
9.000000,123.000000,3555.145713
10.000000,123.000000,3779.221410
8.000000,123.500000,3351.435860
9.000000,123.500000,3569.295035
10.000000,123.500000,3793.763610
8.000000,124.000000,3365.216472
9.000000,124.000000,3583.472437
10.000000,124.000000,3808.333717
8.000000,124.500000,3379.109512
9.000000,124.500000,3597.741002
10.000000,124.500000,3822.972042
8.000000,125.000000,3393.031150
9.000000,125.000000,3612.037900
10.000000,125.000000,3837.638432
8.000000,125.500000,3407.110696
9.000000,125.500000,3626.561359
10.000000,125.500000,3852.604268
8.000000,126.000000,3421.219341
9.000000,126.000000,3641.113906
10.000000,126.000000,3867.599180
8.000000,126.500000,3435.372793
9.000000,126.500000,3655.619756
10.000000,126.500000,3882.449868
8.000000,127.000000,3449.555405
9.000000,127.000000,3670.154394
10.000000,127.000000,3897.328972
8.000000,127.500000,3463.820751
9.000000,127.500000,3684.720239
10.000000,127.500000,3912.184679
7.000000,128.000000,3263.470409
8.000000,128.000000,3478.115493
9.000000,128.000000,3699.314896
10.000000,128.000000,3927.068615
7.000000,128.500000,3277.577437
8.000000,128.500000,3492.524976
9.000000,128.500000,3714.015754
10.000000,128.500000,3942.049771
7.000000,129.000000,3291.714861
8.000000,129.000000,3506.964219
9.000000,129.000000,3728.745740
10.000000,129.000000,3957.059425
7.000000,129.500000,3306.069699
8.000000,129.500000,3521.616260
9.000000,129.500000,3743.683214
10.000000,129.500000,3972.270563
7.000000,130.000000,3320.455745
8.000000,130.000000,3536.298822
9.000000,130.000000,3758.650528
10.000000,130.000000,3987.510863
