weight_g,305.000000
thrust_N,velocity_m_s,power_W
16.000000,0.000000,1275.972907
17.000000,0.000000,1372.874839
18.000000,0.000000,1473.154123
19.000000,0.000000,1576.810759
16.000000,0.500000,1277.838263
17.000000,0.500000,1374.777283
18.000000,0.500000,1475.093279
19.000000,0.500000,1578.786252
16.000000,1.000000,1279.704227
17.000000,1.000000,1376.680380
18.000000,1.000000,1477.033130
19.000000,1.000000,1580.762478
16.000000,1.500000,1281.572431
17.000000,1.500000,1378.585516
18.000000,1.500000,1478.974793
19.000000,1.500000,1582.740263
16.000000,2.000000,1283.441251
17.000000,2.000000,1380.491312
18.000000,2.000000,1480.917157
19.000000,2.000000,1584.718787
16.000000,2.500000,1285.312271
17.000000,2.500000,1382.399105
18.000000,2.500000,1482.861289
19.000000,2.500000,1586.698824
16.000000,3.000000,1287.183915
17.000000,3.000000,1384.307566
18.000000,3.000000,1484.806129
19.000000,3.000000,1588.679605
16.000000,3.500000,1289.057720
17.000000,3.500000,1386.217982
18.000000,3.500000,1486.752693
19.000000,3.500000,1590.661854
16.000000,4.000000,1290.932155
17.000000,4.000000,1388.129072
18.000000,4.000000,1488.699971
19.000000,4.000000,1592.644853
16.000000,4.500000,1292.808711
17.000000,4.500000,1390.042075
18.000000,4.500000,1490.648929
19.000000,4.500000,1594.629274
16.000000,5.000000,1294.685906
17.000000,5.000000,1391.955760
18.000000,5.000000,1492.598608
19.000000,5.000000,1596.614450
16.000000,5.500000,1296.554729
17.000000,5.500000,1393.863984
18.000000,5.500000,1494.545679
19.000000,5.500000,1598.599812
16.000000,6.000000,1298.424241
17.000000,6.000000,1395.772927
18.000000,6.000000,1496.493493
19.000000,6.000000,1600.585940
16.000000,6.500000,1300.372551
17.000000,6.500000,1397.846116
18.000000,6.500000,1498.695906
19.000000,6.500000,1602.921919
15.000000,7.000000,1208.103691
16.000000,7.000000,1302.321649
17.000000,7.000000,1399.920177
18.000000,7.000000,1500.899275
19.000000,7.000000,1605.258943
15.000000,7.500000,1209.920157
16.000000,7.500000,1304.273354
17.000000,7.500000,1402.012381
18.000000,7.500000,1503.137239
19.000000,7.500000,1607.647927
15.000000,8.000000,1211.737333
16.000000,8.000000,1306.225858
17.000000,8.000000,1404.105478
18.000000,8.000000,1505.376193
19.000000,8.000000,1610.038003
15.000000,8.500000,1213.544267
16.000000,8.500000,1308.173936
17.000000,8.500000,1406.200321
18.000000,8.500000,1507.623422
19.000000,8.500000,1612.443240
15.000000,9.000000,1215.351914
16.000000,9.000000,1310.122818
17.000000,9.000000,1408.296065
18.000000,9.000000,1509.871654
19.000000,9.000000,1614.849586
15.000000,9.500000,1217.150744
16.000000,9.500000,1312.068683
17.000000,9.500000,1410.394946
18.000000,9.500000,1512.129533
19.000000,9.500000,1617.272444
15.000000,10.000000,1218.950289
16.000000,10.000000,1314.015358
17.000000,10.000000,1412.494738
18.000000,10.000000,1514.388428
19.000000,10.000000,1619.696428
15.000000,10.500000,1220.834998
16.000000,10.500000,1316.032488
17.000000,10.500000,1414.649160
18.000000,10.500000,1516.685014
19.000000,10.500000,1622.140051
15.000000,11.000000,1222.720495
16.000000,11.000000,1318.050489
17.000000,11.000000,1416.804541
18.000000,11.000000,1518.982651
19.000000,11.000000,1624.584819
15.000000,11.500000,1224.709405
16.000000,11.500000,1320.152540
17.000000,11.500000,1419.022944
18.000000,11.500000,1521.320619
19.000000,11.500000,1627.045563
15.000000,12.000000,1226.699246
16.000000,12.000000,1322.255577
17.000000,12.000000,1421.242392
18.000000,12.000000,1523.659689
19.000000,12.000000,1629.507468
15.000000,12.500000,1228.711915
16.000000,12.500000,1324.359646
17.000000,12.500000,1423.440055
18.000000,12.500000,1525.953142
15.000000,13.000000,1230.725538
16.000000,13.000000,1326.464731
17.000000,13.000000,1425.638799
18.000000,13.000000,1528.247741
15.000000,13.500000,1232.765822
16.000000,13.500000,1328.590628
17.000000,13.500000,1427.852157
18.000000,13.500000,1530.550411
15.000000,14.000000,1234.807081
16.000000,14.000000,1330.717561
17.000000,14.000000,1430.066616
18.000000,14.000000,1532.854246
15.000000,14.500000,1236.873244
16.000000,14.500000,1332.860402
17.000000,14.500000,1432.287407
18.000000,14.500000,1535.154260
15.000000,15.000000,1238.940399
16.000000,15.000000,1335.004293
17.000000,15.000000,1434.509307
18.000000,15.000000,1537.455440
15.000000,15.500000,1241.019469
16.000000,15.500000,1337.153940
17.000000,15.500000,1436.730362
18.000000,15.500000,1539.748735
15.000000,16.000000,1243.099555
16.000000,16.000000,1339.304654
17.000000,16.000000,1438.952534
18.000000,16.000000,1542.043196
15.000000,16.500000,1245.149403
16.000000,16.500000,1341.429662
17.000000,16.500000,1441.153403
18.000000,16.500000,1544.320625
15.000000,17.000000,1247.200354
16.000000,17.000000,1343.555797
17.000000,17.000000,1443.355422
18.000000,17.000000,1546.599229
15.000000,17.500000,1249.270408
16.000000,17.500000,1345.692903
17.000000,17.500000,1445.559721
18.000000,17.500000,1548.870862
15.000000,18.000000,1251.341587
16.000000,18.000000,1347.831151
17.000000,18.000000,1447.765178
18.000000,18.000000,1551.143668
15.000000,18.500000,1253.467709
16.000000,18.500000,1350.126198
17.000000,18.500000,1450.235724
18.000000,18.500000,1553.796288
15.000000,19.000000,1255.595025
16.000000,19.000000,1352.422565
17.000000,19.000000,1452.707722
18.000000,19.000000,1556.450496
15.000000,19.500000,1257.728541
16.000000,19.500000,1354.741645
17.000000,19.500000,1455.219875
18.000000,19.500000,1559.163232
15.000000,20.000000,1259.863260
16.000000,20.000000,1357.062064
17.000000,20.000000,1457.733510
18.000000,20.000000,1561.877599
15.000000,20.500000,1261.997361
16.000000,20.500000,1359.386478
17.000000,20.500000,1460.255938
18.000000,20.500000,1564.605741
15.000000,21.000000,1264.132664
16.000000,21.000000,1361.712228
17.000000,21.000000,1462.779841
18.000000,21.000000,1567.335504
15.000000,21.500000,1266.577152
16.000000,21.500000,1364.262021
17.000000,21.500000,1465.436647
18.000000,21.500000,1570.101029
15.000000,22.000000,1269.023175
16.000000,22.000000,1366.813392
17.000000,22.000000,1468.095073
18.000000,22.000000,1572.868218
15.000000,22.500000,1271.503010
16.000000,22.500000,1369.384541
17.000000,22.500000,1470.758511
18.000000,22.500000,1575.624921
14.000000,23.000000,1179.504899
15.000000,23.000000,1273.984370
16.000000,23.000000,1371.957257
17.000000,23.000000,1473.423559
18.000000,23.000000,1578.383277
14.000000,23.500000,1181.875673
15.000000,23.500000,1276.459488
16.000000,23.500000,1374.538648
17.000000,23.500000,1476.113153
18.000000,23.500000,1581.183003
14.000000,24.000000,1184.247917
15.000000,24.000000,1278.936134
16.000000,24.000000,1377.121628
17.000000,24.000000,1478.804396
18.000000,24.000000,1583.984440
14.000000,24.500000,1186.603272
15.000000,24.500000,1281.401148
16.000000,24.500000,1379.699013
17.000000,24.500000,1481.496867
18.000000,24.500000,1586.794710
14.000000,25.000000,1188.960098
15.000000,25.000000,1283.867729
16.000000,25.000000,1382.278063
17.000000,25.000000,1484.191100
18.000000,25.000000,1589.606838
14.000000,25.500000,1191.317379
15.000000,25.500000,1286.340714
16.000000,25.500000,1384.869790
17.000000,25.500000,1486.904608
18.000000,25.500000,1592.445166
14.000000,26.000000,1193.676157
15.000000,26.000000,1288.815296
16.000000,26.000000,1387.463214
17.000000,26.000000,1489.619913
18.000000,26.000000,1595.285392
14.000000,26.500000,1196.033071
15.000000,26.500000,1291.296154
16.000000,26.500000,1390.071119
17.000000,26.500000,1492.357964
18.000000,26.500000,1598.156691
14.000000,27.000000,1198.391606
15.000000,27.000000,1293.778710
16.000000,27.000000,1392.680798
17.000000,27.000000,1495.097870
18.000000,27.000000,1601.029926
14.000000,27.500000,1200.741285
15.000000,27.500000,1296.262528
16.000000,27.500000,1395.302196
17.000000,27.500000,1497.860287
14.000000,28.000000,1203.092653
15.000000,28.000000,1298.748105
16.000000,28.000000,1397.925421
17.000000,28.000000,1500.624602
14.000000,28.500000,1205.454778
15.000000,28.500000,1301.250265
16.000000,28.500000,1400.571404
17.000000,28.500000,1503.418195
14.000000,29.000000,1207.818603
15.000000,29.000000,1303.754200
16.000000,29.000000,1403.219237
17.000000,29.000000,1506.213717
14.000000,29.500000,1210.192497
15.000000,29.500000,1306.270647
16.000000,29.500000,1405.882347
17.000000,29.500000,1509.027596
14.000000,30.000000,1212.568106
15.000000,30.000000,1308.788900
16.000000,30.000000,1408.547355
17.000000,30.000000,1511.843469
14.000000,30.500000,1215.018172
15.000000,30.500000,1311.450025
16.000000,30.500000,1411.428086
17.000000,30.500000,1514.952356
14.000000,31.000000,1217.470069
15.000000,31.000000,1314.113169
16.000000,31.000000,1414.311037
17.000000,31.000000,1518.063672
14.000000,31.500000,1220.032575
15.000000,31.500000,1316.867353
16.000000,31.500000,1417.263760
17.000000,31.500000,1521.221795
14.000000,32.000000,1222.597108
15.000000,32.000000,1319.623720
16.000000,32.000000,1420.218827
17.000000,32.000000,1524.382429
14.000000,32.500000,1225.282974
15.000000,32.500000,1322.469967
16.000000,32.500000,1423.229769
17.000000,32.500000,1527.562379
14.000000,33.000000,1227.971095
15.000000,33.000000,1325.318566
16.000000,33.000000,1426.243160
17.000000,33.000000,1530.744879
14.000000,33.500000,1230.666150
15.000000,33.500000,1328.170104
16.000000,33.500000,1429.255242
17.000000,33.500000,1533.921563
14.000000,34.000000,1233.363465
15.000000,34.000000,1331.023995
16.000000,34.000000,1432.269769
17.000000,34.000000,1537.100787
14.000000,34.500000,1236.066881
15.000000,34.500000,1333.880018
16.000000,34.500000,1435.282206
17.000000,34.500000,1540.273446
14.000000,35.000000,1238.772563
15.000000,35.000000,1336.738393
16.000000,35.000000,1438.297084
17.000000,35.000000,1543.448635
14.000000,35.500000,1241.547604
15.000000,35.500000,1339.700938
16.000000,35.500000,1441.453308
17.000000,35.500000,1546.804713
14.000000,36.000000,1244.325043
15.000000,36.000000,1342.666038
16.000000,36.000000,1444.612249
17.000000,36.000000,1550.163676
14.000000,36.500000,1247.218794
15.000000,36.500000,1345.724925
16.000000,36.500000,1447.840763
17.000000,36.500000,1553.566307
13.000000,37.000000,1155.058000
14.000000,37.000000,1250.115192
15.000000,37.000000,1348.786586
16.000000,37.000000,1451.072180
17.000000,37.000000,1556.971975
13.000000,37.500000,1157.933110
14.000000,37.500000,1253.125084
15.000000,37.500000,1351.933443
16.000000,37.500000,1454.358186
17.000000,37.500000,1560.399315
13.000000,38.000000,1160.811040
14.000000,38.000000,1256.137860
15.000000,38.000000,1355.083248
16.000000,38.000000,1457.647206
17.000000,38.000000,1563.829734
13.000000,38.500000,1163.702123
14.000000,38.500000,1259.162942
15.000000,38.500000,1358.244420
16.000000,38.500000,1460.946557
17.000000,38.500000,1567.269354
13.000000,39.000000,1166.596047
14.000000,39.000000,1262.190927
15.000000,39.000000,1361.408556
16.000000,39.000000,1464.248935
17.000000,39.000000,1570.712063
13.000000,39.500000,1169.495487
14.000000,39.500000,1265.225195
15.000000,39.500000,1364.579790
16.000000,39.500000,1467.559272
17.000000,39.500000,1574.163641
13.000000,40.000000,1172.397773
14.000000,40.000000,1268.262372
15.000000,40.000000,1367.753995
16.000000,40.000000,1470.872644
17.000000,40.000000,1577.618319
13.000000,40.500000,1175.310597
14.000000,40.500000,1271.319827
15.000000,40.500000,1370.958848
16.000000,40.500000,1474.227660
13.000000,41.000000,1178.226300
14.000000,41.000000,1274.380240
15.000000,41.000000,1374.166738
16.000000,41.000000,1477.585793
13.000000,41.500000,1181.189092
14.000000,41.500000,1277.541447
15.000000,41.500000,1377.532311
16.000000,41.500000,1481.161684
13.000000,42.000000,1184.155019
14.000000,42.000000,1280.705947
15.000000,42.000000,1380.901339
16.000000,42.000000,1484.741194
13.000000,42.500000,1187.194245
14.000000,42.500000,1283.950764
15.000000,42.500000,1384.357961
16.000000,42.500000,1488.415836
13.000000,43.000000,1190.236774
14.000000,43.000000,1287.199054
15.000000,43.000000,1387.818228
16.000000,43.000000,1492.094297
13.000000,43.500000,1193.312312
14.000000,43.500000,1290.479814
15.000000,43.500000,1391.310244
16.000000,43.500000,1495.803600
13.000000,44.000000,1196.391225
14.000000,44.000000,1293.764113
15.000000,44.000000,1394.805964
16.000000,44.000000,1499.516777
13.000000,44.500000,1199.474358
14.000000,44.500000,1297.057128
15.000000,44.500000,1398.315167
16.000000,44.500000,1503.248475
13.000000,45.000000,1202.560871
14.000000,45.000000,1300.353693
15.000000,45.000000,1401.828093
16.000000,45.000000,1506.984072
13.000000,45.500000,1205.652819
14.000000,45.500000,1303.660204
15.000000,45.500000,1405.355746
16.000000,45.500000,1510.739445
13.000000,46.000000,1208.748152
14.000000,46.000000,1306.970277
15.000000,46.000000,1408.887141
16.000000,46.000000,1514.498743
13.000000,46.500000,1211.875132
14.000000,46.500000,1310.291684
15.000000,46.500000,1412.407515
16.000000,46.500000,1518.222628
13.000000,47.000000,1215.005732
14.000000,47.000000,1313.616825
15.000000,47.000000,1415.931738
16.000000,47.000000,1521.950470
13.000000,47.500000,1218.108101
14.000000,47.500000,1316.881581
15.000000,47.500000,1419.361901
16.000000,47.500000,1525.549061
13.000000,48.000000,1221.214073
14.000000,48.000000,1320.150029
15.000000,48.000000,1422.795846
16.000000,48.000000,1529.151523
17.000000,48.000000,1635.080238
18.000000,48.000000,1742.198987
19.000000,48.000000,1852.550458
13.000000,48.500000,1224.311818
14.000000,48.500000,1323.414036
15.000000,48.500000,1426.229267
16.000000,48.500000,1532.757509
17.000000,48.500000,1638.616523
18.000000,48.500000,1745.886278
19.000000,48.500000,1856.390367
13.000000,49.000000,1227.413168
14.000000,49.000000,1326.681740
15.000000,49.000000,1429.666475
16.000000,49.000000,1536.367375
17.000000,49.000000,1642.156089
18.000000,49.000000,1749.576872
19.000000,49.000000,1860.233597
13.000000,49.500000,1230.520288
14.000000,49.500000,1329.952382
15.000000,49.500000,1433.103538
16.000000,49.500000,1539.973756
17.000000,49.500000,1645.694627
18.000000,49.500000,1753.272634
19.000000,49.500000,1864.088630
13.000000,50.000000,1233.631015
14.000000,50.000000,1333.226712
15.000000,50.000000,1436.544370
16.000000,50.000000,1543.583989
17.000000,50.000000,1649.236420
18.000000,50.000000,1756.971688
19.000000,50.000000,1867.946990
13.000000,50.500000,1236.751718
14.000000,50.500000,1336.513066
15.000000,50.500000,1439.999362
16.000000,50.500000,1547.210607
17.000000,50.500000,1652.796774
18.000000,50.500000,1760.693425
19.000000,50.500000,1871.832491
12.000000,51.000000,1143.676890
13.000000,51.000000,1239.876037
14.000000,51.000000,1339.803119
15.000000,51.000000,1443.458137
16.000000,51.000000,1550.841090
17.000000,51.000000,1656.360399
18.000000,51.000000,1764.418483
19.000000,51.000000,1875.721362
12.000000,51.500000,1146.918634
13.000000,51.500000,1243.225317
14.000000,51.500000,1343.257904
15.000000,51.500000,1447.016394
16.000000,51.500000,1554.500787
17.000000,51.500000,1659.993283
18.000000,51.500000,1768.262110
19.000000,51.500000,1879.781560
12.000000,52.000000,1150.164611
13.000000,52.000000,1246.578754
14.000000,52.000000,1346.716767
15.000000,52.000000,1450.578650
16.000000,52.000000,1558.164403
17.000000,52.000000,1663.629601
18.000000,52.000000,1772.109357
19.000000,52.000000,1883.845569
12.000000,52.500000,1153.470929
13.000000,52.500000,1250.060148
14.000000,52.500000,1350.375823
15.000000,52.500000,1454.417954
16.000000,52.500000,1562.062206
17.000000,52.500000,1667.527856
18.000000,52.500000,1776.129378
19.000000,52.500000,1887.987914
12.000000,53.000000,1156.781623
13.000000,53.000000,1253.545993
14.000000,53.000000,1354.039402
15.000000,53.000000,1458.261849
16.000000,53.000000,1565.964270
17.000000,53.000000,1671.430009
18.000000,53.000000,1780.153320
19.000000,53.000000,1892.134202
12.000000,53.500000,1160.165060
13.000000,53.500000,1257.178939
14.000000,53.500000,1357.929491
15.000000,53.500000,1462.416714
16.000000,53.500000,1570.087780
17.000000,53.500000,1675.585092
18.000000,53.500000,1784.334953
19.000000,53.500000,1896.337362
12.000000,54.000000,1163.553048
13.000000,54.000000,1260.816685
14.000000,54.000000,1361.824629
15.000000,54.000000,1466.576882
16.000000,54.000000,1574.215831
17.000000,54.000000,1679.744545
18.000000,54.000000,1788.520788
19.000000,54.000000,1900.544559
12.000000,54.500000,1166.960216
13.000000,54.500000,1264.471650
14.000000,54.500000,1365.734851
15.000000,54.500000,1470.749821
16.000000,54.500000,1578.316322
17.000000,54.500000,1683.880428
18.000000,54.500000,1792.687299
19.000000,54.500000,1904.736934
12.000000,55.000000,1170.371965
13.000000,55.000000,1268.131439
14.000000,55.000000,1369.650142
15.000000,55.000000,1474.928076
16.000000,55.000000,1582.421296
17.000000,55.000000,1688.020633
18.000000,55.000000,1796.857972
19.000000,55.000000,1908.933314
12.000000,55.500000,1173.802364
13.000000,55.500000,1271.807911
14.000000,55.500000,1373.579976
15.000000,55.500000,1479.118561
16.000000,55.500000,1586.502307
17.000000,55.500000,1692.146994
18.000000,55.500000,1801.025543
19.000000,55.500000,1913.137956
12.000000,56.000000,1177.237372
13.000000,56.000000,1275.489229
14.000000,56.000000,1377.514896
15.000000,56.000000,1483.314372
16.000000,56.000000,1590.587751
17.000000,56.000000,1696.277648
18.000000,56.000000,1805.197270
19.000000,56.000000,1917.346616
12.000000,56.500000,1180.758334
13.000000,56.500000,1279.241103
14.000000,56.500000,1381.502876
15.000000,56.500000,1487.543653
16.000000,56.500000,1594.668400
17.000000,56.500000,1700.426468
18.000000,56.500000,1809.411402
19.000000,56.500000,1921.623201
12.000000,57.000000,1184.284241
13.000000,57.000000,1282.998092
14.000000,57.000000,1385.496133
15.000000,57.000000,1491.778364
16.000000,57.000000,1598.753492
17.000000,57.000000,1704.579635
18.000000,57.000000,1813.629785
19.000000,57.000000,1925.903943
12.000000,57.500000,1187.849607
13.000000,57.500000,1286.791121
14.000000,57.500000,1389.521509
15.000000,57.500000,1496.040770
16.000000,57.500000,1602.872993
17.000000,57.500000,1708.841621
18.000000,57.500000,1818.035634
19.000000,57.500000,1930.455035
12.000000,58.000000,1191.420039
13.000000,58.000000,1290.589372
14.000000,58.000000,1393.552253
15.000000,58.000000,1500.308682
16.000000,58.000000,1606.997045
17.000000,58.000000,1713.108216
18.000000,58.000000,1822.446152
19.000000,58.000000,1935.010853
12.000000,58.500000,1195.019002
13.000000,58.500000,1294.395871
14.000000,58.500000,1397.570197
15.000000,58.500000,1504.541979
16.000000,58.500000,1611.111818
17.000000,58.500000,1717.417393
18.000000,58.500000,1826.953142
19.000000,58.500000,1939.719067
12.000000,59.000000,1198.623107
13.000000,59.000000,1298.207652
14.000000,59.000000,1401.593559
15.000000,59.000000,1508.780827
16.000000,59.000000,1615.231305
17.000000,59.000000,1721.731400
18.000000,59.000000,1831.465079
19.000000,59.000000,1944.432342
12.000000,59.500000,1202.241837
13.000000,59.500000,1302.024758
14.000000,59.500000,1405.612663
15.000000,59.500000,1513.005554
16.000000,59.500000,1619.346897
17.000000,59.500000,1726.048635
18.000000,59.500000,1835.987214
12.000000,60.000000,1205.865744
13.000000,60.000000,1305.847172
14.000000,60.000000,1409.637209
15.000000,60.000000,1517.235853
16.000000,60.000000,1623.467264
17.000000,60.000000,1730.370751
18.000000,60.000000,1840.514329
12.000000,60.500000,1209.502539
13.000000,60.500000,1309.682837
14.000000,60.500000,1413.675360
15.000000,60.500000,1521.480108
16.000000,60.500000,1627.603393
17.000000,60.500000,1734.709397
18.000000,60.500000,1845.058757
12.000000,61.000000,1213.144529
13.000000,61.000000,1313.523827
14.000000,61.000000,1417.718969
15.000000,61.000000,1525.729953
16.000000,61.000000,1631.744311
17.000000,61.000000,1739.052937
18.000000,61.000000,1849.608179
12.000000,61.500000,1216.995171
13.000000,61.500000,1317.517411
14.000000,61.500000,1421.854339
15.000000,61.500000,1530.005954
16.000000,61.500000,1635.900996
17.000000,61.500000,1743.412882
18.000000,61.500000,1854.174671
12.000000,62.000000,1220.851600
13.000000,62.000000,1321.516735
14.000000,62.000000,1425.995400
15.000000,62.000000,1534.287594
16.000000,62.000000,1640.062485
17.000000,62.000000,1747.777736
18.000000,62.000000,1858.746173
12.000000,62.500000,1224.835073
13.000000,62.500000,1325.634204
14.000000,62.500000,1430.244704
15.000000,62.500000,1538.666572
16.000000,62.500000,1644.304526
17.000000,62.500000,1752.197645
18.000000,62.500000,1863.346038
12.000000,63.000000,1228.824697
13.000000,63.000000,1329.757735
14.000000,63.000000,1434.499979
15.000000,63.000000,1543.051430
16.000000,63.000000,1648.551562
17.000000,63.000000,1756.622618
18.000000,63.000000,1867.951035
12.000000,63.500000,1232.822747
13.000000,63.500000,1333.897797
14.000000,63.500000,1438.780418
15.000000,63.500000,1547.470611
16.000000,63.500000,1652.833057
17.000000,63.500000,1761.073236
18.000000,63.500000,1872.572601
11.000000,64.000000,1139.415902
12.000000,64.000000,1236.826960
13.000000,64.000000,1338.043953
14.000000,64.000000,1443.066881
15.000000,64.000000,1551.895745
16.000000,64.000000,1657.119628
17.000000,64.000000,1765.528994
18.000000,64.000000,1877.199372
11.000000,64.500000,1143.285596
12.000000,64.500000,1240.912963
13.000000,64.500000,1342.350103
14.000000,64.500000,1447.597015
15.000000,64.500000,1556.359194
16.000000,64.500000,1661.633959
17.000000,64.500000,1770.129117
18.000000,64.500000,1881.882495
11.000000,65.000000,1147.161536
12.000000,65.000000,1245.005368
13.000000,65.000000,1346.662810
14.000000,65.000000,1452.133861
15.000000,65.000000,1560.828545
16.000000,65.000000,1666.153954
17.000000,65.000000,1774.734791
18.000000,65.000000,1886.571055
11.000000,65.500000,1151.056557
12.000000,65.500000,1249.135310
13.000000,65.500000,1351.032867
14.000000,65.500000,1456.749229
15.000000,65.500000,1565.327046
16.000000,65.500000,1670.721773
17.000000,65.500000,1779.367861
18.000000,65.500000,1891.265311
11.000000,66.000000,1154.957858
12.000000,66.000000,1253.271744
13.000000,66.000000,1355.409630
14.000000,66.000000,1461.371516
15.000000,66.000000,1569.831492
16.000000,66.000000,1675.295366
17.000000,66.000000,1784.006537
18.000000,66.000000,1895.965007
11.000000,66.500000,1158.818127
12.000000,66.500000,1257.383552
13.000000,66.500000,1359.778373
14.000000,66.500000,1466.002590
15.000000,66.500000,1574.328088
16.000000,66.500000,1679.860963
17.000000,66.500000,1788.637102
18.000000,66.500000,1900.656505
11.000000,67.000000,1162.684659
12.000000,67.000000,1261.501859
13.000000,67.000000,1364.153845
14.000000,67.000000,1470.640617
15.000000,67.000000,1578.830594
16.000000,67.000000,1684.432302
17.000000,67.000000,1793.273241
18.000000,67.000000,1905.353411
11.000000,67.500000,1166.520935
12.000000,67.500000,1265.603379
13.000000,67.500000,1368.526181
14.000000,67.500000,1475.289342
15.000000,67.500000,1583.322488
16.000000,67.500000,1688.993765
17.000000,67.500000,1797.900253
18.000000,67.500000,1910.041952
11.000000,68.000000,1170.363432
12.000000,68.000000,1269.711393
13.000000,68.000000,1372.905264
14.000000,68.000000,1479.945048
15.000000,68.000000,1587.820262
16.000000,68.000000,1693.560939
17.000000,68.000000,1802.532809
18.000000,68.000000,1914.735872
11.000000,68.500000,1174.228059
12.000000,68.500000,1273.834412
13.000000,68.500000,1377.292041
14.000000,68.500000,1484.600944
15.000000,68.500000,1592.312734
16.000000,68.500000,1698.176745
17.000000,68.500000,1807.270697
18.000000,68.500000,1919.594591
11.000000,69.000000,1178.098951
12.000000,69.000000,1277.963955
13.000000,69.000000,1381.685585
14.000000,69.000000,1489.263842
15.000000,69.000000,1596.811132
16.000000,69.000000,1702.798422
17.000000,69.000000,1812.014401
18.000000,69.000000,1924.459070
11.000000,69.500000,1182.009432
12.000000,69.500000,1282.129429
13.000000,69.500000,1386.110900
14.000000,69.500000,1493.953846
15.000000,69.500000,1601.316584
16.000000,69.500000,1707.436825
17.000000,69.500000,1816.785071
18.000000,69.500000,1929.361323
11.000000,70.000000,1185.926285
12.000000,70.000000,1286.301514
13.000000,70.000000,1390.543051
14.000000,70.000000,1498.650898
15.000000,70.000000,1605.827964
16.000000,70.000000,1712.081125
17.000000,70.000000,1821.561607
18.000000,70.000000,1934.269411
11.000000,70.500000,1189.864122
12.000000,70.500000,1290.485459
13.000000,70.500000,1394.978395
14.000000,70.500000,1503.342933
15.000000,70.500000,1610.394723
16.000000,70.500000,1716.880982
17.000000,70.500000,1826.598366
18.000000,70.500000,1939.546875
11.000000,71.000000,1193.808384
12.000000,71.000000,1294.676072
13.000000,71.000000,1399.420650
14.000000,71.000000,1508.042120
15.000000,71.000000,1614.967711
16.000000,71.000000,1721.687243
17.000000,71.000000,1831.641698
18.000000,71.000000,1944.831074
11.000000,71.500000,1197.833967
12.000000,71.500000,1298.932744
13.000000,71.500000,1403.911934
14.000000,71.500000,1512.771538
15.000000,71.500000,1619.570852
16.000000,71.500000,1726.534716
17.000000,71.500000,1836.737836
11.000000,72.000000,1201.866240
12.000000,72.000000,1303.196290
13.000000,72.000000,1408.410270
14.000000,72.000000,1517.508180
15.000000,72.000000,1624.180283
16.000000,72.000000,1731.388678
17.000000,72.000000,1841.840657
11.000000,72.500000,1205.990276
12.000000,72.500000,1307.532473
13.000000,72.500000,1412.959885
14.000000,72.500000,1522.272511
15.000000,72.500000,1628.814798
16.000000,72.500000,1736.267988
17.000000,72.500000,1846.969051
11.000000,73.000000,1210.121307
12.000000,73.000000,1311.875758
13.000000,73.000000,1417.516697
14.000000,73.000000,1527.044123
15.000000,73.000000,1633.455641
16.000000,73.000000,1741.153824
17.000000,73.000000,1852.104161
11.000000,73.500000,1214.270755
12.000000,73.500000,1316.245806
13.000000,73.500000,1422.109365
14.000000,73.500000,1531.861432
15.000000,73.500000,1638.144193
16.000000,73.500000,1746.079820
17.000000,73.500000,1857.271213
11.000000,74.000000,1218.427229
12.000000,74.000000,1320.623014
13.000000,74.000000,1426.709317
14.000000,74.000000,1536.686139
15.000000,74.000000,1642.839185
16.000000,74.000000,1751.012426
17.000000,74.000000,1862.445036
11.000000,74.500000,1222.647105
12.000000,74.500000,1325.059653
13.000000,74.500000,1431.364142
14.000000,74.500000,1541.560571
15.000000,74.500000,1647.581375
16.000000,74.500000,1755.985864
17.000000,74.500000,1867.653152
11.000000,75.000000,1226.874203
12.000000,75.000000,1329.503628
13.000000,75.000000,1436.026405
14.000000,75.000000,1546.442533
15.000000,75.000000,1652.330131
16.000000,75.000000,1760.966032
17.000000,75.000000,1872.868159
11.000000,75.500000,1231.135167
12.000000,75.500000,1333.983567
13.000000,75.500000,1440.726834
14.000000,75.500000,1551.265721
15.000000,75.500000,1657.118055
16.000000,75.500000,1765.980448
17.000000,75.500000,1878.112266
11.000000,76.000000,1235.403439
12.000000,76.000000,1338.470933
13.000000,76.000000,1445.434797
14.000000,76.000000,1556.096218
15.000000,76.000000,1661.912641
16.000000,76.000000,1771.001682
17.000000,76.000000,1883.363341
11.000000,76.500000,1239.763982
12.000000,76.500000,1343.083310
13.000000,76.500000,1450.303020
14.000000,76.500000,1560.853757
15.000000,76.500000,1666.829013
16.000000,76.500000,1776.075853
17.000000,76.500000,1888.594277
11.000000,77.000000,1244.132141
12.000000,77.000000,1347.703530
13.000000,77.000000,1455.179309
14.000000,77.000000,1565.618380
15.000000,77.000000,1671.752444
16.000000,77.000000,1781.157053
17.000000,77.000000,1893.832208
11.000000,77.500000,1248.588545
12.000000,77.500000,1352.392402
13.000000,77.500000,1460.102418
14.000000,77.500000,1570.392495
15.000000,77.500000,1676.664892
16.000000,77.500000,1786.206277
17.000000,77.500000,1899.016652
10.000000,78.000000,1152.924309
11.000000,78.000000,1253.052862
12.000000,78.000000,1357.089332
13.000000,78.000000,1465.033720
14.000000,78.000000,1575.173699
15.000000,78.000000,1681.584367
16.000000,78.000000,1791.262468
17.000000,78.000000,1904.208000
10.000000,78.500000,1157.175487
11.000000,78.500000,1257.536198
12.000000,78.500000,1361.806729
13.000000,78.500000,1469.987080
14.000000,78.500000,1579.964237
15.000000,78.500000,1686.510805
16.000000,78.500000,1796.323124
17.000000,78.500000,1909.401193
10.000000,79.000000,1161.434448
11.000000,79.000000,1262.027476
12.000000,79.000000,1366.532217
13.000000,79.000000,1474.948670
14.000000,79.000000,1584.761867
15.000000,79.000000,1691.444267
16.000000,79.000000,1801.390737
17.000000,79.000000,1914.601276
10.000000,79.500000,1165.762785
11.000000,79.500000,1266.575487
12.000000,79.500000,1371.300657
13.000000,79.500000,1479.938295
14.000000,79.500000,1589.567452
15.000000,79.500000,1696.383815
16.000000,79.500000,1806.462173
17.000000,79.500000,1919.802526
10.000000,80.000000,1170.099133
11.000000,80.000000,1271.131618
12.000000,80.000000,1376.077317
13.000000,80.000000,1484.936229
14.000000,80.000000,1594.380153
15.000000,80.000000,1701.330399
16.000000,80.000000,1811.540565
17.000000,80.000000,1925.010651
10.000000,80.500000,1174.498888
11.000000,80.500000,1275.740894
12.000000,80.500000,1380.895683
13.000000,80.500000,1489.963255
14.000000,80.500000,1599.202074
15.000000,80.500000,1706.284518
16.000000,80.500000,1816.625022
17.000000,80.500000,1930.223587
10.000000,81.000000,1178.906860
11.000000,81.000000,1280.358451
12.000000,81.000000,1385.722381
13.000000,81.000000,1494.998651
14.000000,81.000000,1604.031117
15.000000,81.000000,1711.245683
16.000000,81.000000,1821.716450
17.000000,81.000000,1935.443418
10.000000,81.500000,1183.358986
11.000000,81.500000,1285.015141
12.000000,81.500000,1390.582996
13.000000,81.500000,1500.062552
14.000000,81.500000,1608.880216
15.000000,81.500000,1716.221892
16.000000,81.500000,1826.817438
17.000000,81.500000,1940.666854
10.000000,82.000000,1187.819465
11.000000,82.000000,1289.680228
12.000000,82.000000,1395.452044
13.000000,82.000000,1505.134913
14.000000,82.000000,1613.736509
15.000000,82.000000,1721.205202
16.000000,82.000000,1831.925433
17.000000,82.000000,1945.897203
10.000000,82.500000,1192.360413
11.000000,82.500000,1294.413419
12.000000,82.500000,1400.376416
13.000000,82.500000,1510.249403
14.000000,82.500000,1618.642833
15.000000,82.500000,1726.246807
16.000000,82.500000,1837.099077
10.000000,83.000000,1196.910000
11.000000,83.000000,1299.155251
12.000000,83.000000,1405.309427
13.000000,83.000000,1515.372528
14.000000,83.000000,1623.556547
15.000000,83.000000,1731.295706
16.000000,83.000000,1842.279910
10.000000,83.500000,1201.476811
11.000000,83.500000,1303.915872
12.000000,83.500000,1410.263005
13.000000,83.500000,1520.518209
14.000000,83.500000,1628.556160
15.000000,83.500000,1736.536260
16.000000,83.500000,1847.764257
10.000000,84.000000,1206.052286
11.000000,84.000000,1308.685165
12.000000,84.000000,1415.225259
13.000000,84.000000,1525.672568
14.000000,84.000000,1633.563391
15.000000,84.000000,1741.784631
16.000000,84.000000,1853.256613
10.000000,84.500000,1210.630557
11.000000,84.500000,1313.464023
12.000000,84.500000,1420.203991
13.000000,84.500000,1530.850461
14.000000,84.500000,1638.605990
15.000000,84.500000,1747.069364
16.000000,84.500000,1858.786281
10.000000,85.000000,1215.217479
11.000000,85.000000,1318.251561
12.000000,85.000000,1425.191428
13.000000,85.000000,1536.037079
14.000000,85.000000,1643.656283
15.000000,85.000000,1752.361988
16.000000,85.000000,1864.324030
10.000000,85.500000,1219.784642
11.000000,85.500000,1323.033236
12.000000,85.500000,1430.186787
13.000000,85.500000,1541.245295
14.000000,85.500000,1648.740160
15.000000,85.500000,1757.689813
16.000000,85.500000,1869.898605
10.000000,86.000000,1224.360368
11.000000,86.000000,1327.823557
12.000000,86.000000,1435.190860
13.000000,86.000000,1546.462278
14.000000,86.000000,1653.831801
15.000000,86.000000,1763.025601
16.000000,86.000000,1875.481332
10.000000,86.500000,1228.933734
11.000000,86.500000,1332.596410
12.000000,86.500000,1440.161061
13.000000,86.500000,1551.627687
14.000000,86.500000,1658.909641
15.000000,86.500000,1768.378187
16.000000,86.500000,1881.113309
10.000000,87.000000,1233.515623
11.000000,87.000000,1337.377815
12.000000,87.000000,1445.139827
13.000000,87.000000,1556.801657
14.000000,87.000000,1663.995174
15.000000,87.000000,1773.738755
16.000000,87.000000,1886.753549
10.000000,87.500000,1238.076580
11.000000,87.500000,1342.144436
12.000000,87.500000,1450.110707
13.000000,87.500000,1561.975394
14.000000,87.500000,1669.133692
15.000000,87.500000,1779.178638
16.000000,87.500000,1892.500003
10.000000,88.000000,1242.645954
11.000000,88.000000,1346.919536
12.000000,88.000000,1455.090116
13.000000,88.000000,1567.157695
14.000000,88.000000,1674.280076
15.000000,88.000000,1784.626741
16.000000,88.000000,1898.255017
10.000000,88.500000,1247.244441
11.000000,88.500000,1351.722885
12.000000,88.500000,1460.097933
13.000000,88.500000,1572.093193
14.000000,88.500000,1679.479702
15.000000,88.500000,1790.122722
16.000000,88.500000,1904.050962
10.000000,89.000000,1251.851420
11.000000,89.000000,1356.534784
12.000000,89.000000,1465.114352
13.000000,89.000000,1577.036448
14.000000,89.000000,1684.687355
15.000000,89.000000,1795.627057
16.000000,89.000000,1909.855552
10.000000,89.500000,1256.488553
11.000000,89.500000,1361.377263
12.000000,89.500000,1470.161749
13.000000,89.500000,1581.989674
14.000000,89.500000,1689.902994
15.000000,89.500000,1801.108613
16.000000,89.500000,1915.606529
10.000000,90.000000,1261.134259
11.000000,90.000000,1366.228369
12.000000,90.000000,1475.217823
13.000000,90.000000,1586.950657
14.000000,90.000000,1695.126670
15.000000,90.000000,1806.598474
16.000000,90.000000,1921.366071
10.000000,90.500000,1265.909629
11.000000,90.500000,1371.179091
12.000000,90.500000,1480.339895
13.000000,90.500000,1591.955986
14.000000,90.500000,1700.380370
15.000000,90.500000,1812.103473
16.000000,90.500000,1927.125296
10.000000,91.000000,1270.694020
11.000000,91.000000,1376.138767
12.000000,91.000000,1485.470843
13.000000,91.000000,1596.969187
14.000000,91.000000,1705.642177
15.000000,91.000000,1817.616808
16.000000,91.000000,1932.893079
10.000000,91.500000,1275.488778
11.000000,91.500000,1381.115859
12.000000,91.500000,1490.626821
13.000000,91.500000,1602.024672
14.000000,91.500000,1710.939320
15.000000,91.500000,1823.158011
16.000000,91.500000,1938.680744
10.000000,92.000000,1280.292564
11.000000,92.000000,1386.101936
12.000000,92.000000,1495.791730
13.000000,92.000000,1607.088136
14.000000,92.000000,1716.244652
15.000000,92.000000,1828.707606
16.000000,92.000000,1944.476998
10.000000,92.500000,1285.009808
11.000000,92.500000,1391.043232
12.000000,92.500000,1500.956787
13.000000,92.500000,1612.190391
14.000000,92.500000,1721.582364
15.000000,92.500000,1834.282797
16.000000,92.500000,1950.291690
9.000000,93.000000,1187.357959
10.000000,93.000000,1289.735724
11.000000,93.000000,1395.993320
12.000000,93.000000,1506.130744
13.000000,93.000000,1617.300717
14.000000,93.000000,1726.928336
15.000000,93.000000,1839.866430
16.000000,93.000000,1956.114998
9.000000,93.500000,1191.913438
10.000000,93.500000,1294.540356
11.000000,93.500000,1401.048987
12.000000,93.500000,1511.439332
13.000000,93.500000,1622.547927
14.000000,93.500000,1732.375110
15.000000,93.500000,1845.512087
9.000000,94.000000,1196.477634
10.000000,94.000000,1299.353919
11.000000,94.000000,1406.113793
12.000000,94.000000,1516.757257
13.000000,94.000000,1627.803623
14.000000,94.000000,1737.830438
15.000000,94.000000,1851.166354
9.000000,94.500000,1201.099050
10.000000,94.500000,1304.234447
11.000000,94.500000,1411.256106
12.000000,94.500000,1522.164025
13.000000,94.500000,1633.134047
14.000000,94.500000,1743.337118
15.000000,94.500000,1856.846790
9.000000,95.000000,1205.729372
10.000000,95.000000,1309.124125
11.000000,95.000000,1416.407804
12.000000,95.000000,1527.580410
13.000000,95.000000,1638.473172
14.000000,95.000000,1748.852483
15.000000,95.000000,1862.535884
9.000000,95.500000,1210.437233
10.000000,95.500000,1314.077684
11.000000,95.500000,1421.607587
12.000000,95.500000,1533.026943
13.000000,95.500000,1643.850037
14.000000,95.500000,1754.455149
15.000000,95.500000,1868.365163
9.000000,96.000000,1215.154258
10.000000,96.000000,1319.040595
11.000000,96.000000,1426.816897
12.000000,96.000000,1538.483166
13.000000,96.000000,1649.235693
14.000000,96.000000,1760.066745
15.000000,96.000000,1874.203503
9.000000,96.500000,1219.936573
10.000000,96.500000,1324.084738
11.000000,96.500000,1432.124493
12.000000,96.500000,1544.055837
13.000000,96.500000,1654.771678
14.000000,96.500000,1765.880336
15.000000,96.500000,1880.298545
9.000000,97.000000,1224.728273
10.000000,97.000000,1329.138507
11.000000,97.000000,1437.441942
12.000000,97.000000,1549.638578
13.000000,97.000000,1660.316922
14.000000,97.000000,1771.703484
15.000000,97.000000,1886.403437
9.000000,97.500000,1229.573627
10.000000,97.500000,1334.254436
11.000000,97.500000,1442.830873
12.000000,97.500000,1555.302936
9.000000,98.000000,1234.428544
10.000000,98.000000,1339.380193
11.000000,98.000000,1448.229885
12.000000,98.000000,1560.977621
9.000000,98.500000,1239.300215
10.000000,98.500000,1344.533846
11.000000,98.500000,1453.668298
12.000000,98.500000,1566.703570
9.000000,99.000000,1244.181475
10.000000,99.000000,1349.697395
11.000000,99.000000,1459.116902
12.000000,99.000000,1572.439994
9.000000,99.500000,1249.066030
10.000000,99.500000,1354.899174
11.000000,99.500000,1464.640725
12.000000,99.500000,1578.290680
9.000000,100.000000,1253.960140
10.000000,100.000000,1360.110956
11.000000,100.000000,1470.174983
12.000000,100.000000,1584.152223
9.000000,100.500000,1258.889393
10.000000,100.500000,1365.367291
11.000000,100.500000,1475.763295
12.000000,100.500000,1590.077406
9.000000,101.000000,1263.828299
10.000000,101.000000,1370.633760
11.000000,101.000000,1481.362206
12.000000,101.000000,1596.013637
9.000000,101.500000,1268.801539
10.000000,101.500000,1375.938733
11.000000,101.500000,1487.003416
9.000000,102.000000,1273.784526
10.000000,102.000000,1381.253950
11.000000,102.000000,1492.655344
9.000000,102.500000,1278.795146
10.000000,102.500000,1386.585147
11.000000,102.500000,1498.311834
9.000000,103.000000,1283.815583
10.000000,103.000000,1391.926607
11.000000,103.000000,1503.979021
9.000000,103.500000,1288.866468
10.000000,103.500000,1397.293486
11.000000,103.500000,1509.666748
9.000000,104.000000,1293.927253
10.000000,104.000000,1402.670685
11.000000,104.000000,1515.365209
9.000000,104.500000,1299.047404
10.000000,104.500000,1408.099491
11.000000,104.500000,1521.105453
9.000000,105.000000,1304.177628
10.000000,105.000000,1413.538766
11.000000,105.000000,1526.856546
9.000000,105.500000,1309.342163
10.000000,105.500000,1419.005554
11.000000,105.500000,1532.627806
9.000000,106.000000,1314.516864
10.000000,106.000000,1424.482875
11.000000,106.000000,1538.409948
9.000000,106.500000,1319.696336
10.000000,106.500000,1429.982182
11.000000,106.500000,1544.233233
9.000000,107.000000,1324.885976
10.000000,107.000000,1435.492078
11.000000,107.000000,1550.067519
9.000000,107.500000,1330.101568
10.000000,107.500000,1441.001737
11.000000,107.500000,1555.873540
9.000000,108.000000,1335.327395
10.000000,108.000000,1446.521947
11.000000,108.000000,1561.690414
9.000000,108.500000,1340.568176
10.000000,108.500000,1451.983707
11.000000,108.500000,1567.372094
8.000000,109.000000,1238.154457
9.000000,109.000000,1345.819203
10.000000,109.000000,1457.455740
11.000000,109.000000,1573.064069
8.000000,109.500000,1243.234034
9.000000,109.500000,1351.106020
10.000000,109.500000,1462.947564
11.000000,109.500000,1578.758665
8.000000,110.000000,1248.323991
9.000000,110.000000,1356.403176
10.000000,110.000000,1468.449685
11.000000,110.000000,1584.463516
8.000000,110.500000,1253.471710
9.000000,110.500000,1361.755068
10.000000,110.500000,1474.002616
11.000000,110.500000,1590.214354
8.000000,111.000000,1258.630001
9.000000,111.000000,1367.117474
10.000000,111.000000,1479.566002
11.000000,111.000000,1595.975584
8.000000,111.500000,1263.863895
9.000000,111.500000,1372.553550
10.000000,111.500000,1485.201150
11.000000,111.500000,1601.806696
8.000000,112.000000,1269.108639
9.000000,112.000000,1378.000398
10.000000,112.000000,1490.846992
11.000000,112.000000,1607.648421
8.000000,112.500000,1274.428276
9.000000,112.500000,1383.525903
10.000000,112.500000,1496.575834
11.000000,112.500000,1613.578069
8.000000,113.000000,1279.759035
9.000000,113.000000,1389.062456
10.000000,113.000000,1502.315650
11.000000,113.000000,1619.518617
8.000000,113.500000,1285.037570
9.000000,113.500000,1394.584569
10.000000,113.500000,1508.080100
11.000000,113.500000,1625.524164
8.000000,114.000000,1290.326944
9.000000,114.000000,1400.117615
10.000000,114.000000,1513.855572
11.000000,114.000000,1631.540814
8.000000,114.500000,1295.647835
9.000000,114.500000,1405.703942
10.000000,114.500000,1519.707545
11.000000,114.500000,1637.658647
8.000000,115.000000,1300.979643
9.000000,115.000000,1411.301365
10.000000,115.000000,1525.570789
11.000000,115.000000,1643.787914
8.000000,115.500000,1306.349922
9.000000,115.500000,1416.951629
10.000000,115.500000,1531.501582
8.000000,116.000000,1311.731224
9.000000,116.000000,1422.613154
10.000000,116.000000,1537.443863
8.000000,116.500000,1317.170216
9.000000,116.500000,1428.336356
10.000000,116.500000,1543.451796
8.000000,117.000000,1322.620433
9.000000,117.000000,1434.071029
10.000000,117.000000,1549.471436
8.000000,117.500000,1328.121917
9.000000,117.500000,1439.847943
10.000000,117.500000,1555.523978
8.000000,118.000000,1333.634798
9.000000,118.000000,1445.636455
10.000000,118.000000,1561.588309
8.000000,118.500000,1338.974375
9.000000,118.500000,1451.293024
10.000000,118.500000,1567.566111
8.000000,119.000000,1344.324567
9.000000,119.000000,1456.960595
10.000000,119.000000,1573.555296
8.000000,119.500000,1349.643713
9.000000,119.500000,1462.626182
10.000000,119.500000,1579.572572
8.000000,120.000000,1354.973274
9.000000,120.000000,1468.302701
10.000000,120.000000,1585.601290
8.000000,120.500000,1360.405434
9.000000,120.500000,1474.059798
10.000000,120.500000,1591.687464
8.000000,121.000000,1365.848401
9.000000,121.000000,1479.828111
10.000000,121.000000,1597.785259
8.000000,121.500000,1371.369684
9.000000,121.500000,1485.625563
10.000000,121.500000,1603.859672
8.000000,122.000000,1376.902067
9.000000,122.000000,1491.434314
10.000000,122.000000,1609.945579
8.000000,122.500000,1382.446864
9.000000,122.500000,1497.209812
10.000000,122.500000,1615.949189
8.000000,123.000000,1388.002763
9.000000,123.000000,1502.996434
10.000000,123.000000,1621.963937
8.000000,123.500000,1393.552168
9.000000,123.500000,1508.784635
10.000000,123.500000,1627.988417
8.000000,124.000000,1399.112585
9.000000,124.000000,1514.583908
10.000000,124.000000,1634.024021
8.000000,124.500000,1404.647606
9.000000,124.500000,1520.304469
10.000000,124.500000,1639.925492
8.000000,125.000000,1410.193459
9.000000,125.000000,1526.035701
10.000000,125.000000,1645.837472
8.000000,125.500000,1415.796140
9.000000,125.500000,1531.837163
10.000000,125.500000,1651.833327
8.000000,126.000000,1421.409841
9.000000,126.000000,1537.649537
10.000000,126.000000,1657.839983
8.000000,126.500000,1427.099229
9.000000,126.500000,1543.542888
10.000000,126.500000,1663.932928
7.000000,127.000000,1320.094396
8.000000,127.000000,1432.799913
9.000000,127.000000,1549.447439
10.000000,127.000000,1670.036974
7.000000,127.500000,1325.658147
8.000000,127.500000,1438.581493
9.000000,127.500000,1555.443234
10.000000,127.500000,1676.243371
7.000000,128.000000,1331.233551
8.000000,128.000000,1444.374659
9.000000,128.000000,1561.450547
10.000000,128.000000,1682.461214
7.000000,128.500000,1336.729319
8.000000,128.500000,1450.146627
9.000000,128.500000,1567.498504
10.000000,128.500000,1688.784951
7.000000,129.000000,1342.236324
8.000000,129.000000,1455.930028
9.000000,129.000000,1573.558084
10.000000,129.000000,1695.120492
7.000000,129.500000,1347.553503
8.000000,129.500000,1461.616387
9.000000,129.500000,1579.619446
10.000000,129.500000,1701.562681
7.000000,130.000000,1352.881064
8.000000,130.000000,1467.313731
9.000000,130.000000,1585.692391
10.000000,130.000000,1708.017045
