weight_g,219.000000
thrust_N,velocity_m_s,power_W
23.000000,0.000000,683.164720
24.000000,0.000000,725.213659
25.000000,0.000000,768.314953
26.000000,0.000000,812.468601
27.000000,0.000000,857.674604
28.000000,0.000000,903.932962
29.000000,0.000000,951.243675
30.000000,0.000000,1008.547157
31.000000,0.000000,1068.505651
32.000000,0.000000,1129.746000
33.000000,0.000000,1192.268204
34.000000,0.000000,1262.966996
35.000000,0.000000,1343.632076
36.000000,0.000000,1425.934030
37.000000,0.000000,1513.486612
38.000000,0.000000,1614.871151
39.000000,0.000000,1718.303373
40.000000,0.000000,1830.538685
41.000000,0.000000,1948.118521
42.000000,0.000000,2072.116425
43.000000,0.000000,2203.198897
23.000000,0.500000,686.904166
24.000000,0.500000,729.075640
25.000000,0.500000,772.301655
26.000000,0.500000,816.582210
27.000000,0.500000,861.917306
28.000000,0.500000,908.306942
29.000000,0.500000,956.022625
30.000000,0.500000,1014.028929
31.000000,0.500000,1074.002474
32.000000,0.500000,1135.256033
33.000000,0.500000,1197.789606
34.000000,0.500000,1269.894763
35.000000,0.500000,1350.722494
36.000000,0.500000,1433.188168
37.000000,0.500000,1522.212291
38.000000,0.500000,1623.687381
39.000000,0.500000,1727.207462
40.000000,0.500000,1840.420987
41.000000,0.500000,1958.179801
42.000000,0.500000,2083.053775
43.000000,0.500000,2214.295556
23.000000,1.000000,690.651570
24.000000,1.000000,732.945781
25.000000,1.000000,776.296720
26.000000,1.000000,820.704386
27.000000,1.000000,866.168779
28.000000,1.000000,912.689900
29.000000,1.000000,960.811373
30.000000,1.000000,1019.521628
31.000000,1.000000,1079.510050
32.000000,1.000000,1140.776637
33.000000,1.000000,1203.321390
34.000000,1.000000,1276.835917
35.000000,1.000000,1357.826390
36.000000,1.000000,1440.455876
37.000000,1.000000,1530.954963
38.000000,1.000000,1632.520345
39.000000,1.000000,1736.128026
40.000000,1.000000,1850.322121
41.000000,1.000000,1968.259788
42.000000,1.000000,2094.011827
43.000000,1.000000,2225.412517
23.000000,1.500000,694.414975
24.000000,1.500000,736.833121
25.000000,1.500000,780.310215
26.000000,1.500000,824.846257
27.000000,1.500000,870.441246
28.000000,1.500000,917.095183
29.000000,1.500000,966.260565
30.000000,1.500000,1024.986368
31.000000,1.500000,1084.988466
32.000000,1.500000,1146.266860
33.000000,1.500000,1208.821549
34.000000,1.500000,1283.788833
35.000000,1.500000,1364.944228
36.000000,1.500000,1447.739747
37.000000,1.500000,1539.677280
38.000000,1.500000,1641.328290
39.000000,1.500000,1745.154653
40.000000,1.500000,1860.221648
41.000000,1.500000,1978.342668
42.000000,1.500000,2104.961825
43.000000,1.500000,2236.520583
23.000000,2.000000,698.186397
24.000000,2.000000,740.728684
25.000000,2.000000,784.332140
26.000000,2.000000,828.996765
27.000000,2.000000,874.722558
28.000000,2.000000,921.509520
29.000000,2.000000,971.720788
30.000000,2.000000,1030.461969
31.000000,2.000000,1090.477566
32.000000,2.000000,1151.767579
33.000000,2.000000,1214.332009
34.000000,2.000000,1290.755156
35.000000,2.000000,1372.075568
36.000000,2.000000,1455.037216
37.000000,2.000000,1548.416491
38.000000,2.000000,1650.152858
39.000000,2.000000,1754.198037
40.000000,2.000000,1870.139935
41.000000,2.000000,1988.444193
42.000000,2.000000,2115.932370
43.000000,2.000000,2247.648799
23.000000,2.500000,701.980433
24.000000,2.500000,744.647104
25.000000,2.500000,788.377143
26.000000,2.500000,833.170550
27.000000,2.500000,879.027324
28.000000,2.500000,925.947467
29.000000,2.500000,977.153732
30.000000,2.500000,1035.909092
31.000000,2.500000,1095.936969
32.000000,2.500000,1157.237361
33.000000,2.500000,1219.810268
34.000000,2.500000,1297.734141
35.000000,2.500000,1379.221827
36.000000,2.500000,1462.351902
37.000000,2.500000,1557.133152
38.000000,2.500000,1658.950149
39.000000,2.500000,1763.927963
40.000000,2.500000,1880.058933
41.000000,2.500000,1998.551042
23.000000,3.000000,705.782576
24.000000,3.000000,748.573835
25.000000,3.000000,792.430661
26.000000,3.000000,837.353056
27.000000,3.000000,883.341019
28.000000,3.000000,930.394550
29.000000,3.000000,982.597643
30.000000,3.000000,1041.367010
31.000000,3.000000,1101.406983
32.000000,3.000000,1162.717561
33.000000,3.000000,1225.298746
34.000000,3.000000,1304.726555
35.000000,3.000000,1386.381614
36.000000,3.000000,1469.680218
37.000000,3.000000,1565.866604
38.000000,3.000000,1667.763947
39.000000,3.000000,1773.676686
40.000000,3.000000,1889.996622
41.000000,3.000000,2008.676478
23.000000,3.500000,709.758813
24.000000,3.500000,752.657693
25.000000,3.500000,796.623482
26.000000,3.500000,841.656179
27.000000,3.500000,887.755785
28.000000,3.500000,934.922299
29.000000,3.500000,988.084223
30.000000,3.500000,1046.890810
31.000000,3.500000,1106.966566
32.000000,3.500000,1168.311493
33.000000,3.500000,1232.044794
34.000000,3.500000,1311.855386
35.000000,3.500000,1393.600535
36.000000,3.500000,1476.988053
37.000000,3.500000,1574.544775
38.000000,3.500000,1676.545185
39.000000,3.500000,1783.441078
40.000000,3.500000,1899.959170
23.000000,4.000000,713.743949
24.000000,4.000000,756.750587
25.000000,4.000000,800.825472
26.000000,4.000000,845.968604
27.000000,4.000000,892.179984
28.000000,4.000000,939.459610
29.000000,4.000000,993.582160
30.000000,4.000000,1052.425826
31.000000,4.000000,1112.537219
32.000000,4.000000,1173.916339
33.000000,4.000000,1238.804294
34.000000,4.000000,1318.998213
35.000000,4.000000,1400.833324
36.000000,4.000000,1484.309629
37.000000,4.000000,1583.239734
38.000000,4.000000,1685.342936
39.000000,4.000000,1793.224348
40.000000,4.000000,1909.940474
23.000000,4.500000,717.749391
24.000000,4.500000,760.869878
25.000000,4.500000,805.060284
26.000000,4.500000,850.320608
27.000000,4.500000,896.650851
28.000000,4.500000,944.051013
29.000000,4.500000,999.139844
30.000000,4.500000,1058.060759
31.000000,4.500000,1118.249266
32.000000,4.500000,1179.705364
33.000000,4.500000,1246.102474
34.000000,4.500000,1326.260586
35.000000,4.500000,1408.055796
36.000000,4.500000,1492.176890
37.000000,4.500000,1591.930221
38.000000,4.500000,1694.284843
39.000000,4.500000,1803.325859
40.000000,4.500000,1920.348775
22.000000,5.000000,679.600914
23.000000,5.000000,721.763828
24.000000,5.000000,764.998331
25.000000,5.000000,809.304422
26.000000,5.000000,854.682103
27.000000,5.000000,901.131372
28.000000,5.000000,948.652230
29.000000,5.000000,1004.709198
30.000000,5.000000,1063.707343
31.000000,5.000000,1123.972940
32.000000,5.000000,1185.505987
33.000000,5.000000,1253.415685
34.000000,5.000000,1333.537551
35.000000,5.000000,1415.292411
36.000000,5.000000,1500.059676
37.000000,5.000000,1600.637948
38.000000,5.000000,1703.244154
39.000000,5.000000,1813.447751
40.000000,5.000000,1930.777665
22.000000,5.500000,683.527260
23.000000,5.500000,725.801552
24.000000,5.500000,769.149015
25.000000,5.500000,813.569652
26.000000,5.500000,859.063461
27.000000,5.500000,905.630442
28.000000,5.500000,953.302996
29.000000,5.500000,1010.287086
30.000000,5.500000,1069.376576
31.000000,5.500000,1129.733740
32.000000,5.500000,1191.358580
33.000000,5.500000,1260.740830
34.000000,5.500000,1340.796024
35.000000,5.500000,1422.479429
36.000000,5.500000,1508.531835
37.000000,5.500000,1609.368144
38.000000,5.500000,1712.234113
39.000000,5.500000,1823.613677
40.000000,5.500000,1941.252724
22.000000,6.000000,687.462544
23.000000,6.000000,729.848373
24.000000,6.000000,773.308957
25.000000,6.000000,817.844295
26.000000,6.000000,863.454388
27.000000,6.000000,910.139235
28.000000,6.000000,957.963720
29.000000,6.000000,1015.876674
30.000000,6.000000,1075.057524
31.000000,6.000000,1135.506270
32.000000,6.000000,1197.222911
33.000000,6.000000,1268.081008
34.000000,6.000000,1348.069018
35.000000,6.000000,1429.680446
36.000000,6.000000,1517.021071
37.000000,6.000000,1618.115599
38.000000,6.000000,1721.241511
39.000000,6.000000,1833.800035
40.000000,6.000000,1951.748422
22.000000,6.500000,691.555448
23.000000,6.500000,734.050082
24.000000,6.500000,777.620651
25.000000,6.500000,822.267155
26.000000,6.500000,867.989595
27.000000,6.500000,914.787970
28.000000,6.500000,963.598495
29.000000,6.500000,1021.571585
30.000000,6.500000,1080.811470
31.000000,6.500000,1141.318150
32.000000,6.500000,1203.091625
33.000000,6.500000,1275.343984
34.000000,6.500000,1355.262314
35.000000,6.500000,1436.799238
36.000000,6.500000,1525.528027
37.000000,6.500000,1626.889191
38.000000,6.500000,1730.283619
39.000000,6.500000,1844.031383
40.000000,6.500000,1962.291278
22.000000,7.000000,695.658038
23.000000,7.000000,738.261603
24.000000,7.000000,781.942282
25.000000,7.000000,826.700074
26.000000,7.000000,872.534981
27.000000,7.000000,919.447003
28.000000,7.000000,969.245492
29.000000,7.000000,1027.278607
30.000000,7.000000,1086.577414
31.000000,7.000000,1147.141911
32.000000,7.000000,1208.972099
33.000000,7.000000,1282.621782
34.000000,7.000000,1362.469912
35.000000,7.000000,1443.931803
36.000000,7.000000,1534.052069
37.000000,7.000000,1635.680068
38.000000,7.000000,1739.343210
39.000000,7.000000,1854.283214
40.000000,7.000000,1972.854821
22.000000,7.500000,699.788123
23.000000,7.500000,742.513808
24.000000,7.500000,786.318525
25.000000,7.500000,831.202274
26.000000,7.500000,877.165054
27.000000,7.500000,924.206866
28.000000,7.500000,975.009655
29.000000,7.500000,1033.147539
30.000000,7.500000,1092.551548
31.000000,7.500000,1153.221681
32.000000,7.500000,1215.157939
33.000000,7.500000,1290.223836
34.000000,7.500000,1369.991323
35.000000,7.500000,1451.366772
36.000000,7.500000,1542.987141
37.000000,7.500000,1644.766135
38.000000,7.500000,1748.852560
39.000000,7.500000,1864.684943
40.000000,7.500000,1983.518018
22.000000,8.000000,703.928028
23.000000,8.000000,746.776032
24.000000,8.000000,790.704985
25.000000,8.000000,835.714885
26.000000,8.000000,881.805733
27.000000,8.000000,928.977530
28.000000,8.000000,980.786680
29.000000,8.000000,1039.029373
30.000000,8.000000,1098.538620
31.000000,8.000000,1159.314423
32.000000,8.000000,1221.356780
33.000000,8.000000,1297.842084
34.000000,8.000000,1377.528292
35.000000,8.000000,1458.816659
36.000000,8.000000,1551.940733
37.000000,8.000000,1653.870499
38.000000,8.000000,1758.380844
39.000000,8.000000,1875.107639
40.000000,8.000000,1994.202178
22.000000,8.500000,708.100944
23.000000,8.500000,751.069148
24.000000,8.500000,795.120063
25.000000,8.500000,840.253690
26.000000,8.500000,886.470028
27.000000,8.500000,933.769077
28.000000,8.500000,986.567808
29.000000,8.500000,1044.917373
30.000000,8.500000,1104.534023
31.000000,8.500000,1165.417757
32.000000,8.500000,1228.196418
33.000000,8.500000,1305.525650
34.000000,8.500000,1385.255377
35.000000,8.500000,1466.585239
36.000000,8.500000,1561.332656
37.000000,8.500000,1663.314559
38.000000,8.500000,1768.878323
39.000000,8.500000,1885.939500
22.000000,9.000000,712.283837
23.000000,9.000000,755.372425
24.000000,9.000000,799.545485
25.000000,9.000000,844.803019
26.000000,9.000000,891.145026
27.000000,9.000000,938.571506
28.000000,9.000000,992.361818
29.000000,9.000000,1050.818304
30.000000,9.000000,1110.542402
31.000000,9.000000,1171.534110
32.000000,9.000000,1235.050756
33.000000,9.000000,1313.225651
34.000000,9.000000,1392.998653
35.000000,9.000000,1474.369761
36.000000,9.000000,1570.744552
37.000000,9.000000,1672.778188
38.000000,9.000000,1779.398236
39.000000,9.000000,1896.794074
22.000000,9.500000,716.547341
23.000000,9.500000,759.736105
24.000000,9.500000,804.009981
25.000000,9.500000,849.368970
26.000000,9.500000,895.813072
27.000000,9.500000,943.342286
28.000000,9.500000,998.103046
29.000000,9.500000,1056.679653
30.000000,9.500000,1116.524700
31.000000,9.500000,1177.638186
32.000000,9.500000,1242.666992
33.000000,9.500000,1320.887243
34.000000,9.500000,1400.703569
35.000000,9.500000,1482.115968
36.000000,9.500000,1580.109124
37.000000,9.500000,1682.193144
38.000000,9.500000,1789.963148
39.000000,9.500000,1907.700797
21.000000,10.000000,678.618044
22.000000,10.000000,720.821308
23.000000,10.000000,764.110321
24.000000,10.000000,808.485084
25.000000,10.000000,853.945596
26.000000,10.000000,900.491857
27.000000,10.000000,948.123868
28.000000,10.000000,1003.857039
29.000000,10.000000,1062.553845
30.000000,10.000000,1122.519916
31.000000,10.000000,1183.755252
32.000000,10.000000,1250.299785
33.000000,10.000000,1328.565153
34.000000,10.000000,1408.424557
35.000000,10.000000,1489.877996
36.000000,10.000000,1589.493486
37.000000,10.000000,1691.627485
38.000000,10.000000,1800.550554
39.000000,10.000000,1918.630304
21.000000,10.500000,682.788182
22.000000,10.500000,725.086673
23.000000,10.500000,768.471662
24.000000,10.500000,812.943151
25.000000,10.500000,858.501140
26.000000,10.500000,905.145627
27.000000,10.500000,952.876614
28.000000,10.500000,1009.584498
29.000000,10.500000,1068.415604
30.000000,10.500000,1128.516840
31.000000,10.500000,1189.888206
32.000000,10.500000,1257.913615
33.000000,10.500000,1336.218231
34.000000,10.500000,1416.113900
35.000000,10.500000,1498.911276
36.000000,10.500000,1598.830074
37.000000,10.500000,1701.012701
38.000000,10.500000,1811.186421
39.000000,10.500000,1929.615641
21.000000,11.000000,686.968724
22.000000,11.000000,729.362530
23.000000,11.000000,772.843579
24.000000,11.000000,817.411873
25.000000,11.000000,863.067410
26.000000,11.000000,909.810190
27.000000,11.000000,957.640215
28.000000,11.000000,1015.324915
29.000000,11.000000,1074.290400
30.000000,11.000000,1134.526881
31.000000,11.000000,1196.034358
32.000000,11.000000,1265.544137
33.000000,11.000000,1343.887668
34.000000,11.000000,1423.819267
35.000000,11.000000,1507.963871
36.000000,11.000000,1608.186270
37.000000,11.000000,1710.417119
38.000000,11.000000,1821.844847
39.000000,11.000000,1940.623841
21.000000,11.500000,691.125874
22.000000,11.500000,733.623687
23.000000,11.500000,777.209785
24.000000,11.500000,821.884168
25.000000,11.500000,867.646836
26.000000,11.500000,914.497790
27.000000,11.500000,963.285473
28.000000,11.500000,1021.109374
29.000000,11.500000,1080.210475
30.000000,11.500000,1140.583877
31.000000,11.500000,1202.229580
32.000000,11.500000,1273.263020
33.000000,11.500000,1351.769818
34.000000,11.500000,1431.865736
35.000000,11.500000,1517.745298
36.000000,11.500000,1617.903196
37.000000,11.500000,1720.060946
38.000000,11.500000,1832.785112
39.000000,11.500000,1951.836873
21.000000,12.000000,695.293407
22.000000,12.000000,737.895338
23.000000,12.000000,781.586592
24.000000,12.000000,826.367168
25.000000,12.000000,872.237068
26.000000,12.000000,919.196290
27.000000,12.000000,968.943765
28.000000,12.000000,1026.906998
29.000000,12.000000,1086.143834
30.000000,12.000000,1146.654275
31.000000,12.000000,1208.438320
32.000000,12.000000,1280.999184
33.000000,12.000000,1359.669341
34.000000,12.000000,1439.929666
35.000000,12.000000,1527.548729
36.000000,12.000000,1627.641186
37.000000,12.000000,1729.724912
38.000000,12.000000,1843.748930
39.000000,12.000000,1963.073425
21.000000,12.500000,699.372602
22.000000,12.500000,742.096542
23.000000,12.500000,785.911208
24.000000,12.500000,830.816600
25.000000,12.500000,876.812717
26.000000,12.500000,923.899559
27.000000,12.500000,974.627766
28.000000,12.500000,1032.723445
29.000000,12.500000,1092.093955
30.000000,12.500000,1152.739297
31.000000,12.500000,1214.659471
32.000000,12.500000,1288.753161
33.000000,12.500000,1367.595921
34.000000,12.500000,1448.030238
35.000000,12.500000,1537.384362
36.000000,12.500000,1637.574723
37.000000,12.500000,1739.754220
38.000000,12.500000,1855.305345
39.000000,12.500000,1974.949156
21.000000,13.000000,703.462058
22.000000,13.000000,746.308144
23.000000,13.000000,790.246357
24.000000,13.000000,835.276698
25.000000,13.000000,881.399167
26.000000,13.000000,928.613763
27.000000,13.000000,980.324883
28.000000,13.000000,1038.553119
29.000000,13.000000,1098.057414
30.000000,13.000000,1158.837768
31.000000,13.000000,1220.894180
32.000000,13.000000,1296.524480
33.000000,13.000000,1375.539967
34.000000,13.000000,1456.148402
35.000000,13.000000,1547.242142
36.000000,13.000000,1647.530136
37.000000,13.000000,1749.805132
38.000000,13.000000,1866.887689
39.000000,13.000000,1986.850997
21.000000,13.500000,707.608486
22.000000,13.500000,750.606460
23.000000,13.500000,794.699305
24.000000,13.500000,839.887022
25.000000,13.500000,886.169610
26.000000,13.500000,933.547069
27.000000,13.500000,986.259219
28.000000,13.500000,1044.565809
29.000000,13.500000,1104.147337
30.000000,13.500000,1165.003804
31.000000,13.500000,1227.611894
32.000000,13.500000,1304.308572
33.000000,13.500000,1383.496858
34.000000,13.500000,1464.279461
35.000000,13.500000,1557.068371
36.000000,13.500000,1657.452945
37.000000,13.500000,1760.860943
38.000000,13.500000,1878.509974
39.000000,13.500000,1998.793681
21.000000,14.000000,711.765426
22.000000,14.000000,754.915557
23.000000,14.000000,799.163307
24.000000,14.000000,844.508674
25.000000,14.000000,890.951659
26.000000,14.000000,938.492261
27.000000,14.000000,992.207667
28.000000,14.000000,1050.592479
29.000000,14.000000,1110.251106
30.000000,14.000000,1171.183551
31.000000,14.000000,1234.344515
32.000000,14.000000,1312.110040
33.000000,14.000000,1391.471249
34.000000,14.000000,1472.428143
35.000000,14.000000,1566.916618
36.000000,14.000000,1667.397499
37.000000,14.000000,1771.941681
38.000000,14.000000,1890.158216
39.000000,14.000000,2010.762493
21.000000,14.500000,715.910908
22.000000,14.500000,759.215091
23.000000,14.500000,803.619722
24.000000,14.500000,849.124803
25.000000,14.500000,895.730333
26.000000,14.500000,943.436313
27.000000,14.500000,998.163016
28.000000,14.500000,1056.700133
29.000000,14.500000,1116.512719
30.000000,14.500000,1177.600775
31.000000,14.500000,1242.343444
32.000000,14.500000,1320.186733
33.000000,14.500000,1399.623212
34.000000,14.500000,1480.652879
35.000000,14.500000,1576.781140
36.000000,14.500000,1677.335762
37.000000,14.500000,1783.321405
38.000000,14.500000,1901.852086
20.000000,15.000000,677.711697
21.000000,15.000000,720.066923
22.000000,15.000000,763.525432
23.000000,15.000000,808.087224
24.000000,15.000000,853.752301
25.000000,15.000000,900.520660
26.000000,15.000000,948.392303
27.000000,15.000000,1004.132652
28.000000,15.000000,1062.822239
29.000000,15.000000,1122.788947
30.000000,15.000000,1184.032776
31.000000,15.000000,1250.361260
32.000000,15.000000,1328.282019
33.000000,15.000000,1407.793471
34.000000,15.000000,1488.895617
35.000000,15.000000,1586.667836
36.000000,15.000000,1687.295791
37.000000,15.000000,1794.727009
38.000000,15.000000,1913.571965
20.000000,15.500000,681.654854
21.000000,15.500000,724.175923
22.000000,15.500000,767.803333
23.000000,15.500000,812.537084
24.000000,15.500000,858.377175
25.000000,15.500000,905.323608
26.000000,15.500000,953.390253
27.000000,15.500000,1010.122722
28.000000,15.500000,1068.971377
29.000000,15.500000,1129.099112
30.000000,15.500000,1190.505927
31.000000,15.500000,1258.398514
32.000000,15.500000,1336.425676
33.000000,15.500000,1416.042879
34.000000,15.500000,1498.378129
35.000000,15.500000,1596.616306
36.000000,15.500000,1697.265070
37.000000,15.500000,1806.197882
38.000000,15.500000,1925.355342
20.000000,16.000000,685.608208
21.000000,16.000000,728.295417
22.000000,16.000000,772.092028
23.000000,16.000000,816.998042
24.000000,16.000000,863.013459
25.000000,16.000000,910.138278
26.000000,16.000000,958.400284
27.000000,16.000000,1016.127163
28.000000,16.000000,1075.135081
29.000000,16.000000,1135.424038
30.000000,16.000000,1196.994035
31.000000,16.000000,1266.454797
32.000000,16.000000,1344.588252
33.000000,16.000000,1424.311090
34.000000,16.000000,1507.882705
35.000000,16.000000,1606.587488
36.000000,16.000000,1707.256397
37.000000,16.000000,1817.695018
38.000000,16.000000,1937.165005
20.000000,16.500000,689.616759
21.000000,16.500000,732.462747
22.000000,16.500000,776.420966
23.000000,16.500000,821.491416
24.000000,16.500000,867.674096
25.000000,16.500000,914.969008
26.000000,16.500000,964.233741
27.000000,16.500000,1022.124732
28.000000,16.500000,1081.298583
29.000000,16.500000,1141.755295
30.000000,16.500000,1203.494867
31.000000,16.500000,1274.488078
32.000000,16.500000,1352.727396
33.000000,16.500000,1432.555546
34.000000,16.500000,1517.757482
35.000000,16.500000,1616.487980
36.000000,16.500000,1717.178758
37.000000,16.500000,1829.280640
38.000000,16.500000,1949.150377
20.000000,17.000000,693.635737
21.000000,17.000000,736.640778
22.000000,17.000000,780.760881
23.000000,17.000000,825.996046
24.000000,17.000000,872.346274
25.000000,17.000000,919.811563
26.000000,17.000000,970.081463
27.000000,17.000000,1028.136751
28.000000,17.000000,1087.476720
29.000000,17.000000,1148.101372
30.000000,17.000000,1210.010706
31.000000,17.000000,1282.540315
32.000000,17.000000,1360.885393
33.000000,17.000000,1440.818746
34.000000,17.000000,1527.655431
35.000000,17.000000,1626.411138
36.000000,17.000000,1727.123273
37.000000,17.000000,1840.893312
38.000000,17.000000,1961.163227
20.000000,17.500000,697.822821
21.000000,17.500000,740.987261
22.000000,17.500000,785.269726
23.000000,17.500000,830.670218
24.000000,17.500000,877.188735
25.000000,17.500000,924.825278
26.000000,17.500000,976.099353
27.000000,17.500000,1034.285593
28.000000,17.500000,1093.756875
29.000000,17.500000,1154.513199
30.000000,17.500000,1216.554564
31.000000,17.500000,1290.574342
32.000000,17.500000,1369.023047
33.000000,17.500000,1449.058786
34.000000,17.500000,1537.481829
35.000000,17.500000,1636.260654
36.000000,17.500000,1736.992040
37.000000,17.500000,1852.565460
38.000000,17.500000,1973.245016
20.000000,18.000000,702.021042
21.000000,18.000000,745.345173
22.000000,18.000000,789.790296
23.000000,18.000000,835.356412
24.000000,18.000000,882.043520
25.000000,18.000000,929.851621
26.000000,18.000000,982.132351
27.000000,18.000000,1040.449570
28.000000,18.000000,1100.052189
29.000000,18.000000,1160.940208
30.000000,18.000000,1223.113629
31.000000,18.000000,1298.627396
32.000000,18.000000,1377.179557
33.000000,18.000000,1457.317510
34.000000,18.000000,1547.331145
35.000000,18.000000,1646.132578
36.000000,18.000000,1746.882697
37.000000,18.000000,1864.264753
38.000000,18.000000,1985.354391
20.000000,18.500000,706.485104
21.000000,18.500000,749.930164
22.000000,18.500000,794.497313
23.000000,18.500000,840.186551
24.000000,18.500000,886.997879
25.000000,18.500000,934.931295
26.000000,18.500000,988.179150
27.000000,18.500000,1046.632421
28.000000,18.500000,1106.372085
29.000000,18.500000,1167.398142
30.000000,18.500000,1230.359889
31.000000,18.500000,1306.764102
32.000000,18.500000,1385.481767
33.000000,18.500000,1465.785548
34.000000,18.500000,1557.331902
35.000000,18.500000,1656.052193
36.000000,18.500000,1757.609613
37.000000,18.500000,1876.044536
38.000000,18.500000,1997.538650
20.000000,19.000000,710.961478
21.000000,19.000000,754.527577
22.000000,19.000000,799.216860
23.000000,19.000000,845.029326
24.000000,19.000000,891.964976
25.000000,19.000000,940.023808
26.000000,19.000000,994.241115
27.000000,19.000000,1052.830524
28.000000,19.000000,1112.707317
29.000000,19.000000,1173.871494
30.000000,19.000000,1237.623624
31.000000,19.000000,1314.920374
32.000000,19.000000,1393.803562
33.000000,19.000000,1474.273186
34.000000,19.000000,1567.356298
35.000000,19.000000,1665.994470
36.000000,19.000000,1768.361209
37.000000,19.000000,1887.851633
38.000000,19.000000,2009.750613
20.000000,19.500000,715.440040
21.000000,19.500000,759.137141
22.000000,19.500000,803.958898
23.000000,19.500000,849.905310
24.000000,19.500000,896.976379
25.000000,19.500000,945.172103
26.000000,19.500000,1000.359376
27.000000,19.500000,1059.077074
28.000000,19.500000,1119.082761
29.000000,19.500000,1180.376436
30.000000,19.500000,1245.654915
31.000000,19.500000,1323.160285
32.000000,19.500000,1402.254151
33.000000,19.500000,1482.936512
34.000000,19.500000,1577.493276
35.000000,19.500000,1676.067913
36.000000,19.500000,1780.105658
37.000000,19.500000,1899.930663
19.000000,20.000000,677.228839
20.000000,20.000000,719.930962
21.000000,20.000000,763.759213
22.000000,20.000000,808.713591
23.000000,20.000000,854.794095
24.000000,20.000000,902.000727
25.000000,20.000000,950.333486
26.000000,20.000000,1006.493057
27.000000,20.000000,1065.339088
28.000000,20.000000,1125.473710
29.000000,20.000000,1186.896922
30.000000,20.000000,1253.705904
31.000000,20.000000,1331.420108
32.000000,20.000000,1410.724865
33.000000,20.000000,1491.620178
34.000000,20.000000,1587.654449
35.000000,20.000000,1686.164632
36.000000,20.000000,1791.878356
37.000000,20.000000,1912.037992
19.000000,20.500000,681.559007
20.000000,20.500000,724.421674
21.000000,20.500000,768.413297
22.000000,20.500000,813.533875
23.000000,20.500000,859.783408
24.000000,20.500000,907.161896
25.000000,20.500000,955.827472
26.000000,20.500000,1012.775710
27.000000,20.500000,1071.711187
28.000000,20.500000,1131.934042
29.000000,20.500000,1193.444277
30.000000,20.500000,1261.788711
31.000000,20.500000,1339.725584
32.000000,20.500000,1419.255614
33.000000,20.500000,1501.534958
34.000000,20.500000,1597.914721
35.000000,20.500000,1696.489440
36.000000,20.500000,1804.177268
37.000000,20.500000,1924.713055
19.000000,21.000000,685.901334
20.000000,21.000000,728.924835
21.000000,21.000000,773.080122
22.000000,21.000000,818.367194
23.000000,21.000000,864.786053
24.000000,21.000000,912.336697
25.000000,21.000000,961.335900
26.000000,21.000000,1019.074497
27.000000,21.000000,1078.099260
28.000000,21.000000,1138.410188
29.000000,21.000000,1200.007281
30.000000,21.000000,1269.891329
31.000000,21.000000,1348.051146
32.000000,21.000000,1427.806722
33.000000,21.000000,1511.473952
34.000000,21.000000,1608.199692
35.000000,21.000000,1706.838568
36.000000,21.000000,1816.506666
37.000000,21.000000,1937.418885
19.000000,21.500000,690.178433
20.000000,21.500000,733.386997
21.000000,21.500000,777.730965
22.000000,21.500000,823.210337
23.000000,21.500000,869.825113
24.000000,21.500000,917.575293
25.000000,21.500000,967.603935
26.000000,21.500000,1025.473018
27.000000,21.500000,1084.628770
28.000000,21.500000,1145.071191
29.000000,21.500000,1206.800281
30.000000,21.500000,1278.271814
31.000000,21.500000,1356.561781
32.000000,21.500000,1436.446142
33.000000,21.500000,1521.636384
34.000000,21.500000,1618.426949
35.000000,21.500000,1717.128200
36.000000,21.500000,1828.882747
37.000000,21.500000,1950.172964
19.000000,22.000000,694.467547
20.000000,22.000000,737.861549
21.000000,22.000000,782.394579
22.000000,22.000000,828.066637
23.000000,22.000000,874.877722
24.000000,22.000000,922.827835
25.000000,22.000000,973.888546
26.000000,22.000000,1031.888150
27.000000,22.000000,1091.174924
28.000000,22.000000,1151.748868
29.000000,22.000000,1213.609982
30.000000,22.000000,1286.673378
31.000000,22.000000,1365.093317
32.000000,22.000000,1445.106284
33.000000,22.000000,1531.823689
34.000000,22.000000,1628.678704
35.000000,22.000000,1727.441946
36.000000,22.000000,1841.289352
37.000000,22.000000,1962.957836
19.000000,22.500000,698.768271
20.000000,22.500000,742.352210
21.000000,22.500000,787.078901
22.000000,22.500000,832.948347
23.000000,22.500000,879.960545
24.000000,22.500000,928.115496
25.000000,22.500000,980.174720
26.000000,22.500000,1038.313650
27.000000,22.500000,1097.740649
28.000000,22.500000,1158.455718
29.000000,22.500000,1220.458856
30.000000,22.500000,1295.127805
31.000000,22.500000,1373.700519
32.000000,22.500000,1453.866373
33.000000,22.500000,1542.087808
34.000000,22.500000,1638.985273
35.000000,22.500000,1737.785767
36.000000,22.500000,1853.804709
37.000000,22.500000,1975.802950
19.000000,23.000000,703.081089
20.000000,23.000000,746.855352
21.000000,23.000000,791.776100
22.000000,23.000000,837.843333
23.000000,23.000000,885.057051
24.000000,23.000000,933.417253
25.000000,23.000000,986.477510
26.000000,23.000000,1044.755843
27.000000,23.000000,1104.323144
28.000000,23.000000,1165.179410
29.000000,23.000000,1227.324643
30.000000,23.000000,1303.603658
31.000000,23.000000,1382.329122
32.000000,23.000000,1462.647836
33.000000,23.000000,1552.377460
34.000000,23.000000,1649.316719
35.000000,23.000000,1748.153814
36.000000,23.000000,1866.350835
37.000000,23.000000,1988.678911
19.000000,23.500000,707.372408
20.000000,23.500000,751.339852
21.000000,23.500000,796.457636
22.000000,23.500000,842.725763
23.000000,23.500000,890.144230
24.000000,23.500000,938.713038
25.000000,23.500000,992.735927
26.000000,23.500000,1051.165505
27.000000,23.500000,1110.884882
28.000000,23.500000,1171.894058
29.000000,23.500000,1235.213117
30.000000,23.500000,1312.079086
31.000000,23.500000,1390.966073
32.000000,23.500000,1471.446845
33.000000,23.500000,1562.801252
34.000000,23.500000,1659.999209
35.000000,23.500000,1760.245167
36.000000,23.500000,1879.319947
37.000000,23.500000,2001.659770
19.000000,24.000000,711.675786
20.000000,24.000000,755.836811
21.000000,24.000000,801.152040
22.000000,24.000000,847.621473
23.000000,24.000000,895.245110
24.000000,24.000000,944.022952
25.000000,24.000000,999.010939
26.000000,24.000000,1057.591839
27.000000,24.000000,1117.463372
28.000000,24.000000,1178.625536
29.000000,24.000000,1243.121739
30.000000,24.000000,1320.575949
31.000000,24.000000,1399.624479
32.000000,24.000000,1480.267329
33.000000,24.000000,1573.251123
34.000000,24.000000,1670.707950
35.000000,24.000000,1772.366974
36.000000,24.000000,1892.321420
37.000000,24.000000,2014.671813
19.000000,24.500000,715.949080
20.000000,24.500000,760.307672
21.000000,24.500000,805.824419
22.000000,24.500000,852.499323
23.000000,24.500000,900.332381
24.000000,24.500000,949.323596
25.000000,24.500000,1005.245006
26.000000,24.500000,1063.990343
27.000000,24.500000,1124.027366
28.000000,24.500000,1185.356076
29.000000,24.500000,1251.454910
30.000000,24.500000,1329.079162
31.000000,24.500000,1408.298216
32.000000,24.500000,1489.230908
33.000000,24.500000,1583.814270
34.000000,24.500000,1681.590837
35.000000,24.500000,1785.510935
36.000000,24.500000,1905.599685
18.000000,25.000000,676.839913
19.000000,25.000000,720.234372
20.000000,25.000000,764.790945
21.000000,25.000000,810.509632
22.000000,25.000000,857.390432
23.000000,25.000000,905.433346
24.000000,25.000000,954.638374
25.000000,25.000000,1011.495634
26.000000,25.000000,1070.405518
27.000000,25.000000,1130.608143
28.000000,25.000000,1192.103510
29.000000,25.000000,1259.809616
30.000000,25.000000,1337.603935
31.000000,25.000000,1416.993535
32.000000,25.000000,1498.216482
33.000000,25.000000,1594.404039
34.000000,25.000000,1692.500833
35.000000,25.000000,1798.689386
36.000000,25.000000,1918.911811
18.000000,25.500000,681.018717
19.000000,25.500000,724.601692
20.000000,25.500000,769.350354
21.000000,25.500000,815.264701
22.000000,25.500000,862.344735
23.000000,25.500000,910.590456
24.000000,25.500000,960.368016
25.000000,25.500000,1017.770623
26.000000,25.500000,1076.847974
27.000000,25.500000,1137.219629
28.000000,25.500000,1198.885588
29.000000,25.500000,1268.200571
30.000000,25.500000,1346.185699
31.000000,25.500000,1425.766541
32.000000,25.500000,1508.636888
33.000000,25.500000,1605.102825
34.000000,25.500000,1703.480480
35.000000,25.500000,1811.815284
36.000000,25.500000,1932.169699
18.000000,26.000000,685.209527
19.000000,26.000000,728.981390
20.000000,26.000000,773.922517
21.000000,26.000000,820.032909
22.000000,26.000000,867.312565
23.000000,26.000000,915.761485
24.000000,26.000000,966.113171
25.000000,26.000000,1024.062280
26.000000,26.000000,1083.307256
27.000000,26.000000,1143.848097
28.000000,26.000000,1205.684806
29.000000,26.000000,1276.613416
30.000000,26.000000,1354.789393
31.000000,26.000000,1434.561518
32.000000,26.000000,1519.084074
33.000000,26.000000,1615.828674
34.000000,26.000000,1714.487474
35.000000,26.000000,1824.975316
36.000000,26.000000,1945.461093
18.000000,26.500000,689.498356
19.000000,26.500000,733.444548
20.000000,26.500000,778.562882
21.000000,26.500000,824.853356
22.000000,26.500000,872.315971
23.000000,26.500000,920.950727
24.000000,26.500000,972.220664
25.000000,26.500000,1030.358849
26.000000,26.500000,1089.795104
27.000000,26.500000,1150.529429
28.000000,26.500000,1212.561823
29.000000,26.500000,1285.155687
30.000000,26.500000,1363.572982
31.000000,26.500000,1443.588798
32.000000,26.500000,1529.809600
33.000000,26.500000,1626.725293
34.000000,26.500000,1725.553120
35.000000,26.500000,1838.082371
36.000000,26.500000,1958.697837
18.000000,27.000000,693.799671
19.000000,27.000000,737.920490
20.000000,27.000000,783.216330
21.000000,27.000000,829.687191
22.000000,27.000000,877.333073
23.000000,27.000000,926.153976
24.000000,27.000000,978.344668
25.000000,27.000000,1036.672169
26.000000,27.000000,1096.299945
27.000000,27.000000,1157.227995
28.000000,27.000000,1219.456320
29.000000,27.000000,1293.720420
30.000000,27.000000,1372.379308
31.000000,27.000000,1452.639089
32.000000,27.000000,1540.563177
33.000000,27.000000,1637.649700
34.000000,27.000000,1736.646291
35.000000,27.000000,1851.223205
36.000000,27.000000,1971.967737
18.000000,27.500000,698.193605
19.000000,27.500000,742.471170
20.000000,27.500000,787.926034
21.000000,27.500000,834.558196
22.000000,27.500000,882.367656
23.000000,27.500000,931.354415
24.000000,27.500000,984.445091
25.000000,27.500000,1042.976451
26.000000,27.500000,1102.809957
27.000000,27.500000,1163.945610
28.000000,27.500000,1226.424187
29.000000,27.500000,1302.328528
30.000000,27.500000,1381.235807
31.000000,27.500000,1461.746782
32.000000,27.500000,1551.374559
33.000000,27.500000,1648.696140
34.000000,27.500000,1747.943783
35.000000,27.500000,1864.475102
36.000000,27.500000,1985.267925
18.000000,28.000000,702.600498
19.000000,28.000000,747.035029
20.000000,28.000000,792.649137
21.000000,28.000000,839.442822
22.000000,28.000000,887.416084
23.000000,28.000000,936.568922
24.000000,28.000000,990.562147
25.000000,28.000000,1049.297602
26.000000,28.000000,1109.337076
27.000000,28.000000,1170.680569
28.000000,28.000000,1233.409779
29.000000,28.000000,1310.959266
30.000000,28.000000,1390.115256
31.000000,28.000000,1470.877748
32.000000,28.000000,1562.214295
33.000000,28.000000,1659.770998
34.000000,28.000000,1759.269812
35.000000,28.000000,1877.761365
36.000000,28.000000,1998.601390
18.000000,28.500000,707.095152
19.000000,28.500000,751.676659
20.000000,28.500000,797.439439
21.000000,28.500000,844.383491
22.000000,28.500000,892.508816
23.000000,28.500000,941.815413
24.000000,28.500000,996.746758
25.000000,28.500000,1055.731522
26.000000,28.500000,1116.024019
27.000000,28.500000,1177.624248
28.000000,28.500000,1242.073435
29.000000,28.500000,1319.802293
30.000000,28.500000,1399.137704
31.000000,28.500000,1480.079671
32.000000,28.500000,1573.157538
33.000000,28.500000,1671.019454
34.000000,28.500000,1772.688531
35.000000,28.500000,1891.340364
18.000000,29.000000,711.603213
19.000000,29.000000,756.331853
20.000000,29.000000,802.243461
21.000000,29.000000,849.338038
22.000000,29.000000,897.615584
23.000000,29.000000,947.076098
24.000000,29.000000,1002.948288
25.000000,29.000000,1062.182817
26.000000,29.000000,1122.728795
27.000000,29.000000,1184.586224
28.000000,29.000000,1250.760759
29.000000,29.000000,1328.668968
30.000000,29.000000,1408.183784
31.000000,29.000000,1489.305206
32.000000,29.000000,1584.129685
33.000000,29.000000,1682.297234
34.000000,29.000000,1786.143783
35.000000,29.000000,1904.955333
18.000000,29.500000,716.092241
19.000000,29.500000,760.983269
20.000000,29.500000,807.059467
21.000000,29.500000,854.320832
22.000000,29.500000,902.767366
23.000000,29.500000,952.399069
24.000000,29.500000,1009.249537
25.000000,29.500000,1068.732950
26.000000,29.500000,1129.531543
27.000000,29.500000,1191.645314
28.000000,29.500000,1259.500801
29.000000,29.500000,1337.588370
30.000000,29.500000,1417.282776
31.000000,29.500000,1499.360250
32.000000,29.500000,1595.178865
33.000000,29.500000,1693.631360
34.000000,29.500000,1799.555687
35.000000,29.500000,1918.525380
18.000000,30.000000,720.594615
19.000000,30.000000,765.648254
20.000000,30.000000,811.889263
21.000000,30.000000,859.317642
22.000000,30.000000,907.933390
23.000000,30.000000,957.736509
24.000000,30.000000,1015.568144
25.000000,30.000000,1075.300898
26.000000,30.000000,1136.352564
27.000000,30.000000,1198.723144
28.000000,30.000000,1268.264830
29.000000,30.000000,1346.531755
30.000000,30.000000,1426.405744
31.000000,30.000000,1509.441966
32.000000,30.000000,1606.257381
33.000000,30.000000,1704.995043
34.000000,30.000000,1813.003788
35.000000,30.000000,1932.131064
18.000000,30.500000,725.113417
19.000000,30.500000,770.353848
20.000000,30.500000,816.784848
21.000000,30.500000,864.406416
22.000000,30.500000,913.218552
23.000000,30.500000,963.699191
24.000000,30.500000,1022.040224
25.000000,30.500000,1081.994196
26.000000,30.500000,1143.269577
27.000000,30.500000,1205.866366
28.000000,30.500000,1277.036858
29.000000,30.500000,1355.490217
30.000000,30.500000,1435.551227
31.000000,30.500000,1520.294438
32.000000,30.500000,1617.383769
33.000000,30.500000,1716.395949
34.000000,30.500000,1826.408082
35.000000,30.500000,1945.691376
17.000000,31.000000,685.411877
18.000000,31.000000,729.645669
19.000000,31.000000,775.073232
20.000000,31.000000,821.694566
21.000000,31.000000,869.509671
22.000000,31.000000,918.518546
23.000000,31.000000,969.678795
24.000000,31.000000,1028.530392
25.000000,31.000000,1088.705894
26.000000,31.000000,1150.205301
27.000000,31.000000,1213.028613
28.000000,31.000000,1285.832960
29.000000,31.000000,1364.472788
30.000000,31.000000,1444.720851
31.000000,31.000000,1531.176342
32.000000,31.000000,1628.539686
33.000000,31.000000,1727.826483
34.000000,31.000000,1839.848241
35.000000,31.000000,1959.286995
17.000000,31.500000,689.762805
18.000000,31.500000,734.201601
19.000000,31.500000,779.838147
20.000000,31.500000,826.672445
21.000000,31.500000,874.704492
22.000000,31.500000,923.934290
23.000000,31.500000,976.087788
24.000000,31.500000,1035.133704
25.000000,31.500000,1095.505019
26.000000,31.500000,1157.201732
27.000000,31.500000,1220.223844
28.000000,31.500000,1294.634672
29.000000,31.500000,1373.475594
30.000000,31.500000,1453.925762
31.000000,31.500000,1542.156720
32.000000,31.500000,1639.847980
33.000000,31.500000,1739.465454
34.000000,31.500000,1853.390343
35.000000,31.500000,1972.905494
17.000000,32.000000,694.126899
18.000000,32.000000,738.771134
19.000000,32.000000,784.617106
20.000000,32.000000,831.664815
21.000000,32.000000,879.914260
22.000000,32.000000,929.365443
23.000000,32.000000,982.515224
24.000000,32.000000,1041.755643
25.000000,32.000000,1102.322955
26.000000,32.000000,1164.217159
27.000000,32.000000,1227.438255
28.000000,32.000000,1303.460565
29.000000,32.000000,1382.502672
30.000000,32.000000,1463.155033
31.000000,32.000000,1553.167022
32.000000,32.000000,1651.186567
33.000000,32.000000,1751.135088
34.000000,32.000000,1866.968858
35.000000,32.000000,1986.559369
17.000000,32.500000,698.597428
18.000000,32.500000,743.437238
19.000000,32.500000,789.482168
20.000000,32.500000,836.732217
21.000000,32.500000,885.187385
22.000000,32.500000,934.847672
23.000000,32.500000,988.965271
24.000000,32.500000,1048.397669
25.000000,32.500000,1109.158620
26.000000,32.500000,1171.248124
27.000000,32.500000,1235.355464
28.000000,32.500000,1312.293520
29.000000,32.500000,1391.548727
30.000000,32.500000,1472.415101
31.000000,32.500000,1564.284150
32.000000,32.500000,1662.675616
33.000000,32.500000,1763.985471
34.000000,32.500000,1880.642695
35.000000,32.500000,2000.327825
17.000000,33.000000,703.081669
18.000000,33.000000,748.117427
19.000000,33.000000,794.361692
20.000000,33.000000,841.814464
21.000000,33.000000,890.475742
22.000000,33.000000,940.345526
23.000000,33.000000,995.433852
24.000000,33.000000,1055.058419
25.000000,33.000000,1116.013201
26.000000,33.000000,1178.298198
27.000000,33.000000,1243.294495
28.000000,33.000000,1321.150818
29.000000,33.000000,1400.619222
30.000000,33.000000,1481.699707
31.000000,33.000000,1575.431746
32.000000,33.000000,1674.195756
33.000000,33.000000,1776.871209
34.000000,33.000000,1894.353823
35.000000,33.000000,2014.132800
17.000000,33.500000,707.654551
18.000000,33.500000,752.885650
19.000000,33.500000,799.328542
20.000000,33.500000,846.983227
21.000000,33.500000,895.849705
22.000000,33.500000,945.927975
23.000000,33.500000,1001.968748
24.000000,33.500000,1061.774963
25.000000,33.500000,1122.912812
26.000000,33.500000,1185.382295
27.000000,33.500000,1251.959804
28.000000,33.500000,1330.041789
29.000000,33.500000,1409.737350
30.000000,33.500000,1491.053948
31.000000,33.500000,1586.678115
32.000000,33.500000,1685.793150
33.000000,33.500000,1790.397649
34.000000,33.500000,1907.977072
17.000000,34.000000,712.241587
18.000000,34.000000,757.668391
19.000000,34.000000,804.310278
20.000000,34.000000,852.167249
21.000000,34.000000,901.239304
22.000000,34.000000,951.526443
23.000000,34.000000,1008.522497
24.000000,34.000000,1068.510509
25.000000,34.000000,1129.831575
26.000000,34.000000,1192.485696
27.000000,34.000000,1260.649577
28.000000,34.000000,1338.957391
29.000000,34.000000,1418.880275
30.000000,34.000000,1500.433180
31.000000,34.000000,1597.955510
32.000000,34.000000,1697.421966
33.000000,34.000000,1803.961673
34.000000,34.000000,1921.637132
17.000000,34.500000,716.837469
18.000000,34.500000,762.504428
19.000000,34.500000,809.391647
20.000000,34.500000,857.499127
21.000000,34.500000,906.826869
22.000000,34.500000,957.374872
23.000000,34.500000,1015.284929
24.000000,34.500000,1075.400315
25.000000,34.500000,1136.847754
26.000000,34.500000,1199.627244
27.000000,34.500000,1269.349016
28.000000,34.500000,1347.881830
29.000000,34.500000,1428.031082
30.000000,34.500000,1511.402240
31.000000,34.500000,1609.277525
32.000000,34.500000,1709.099547
33.000000,34.500000,1817.439268
34.000000,34.500000,1935.208433
17.000000,35.000000,721.447585
18.000000,35.000000,767.355297
19.000000,35.000000,814.488459
20.000000,35.000000,862.847070
21.000000,35.000000,912.431130
22.000000,35.000000,963.240640
23.000000,35.000000,1022.067283
24.000000,35.000000,1082.309889
25.000000,35.000000,1143.883545
26.000000,35.000000,1206.788252
27.000000,35.000000,1278.072944
28.000000,35.000000,1356.830911
29.000000,35.000000,1437.206684
30.000000,35.000000,1522.402010
31.000000,35.000000,1620.630642
32.000000,35.000000,1720.808623
33.000000,35.000000,1830.953965
34.000000,35.000000,1948.816066
17.000000,35.500000,726.067623
18.000000,35.500000,772.233196
19.000000,35.500000,819.629840
20.000000,35.500000,868.257555
21.000000,35.500000,918.116342
22.000000,35.500000,969.883821
23.000000,35.500000,1028.868065
24.000000,35.500000,1089.224823
25.000000,35.500000,1150.911581
26.000000,35.500000,1213.928340
27.000000,35.500000,1286.811512
28.000000,35.500000,1365.817689
29.000000,35.500000,1446.443475
30.000000,35.500000,1533.538127
31.000000,35.500000,1632.158859
32.000000,35.500000,1732.732896
33.000000,35.500000,1844.510314
34.000000,35.500000,1962.383826
16.000000,36.000000,685.514552
17.000000,36.000000,730.701958
18.000000,36.000000,777.126068
19.000000,36.000000,824.786883
20.000000,36.000000,873.684403
21.000000,36.000000,923.818627
22.000000,36.000000,976.547060
23.000000,36.000000,1035.688834
24.000000,36.000000,1096.159557
25.000000,36.000000,1157.959229
26.000000,36.000000,1221.087850
27.000000,36.000000,1295.574793
28.000000,36.000000,1374.829408
29.000000,36.000000,1455.705435
30.000000,36.000000,1544.705661
31.000000,36.000000,1643.719069
32.000000,36.000000,1744.689739
33.000000,36.000000,1858.104087
34.000000,36.000000,1975.987736
16.000000,36.500000,689.938533
17.000000,36.500000,735.388937
18.000000,36.500000,782.081946
19.000000,36.500000,830.017560
20.000000,36.500000,879.195778
21.000000,36.500000,929.616601
22.000000,36.500000,983.277872
23.000000,36.500000,1042.531787
24.000000,36.500000,1103.113652
25.000000,36.500000,1165.023469
26.000000,36.500000,1228.261237
27.000000,36.500000,1304.410515
28.000000,36.500000,1383.924954
29.000000,36.500000,1465.063048
30.000000,36.500000,1556.054769
31.000000,36.500000,1655.503572
32.000000,36.500000,1757.262706
33.000000,36.500000,1871.920679
34.000000,36.500000,1989.939730
16.000000,37.000000,694.376345
17.000000,37.000000,740.090462
18.000000,37.000000,787.053096
19.000000,37.000000,835.264245
20.000000,37.000000,884.723910
21.000000,37.000000,935.432091
22.000000,37.000000,990.028931
23.000000,37.000000,1049.394799
24.000000,37.000000,1110.087617
25.000000,37.000000,1172.107385
26.000000,37.000000,1235.454104
27.000000,37.000000,1313.271302
28.000000,37.000000,1393.045848
29.000000,37.000000,1474.446292
30.000000,37.000000,1567.436182
31.000000,37.000000,1667.321182
32.000000,37.000000,1769.870893
33.000000,37.000000,1885.776059
34.000000,37.000000,2003.929900
16.000000,37.500000,698.949663
17.000000,37.500000,744.856907
18.000000,37.500000,792.015607
19.000000,37.500000,840.425762
20.000000,37.500000,890.087372
21.000000,37.500000,941.000437
22.000000,37.500000,996.442047
23.000000,37.500000,1056.035871
24.000000,37.500000,1116.958997
25.000000,37.500000,1179.211424
26.000000,37.500000,1244.088911
27.000000,37.500000,1322.322231
28.000000,37.500000,1402.349326
29.000000,37.500000,1484.004172
30.000000,37.500000,1579.018456
31.000000,37.500000,1679.277428
32.000000,37.500000,1783.521505
33.000000,37.500000,1899.563336
16.000000,38.000000,703.537551
17.000000,38.000000,749.638250
18.000000,38.000000,796.993347
19.000000,38.000000,845.602842
20.000000,38.000000,895.466734
21.000000,38.000000,946.585025
22.000000,38.000000,1002.874049
23.000000,38.000000,1062.696149
24.000000,38.000000,1123.849904
25.000000,38.000000,1186.335311
26.000000,38.000000,1252.748875
27.000000,38.000000,1331.399149
28.000000,38.000000,1411.679026
29.000000,38.000000,1493.588508
30.000000,38.000000,1590.633936
31.000000,38.000000,1691.267320
32.000000,38.000000,1797.211120
33.000000,38.000000,1913.389003
16.000000,38.500000,708.165745
17.000000,38.500000,754.460780
18.000000,38.500000,802.012696
19.000000,38.500000,850.821492
20.000000,38.500000,900.887170
21.000000,38.500000,952.209729
22.000000,38.500000,1009.358266
23.000000,38.500000,1069.418430
24.000000,38.500000,1130.813477
25.000000,38.500000,1193.543407
26.000000,38.500000,1261.654759
27.000000,38.500000,1340.526169
28.000000,38.500000,1421.027826
29.000000,38.500000,1504.044988
30.000000,38.500000,1602.284455
31.000000,38.500000,1703.309761
16.000000,39.000000,712.808715
17.000000,39.000000,759.298393
18.000000,39.000000,807.047438
19.000000,39.000000,856.055849
20.000000,39.000000,906.323626
21.000000,39.000000,957.850769
22.000000,39.000000,1015.861450
23.000000,39.000000,1076.160078
24.000000,39.000000,1137.796823
25.000000,39.000000,1200.771683
26.000000,39.000000,1270.586748
27.000000,39.000000,1349.679368
28.000000,39.000000,1430.402878
29.000000,39.000000,1514.531165
30.000000,39.000000,1613.968194
31.000000,39.000000,1715.385926
16.000000,39.500000,717.508111
17.000000,39.500000,764.192300
18.000000,39.500000,812.138253
19.000000,39.500000,861.345969
20.000000,39.500000,911.815447
21.000000,39.500000,963.709178
22.000000,39.500000,1022.446448
23.000000,39.500000,1083.001525
24.000000,39.500000,1144.898692
25.000000,39.500000,1208.137948
26.000000,39.500000,1279.671709
27.000000,39.500000,1359.010974
28.000000,39.500000,1439.982742
29.000000,39.500000,1526.148560
30.000000,39.500000,1625.996241
31.000000,39.500000,1727.828133
16.000000,40.000000,722.222539
17.000000,40.000000,769.101540
18.000000,40.000000,817.244702
19.000000,40.000000,866.652027
20.000000,40.000000,917.323513
21.000000,40.000000,969.584821
22.000000,40.000000,1029.050775
23.000000,40.000000,1089.862797
24.000000,40.000000,1152.020886
25.000000,40.000000,1215.525043
26.000000,40.000000,1288.783525
27.000000,40.000000,1368.369633
28.000000,40.000000,1449.589859
29.000000,40.000000,1537.800224
30.000000,40.000000,1638.059124
31.000000,40.000000,1740.305741
16.000000,40.500000,726.825993
17.000000,40.500000,773.949904
18.000000,40.500000,822.342288
19.000000,40.500000,872.003146
20.000000,40.500000,922.932478
21.000000,40.500000,976.099376
22.000000,40.500000,1035.792817
23.000000,40.500000,1096.835347
24.000000,40.500000,1159.226968
25.000000,40.500000,1222.967678
26.000000,40.500000,1297.938449
27.000000,40.500000,1377.796278
28.000000,40.500000,1459.290504
29.000000,40.500000,1549.654693
30.000000,40.500000,1650.383504
15.000000,41.000000,685.347243
16.000000,41.000000,731.443859
17.000000,41.000000,778.813262
18.000000,41.000000,827.455453
19.000000,41.000000,877.370432
20.000000,41.000000,928.558199
21.000000,41.000000,982.633607
22.000000,41.000000,1042.554893
23.000000,41.000000,1103.828295
24.000000,41.000000,1166.453811
25.000000,41.000000,1230.431443
26.000000,41.000000,1307.120532
27.000000,41.000000,1387.250384
28.000000,41.000000,1469.018911
29.000000,41.000000,1561.544457
30.000000,41.000000,1662.744038
15.000000,41.500000,689.700466
16.000000,41.500000,736.075787
17.000000,41.500000,783.729679
18.000000,41.500000,832.662141
19.000000,41.500000,882.873174
20.000000,41.500000,934.362778
21.000000,41.500000,989.348547
22.000000,41.500000,1049.462664
23.000000,41.500000,1110.930522
24.000000,41.500000,1173.752123
25.000000,41.500000,1238.474314
26.000000,41.500000,1316.335407
27.000000,41.500000,1396.739927
28.000000,41.500000,1478.785072
29.000000,41.500000,1573.535293
30.000000,41.500000,1675.202614
15.000000,42.000000,694.067362
16.000000,42.000000,740.722185
17.000000,42.000000,788.661365
18.000000,42.000000,837.884904
19.000000,42.000000,888.392801
20.000000,42.000000,940.185056
21.000000,42.000000,996.084125
22.000000,42.000000,1056.391240
23.000000,42.000000,1118.053726
24.000000,42.000000,1181.071581
25.000000,42.000000,1246.540765
26.000000,42.000000,1325.577658
27.000000,42.000000,1406.257125
28.000000,42.000000,1488.579166
29.000000,42.000000,1585.561822
30.000000,42.000000,1687.697670
15.000000,42.500000,698.503747
16.000000,42.500000,745.438421
17.000000,42.500000,793.663156
18.000000,42.500000,843.177950
19.000000,42.500000,893.982803
20.000000,42.500000,946.077717
21.000000,42.500000,1002.830763
22.000000,42.500000,1063.327596
23.000000,42.500000,1125.181447
24.000000,42.500000,1188.392314
25.000000,42.500000,1255.519441
26.000000,42.500000,1334.832835
27.000000,42.500000,1415.790233
28.000000,42.500000,1498.650416
29.000000,42.500000,1597.671462
30.000000,42.500000,1700.281368
15.000000,43.000000,702.954140
16.000000,43.000000,750.169458
17.000000,43.000000,798.680541
18.000000,43.000000,848.487389
19.000000,43.000000,899.590003
20.000000,43.000000,951.988383
21.000000,43.000000,1009.598085
22.000000,43.000000,1070.284794
23.000000,43.000000,1132.330169
24.000000,43.000000,1195.734209
25.000000,43.000000,1264.525305
26.000000,43.000000,1344.115444
27.000000,43.000000,1425.351016
28.000000,43.000000,1508.750618
29.000000,43.000000,1609.817004
30.000000,43.000000,1712.901769
15.000000,43.500000,707.698796
16.000000,43.500000,755.154765
17.000000,43.500000,803.910207
18.000000,43.500000,853.965119
19.000000,43.500000,905.319504
20.000000,43.500000,957.973359
21.000000,43.500000,1016.376319
22.000000,43.500000,1077.251373
23.000000,43.500000,1139.486632
24.000000,43.500000,1203.082097
25.000000,43.500000,1273.569818
26.000000,43.500000,1353.472954
27.000000,43.500000,1435.025097
28.000000,43.500000,1520.651281
29.000000,43.500000,1622.191124
30.000000,43.500000,1725.753301
15.000000,44.000000,712.459120
16.000000,44.000000,760.156271
17.000000,44.000000,809.156602
18.000000,44.000000,859.460111
19.000000,44.000000,911.066799
20.000000,44.000000,963.976666
21.000000,44.000000,1023.175270
22.000000,44.000000,1084.238813
23.000000,44.000000,1146.664102
24.000000,44.000000,1210.451137
25.000000,44.000000,1282.641678
26.000000,44.000000,1362.858303
27.000000,44.000000,1444.727513
28.000000,44.000000,1532.588376
29.000000,44.000000,1634.602403
30.000000,44.000000,1738.642714
15.000000,44.500000,717.455145
16.000000,44.500000,765.342895
17.000000,44.500000,814.535470
18.000000,44.500000,865.032871
19.000000,44.500000,916.835098
20.000000,44.500000,970.260901
21.000000,44.500000,1029.915246
22.000000,44.500000,1091.185282
23.000000,44.500000,1153.818972
24.000000,44.500000,1217.816315
25.000000,44.500000,1291.752650
26.000000,44.500000,1372.299120
27.000000,44.500000,1454.501569
28.000000,44.500000,1544.657503
29.000000,44.500000,1647.152790
30.000000,44.500000,1751.679378
15.000000,45.000000,722.468186
16.000000,45.000000,770.546753
17.000000,45.000000,819.931794
18.000000,45.000000,870.623308
19.000000,45.000000,922.621295
20.000000,45.000000,976.564624
21.000000,45.000000,1036.675805
22.000000,45.000000,1098.152548
23.000000,45.000000,1160.994852
24.000000,45.000000,1225.202718
25.000000,45.000000,1300.891353
26.000000,45.000000,1381.768186
27.000000,45.000000,1464.304392
28.000000,45.000000,1556.763766
29.000000,45.000000,1659.741154
30.000000,45.000000,1764.754862
15.000000,45.500000,727.561468
16.000000,45.500000,775.825245
17.000000,45.500000,825.396884
18.000000,45.500000,876.276386
19.000000,45.500000,928.463751
20.000000,45.500000,983.170371
21.000000,45.500000,1043.480692
22.000000,45.500000,1105.158395
23.000000,45.500000,1168.203481
24.000000,45.500000,1232.615950
25.000000,45.500000,1310.085997
26.000000,45.500000,1391.290573
27.000000,45.500000,1474.157439
28.000000,45.500000,1568.953874
29.000000,45.500000,1672.407268
15.000000,46.000000,732.672155
16.000000,46.000000,781.121321
17.000000,46.000000,830.879741
18.000000,46.000000,881.947412
19.000000,46.000000,934.324336
20.000000,46.000000,989.796698
21.000000,46.000000,1050.306345
22.000000,46.000000,1112.185197
23.000000,46.000000,1175.433253
24.000000,46.000000,1240.050513
25.000000,46.000000,1319.308614
26.000000,46.000000,1400.841407
27.000000,46.000000,1484.039407
28.000000,46.000000,1581.181364
29.000000,46.000000,1685.111557
15.000000,46.500000,737.649154
16.000000,46.500000,786.332769
17.000000,46.500000,836.328968
18.000000,46.500000,887.637752
19.000000,46.500000,940.259120
20.000000,46.500000,996.521130
21.000000,46.500000,1057.215350
22.000000,46.500000,1119.279973
23.000000,46.500000,1182.714997
24.000000,46.500000,1248.717017
25.000000,46.500000,1328.595724
26.000000,46.500000,1410.447265
27.000000,46.500000,1493.966285
28.000000,46.500000,1593.484745
29.000000,46.500000,1697.885790
14.000000,47.000000,695.040107
15.000000,47.000000,742.642727
16.000000,47.000000,791.561265
17.000000,47.000000,841.795721
18.000000,47.000000,893.346095
19.000000,47.000000,946.212388
20.000000,47.000000,1003.266637
21.000000,47.000000,1064.145530
22.000000,47.000000,1126.396022
23.000000,47.000000,1190.018114
24.000000,47.000000,1257.410112
25.000000,47.000000,1337.911051
26.000000,47.000000,1420.081742
27.000000,47.000000,1503.922183
28.000000,47.000000,1605.825695
29.000000,47.000000,1710.698349
14.000000,47.500000,699.463736
15.000000,47.500000,747.358513
16.000000,47.500000,796.575579
17.000000,47.500000,847.114935
18.000000,47.500000,898.976579
19.000000,47.500000,952.160513
20.000000,47.500000,1009.997382
21.000000,47.500000,1071.072906
22.000000,47.500000,1133.521335
23.000000,47.500000,1197.342668
24.000000,47.500000,1266.489105
25.000000,47.500000,1347.339534
26.000000,47.500000,1429.864242
27.000000,47.500000,1515.574698
28.000000,47.500000,1618.368770
29.000000,47.500000,1723.676853
14.000000,48.000000,703.901340
15.000000,48.000000,752.089141
16.000000,48.000000,801.605611
17.000000,48.000000,852.450751
18.000000,48.000000,904.624560
19.000000,48.000000,958.127038
20.000000,48.000000,1016.749161
21.000000,48.000000,1078.021455
22.000000,48.000000,1140.667960
23.000000,48.000000,1204.688674
24.000000,48.000000,1275.596295
25.000000,48.000000,1356.796862
26.000000,48.000000,1439.676242
27.000000,48.000000,1527.263673
28.000000,48.000000,1630.950609
29.000000,48.000000,1736.694538
14.000000,48.500000,708.446207
15.000000,48.500000,756.922720
16.000000,48.500000,806.734070
17.000000,48.500000,857.880256
18.000000,48.500000,910.361278
19.000000,48.500000,964.177135
20.000000,48.500000,1023.567003
21.000000,48.500000,1085.080702
22.000000,48.500000,1147.971747
23.000000,48.500000,1212.240140
24.000000,48.500000,1284.976329
25.000000,48.500000,1366.457411
26.000000,48.500000,1449.618751
27.000000,48.500000,1539.578294
28.000000,48.500000,1643.875473
29.000000,48.500000,1750.237248
14.000000,49.000000,713.005613
15.000000,49.000000,761.771673
16.000000,49.000000,811.878744
17.000000,49.000000,863.326828
18.000000,49.000000,916.115923
19.000000,49.000000,970.246031
20.000000,49.000000,1030.406223
21.000000,49.000000,1092.161709
22.000000,49.000000,1155.297683
23.000000,49.000000,1219.814144
24.000000,49.000000,1294.386042
25.000000,49.000000,1376.147874
26.000000,49.000000,1459.591411
27.000000,49.000000,1551.931969
28.000000,49.000000,1656.840749
29.000000,49.000000,1763.821728
14.000000,49.500000,717.723100
15.000000,49.500000,766.741879
16.000000,49.500000,817.106110
17.000000,49.500000,868.815794
18.000000,49.500000,921.870931
19.000000,49.500000,976.656966
20.000000,49.500000,1037.185455
21.000000,49.500000,1099.205625
22.000000,49.500000,1162.609875
23.000000,49.500000,1227.398205
24.000000,49.500000,1303.794849
25.000000,49.500000,1385.834457
26.000000,49.500000,1469.556932
27.000000,49.500000,1564.404508
28.000000,49.500000,1669.948346
14.000000,50.000000,722.456020
15.000000,50.000000,771.728118
16.000000,50.000000,822.350115
17.000000,50.000000,874.322010
18.000000,50.000000,927.643804
19.000000,50.000000,983.088100
20.000000,50.000000,1043.985761
21.000000,50.000000,1106.271099
22.000000,50.000000,1169.944113
23.000000,50.000000,1235.004804
24.000000,50.000000,1313.233264
25.000000,50.000000,1395.550855
26.000000,50.000000,1479.552475
27.000000,50.000000,1576.916492
28.000000,50.000000,1683.096827
14.000000,50.500000,727.359546
15.000000,50.500000,776.858885
16.000000,50.500000,827.711219
17.000000,50.500000,879.916548
18.000000,50.500000,933.474870
19.000000,50.500000,989.681346
20.000000,50.500000,1050.921280
21.000000,50.500000,1113.554254
22.000000,50.500000,1177.580269
23.000000,50.500000,1243.417609
24.000000,50.500000,1323.199391
25.000000,50.500000,1405.873532
26.000000,50.500000,1490.234966
27.000000,50.500000,1590.131487
28.000000,50.500000,1696.611618
14.000000,51.000000,732.279490
15.000000,51.000000,782.006496
16.000000,51.000000,833.089594
17.000000,51.000000,885.528786
18.000000,51.000000,939.324070
19.000000,51.000000,996.295464
20.000000,51.000000,1057.878522
21.000000,51.000000,1120.859988
22.000000,51.000000,1185.239862
23.000000,51.000000,1251.856588
24.000000,51.000000,1333.197268
25.000000,51.000000,1416.228509
26.000000,51.000000,1500.950311
27.000000,51.000000,1603.388656
28.000000,51.000000,1710.168649
14.000000,51.500000,737.284405
15.000000,51.500000,787.246128
16.000000,51.500000,838.567459
17.000000,51.500000,891.248399
18.000000,51.500000,945.288948
19.000000,51.500000,1003.104671
20.000000,51.500000,1065.091921
21.000000,51.500000,1128.484418
22.000000,51.500000,1193.282162
23.000000,51.500000,1261.989702
24.000000,51.500000,1343.707598
25.000000,51.500000,1427.121129
26.000000,51.500000,1513.364065
27.000000,51.500000,1617.003423
28.000000,51.500000,1723.853945
13.000000,52.000000,693.472400
14.000000,52.000000,742.306176
15.000000,52.000000,792.503080
16.000000,52.000000,844.063112
17.000000,52.000000,896.986272
18.000000,52.000000,951.272560
19.000000,52.000000,1009.935765
20.000000,52.000000,1072.328347
21.000000,52.000000,1136.133018
22.000000,52.000000,1201.349778
23.000000,52.000000,1272.156272
24.000000,52.000000,1354.252142
25.000000,52.000000,1438.048726
26.000000,52.000000,1525.818354
27.000000,52.000000,1630.662243
28.000000,52.000000,1737.582153
13.000000,52.500000,698.083646
14.000000,52.500000,747.190400
15.000000,52.500000,797.665204
16.000000,52.500000,849.508060
17.000000,52.500000,902.718968
18.000000,52.500000,957.297926
19.000000,52.500000,1016.876969
20.000000,52.500000,1079.676649
21.000000,52.500000,1143.895513
22.000000,52.500000,1209.533562
23.000000,52.500000,1282.389520
24.000000,52.500000,1364.861792
25.000000,52.500000,1449.038835
26.000000,52.500000,1539.269578
27.000000,52.500000,1644.186085
28.000000,52.500000,1751.174637
13.000000,53.000000,702.710127
14.000000,53.000000,752.090582
15.000000,53.000000,802.844014
16.000000,53.000000,854.970426
17.000000,53.000000,908.469816
18.000000,53.000000,963.342185
19.000000,53.000000,1023.840589
20.000000,53.000000,1087.048527
21.000000,53.000000,1151.682752
22.000000,53.000000,1217.743263
23.000000,53.000000,1292.656709
24.000000,53.000000,1375.506046
25.000000,53.000000,1460.064210
26.000000,53.000000,1552.765343
27.000000,53.000000,1657.753594
28.000000,53.000000,1764.809897
13.000000,53.500000,707.165448
14.000000,53.500000,756.882575
15.000000,53.500000,807.980046
16.000000,53.500000,860.457862
17.000000,53.500000,914.316022
18.000000,53.500000,969.554527
19.000000,53.500000,1030.994556
20.000000,53.500000,1094.582122
21.000000,53.500000,1159.601493
22.000000,53.500000,1226.052669
23.000000,53.500000,1302.967437
24.000000,53.500000,1386.199066
25.000000,53.500000,1471.143647
26.000000,53.500000,1566.126847
27.000000,53.500000,1671.183052
13.000000,54.000000,711.634848
14.000000,54.000000,761.689782
15.000000,54.000000,813.132432
16.000000,54.000000,865.962799
17.000000,54.000000,920.180882
18.000000,54.000000,975.786682
19.000000,54.000000,1038.171945
20.000000,54.000000,1102.140108
21.000000,54.000000,1167.545593
22.000000,54.000000,1234.388399
23.000000,54.000000,1313.312218
24.000000,54.000000,1396.926816
25.000000,54.000000,1482.258495
26.000000,54.000000,1579.532235
27.000000,54.000000,1684.655503
13.000000,54.500000,716.220294
14.000000,54.500000,766.583001
15.000000,54.500000,818.339617
16.000000,54.500000,871.490143
17.000000,54.500000,926.034579
18.000000,54.500000,982.461221
19.000000,54.500000,1045.325974
20.000000,54.500000,1109.707010
21.000000,54.500000,1175.531386
22.000000,54.500000,1242.910843
23.000000,54.500000,1323.705551
24.000000,54.500000,1407.711764
25.000000,54.500000,1493.439440
26.000000,54.500000,1592.809109
27.000000,54.500000,1697.991150
13.000000,55.000000,720.820464
14.000000,55.000000,771.491878
15.000000,55.000000,823.563401
16.000000,55.000000,877.035033
17.000000,55.000000,931.906774
18.000000,55.000000,989.157592
19.000000,55.000000,1052.503262
20.000000,55.000000,1117.298286
21.000000,55.000000,1183.542664
22.000000,55.000000,1251.460386
23.000000,55.000000,1334.133084
24.000000,55.000000,1418.531632
25.000000,55.000000,1504.656029
26.000000,55.000000,1606.129270
27.000000,55.000000,1711.369136
13.000000,55.500000,725.628320
14.000000,55.500000,776.590032
15.000000,55.500000,828.956810
16.000000,55.500000,882.728652
17.000000,55.500000,937.905558
18.000000,55.500000,996.059931
19.000000,55.500000,1059.800699
20.000000,55.500000,1124.996994
21.000000,55.500000,1191.648814
22.000000,55.500000,1261.543815
23.000000,55.500000,1344.644350
24.000000,55.500000,1429.475875
25.000000,55.500000,1517.029633
26.000000,55.500000,1619.374973
27.000000,55.500000,1724.623455
13.000000,56.000000,730.452137
14.000000,56.000000,781.704945
15.000000,56.000000,834.367775
16.000000,56.000000,888.440627
17.000000,56.000000,943.923500
18.000000,56.000000,1002.985036
19.000000,56.000000,1067.121980
20.000000,56.000000,1132.720624
21.000000,56.000000,1199.780967
22.000000,56.000000,1271.661234
23.000000,56.000000,1355.190492
24.000000,56.000000,1440.455884
25.000000,56.000000,1529.444149
26.000000,56.000000,1632.663833
27.000000,56.000000,1737.919574
13.000000,56.500000,735.460559
14.000000,56.500000,786.976817
15.000000,56.500000,839.906818
16.000000,56.500000,894.250561
17.000000,56.500000,950.008046
18.000000,56.500000,1009.986228
19.000000,56.500000,1074.520415
20.000000,56.500000,1140.521838
21.000000,56.500000,1207.990499
22.000000,56.500000,1281.844052
23.000000,56.500000,1365.825663
24.000000,56.500000,1451.549292
13.000000,57.000000,740.486047
14.000000,57.000000,792.266357
15.000000,57.000000,845.464130
16.000000,57.000000,900.079367
17.000000,57.000000,956.112069
18.000000,57.000000,1017.010610
19.000000,57.000000,1081.943092
20.000000,57.000000,1148.348343
21.000000,57.000000,1216.226364
22.000000,57.000000,1292.061142
23.000000,57.000000,1376.496115
24.000000,57.000000,1462.678996
13.000000,57.500000,745.623008
14.000000,57.500000,797.660552
15.000000,57.500000,851.119084
16.000000,57.500000,905.998605
17.000000,57.500000,962.299114
18.000000,57.500000,1024.149647
19.000000,57.500000,1089.469485
20.000000,57.500000,1156.266697
21.000000,57.500000,1224.541281
22.000000,57.500000,1302.349266
23.000000,57.500000,1387.247059
24.000000,57.500000,1473.898812
12.000000,58.000000,699.906847
13.000000,58.000000,750.777657
14.000000,58.000000,803.072983
15.000000,58.000000,856.792823
16.000000,58.000000,911.937177
17.000000,58.000000,968.506046
18.000000,58.000000,1031.312453
19.000000,58.000000,1097.020611
20.000000,58.000000,1164.210734
21.000000,58.000000,1232.882819
22.000000,58.000000,1312.671914
23.000000,58.000000,1398.033573
24.000000,58.000000,1485.155249
12.000000,58.500000,704.838972
13.000000,58.500000,755.975546
14.000000,58.500000,808.540271
15.000000,58.500000,862.533148
16.000000,58.500000,917.954176
17.000000,58.500000,974.803356
18.000000,58.500000,1038.597991
19.000000,58.500000,1104.682834
20.000000,58.500000,1172.253793
21.000000,58.500000,1241.310869
22.000000,58.500000,1323.100974
23.000000,58.500000,1408.946287
24.000000,58.500000,1496.557996
12.000000,59.000000,709.788368
13.000000,59.000000,761.191315
14.000000,59.000000,814.026051
15.000000,59.000000,868.292577
16.000000,59.000000,923.990891
17.000000,59.000000,981.120995
18.000000,59.000000,1045.907870
19.000000,59.000000,1112.370284
20.000000,59.000000,1180.322957
21.000000,59.000000,1249.765888
22.000000,59.000000,1333.565059
23.000000,59.000000,1419.895149
24.000000,59.000000,1507.998021
12.000000,59.500000,714.748735
13.000000,59.500000,766.440883
14.000000,59.500000,819.568695
15.000000,59.500000,874.132171
16.000000,59.500000,930.131310
17.000000,59.500000,988.127596
18.000000,59.500000,1053.384808
19.000000,59.500000,1120.230441
20.000000,59.500000,1188.571656
21.000000,59.500000,1259.601832
22.000000,59.500000,1344.302614
23.000000,59.500000,1431.162926
12.000000,60.000000,719.726356
13.000000,60.000000,771.708460
14.000000,60.000000,825.130097
15.000000,60.000000,879.991267
16.000000,60.000000,936.291970
17.000000,60.000000,995.157994
18.000000,60.000000,1060.886900
19.000000,60.000000,1128.116712
20.000000,60.000000,1196.847431
21.000000,60.000000,1269.471437
22.000000,60.000000,1355.076811
23.000000,60.000000,1442.468637
12.000000,60.500000,724.843248
13.000000,60.500000,777.126281
14.000000,60.500000,830.852657
15.000000,60.500000,886.022375
16.000000,60.500000,942.635436
17.000000,60.500000,1002.497889
18.000000,60.500000,1068.573305
19.000000,60.500000,1136.154469
20.000000,60.500000,1205.241379
21.000000,60.500000,1279.860737
22.000000,60.500000,1366.002619
23.000000,60.500000,1453.938690
12.000000,61.000000,729.978215
13.000000,61.000000,782.562977
14.000000,61.000000,836.594883
15.000000,61.000000,892.073930
16.000000,61.000000,949.000119
17.000000,61.000000,1009.862964
18.000000,61.000000,1076.285685
19.000000,61.000000,1144.218999
20.000000,61.000000,1213.662905
21.000000,61.000000,1290.286003
22.000000,61.000000,1376.965789
23.000000,61.000000,1465.447507
12.000000,61.500000,735.139494
13.000000,61.500000,788.033435
14.000000,61.500000,842.378744
15.000000,61.500000,898.175421
16.000000,61.500000,955.423466
17.000000,61.500000,1017.295879
18.000000,61.500000,1084.069785
19.000000,61.500000,1152.359183
20.000000,61.500000,1222.164071
21.000000,61.500000,1300.841900
22.000000,61.500000,1388.047029
23.000000,61.500000,1477.061308
12.000000,62.000000,740.318895
13.000000,62.000000,793.522858
14.000000,62.000000,848.182406
15.000000,62.000000,904.297539
16.000000,62.000000,961.868258
17.000000,62.000000,1024.754261
18.000000,62.000000,1091.880161
19.000000,62.000000,1160.526455
20.000000,62.000000,1230.693144
21.000000,62.000000,1311.434330
22.000000,62.000000,1399.166117
23.000000,62.000000,1488.714275
12.000000,62.500000,745.389994
13.000000,62.500000,798.940546
14.000000,62.500000,853.952922
15.000000,62.500000,910.427122
16.000000,62.500000,968.363146
17.000000,62.500000,1032.276139
18.000000,62.500000,1099.760168
19.000000,62.500000,1168.769894
20.000000,62.500000,1239.305319
21.000000,62.500000,1322.150298
22.000000,62.500000,1410.398869
23.000000,62.500000,1500.470037
12.000000,63.000000,750.478367
13.000000,63.000000,804.376600
14.000000,63.000000,859.742894
15.000000,63.000000,916.577248
16.000000,63.000000,974.879664
17.000000,63.000000,1039.823784
18.000000,63.000000,1107.666792
19.000000,63.000000,1177.040809
20.000000,63.000000,1247.945834
21.000000,63.000000,1332.903465
22.000000,63.000000,1421.670028
23.000000,63.000000,1512.265414
12.000000,63.500000,755.724638
13.000000,63.500000,809.975066
14.000000,63.500000,865.700160
15.000000,63.500000,922.899920
16.000000,63.500000,981.574344
17.000000,63.500000,1047.525767
18.000000,63.500000,1115.708856
19.000000,63.500000,1185.427605
20.000000,63.500000,1257.336057
21.000000,63.500000,1343.785735
22.000000,63.500000,1433.061608
11.000000,64.000000,707.866654
12.000000,64.000000,760.989112
13.000000,64.000000,815.592843
14.000000,64.000000,871.677847
15.000000,64.000000,929.244125
16.000000,64.000000,988.291676
17.000000,64.000000,1055.254441
18.000000,64.000000,1123.778349
19.000000,64.000000,1193.842576
20.000000,64.000000,1266.758469
21.000000,64.000000,1354.705995
22.000000,64.000000,1444.492266
11.000000,64.500000,712.901222
12.000000,64.500000,766.368901
13.000000,64.500000,821.324210
14.000000,64.500000,877.767150
15.000000,64.500000,935.697721
16.000000,64.500000,995.757761
17.000000,64.500000,1063.065437
18.000000,64.500000,1131.928076
19.000000,64.500000,1202.335245
20.000000,64.500000,1277.322549
21.000000,64.500000,1365.859973
22.000000,64.500000,1456.244447
11.000000,65.000000,717.953572
12.000000,65.000000,771.767552
13.000000,65.000000,827.075522
14.000000,65.000000,883.877483
15.000000,65.000000,942.173435
16.000000,65.000000,1003.250212
17.000000,65.000000,1070.903542
18.000000,65.000000,1140.105616
19.000000,65.000000,1210.856434
20.000000,65.000000,1287.924180
21.000000,65.000000,1377.053114
22.000000,65.000000,1468.037404
11.000000,65.500000,722.995844
12.000000,65.500000,777.167933
13.000000,65.500000,832.840082
14.000000,65.500000,890.012291
15.000000,65.500000,948.684560
16.000000,65.500000,1010.771814
17.000000,65.500000,1078.775630
18.000000,65.500000,1148.332775
19.000000,65.500000,1219.443248
20.000000,65.500000,1298.682668
21.000000,65.500000,1388.399843
22.000000,65.500000,1479.980385
11.000000,66.000000,728.055742
12.000000,66.000000,782.587099
13.000000,66.000000,838.624579
14.000000,66.000000,896.168183
15.000000,66.000000,955.217910
16.000000,66.000000,1018.319850
17.000000,66.000000,1086.674930
18.000000,66.000000,1156.587928
19.000000,66.000000,1228.058843
20.000000,66.000000,1309.479412
21.000000,66.000000,1399.786403
22.000000,66.000000,1491.964772
11.000000,66.500000,733.283419
12.000000,66.500000,788.162893
13.000000,66.500000,844.554139
14.000000,66.500000,902.457158
15.000000,66.500000,961.871948
16.000000,66.500000,1025.955086
17.000000,66.500000,1094.647128
18.000000,66.500000,1164.901097
19.000000,66.500000,1236.716993
20.000000,66.500000,1320.382795
21.000000,66.500000,1411.284792
22.000000,66.500000,1504.065404
11.000000,67.000000,738.529745
12.000000,67.000000,793.758399
13.000000,67.000000,850.504471
14.000000,67.000000,908.767960
15.000000,67.000000,968.548868
16.000000,67.000000,1033.617248
17.000000,67.000000,1102.646940
18.000000,67.000000,1173.242570
19.000000,67.000000,1245.404140
20.000000,67.000000,1331.325020
21.000000,67.000000,1422.823559
22.000000,67.000000,1516.207941
11.000000,67.500000,743.896367
12.000000,67.500000,799.452600
13.000000,67.500000,856.531119
14.000000,67.500000,915.131924
15.000000,67.500000,975.255015
16.000000,67.500000,1041.241501
17.000000,67.500000,1110.568165
18.000000,67.500000,1181.463437
19.000000,67.500000,1253.927317
20.000000,67.500000,1342.209102
21.000000,67.500000,1434.390880
11.000000,68.000000,749.282346
12.000000,68.000000,805.167064
13.000000,68.000000,862.578935
14.000000,68.000000,921.517959
15.000000,68.000000,981.984136
16.000000,68.000000,1048.892484
17.000000,68.000000,1118.516570
18.000000,68.000000,1189.711934
19.000000,68.000000,1262.478578
20.000000,68.000000,1353.131778
21.000000,68.000000,1445.998694
11.000000,68.500000,754.685233
12.000000,68.500000,810.912261
13.000000,68.500000,868.671114
14.000000,68.500000,927.961793
15.000000,68.500000,988.812756
16.000000,68.500000,1056.566284
17.000000,68.500000,1126.466812
18.000000,68.500000,1197.940621
19.000000,68.500000,1272.639472
20.000000,68.500000,1364.101615
21.000000,68.500000,1457.630685
11.000000,69.000000,760.107494
12.000000,69.000000,816.677823
13.000000,69.000000,874.784642
14.000000,69.000000,934.427951
15.000000,69.000000,995.664832
16.000000,69.000000,1064.266847
17.000000,69.000000,1134.444143
18.000000,69.000000,1206.196720
19.000000,69.000000,1282.836529
20.000000,69.000000,1375.110246
21.000000,69.000000,1469.303340
11.000000,69.500000,765.687163
12.000000,69.500000,822.603534
13.000000,69.500000,881.060928
14.000000,69.500000,941.059345
15.000000,69.500000,1003.223931
16.000000,69.500000,1072.088212
17.000000,69.500000,1142.529021
18.000000,69.500000,1214.546359
19.000000,69.500000,1293.409891
20.000000,69.500000,1386.313623
21.000000,69.500000,1481.144790
11.000000,70.000000,771.287165
12.000000,70.000000,828.550563
13.000000,70.000000,887.359508
14.000000,70.000000,947.714002
15.000000,70.000000,1010.810169
16.000000,70.000000,1079.936941
17.000000,70.000000,1150.641489
18.000000,70.000000,1222.923813
19.000000,70.000000,1304.021155
20.000000,70.000000,1397.556640
21.000000,70.000000,1493.027609
11.000000,70.500000,777.181187
12.000000,70.500000,834.898027
13.000000,70.500000,894.169248
14.000000,70.500000,954.994852
15.000000,70.500000,1019.172178
16.000000,70.500000,1088.725416
17.000000,70.500000,1159.860157
18.000000,70.500000,1232.576403
19.000000,70.500000,1316.076196
20.000000,70.500000,1409.648998
21.000000,70.500000,1505.152720
10.000000,71.000000,726.488707
11.000000,71.000000,783.097451
12.000000,71.000000,841.269411
13.000000,71.000000,901.004588
14.000000,71.000000,962.302981
15.000000,71.000000,1027.565928
16.000000,71.000000,1097.546623
17.000000,71.000000,1169.112530
18.000000,71.000000,1242.263649
19.000000,71.000000,1328.176097
20.000000,71.000000,1421.785021
21.000000,71.000000,1517.320278
10.000000,71.500000,732.022240
11.000000,71.500000,789.123885
12.000000,71.500000,847.798296
13.000000,71.500000,908.045473
14.000000,71.500000,969.865415
15.000000,71.500000,1036.234415
16.000000,71.500000,1106.677394
17.000000,71.500000,1178.710514
18.000000,71.500000,1252.333777
10.000000,72.000000,737.576699
11.000000,72.000000,795.173247
12.000000,72.000000,854.352093
13.000000,72.000000,915.113237
14.000000,72.000000,977.456680
15.000000,72.000000,1044.936152
16.000000,72.000000,1115.842599
17.000000,72.000000,1188.344102
18.000000,72.000000,1262.440660
10.000000,72.500000,743.357780
11.000000,72.500000,801.470595
12.000000,72.500000,861.175523
13.000000,72.500000,922.472564
14.000000,72.500000,985.361720
15.000000,72.500000,1053.887784
16.000000,72.500000,1125.208555
17.000000,72.500000,1198.127700
10.000000,73.000000,749.161278
11.000000,73.000000,807.792471
12.000000,73.000000,868.025571
13.000000,73.000000,929.860577
14.000000,73.000000,993.297491
15.000000,73.000000,1062.873975
16.000000,73.000000,1134.609937
17.000000,73.000000,1207.947577
10.000000,73.500000,755.097035
11.000000,73.500000,814.277853
12.000000,73.500000,875.074194
13.000000,73.500000,937.486060
14.000000,73.500000,1001.800496
15.000000,73.500000,1072.026630
16.000000,73.500000,1144.135222
17.000000,73.500000,1217.846817
10.000000,74.000000,761.055805
11.000000,74.000000,820.788566
12.000000,74.000000,882.150502
13.000000,74.000000,945.141613
14.000000,74.000000,1010.337274
15.000000,74.000000,1081.214742
16.000000,74.000000,1153.696520
17.000000,74.000000,1227.782610
10.000000,74.500000,767.204875
11.000000,74.500000,827.511606
12.000000,74.500000,889.461921
13.000000,74.500000,953.055819
14.000000,74.500000,1019.361648
15.000000,74.500000,1090.719503
16.000000,74.500000,1163.685861
17.000000,74.500000,1238.260723
10.000000,75.000000,773.378197
11.000000,75.000000,834.261366
12.000000,75.000000,896.802567
13.000000,75.000000,961.001800
14.000000,75.000000,1028.422157
15.000000,75.000000,1100.261588
16.000000,75.000000,1173.713688
17.000000,75.000000,1248.778456
10.000000,75.500000,779.838900
11.000000,75.500000,841.331930
12.000000,75.500000,904.496083
13.000000,75.500000,969.331358
14.000000,75.500000,1037.864494
15.000000,75.500000,1110.253135
16.000000,75.500000,1184.263986
17.000000,75.500000,1259.897048
10.000000,76.000000,786.325711
11.000000,76.000000,848.431180
12.000000,76.000000,912.220855
13.000000,76.000000,977.694733
14.000000,76.000000,1047.344389
15.000000,76.000000,1120.284035
16.000000,76.000000,1194.855452
17.000000,76.000000,1271.058639
10.000000,76.500000,793.153736
11.000000,76.500000,855.861910
12.000000,76.500000,920.266595
13.000000,76.500000,986.367791
14.000000,76.500000,1057.073815
15.000000,76.500000,1130.553170
16.000000,76.500000,1205.673624
9.000000,77.000000,738.405565
10.000000,77.000000,800.010097
11.000000,77.000000,863.323436
12.000000,77.000000,928.345582
13.000000,77.000000,995.076534
14.000000,77.000000,1066.842226
15.000000,77.000000,1140.863028
16.000000,77.000000,1216.534276
9.000000,77.500000,744.885909
10.000000,77.500000,807.085906
11.000000,77.500000,871.006991
12.000000,77.500000,936.649165
13.000000,77.500000,1004.179565
14.000000,77.500000,1076.737960
15.000000,77.500000,1151.256479
16.000000,77.500000,1227.432408
9.000000,78.000000,751.393558
10.000000,78.000000,814.191492
11.000000,78.000000,878.722790
12.000000,78.000000,944.987452
13.000000,78.000000,1013.320287
14.000000,78.000000,1086.673530
15.000000,78.000000,1161.691154
16.000000,78.000000,1238.373160
9.000000,78.500000,758.131419
10.000000,78.500000,821.567862
11.000000,78.500000,886.750813
12.000000,78.500000,953.680273
13.000000,78.500000,1023.066149
14.000000,78.500000,1096.866386
15.000000,78.500000,1172.336408
16.000000,78.500000,1249.476216
9.000000,79.000000,764.898149
10.000000,79.000000,828.975823
11.000000,79.000000,894.813136
12.000000,79.000000,962.410090
13.000000,79.000000,1032.852276
14.000000,79.000000,1107.100590
15.000000,79.000000,1183.024096
16.000000,79.000000,1260.622795
9.000000,79.500000,771.952254
10.000000,79.500000,836.724340
11.000000,79.500000,903.270733
12.000000,79.500000,971.591432
13.000000,79.500000,1042.949302
14.000000,79.500000,1117.549372
15.000000,79.500000,1193.826993
9.000000,80.000000,779.037149
10.000000,80.000000,844.506704
11.000000,80.000000,911.765216
12.000000,80.000000,980.812686
13.000000,80.000000,1053.088403
14.000000,80.000000,1128.040697
15.000000,80.000000,1204.672904
9.000000,80.500000,786.436450
10.000000,80.500000,852.642552
11.000000,80.500000,920.653117
12.000000,80.500000,990.468145
13.000000,80.500000,1063.712211
14.000000,80.500000,1139.301414
15.000000,80.500000,1216.581878
9.000000,81.000000,793.868660
10.000000,81.000000,860.814586
11.000000,81.000000,929.580460
12.000000,81.000000,1000.166284
13.000000,81.000000,1074.381041
14.000000,81.000000,1150.609410
15.000000,81.000000,1228.540413
9.000000,81.500000,801.643551
10.000000,81.500000,869.344227
11.000000,81.500000,938.879729
12.000000,81.500000,1010.358752
13.000000,81.500000,1085.345439
14.000000,81.500000,1162.200447
15.000000,81.500000,1240.768410
8.000000,82.000000,742.844719
9.000000,82.000000,809.453793
10.000000,82.000000,877.912532
11.000000,82.000000,948.220935
12.000000,82.000000,1020.596221
13.000000,82.000000,1096.356692
14.000000,82.000000,1173.840454
15.000000,82.000000,1253.047508
8.000000,82.500000,750.335955
9.000000,82.500000,817.702956
10.000000,82.500000,886.934543
11.000000,82.500000,958.030717
12.000000,82.500000,1031.361832
13.000000,82.500000,1107.692261
14.000000,82.500000,1185.754521
15.000000,82.500000,1265.548611
8.000000,83.000000,757.862166
9.000000,83.000000,825.990480
10.000000,83.000000,895.998263
11.000000,83.000000,967.885516
12.000000,83.000000,1042.174509
13.000000,83.000000,1119.076657
14.000000,83.000000,1197.719183
15.000000,83.000000,1278.102088
8.000000,83.500000,765.848000
9.000000,83.500000,834.746173
10.000000,83.500000,905.539531
11.000000,83.500000,978.228073
12.000000,83.500000,1053.325687
13.000000,83.500000,1130.750681
14.000000,83.500000,1209.922684
8.000000,84.000000,773.871850
9.000000,84.000000,843.543289
10.000000,84.000000,915.125611
11.000000,84.000000,988.618816
12.000000,84.000000,1064.526006
13.000000,84.000000,1142.475244
14.000000,84.000000,1222.178126
8.000000,84.500000,782.246749
9.000000,84.500000,852.768617
10.000000,84.500000,925.222815
11.000000,84.500000,999.609346
12.000000,84.500000,1076.563391
13.000000,84.500000,1155.462074
14.000000,84.500000,1236.134104
8.000000,85.000000,790.661420
9.000000,85.000000,862.037785
10.000000,85.000000,935.367996
11.000000,85.000000,1010.652052
12.000000,85.000000,1088.655262
13.000000,85.000000,1168.507559
14.000000,85.000000,1250.152962
8.000000,85.500000,799.575432
9.000000,85.500000,871.856587
10.000000,85.500000,946.114157
11.000000,85.500000,1022.446166
12.000000,85.500000,1101.422072
13.000000,85.500000,1182.238365
14.000000,85.500000,1264.867305
8.000000,86.000000,808.532810
9.000000,86.000000,881.723145
10.000000,86.000000,956.912528
11.000000,86.000000,1034.295391
12.000000,86.000000,1114.247634
13.000000,86.000000,1196.032114
14.000000,86.000000,1279.648831
8.000000,86.500000,818.082200
9.000000,86.500000,892.199161
10.000000,86.500000,968.338291
11.000000,86.500000,1046.816650
12.000000,86.500000,1127.739671
13.000000,86.500000,1210.514399
7.000000,87.000000,754.676444
8.000000,87.000000,827.679180
9.000000,87.000000,902.727283
10.000000,87.000000,979.820751
11.000000,87.000000,1059.396742
12.000000,87.000000,1141.294754
13.000000,87.000000,1225.063983
7.000000,87.500000,763.951828
8.000000,87.500000,837.869492
9.000000,87.500000,913.855677
10.000000,87.500000,991.910384
11.000000,87.500000,1072.605547
12.000000,87.500000,1155.504514
13.000000,87.500000,1240.294259
7.000000,88.000000,773.274590
8.000000,88.000000,848.111661
9.000000,88.000000,925.040485
10.000000,88.000000,1004.061061
11.000000,88.000000,1085.877218
12.000000,88.000000,1169.781444
13.000000,88.000000,1255.596041
7.000000,88.500000,783.081506
8.000000,88.500000,858.848579
9.000000,88.500000,936.729846
10.000000,88.500000,1016.795118
11.000000,88.500000,1099.821173
12.000000,88.500000,1184.869660
7.000000,89.000000,792.939519
8.000000,89.000000,869.641076
9.000000,89.000000,948.479326
10.000000,89.000000,1029.593044
11.000000,89.000000,1113.832465
12.000000,89.000000,1200.030523
7.000000,89.500000,803.288134
8.000000,89.500000,880.971262
9.000000,89.500000,960.814415
10.000000,89.500000,1043.196859
11.000000,89.500000,1128.602241
12.000000,89.500000,1215.991247
7.000000,90.000000,813.691468
8.000000,90.000000,892.360926
9.000000,90.000000,973.213798
10.000000,90.000000,1056.867421
11.000000,90.000000,1143.444244
12.000000,90.000000,1232.029754
7.000000,90.500000,824.715635
8.000000,90.500000,904.466449
9.000000,90.500000,986.427555
6.000000,91.000000,757.198760
7.000000,91.000000,835.799183
8.000000,91.000000,916.636860
9.000000,91.000000,999.711792
6.000000,91.500000,767.796364
7.000000,91.500000,847.545133
8.000000,91.500000,929.559314
6.000000,92.000000,778.452260
7.000000,92.000000,859.355288
8.000000,92.000000,942.551942
6.000000,92.500000,790.024031
7.000000,92.500000,872.053014
8.000000,92.500000,956.399208
6.000000,93.000000,801.660895
7.000000,93.000000,884.821104
8.000000,93.000000,970.322079
6.000000,93.500000,814.031759
7.000000,93.500000,898.324729
8.000000,93.500000,984.981148
6.000000,94.000000,826.472988
7.000000,94.000000,911.903849
8.000000,94.000000,999.720806
6.000000,94.500000,839.690011
7.000000,94.500000,926.297373
5.000000,95.000000,767.627445
6.000000,95.000000,852.983024
7.000000,95.000000,940.772252
5.000000,95.500000,780.430323
6.000000,95.500000,866.982463
7.000000,95.500000,955.992069
5.000000,96.000000,793.308765
6.000000,96.000000,881.062966
7.000000,96.000000,971.298409
5.000000,96.500000,806.824727
6.000000,96.500000,895.925723
7.000000,96.500000,987.540949
5.000000,97.000000,820.419459
6.000000,97.000000,910.874264
7.000000,97.000000,1003.876380
5.000000,97.500000,834.875672
6.000000,97.500000,926.733227
5.000000,98.000000,849.416638
6.000000,98.000000,942.684487
5.000000,98.500000,864.910018
6.000000,98.500000,959.651179
4.000000,99.000000,786.968080
5.000000,99.000000,880.495563
6.000000,99.000000,976.718075
4.000000,99.500000,802.087739
5.000000,99.500000,897.080572
6.000000,99.500000,994.805660
4.000000,100.000000,817.299496
5.000000,100.000000,913.765599
6.000000,100.000000,1013.001327
4.000000,100.500000,833.443259
5.000000,100.500000,931.377704
4.000000,101.000000,849.686451
5.000000,101.000000,949.097048
4.000000,101.500000,866.879256
5.000000,101.500000,967.799710
3.000000,102.000000,784.656528
4.000000,102.000000,884.178896
5.000000,102.000000,986.617211
3.000000,102.500000,801.574240
4.000000,102.500000,902.624884
5.000000,102.500000,1006.629034
3.000000,103.000000,818.599655
4.000000,103.000000,921.186735
5.000000,103.000000,1026.765015
3.000000,103.500000,836.708314
4.000000,103.500000,940.792348
3.000000,104.000000,854.934472
4.000000,104.000000,960.522510
3.000000,104.500000,874.300957
4.000000,104.500000,981.560233
2.000000,105.000000,787.980222
3.000000,105.000000,893.793325
4.000000,105.000000,1002.732236
2.000000,105.500000,806.893993
3.000000,105.500000,914.389500
2.000000,106.000000,825.933179
3.000000,106.000000,935.119735
