weight_g,305.000000
thrust_N,velocity_m_s,power_W
16.000000,0.000000,1272.857199
17.000000,0.000000,1367.895081
18.000000,0.000000,1466.197228
19.000000,0.000000,1567.763638
20.000000,0.000000,1672.594312
16.000000,0.500000,1274.657547
17.000000,0.500000,1369.788111
18.000000,0.500000,1468.185602
19.000000,0.500000,1569.850021
16.000000,1.000000,1276.458638
17.000000,1.000000,1371.681940
18.000000,1.000000,1470.174834
19.000000,1.000000,1571.937320
16.000000,1.500000,1278.268887
17.000000,1.500000,1373.591084
18.000000,1.500000,1472.185791
19.000000,1.500000,1574.053008
16.000000,2.000000,1280.079884
17.000000,2.000000,1375.501032
18.000000,2.000000,1474.197609
19.000000,2.000000,1576.169615
16.000000,2.500000,1281.900216
17.000000,2.500000,1377.425040
18.000000,2.500000,1476.228409
19.000000,2.500000,1578.310323
16.000000,3.000000,1283.721303
17.000000,3.000000,1379.349858
18.000000,3.000000,1478.260075
19.000000,3.000000,1580.451955
16.000000,3.500000,1285.549962
17.000000,3.500000,1381.282886
18.000000,3.500000,1480.300615
19.000000,3.500000,1582.603150
16.000000,4.000000,1287.379382
17.000000,4.000000,1383.216731
18.000000,4.000000,1482.342030
19.000000,4.000000,1584.755279
16.000000,4.500000,1289.216458
17.000000,4.500000,1385.158875
18.000000,4.500000,1484.392413
19.000000,4.500000,1586.917072
16.000000,5.000000,1291.054303
17.000000,5.000000,1387.101844
18.000000,5.000000,1486.443679
19.000000,5.000000,1589.079807
16.000000,5.500000,1292.964402
17.000000,5.500000,1389.104463
18.000000,5.500000,1488.540972
19.000000,5.500000,1591.273929
16.000000,6.000000,1294.875358
17.000000,6.000000,1391.107979
18.000000,6.000000,1490.639202
19.000000,6.000000,1593.469028
16.000000,6.500000,1296.821558
17.000000,6.500000,1393.180679
18.000000,6.500000,1492.842766
19.000000,6.500000,1595.807818
16.000000,7.000000,1298.768657
17.000000,7.000000,1395.254362
18.000000,7.000000,1495.047398
19.000000,7.000000,1598.147764
16.000000,7.500000,1300.725072
17.000000,7.500000,1397.338325
18.000000,7.500000,1497.263318
19.000000,7.500000,1600.500051
16.000000,8.000000,1302.682396
17.000000,8.000000,1399.423280
18.000000,8.000000,1499.480318
19.000000,8.000000,1602.853507
16.000000,8.500000,1304.649166
17.000000,8.500000,1401.518657
18.000000,8.500000,1501.708758
19.000000,8.500000,1605.219468
16.000000,9.000000,1306.616855
17.000000,9.000000,1403.615038
18.000000,9.000000,1503.938290
19.000000,9.000000,1607.586612
16.000000,9.500000,1308.594124
17.000000,9.500000,1405.721984
18.000000,9.500000,1506.179418
19.000000,9.500000,1609.966427
16.000000,10.000000,1310.572320
17.000000,10.000000,1407.829944
18.000000,10.000000,1508.421649
19.000000,10.000000,1612.347438
16.000000,10.500000,1312.743991
17.000000,10.500000,1410.081191
18.000000,10.500000,1510.753685
19.000000,10.500000,1614.761471
15.000000,11.000000,1220.836423
16.000000,11.000000,1314.916745
17.000000,11.000000,1412.333571
18.000000,11.000000,1513.086899
19.000000,11.000000,1617.176731
15.000000,11.500000,1223.144043
16.000000,11.500000,1317.270571
17.000000,11.500000,1414.732518
18.000000,11.500000,1515.529885
19.000000,11.500000,1619.662670
15.000000,12.000000,1225.452880
16.000000,12.000000,1319.625640
17.000000,12.000000,1417.132733
18.000000,12.000000,1517.974159
19.000000,12.000000,1622.149916
15.000000,12.500000,1227.774104
16.000000,12.500000,1322.061517
17.000000,12.500000,1419.686533
18.000000,12.500000,1520.649151
19.000000,12.500000,1624.949371
15.000000,13.000000,1230.096565
16.000000,13.000000,1324.498735
17.000000,13.000000,1422.241779
18.000000,13.000000,1523.325696
19.000000,13.000000,1627.750485
15.000000,13.500000,1232.426776
16.000000,13.500000,1326.938978
17.000000,13.500000,1424.795027
18.000000,13.500000,1525.994922
19.000000,13.500000,1630.538662
15.000000,14.000000,1234.758238
16.000000,14.000000,1329.380573
17.000000,14.000000,1427.349728
18.000000,14.000000,1528.665702
19.000000,14.000000,1633.328495
15.000000,14.500000,1237.096416
16.000000,14.500000,1331.824213
17.000000,14.500000,1429.901508
18.000000,14.500000,1531.328302
19.000000,14.500000,1636.104596
15.000000,15.000000,1239.435859
16.000000,15.000000,1334.269214
17.000000,15.000000,1432.454747
18.000000,15.000000,1533.992459
19.000000,15.000000,1638.882348
15.000000,15.500000,1241.736030
16.000000,15.500000,1336.681001
17.000000,15.500000,1434.980950
18.000000,15.500000,1536.635878
15.000000,16.000000,1244.037528
16.000000,16.000000,1339.094194
17.000000,16.000000,1437.508639
18.000000,16.000000,1539.280863
15.000000,16.500000,1246.285897
16.000000,16.500000,1341.464115
17.000000,16.500000,1440.003170
18.000000,16.500000,1541.903062
15.000000,17.000000,1248.535659
16.000000,17.000000,1343.835488
17.000000,17.000000,1442.499214
18.000000,17.000000,1544.526838
15.000000,17.500000,1250.800764
16.000000,17.500000,1346.236301
17.000000,17.500000,1445.039811
18.000000,17.500000,1547.211293
15.000000,18.000000,1253.067283
16.000000,18.000000,1348.638615
17.000000,18.000000,1447.581998
18.000000,18.000000,1549.897431
15.000000,18.500000,1255.346439
16.000000,18.500000,1351.058820
17.000000,18.500000,1450.147906
18.000000,18.500000,1552.613698
15.000000,19.000000,1257.627035
16.000000,19.000000,1353.480576
17.000000,19.000000,1452.715481
18.000000,19.000000,1555.331750
15.000000,19.500000,1259.918491
16.000000,19.500000,1355.914132
17.000000,19.500000,1455.295833
18.000000,19.500000,1558.063595
15.000000,20.000000,1262.211401
16.000000,20.000000,1358.349255
17.000000,20.000000,1457.877869
18.000000,20.000000,1560.797243
15.000000,20.500000,1264.578126
16.000000,20.500000,1360.843500
17.000000,20.500000,1460.503133
18.000000,20.500000,1563.557028
15.000000,21.000000,1266.946424
16.000000,21.000000,1363.339405
17.000000,21.000000,1463.130148
18.000000,21.000000,1566.318654
15.000000,21.500000,1269.506043
16.000000,21.500000,1365.980649
17.000000,21.500000,1465.853180
18.000000,21.500000,1569.123634
15.000000,22.000000,1272.067488
16.000000,22.000000,1368.623745
17.000000,22.000000,1468.578086
18.000000,22.000000,1571.930512
15.000000,22.500000,1274.622923
16.000000,22.500000,1371.263541
17.000000,22.500000,1471.302559
18.000000,22.500000,1574.739975
15.000000,23.000000,1277.180185
16.000000,23.000000,1373.905190
17.000000,23.000000,1474.028909
18.000000,23.000000,1577.551343
15.000000,23.500000,1279.756821
16.000000,23.500000,1376.610164
17.000000,23.500000,1476.865452
18.000000,23.500000,1580.522688
15.000000,24.000000,1282.335336
16.000000,24.000000,1379.317112
17.000000,24.000000,1479.704069
18.000000,24.000000,1583.496205
15.000000,24.500000,1284.923584
16.000000,24.500000,1382.058216
17.000000,24.500000,1482.602854
18.000000,24.500000,1586.557497
14.000000,25.000000,1193.640951
15.000000,25.000000,1287.513741
16.000000,25.000000,1384.801365
17.000000,25.000000,1485.503823
18.000000,25.000000,1589.621115
14.000000,25.500000,1196.174825
15.000000,25.500000,1290.179985
16.000000,25.500000,1387.603363
17.000000,25.500000,1488.444961
18.000000,25.500000,1592.704778
14.000000,26.000000,1198.710664
15.000000,26.000000,1292.848289
16.000000,26.000000,1390.407520
17.000000,26.000000,1491.388357
18.000000,26.000000,1595.790800
14.000000,26.500000,1201.334157
15.000000,26.500000,1295.588445
16.000000,26.500000,1393.266199
17.000000,26.500000,1494.367418
18.000000,26.500000,1598.892104
14.000000,27.000000,1203.959826
15.000000,27.000000,1298.330828
16.000000,27.000000,1396.127156
17.000000,27.000000,1497.348811
18.000000,27.000000,1601.995793
14.000000,27.500000,1206.589158
15.000000,27.500000,1301.077866
16.000000,27.500000,1398.993763
17.000000,27.500000,1500.336851
18.000000,27.500000,1605.107128
14.000000,28.000000,1209.220683
15.000000,28.000000,1303.827146
16.000000,28.000000,1401.862663
17.000000,28.000000,1503.327233
18.000000,28.000000,1608.220857
14.000000,28.500000,1211.859001
15.000000,28.500000,1306.587325
16.000000,28.500000,1404.746845
17.000000,28.500000,1506.337562
18.000000,28.500000,1611.359475
14.000000,29.000000,1214.499519
15.000000,29.000000,1309.349760
16.000000,29.000000,1407.633342
17.000000,29.000000,1509.350264
18.000000,29.000000,1614.500526
14.000000,29.500000,1217.169771
15.000000,29.500000,1312.201900
16.000000,29.500000,1410.673698
17.000000,29.500000,1512.585167
14.000000,30.000000,1219.842276
15.000000,30.000000,1315.056465
16.000000,30.000000,1413.716659
17.000000,30.000000,1515.822859
14.000000,30.500000,1222.626588
15.000000,30.500000,1318.003431
16.000000,30.500000,1416.830909
17.000000,30.500000,1519.109022
14.000000,31.000000,1225.413373
15.000000,31.000000,1320.952999
16.000000,31.000000,1419.947893
17.000000,31.000000,1522.398055
14.000000,31.500000,1228.321075
15.000000,31.500000,1323.997012
16.000000,31.500000,1423.130561
17.000000,31.500000,1525.721721
14.000000,32.000000,1231.231493
15.000000,32.000000,1327.043803
16.000000,32.000000,1426.316070
17.000000,32.000000,1529.048292
14.000000,32.500000,1234.114386
15.000000,32.500000,1330.072363
16.000000,32.500000,1429.493380
17.000000,32.500000,1532.377438
14.000000,33.000000,1236.999925
15.000000,33.000000,1333.103651
16.000000,33.000000,1432.673504
17.000000,33.000000,1535.709484
14.000000,33.500000,1239.894177
15.000000,33.500000,1336.144651
16.000000,33.500000,1435.864414
17.000000,33.500000,1539.053465
14.000000,34.000000,1242.791085
15.000000,34.000000,1339.188395
16.000000,34.000000,1439.058156
17.000000,34.000000,1542.400368
14.000000,34.500000,1245.710815
15.000000,34.500000,1342.273800
16.000000,34.500000,1442.313694
17.000000,34.500000,1545.830497
14.000000,35.000000,1248.633262
15.000000,35.000000,1345.362049
16.000000,35.000000,1445.572207
17.000000,35.000000,1549.263735
14.000000,35.500000,1251.613327
15.000000,35.500000,1348.552943
16.000000,35.500000,1448.981102
17.000000,35.500000,1552.897805
14.000000,36.000000,1254.596311
15.000000,36.000000,1351.746958
16.000000,36.000000,1452.393329
17.000000,36.000000,1556.535424
14.000000,36.500000,1257.607005
15.000000,36.500000,1354.962172
16.000000,36.500000,1455.819210
17.000000,36.500000,1560.178119
14.000000,37.000000,1260.620782
15.000000,37.000000,1358.180631
16.000000,37.000000,1459.248499
17.000000,37.000000,1563.824387
14.000000,37.500000,1263.645946
15.000000,37.500000,1361.407305
16.000000,37.500000,1462.682619
17.000000,37.500000,1567.471887
13.000000,38.000000,1172.231072
14.000000,38.000000,1266.674205
15.000000,38.000000,1364.637231
16.000000,38.000000,1466.120147
17.000000,38.000000,1571.122956
13.000000,38.500000,1175.077235
14.000000,38.500000,1269.713147
15.000000,38.500000,1367.874674
16.000000,38.500000,1469.561819
17.000000,38.500000,1574.774580
13.000000,39.000000,1177.926359
14.000000,39.000000,1272.755195
15.000000,39.000000,1371.115376
16.000000,39.000000,1473.006900
17.000000,39.000000,1578.429769
13.000000,39.500000,1180.834668
14.000000,39.500000,1275.861383
15.000000,39.500000,1374.425409
16.000000,39.500000,1476.526746
17.000000,39.500000,1582.165394
13.000000,40.000000,1183.746057
14.000000,40.000000,1278.970810
15.000000,40.000000,1377.738843
16.000000,40.000000,1480.050157
17.000000,40.000000,1585.904752
13.000000,40.500000,1186.763082
14.000000,40.500000,1282.180964
15.000000,40.500000,1381.147697
16.000000,40.500000,1483.663282
17.000000,40.500000,1589.727718
13.000000,41.000000,1189.783420
14.000000,41.000000,1285.394593
15.000000,41.000000,1384.560190
16.000000,41.000000,1487.280212
17.000000,41.000000,1593.554660
13.000000,41.500000,1192.984660
14.000000,41.500000,1288.759094
15.000000,41.500000,1388.091077
16.000000,41.500000,1490.980609
13.000000,42.000000,1196.189643
14.000000,42.000000,1292.127434
15.000000,42.000000,1391.625900
16.000000,42.000000,1494.685041
13.000000,42.500000,1199.402841
14.000000,42.500000,1295.504719
15.000000,42.500000,1395.170433
16.000000,42.500000,1498.399983
13.000000,43.000000,1202.619791
14.000000,43.000000,1298.885852
15.000000,43.000000,1398.718913
16.000000,43.000000,1502.118972
13.000000,43.500000,1205.845073
14.000000,43.500000,1302.276057
15.000000,43.500000,1402.277239
16.000000,43.500000,1505.848618
13.000000,44.000000,1209.074114
14.000000,44.000000,1305.670120
15.000000,44.000000,1405.839523
16.000000,44.000000,1509.582324
13.000000,44.500000,1212.325032
14.000000,44.500000,1309.087056
15.000000,44.500000,1409.425428
16.000000,44.500000,1513.340148
13.000000,45.000000,1215.579805
14.000000,45.000000,1312.507934
15.000000,45.000000,1413.015361
16.000000,45.000000,1517.102085
13.000000,45.500000,1218.879731
14.000000,45.500000,1316.011876
15.000000,45.500000,1416.728662
16.000000,45.500000,1521.030090
13.000000,46.000000,1222.183658
14.000000,46.000000,1319.519983
15.000000,46.000000,1420.446296
16.000000,46.000000,1524.962597
13.000000,46.500000,1225.544893
14.000000,46.500000,1323.092757
15.000000,46.500000,1424.236018
16.000000,46.500000,1528.974675
13.000000,47.000000,1228.910365
14.000000,47.000000,1326.669940
15.000000,47.000000,1428.030320
16.000000,47.000000,1532.991505
13.000000,47.500000,1232.296870
14.000000,47.500000,1330.276785
15.000000,47.500000,1431.863562
16.000000,47.500000,1537.057200
13.000000,48.000000,1235.687651
14.000000,48.000000,1333.888103
15.000000,48.000000,1435.701474
16.000000,48.000000,1541.127766
13.000000,48.500000,1239.097736
14.000000,48.500000,1337.523044
15.000000,48.500000,1439.567559
16.000000,48.500000,1545.231280
13.000000,49.000000,1242.512127
14.000000,49.000000,1341.162495
15.000000,49.000000,1443.438358
16.000000,49.000000,1549.339718
13.000000,49.500000,1245.964040
14.000000,49.500000,1344.839530
15.000000,49.500000,1447.346322
16.000000,49.500000,1553.484419
13.000000,50.000000,1249.420391
14.000000,50.000000,1348.521187
15.000000,50.000000,1451.259093
16.000000,50.000000,1557.634109
13.000000,50.500000,1252.898739
14.000000,50.500000,1352.211125
15.000000,50.500000,1455.165632
16.000000,50.500000,1561.762259
12.000000,51.000000,1160.504580
13.000000,51.000000,1256.381591
14.000000,51.000000,1355.905733
15.000000,51.000000,1459.077005
16.000000,51.000000,1565.895407
12.000000,51.500000,1163.990765
13.000000,51.500000,1260.018762
14.000000,51.500000,1359.694613
15.000000,51.500000,1463.018317
16.000000,51.500000,1569.989873
12.000000,52.000000,1167.481854
13.000000,52.000000,1263.660859
14.000000,52.000000,1363.488440
15.000000,52.000000,1466.964595
16.000000,52.000000,1574.089325
12.000000,52.500000,1170.981746
13.000000,52.500000,1267.350579
14.000000,52.500000,1367.371588
15.000000,52.500000,1471.044773
16.000000,52.500000,1578.370133
12.000000,53.000000,1174.486553
13.000000,53.000000,1271.045342
14.000000,53.000000,1371.259908
15.000000,53.000000,1475.130252
16.000000,53.000000,1582.656373
12.000000,53.500000,1178.000722
13.000000,53.500000,1274.753219
14.000000,53.500000,1375.165358
15.000000,53.500000,1479.237138
12.000000,54.000000,1181.519817
13.000000,54.000000,1278.466159
14.000000,54.000000,1379.076010
15.000000,54.000000,1483.349367
12.000000,54.500000,1185.184319
13.000000,54.500000,1282.292568
14.000000,54.500000,1383.065420
15.000000,54.500000,1487.502875
12.000000,55.000000,1188.854149
13.000000,55.000000,1286.124342
14.000000,55.000000,1387.060232
15.000000,55.000000,1491.661819
12.000000,55.500000,1192.548296
13.000000,55.500000,1289.974653
14.000000,55.500000,1391.067324
15.000000,55.500000,1495.826308
12.000000,56.000000,1196.247826
13.000000,56.000000,1293.830366
14.000000,56.000000,1395.079834
15.000000,56.000000,1499.996232
12.000000,56.500000,1199.912670
13.000000,56.500000,1297.724997
14.000000,56.500000,1399.209290
15.000000,56.500000,1504.365550
12.000000,57.000000,1203.582926
13.000000,57.000000,1301.625238
14.000000,57.000000,1403.344551
15.000000,57.000000,1508.740863
12.000000,57.500000,1207.274729
13.000000,57.500000,1305.562160
14.000000,57.500000,1407.532667
15.000000,57.500000,1513.186250
12.000000,58.000000,1210.971989
13.000000,58.000000,1309.504779
14.000000,58.000000,1411.726717
15.000000,58.000000,1517.637806
12.000000,58.500000,1214.695932
13.000000,58.500000,1313.489232
14.000000,58.500000,1415.979011
15.000000,58.500000,1522.165268
12.000000,59.000000,1218.425393
13.000000,59.000000,1317.479495
14.000000,59.000000,1420.237405
15.000000,59.000000,1526.699124
12.000000,59.500000,1222.209543
13.000000,59.500000,1321.517812
14.000000,59.500000,1424.536088
15.000000,59.500000,1531.264371
12.000000,60.000000,1225.999400
13.000000,60.000000,1325.562092
14.000000,60.000000,1428.840986
15.000000,60.000000,1535.836081
12.000000,60.500000,1229.806996
13.000000,60.500000,1329.626303
14.000000,60.500000,1433.168088
15.000000,60.500000,1540.432352
12.000000,61.000000,1233.620328
13.000000,61.000000,1333.696509
14.000000,61.000000,1437.501441
15.000000,61.000000,1545.035123
12.000000,61.500000,1237.628667
13.000000,61.500000,1337.921652
14.000000,61.500000,1441.946301
15.000000,61.500000,1549.702616
12.000000,62.000000,1241.643312
13.000000,62.000000,1342.153231
14.000000,62.000000,1446.397722
15.000000,62.000000,1554.376783
12.000000,62.500000,1245.719034
13.000000,62.500000,1346.459588
14.000000,62.500000,1450.938873
15.000000,62.500000,1559.156891
12.000000,63.000000,1249.801238
13.000000,63.000000,1350.772611
14.000000,63.000000,1455.486873
15.000000,63.000000,1563.944025
12.000000,63.500000,1253.910369
13.000000,63.500000,1355.117050
14.000000,63.500000,1460.071095
15.000000,63.500000,1568.772503
12.000000,64.000000,1258.026044
13.000000,64.000000,1359.468232
14.000000,64.000000,1464.662255
15.000000,64.000000,1573.608114
12.000000,64.500000,1262.206141
13.000000,64.500000,1363.883845
14.000000,64.500000,1469.317440
11.000000,65.000000,1168.239533
12.000000,65.000000,1266.393000
13.000000,65.000000,1368.306411
14.000000,65.000000,1473.979763
11.000000,65.500000,1172.213091
12.000000,65.500000,1270.598941
13.000000,65.500000,1372.748826
14.000000,65.500000,1478.662745
11.000000,66.000000,1176.193248
12.000000,66.000000,1274.811674
13.000000,66.000000,1377.198223
14.000000,66.000000,1483.352895
11.000000,66.500000,1180.272167
12.000000,66.500000,1279.105930
13.000000,66.500000,1381.709709
14.000000,66.500000,1488.083504
11.000000,67.000000,1184.358036
12.000000,67.000000,1283.407255
13.000000,67.000000,1386.228373
14.000000,67.000000,1492.821390
11.000000,67.500000,1188.492969
12.000000,67.500000,1287.770540
13.000000,67.500000,1390.822904
14.000000,67.500000,1497.650060
11.000000,68.000000,1192.635003
12.000000,68.000000,1292.141089
13.000000,68.000000,1395.424855
14.000000,68.000000,1502.486299
11.000000,68.500000,1196.810284
12.000000,68.500000,1296.554841
13.000000,68.500000,1400.080794
14.000000,68.500000,1507.388143
11.000000,69.000000,1200.992753
12.000000,69.000000,1300.975980
13.000000,69.000000,1404.744313
14.000000,69.000000,1512.297753
11.000000,69.500000,1205.235095
12.000000,69.500000,1305.459032
13.000000,69.500000,1409.471625
14.000000,69.500000,1517.272873
11.000000,70.000000,1209.484820
12.000000,70.000000,1309.949667
13.000000,70.000000,1414.206711
14.000000,70.000000,1522.255953
11.000000,70.500000,1213.758957
12.000000,70.500000,1314.474718
13.000000,70.500000,1418.987085
14.000000,70.500000,1527.296056
11.000000,71.000000,1218.040527
12.000000,71.000000,1319.007435
13.000000,71.000000,1423.775352
14.000000,71.000000,1532.344279
11.000000,71.500000,1222.428213
12.000000,71.500000,1323.625537
13.000000,71.500000,1428.625814
14.000000,71.500000,1537.429045
11.000000,72.000000,1226.823706
12.000000,72.000000,1328.251591
13.000000,72.000000,1433.484362
14.000000,72.000000,1542.522019
11.000000,72.500000,1231.283061
12.000000,72.500000,1332.930114
13.000000,72.500000,1438.382666
14.000000,72.500000,1547.640717
11.000000,73.000000,1235.750431
12.000000,73.000000,1337.616746
13.000000,73.000000,1443.289158
14.000000,73.000000,1552.767667
11.000000,73.500000,1240.239041
12.000000,73.500000,1342.310014
13.000000,73.500000,1448.187687
14.000000,73.500000,1557.872060
11.000000,74.000000,1244.735723
12.000000,74.000000,1347.011422
13.000000,74.000000,1453.094420
14.000000,74.000000,1562.984717
11.000000,74.500000,1249.266580
12.000000,74.500000,1351.743490
13.000000,74.500000,1458.027813
14.000000,74.500000,1568.119549
11.000000,75.000000,1253.805601
12.000000,75.000000,1356.483772
13.000000,75.000000,1462.969465
14.000000,75.000000,1573.262679
11.000000,75.500000,1258.357697
12.000000,75.500000,1361.234237
13.000000,75.500000,1467.918748
14.000000,75.500000,1578.411232
11.000000,76.000000,1262.917974
12.000000,76.000000,1365.992932
13.000000,76.000000,1472.876311
14.000000,76.000000,1583.568109
11.000000,76.500000,1267.574052
12.000000,76.500000,1370.822601
13.000000,76.500000,1477.877515
11.000000,77.000000,1272.238649
12.000000,77.000000,1375.660738
13.000000,77.000000,1482.887132
11.000000,77.500000,1276.980265
12.000000,77.500000,1380.556411
13.000000,77.500000,1487.932739
10.000000,78.000000,1181.796641
11.000000,78.000000,1281.730661
12.000000,78.000000,1385.460731
13.000000,78.000000,1492.986851
10.000000,78.500000,1186.364315
11.000000,78.500000,1286.492241
12.000000,78.500000,1390.415066
13.000000,78.500000,1498.132788
10.000000,79.000000,1190.940761
11.000000,79.000000,1291.262601
12.000000,79.000000,1395.378181
13.000000,79.000000,1503.287501
10.000000,79.500000,1195.526372
11.000000,79.500000,1296.086203
12.000000,79.500000,1400.441825
13.000000,79.500000,1508.593238
10.000000,80.000000,1200.120755
11.000000,80.000000,1300.918744
12.000000,80.000000,1405.514569
13.000000,80.000000,1513.908229
10.000000,80.500000,1204.728713
11.000000,80.500000,1305.761916
12.000000,80.500000,1410.594654
13.000000,80.500000,1519.226928
10.000000,81.000000,1209.345462
11.000000,81.000000,1310.614033
12.000000,81.000000,1415.683831
13.000000,81.000000,1524.554857
10.000000,81.500000,1213.918879
11.000000,81.500000,1315.477829
12.000000,81.500000,1420.843124
13.000000,81.500000,1530.014764
10.000000,82.000000,1218.500923
11.000000,82.000000,1320.350617
12.000000,82.000000,1426.011763
13.000000,82.000000,1535.484360
10.000000,82.500000,1223.049076
11.000000,82.500000,1325.208160
12.000000,82.500000,1431.184221
13.000000,82.500000,1540.977260
10.000000,83.000000,1227.605700
11.000000,83.000000,1330.074618
12.000000,83.000000,1436.366018
13.000000,83.000000,1546.479901
10.000000,83.500000,1232.201061
11.000000,83.500000,1334.976878
12.000000,83.500000,1441.580544
13.000000,83.500000,1552.012058
10.000000,84.000000,1236.805007
11.000000,84.000000,1339.888147
12.000000,84.000000,1446.804484
13.000000,84.000000,1557.554017
10.000000,84.500000,1241.461589
11.000000,84.500000,1344.812913
12.000000,84.500000,1452.000570
13.000000,84.500000,1563.024558
10.000000,85.000000,1246.126920
11.000000,85.000000,1349.746710
12.000000,85.000000,1457.205956
13.000000,85.000000,1568.504658
10.000000,85.500000,1250.846929
11.000000,85.500000,1354.721815
12.000000,85.500000,1462.438213
13.000000,85.500000,1573.996124
10.000000,86.000000,1255.575860
11.000000,86.000000,1359.706069
12.000000,86.000000,1467.679835
13.000000,86.000000,1579.497159
10.000000,86.500000,1260.420509
11.000000,86.500000,1364.783945
12.000000,86.500000,1472.991181
13.000000,86.500000,1585.042217
10.000000,87.000000,1265.274484
11.000000,87.000000,1369.871279
12.000000,87.000000,1478.312104
13.000000,87.000000,1590.596961
10.000000,87.500000,1270.248152
11.000000,87.500000,1375.050472
12.000000,87.500000,1483.695951
13.000000,87.500000,1596.184590
10.000000,88.000000,1275.231573
11.000000,88.000000,1380.239434
12.000000,88.000000,1489.089581
13.000000,88.000000,1601.782014
10.000000,88.500000,1280.225334
11.000000,88.500000,1385.447445
12.000000,88.500000,1494.511605
10.000000,89.000000,1285.228851
11.000000,89.000000,1390.665260
12.000000,89.000000,1499.943477
10.000000,89.500000,1290.264577
11.000000,89.500000,1395.919388
12.000000,89.500000,1505.415653
10.000000,90.000000,1295.310148
11.000000,90.000000,1401.183420
12.000000,90.000000,1510.897788
10.000000,90.500000,1300.401960
11.000000,90.500000,1406.497045
12.000000,90.500000,1516.432488
10.000000,91.000000,1305.503761
11.000000,91.000000,1411.820726
12.000000,91.000000,1521.977303
10.000000,91.500000,1310.606781
11.000000,91.500000,1417.153619
12.000000,91.500000,1527.539376
9.000000,92.000000,1212.781160
10.000000,92.000000,1315.719755
11.000000,92.000000,1422.496565
12.000000,92.000000,1533.111589
9.000000,92.500000,1217.655419
10.000000,92.500000,1320.855554
11.000000,92.500000,1427.895285
12.000000,92.500000,1538.774612
9.000000,93.000000,1222.539444
10.000000,93.000000,1326.001355
11.000000,93.000000,1433.304230
12.000000,93.000000,1544.448072
9.000000,93.500000,1227.481870
10.000000,93.500000,1331.221355
11.000000,93.500000,1438.804952
12.000000,93.500000,1550.232661
9.000000,94.000000,1232.434264
10.000000,94.000000,1336.451609
11.000000,94.000000,1444.316208
12.000000,94.000000,1556.028062
9.000000,94.500000,1237.449328
10.000000,94.500000,1341.730728
11.000000,94.500000,1449.861196
12.000000,94.500000,1561.840732
9.000000,95.000000,1242.474575
10.000000,95.000000,1347.020253
11.000000,95.000000,1455.416806
12.000000,95.000000,1567.664234
9.000000,95.500000,1247.595109
10.000000,95.500000,1352.386911
11.000000,95.500000,1461.028794
12.000000,95.500000,1573.520758
9.000000,96.000000,1252.726165
10.000000,96.000000,1357.764236
11.000000,96.000000,1466.651580
12.000000,96.000000,1579.388196
9.000000,96.500000,1257.785190
10.000000,96.500000,1363.093537
11.000000,96.500000,1472.252756
12.000000,96.500000,1585.262847
9.000000,97.000000,1262.854403
10.000000,97.000000,1368.433276
11.000000,97.000000,1477.864608
12.000000,97.000000,1591.148399
9.000000,97.500000,1267.972122
10.000000,97.500000,1373.814052
11.000000,97.500000,1483.509710
12.000000,97.500000,1597.059096
9.000000,98.000000,1273.100188
10.000000,98.000000,1379.205386
11.000000,98.000000,1489.165572
12.000000,98.000000,1602.980746
9.000000,98.500000,1278.234627
10.000000,98.500000,1384.585627
11.000000,98.500000,1494.792374
12.000000,98.500000,1608.854869
9.000000,99.000000,1283.379396
10.000000,99.000000,1389.976339
11.000000,99.000000,1500.429786
12.000000,99.000000,1614.739734
9.000000,99.500000,1288.544594
10.000000,99.500000,1395.376410
11.000000,99.500000,1506.065080
12.000000,99.500000,1620.610605
9.000000,100.000000,1293.720160
10.000000,100.000000,1400.786942
11.000000,100.000000,1511.710930
12.000000,100.000000,1626.492123
9.000000,100.500000,1298.775500
10.000000,100.500000,1406.128082
11.000000,100.500000,1517.339871
12.000000,100.500000,1632.410869
9.000000,101.000000,1303.840640
10.000000,101.000000,1411.479352
11.000000,101.000000,1522.979259
12.000000,101.000000,1638.340361
9.000000,101.500000,1308.973400
10.000000,101.500000,1416.912243
11.000000,101.500000,1528.715355
9.000000,102.000000,1314.116196
10.000000,102.000000,1422.355545
11.000000,102.000000,1534.462222
9.000000,102.500000,1319.343971
10.000000,102.500000,1427.889486
11.000000,102.500000,1540.306008
9.000000,103.000000,1324.582095
10.000000,103.000000,1433.434155
11.000000,103.000000,1546.160894
9.000000,103.500000,1329.903617
10.000000,103.500000,1439.059961
11.000000,103.500000,1552.093999
9.000000,104.000000,1335.235781
10.000000,104.000000,1444.696774
11.000000,104.000000,1558.038462
9.000000,104.500000,1340.657930
10.000000,104.500000,1450.428292
11.000000,104.500000,1564.082497
9.000000,105.000000,1346.091043
10.000000,105.000000,1456.171144
11.000000,105.000000,1570.138228
9.000000,105.500000,1351.633657
10.000000,105.500000,1462.010304
11.000000,105.500000,1576.275850
9.000000,106.000000,1357.187645
10.000000,106.000000,1467.861143
11.000000,106.000000,1582.425444
9.000000,106.500000,1362.811480
10.000000,106.500000,1473.778774
11.000000,106.500000,1588.638262
9.000000,107.000000,1368.446937
10.000000,107.000000,1479.708308
11.000000,107.000000,1594.863252
9.000000,107.500000,1374.098355
10.000000,107.500000,1485.625284
11.000000,107.500000,1601.046558
8.000000,108.000000,1271.863871
9.000000,108.000000,1379.761409
10.000000,108.000000,1491.554058
11.000000,108.000000,1607.241820
8.000000,108.500000,1277.264044
9.000000,108.500000,1385.422283
10.000000,108.500000,1497.476709
11.000000,108.500000,1613.427323
8.000000,109.000000,1282.675645
9.000000,109.000000,1391.094731
10.000000,109.000000,1503.411079
11.000000,109.000000,1619.624687
8.000000,109.500000,1287.934604
9.000000,109.500000,1396.666926
10.000000,109.500000,1509.300495
11.000000,109.500000,1625.835311
8.000000,110.000000,1293.204269
9.000000,110.000000,1402.250216
10.000000,110.000000,1515.201393
11.000000,110.000000,1632.057797
8.000000,110.500000,1298.513432
9.000000,110.500000,1407.814035
10.000000,110.500000,1521.019436
11.000000,110.500000,1638.129635
8.000000,111.000000,1303.833427
9.000000,111.000000,1413.388832
10.000000,111.000000,1526.848598
11.000000,111.000000,1644.212725
8.000000,111.500000,1309.195818
9.000000,111.500000,1419.001319
10.000000,111.500000,1532.710543
11.000000,111.500000,1650.323491
8.000000,112.000000,1314.569178
9.000000,112.000000,1424.624896
10.000000,112.000000,1538.583693
11.000000,112.000000,1656.445570
8.000000,112.500000,1319.980788
9.000000,112.500000,1430.285079
10.000000,112.500000,1544.491399
11.000000,112.500000,1662.599749
8.000000,113.000000,1325.403474
9.000000,113.000000,1435.956450
10.000000,113.000000,1550.410399
11.000000,113.000000,1668.765318
8.000000,113.500000,1330.849229
9.000000,113.500000,1441.605605
10.000000,113.500000,1556.259969
11.000000,113.500000,1674.812320
8.000000,114.000000,1336.306097
9.000000,114.000000,1447.265789
10.000000,114.000000,1562.120482
11.000000,114.000000,1680.870178
8.000000,114.500000,1341.770502
9.000000,114.500000,1452.937119
10.000000,114.500000,1567.995452
8.000000,115.000000,1347.245983
9.000000,115.000000,1458.619458
10.000000,115.000000,1573.881363
8.000000,115.500000,1352.766817
9.000000,115.500000,1464.356694
10.000000,115.500000,1579.831814
8.000000,116.000000,1358.298869
9.000000,116.000000,1470.105120
10.000000,116.000000,1585.793423
8.000000,116.500000,1363.893736
9.000000,116.500000,1475.928238
10.000000,116.500000,1591.842474
8.000000,117.000000,1369.500045
9.000000,117.000000,1481.762807
10.000000,117.000000,1597.902981
8.000000,117.500000,1375.169170
9.000000,117.500000,1487.677222
10.000000,117.500000,1604.061641
8.000000,118.000000,1380.849954
9.000000,118.000000,1493.603364
10.000000,118.000000,1610.232094
8.000000,118.500000,1386.542045
9.000000,118.500000,1499.571064
10.000000,118.500000,1616.474838
8.000000,119.000000,1392.245756
9.000000,119.000000,1505.550591
10.000000,119.000000,1622.729608
8.000000,119.500000,1397.963171
9.000000,119.500000,1511.593223
10.000000,119.500000,1629.100368
8.000000,120.000000,1403.692228
9.000000,120.000000,1517.647902
10.000000,120.000000,1635.483573
8.000000,120.500000,1409.445329
9.000000,120.500000,1523.744676
10.000000,120.500000,1641.928948
8.000000,121.000000,1415.210152
9.000000,121.000000,1529.853638
10.000000,121.000000,1648.386974
8.000000,121.500000,1421.057729
9.000000,121.500000,1536.036144
10.000000,121.500000,1654.908531
8.000000,122.000000,1426.917331
9.000000,122.000000,1542.231093
10.000000,122.000000,1661.442946
