weight_g,610.000000
thrust_N,velocity_m_s,power_W
15.000000,15.000000,8161.263333
16.000000,15.000000,8695.033144
17.000000,15.000000,9245.687378
18.000000,15.000000,9813.226037
15.000000,15.500000,8166.501074
16.000000,15.500000,8700.935838
17.000000,15.500000,9252.286067
18.000000,15.500000,9820.551762
14.000000,16.000000,7653.586846
15.000000,16.000000,8171.740350
16.000000,16.000000,8706.840389
17.000000,16.000000,9258.886962
18.000000,16.000000,9827.880071
14.000000,16.500000,7658.490156
15.000000,16.500000,8177.230958
16.000000,16.500000,8712.945627
17.000000,16.500000,9265.634163
18.000000,16.500000,9835.296567
14.000000,17.000000,7663.394915
15.000000,17.000000,8182.723282
16.000000,17.000000,8719.052871
17.000000,17.000000,9272.383680
18.000000,17.000000,9842.715711
14.000000,17.500000,7668.373783
15.000000,17.500000,8188.287673
16.000000,17.500000,8725.229843
17.000000,17.500000,9279.200291
18.000000,17.500000,9850.199018
14.000000,18.000000,7673.354152
15.000000,18.000000,8193.853832
16.000000,18.000000,8731.408870
17.000000,18.000000,9286.019267
18.000000,18.000000,9857.685021
14.000000,18.500000,7678.383641
15.000000,18.500000,8199.534212
16.000000,18.500000,8737.771330
17.000000,18.500000,9293.094993
18.000000,18.500000,9865.505201
14.000000,19.000000,7683.414666
15.000000,19.000000,8205.216442
16.000000,19.000000,8744.135979
17.000000,19.000000,9300.173279
18.000000,19.000000,9873.328340
14.000000,19.500000,7688.491341
15.000000,19.500000,8210.953522
16.000000,19.500000,8750.565182
17.000000,19.500000,9307.326323
14.000000,20.000000,7693.569585
15.000000,20.000000,8216.692491
16.000000,20.000000,8756.996624
17.000000,20.000000,9314.481986
14.000000,20.500000,7698.707209
15.000000,20.500000,8222.482454
16.000000,20.500000,8763.470017
17.000000,20.500000,9321.669898
14.000000,21.000000,7703.846442
15.000000,21.000000,8228.274343
16.000000,21.000000,8769.945680
17.000000,21.000000,9328.860455
14.000000,21.500000,7709.521764
15.000000,21.500000,8234.479557
16.000000,21.500000,8776.702961
17.000000,21.500000,9336.191976
14.000000,22.000000,7715.199031
15.000000,22.000000,8240.686970
16.000000,22.000000,8783.462708
17.000000,22.000000,9343.526244
14.000000,22.500000,7721.007728
15.000000,22.500000,8246.994175
16.000000,22.500000,8790.288291
17.000000,22.500000,9350.890077
14.000000,23.000000,7726.818465
15.000000,23.000000,8253.303652
16.000000,23.000000,8797.116390
17.000000,23.000000,9358.256681
14.000000,23.500000,7732.681861
15.000000,23.500000,8259.702595
16.000000,23.500000,8804.073020
17.000000,23.500000,9365.793136
14.000000,24.000000,7738.547334
15.000000,24.000000,8266.103876
16.000000,24.000000,8811.032261
17.000000,24.000000,9373.332491
14.000000,24.500000,7744.515553
15.000000,24.500000,8272.723424
16.000000,24.500000,8818.332525
17.000000,24.500000,9381.342857
14.000000,25.000000,7750.485924
15.000000,25.000000,8279.345474
16.000000,25.000000,8825.635665
17.000000,25.000000,9389.356497
14.000000,25.500000,7756.521267
15.000000,25.500000,8286.050802
16.000000,25.500000,8833.041444
17.000000,25.500000,9397.493192
14.000000,26.000000,7762.558809
15.000000,26.000000,8292.758696
16.000000,26.000000,8840.450181
17.000000,26.000000,9405.633263
14.000000,26.500000,7768.908300
15.000000,26.500000,8299.716091
16.000000,26.500000,8848.041083
17.000000,26.500000,9413.883275
14.000000,27.000000,7775.260275
15.000000,27.000000,8306.676281
16.000000,27.000000,8855.635110
17.000000,27.000000,9422.136761
14.000000,27.500000,7781.612299
15.000000,27.500000,8313.654153
16.000000,27.500000,8863.265575
17.000000,27.500000,9430.446567
14.000000,28.000000,7787.966808
15.000000,28.000000,8320.634834
16.000000,28.000000,8870.899195
17.000000,28.000000,9438.759891
14.000000,28.500000,7794.373494
15.000000,28.500000,8327.671935
16.000000,28.500000,8878.593663
17.000000,28.500000,9447.138677
14.000000,29.000000,7800.782700
15.000000,29.000000,8334.711886
16.000000,29.000000,8886.291330
17.000000,29.000000,9455.521032
14.000000,29.500000,7807.310245
15.000000,29.500000,8341.951576
16.000000,29.500000,8894.275199
17.000000,29.500000,9464.281113
14.000000,30.000000,7813.840399
15.000000,30.000000,8349.194279
16.000000,30.000000,8902.262512
17.000000,30.000000,9473.045098
14.000000,30.500000,7820.596932
15.000000,30.500000,8356.756032
16.000000,30.500000,8910.667092
17.000000,30.500000,9482.330111
14.000000,31.000000,7827.356262
15.000000,31.000000,8364.321074
16.000000,31.000000,8919.075492
17.000000,31.000000,9491.619517
14.000000,31.500000,7834.636105
15.000000,31.500000,8372.296953
16.000000,31.500000,8927.776851
17.000000,31.500000,9501.075799
13.000000,32.000000,7321.410408
14.000000,32.000000,7841.919187
15.000000,32.000000,8380.276484
16.000000,32.000000,8936.482299
17.000000,32.000000,9510.536631
13.000000,32.500000,7328.418721
14.000000,32.500000,7849.526585
15.000000,32.500000,8388.506998
16.000000,32.500000,8945.359959
17.000000,32.500000,9520.085468
13.000000,33.000000,7335.430224
14.000000,33.000000,7857.137510
15.000000,33.000000,8396.741390
16.000000,33.000000,8954.241866
17.000000,33.000000,9529.638936
13.000000,33.500000,7342.475512
14.000000,33.500000,7864.791550
15.000000,33.500000,8405.028756
16.000000,33.500000,8963.187130
13.000000,34.000000,7349.524026
14.000000,34.000000,7872.449159
15.000000,34.000000,8413.320051
16.000000,34.000000,8972.136700
13.000000,34.500000,7356.601446
14.000000,34.500000,7880.117618
15.000000,34.500000,8421.602828
16.000000,34.500000,8981.057078
13.000000,35.000000,7363.682123
14.000000,35.000000,7887.789657
15.000000,35.000000,8429.889526
16.000000,35.000000,8989.981728
13.000000,35.500000,7371.062852
14.000000,35.500000,7895.787129
15.000000,35.500000,8438.528016
16.000000,35.500000,8999.285513
13.000000,36.000000,7378.447133
14.000000,36.000000,7903.788502
15.000000,36.000000,8447.170774
16.000000,36.000000,9008.593949
13.000000,36.500000,7386.410236
14.000000,36.500000,7912.334967
15.000000,36.500000,8456.321195
16.000000,36.500000,9018.368918
13.000000,37.000000,7394.377497
14.000000,37.000000,7920.885906
15.000000,37.000000,8465.476415
16.000000,37.000000,9028.149026
13.000000,37.500000,7402.766642
14.000000,37.500000,7929.768424
15.000000,37.500000,8474.865733
16.000000,37.500000,9038.058569
13.000000,38.000000,7411.160423
14.000000,38.000000,7938.655786
15.000000,38.000000,8484.260107
16.000000,38.000000,9047.973387
13.000000,38.500000,7419.579307
14.000000,38.500000,7947.572701
15.000000,38.500000,8493.688725
16.000000,38.500000,9057.927380
13.000000,39.000000,7428.002848
14.000000,39.000000,7956.494486
15.000000,39.000000,8503.122430
16.000000,39.000000,9067.886682
13.000000,39.500000,7436.452243
14.000000,39.500000,7965.446648
15.000000,39.500000,8512.591283
16.000000,39.500000,9077.886146
13.000000,40.000000,7444.906315
14.000000,40.000000,7974.403707
15.000000,40.000000,8522.065253
16.000000,40.000000,9087.890954
13.000000,40.500000,7453.771442
14.000000,40.500000,7983.747869
15.000000,40.500000,8531.899841
16.000000,40.500000,9098.227357
13.000000,41.000000,7462.641717
14.000000,41.000000,7993.097366
15.000000,41.000000,8541.739953
16.000000,41.000000,9108.569477
13.000000,41.500000,7472.260072
14.000000,41.500000,8003.162352
15.000000,41.500000,8552.259106
16.000000,41.500000,9119.550333
13.000000,42.000000,7481.884492
14.000000,42.000000,8013.233540
15.000000,42.000000,8562.784599
16.000000,42.000000,9130.537669
13.000000,42.500000,7491.960579
14.000000,42.500000,8023.685386
15.000000,42.500000,8573.613936
16.000000,42.500000,9141.746228
13.000000,43.000000,7502.043315
14.000000,43.000000,8034.143913
15.000000,43.000000,8584.449986
16.000000,43.000000,9152.961534
13.000000,43.500000,7512.130755
14.000000,43.500000,8044.609043
15.000000,43.500000,8595.294668
16.000000,43.500000,9164.187632
13.000000,44.000000,7522.224841
14.000000,44.000000,8055.080854
15.000000,44.000000,8606.146066
16.000000,44.000000,9175.420480
13.000000,44.500000,7532.324026
14.000000,44.500000,8065.559684
15.000000,44.500000,8617.006536
16.000000,44.500000,9186.664582
13.000000,45.000000,7542.429854
14.000000,45.000000,8076.045195
15.000000,45.000000,8627.873724
16.000000,45.000000,9197.915440
13.000000,45.500000,7552.933834
14.000000,45.500000,8086.855686
15.000000,45.500000,8638.986837
16.000000,45.500000,9209.327285
13.000000,46.000000,7563.445001
14.000000,46.000000,8097.673284
15.000000,46.000000,8650.106975
16.000000,46.000000,9220.746074
13.000000,46.500000,7575.005166
14.000000,46.500000,8109.499307
15.000000,46.500000,8662.189692
12.000000,47.000000,7070.001354
13.000000,47.000000,7586.574058
14.000000,47.000000,8121.333846
15.000000,47.000000,8674.280718
12.000000,47.500000,7081.514202
13.000000,47.500000,7598.490870
14.000000,47.500000,8133.653856
15.000000,47.500000,8687.003161
12.000000,48.000000,7093.036329
13.000000,48.000000,7610.416933
14.000000,48.000000,8145.983089
15.000000,48.000000,8699.734797
12.000000,48.500000,7104.590394
13.000000,48.500000,7622.397767
14.000000,48.500000,8158.391440
15.000000,48.500000,8712.571415
12.000000,49.000000,7116.153774
13.000000,49.000000,7634.387922
14.000000,49.000000,8170.809118
15.000000,49.000000,8725.417364
12.000000,49.500000,7127.715215
13.000000,49.500000,7646.378634
14.000000,49.500000,8183.230047
15.000000,49.500000,8738.269453
12.000000,50.000000,7139.285949
13.000000,50.000000,7658.378651
14.000000,50.000000,8195.660290
15.000000,50.000000,8751.130866
12.000000,50.500000,7151.311829
13.000000,50.500000,7670.722717
14.000000,50.500000,8208.314681
15.000000,50.500000,8764.087721
12.000000,51.000000,7163.347746
13.000000,51.000000,7683.076624
14.000000,51.000000,8220.978717
15.000000,51.000000,8777.054025
12.000000,51.500000,7176.805112
13.000000,51.500000,7696.603303
14.000000,51.500000,8234.546252
15.000000,51.500000,8790.633961
12.000000,52.000000,7190.275050
13.000000,52.000000,7710.141806
14.000000,52.000000,8248.124885
15.000000,52.000000,8804.224286
12.000000,52.500000,7203.774450
13.000000,52.500000,7723.873215
14.000000,52.500000,8262.071259
15.000000,52.500000,8818.368582
12.000000,53.000000,7217.286453
13.000000,53.000000,7737.616777
14.000000,53.000000,8276.029344
15.000000,53.000000,8832.524153
12.000000,53.500000,7230.822969
13.000000,53.500000,7751.480029
14.000000,53.500000,8290.208852
15.000000,53.500000,8847.009437
12.000000,54.000000,7244.372109
13.000000,54.000000,7765.355627
14.000000,54.000000,8304.400429
15.000000,54.000000,8861.506517
12.000000,54.500000,7258.017643
13.000000,54.500000,7779.296948
14.000000,54.500000,8318.624781
15.000000,54.500000,8876.001143
12.000000,55.000000,7271.675962
13.000000,55.000000,7793.250712
14.000000,55.000000,8332.861239
15.000000,55.000000,8890.507543
12.000000,55.500000,7285.678631
13.000000,55.500000,7807.441241
14.000000,55.500000,8347.218770
15.000000,55.500000,8905.011216
12.000000,56.000000,7299.694718
13.000000,56.000000,7821.644621
14.000000,56.000000,8361.588595
15.000000,56.000000,8919.526641
12.000000,56.500000,7315.304442
13.000000,56.500000,7836.968562
14.000000,56.500000,8376.570019
15.000000,56.500000,8934.108814
12.000000,57.000000,7330.930802
13.000000,57.000000,7852.307455
14.000000,57.000000,8391.564797
15.000000,57.000000,8948.702829
12.000000,57.500000,7346.777720
13.000000,57.500000,7868.275172
14.000000,57.500000,8407.623866
15.000000,57.500000,8964.823802
12.000000,58.000000,7362.641710
13.000000,58.000000,7884.259059
14.000000,58.000000,8423.698225
15.000000,58.000000,8980.959206
12.000000,58.500000,7378.652427
13.000000,58.500000,7900.602706
14.000000,58.500000,8440.359449
15.000000,58.500000,8997.922658
12.000000,59.000000,7394.680493
13.000000,59.000000,7916.963222
14.000000,59.000000,8457.037069
15.000000,59.000000,9014.902034
12.000000,59.500000,7410.871925
13.000000,59.500000,7933.500401
14.000000,59.500000,8473.905236
12.000000,60.000000,7427.081023
13.000000,60.000000,7950.054782
14.000000,60.000000,8490.790142
12.000000,60.500000,7443.444864
13.000000,60.500000,7966.705303
14.000000,60.500000,8507.708394
12.000000,61.000000,7459.826669
13.000000,61.000000,7983.373187
14.000000,61.000000,8524.643417
12.000000,61.500000,7478.090826
13.000000,61.500000,8001.289009
14.000000,61.500000,8542.145614
11.000000,62.000000,6991.122926
12.000000,62.000000,7496.377261
13.000000,62.000000,8019.224848
14.000000,62.000000,8559.665686
11.000000,62.500000,7009.584716
12.000000,62.500000,7514.542879
13.000000,62.500000,8037.028995
14.000000,62.500000,8577.043064
11.000000,63.000000,7028.070803
12.000000,63.000000,7532.730425
13.000000,63.000000,8054.852819
14.000000,63.000000,8594.437987
11.000000,63.500000,7046.594039
12.000000,63.500000,7551.598468
13.000000,63.500000,8074.044581
14.000000,63.500000,8613.932377
11.000000,64.000000,7065.141605
12.000000,64.000000,7570.490061
13.000000,64.000000,8093.259122
14.000000,64.000000,8633.448790
11.000000,64.500000,7083.806807
12.000000,64.500000,7589.495598
13.000000,64.500000,8112.583505
14.000000,64.500000,8653.070530
11.000000,65.000000,7102.496585
12.000000,65.000000,7608.524909
13.000000,65.000000,8131.930874
14.000000,65.000000,8672.714480
11.000000,65.500000,7121.182439
12.000000,65.500000,7627.540873
13.000000,65.500000,8151.254967
14.000000,65.500000,8692.324720
11.000000,66.000000,7139.892792
12.000000,66.000000,7646.580517
13.000000,66.000000,8170.601934
14.000000,66.000000,8711.957043
11.000000,66.500000,7160.827075
12.000000,66.500000,7667.247455
13.000000,66.500000,8190.933975
14.000000,66.500000,8731.886636
11.000000,67.000000,7181.791990
12.000000,67.000000,7687.942261
13.000000,67.000000,8211.291244
14.000000,67.000000,8751.838941
11.000000,67.500000,7202.697129
12.000000,67.500000,7708.581489
13.000000,67.500000,8231.597949
14.000000,67.500000,8771.746509
11.000000,68.000000,7223.632636
12.000000,68.000000,7729.248360
13.000000,68.000000,8251.929692
14.000000,68.000000,8791.676634
11.000000,68.500000,7244.476378
12.000000,68.500000,7750.010701
13.000000,68.500000,8272.557161
14.000000,68.500000,8812.115760
11.000000,69.000000,7265.350135
12.000000,69.000000,7770.800864
13.000000,69.000000,8293.210339
14.000000,69.000000,8832.578560
11.000000,69.500000,7286.423937
12.000000,69.500000,7792.402646
13.000000,69.500000,8315.326977
14.000000,69.500000,8855.196931
11.000000,70.000000,7307.528244
12.000000,70.000000,7814.034386
13.000000,70.000000,8337.473031
14.000000,70.000000,8877.844177
11.000000,70.500000,7328.664322
12.000000,70.500000,7835.687162
13.000000,70.500000,8359.628711
14.000000,70.500000,8900.488967
11.000000,71.000000,7349.830907
12.000000,71.000000,7857.369871
13.000000,71.000000,8381.813752
14.000000,71.000000,8923.162550
11.000000,71.500000,7372.905365
12.000000,71.500000,7880.374401
13.000000,71.500000,8404.691898
14.000000,71.500000,8945.857854
11.000000,72.000000,7396.015976
12.000000,72.000000,7903.412538
13.000000,72.000000,8427.601189
14.000000,72.000000,8968.581930
11.000000,72.500000,7419.102546
12.000000,72.500000,7926.428717
13.000000,72.500000,8450.491132
11.000000,73.000000,7442.225080
12.000000,73.000000,7949.478339
13.000000,73.000000,8473.412081
11.000000,73.500000,7465.385907
12.000000,73.500000,7972.534828
13.000000,73.500000,8496.306651
11.000000,74.000000,7488.582705
12.000000,74.000000,7995.624681
13.000000,74.000000,8519.232069
11.000000,74.500000,7512.100249
12.000000,74.500000,8019.286734
13.000000,74.500000,8542.997180
11.000000,75.000000,7535.654655
12.000000,75.000000,8042.983735
13.000000,75.000000,8566.795372
11.000000,75.500000,7559.507684
12.000000,75.500000,8067.286365
13.000000,75.500000,8591.525727
10.000000,76.000000,7091.609963
11.000000,76.000000,7583.398399
12.000000,76.000000,8091.625652
13.000000,76.000000,8616.291720
10.000000,76.500000,7116.490482
11.000000,76.500000,7608.344564
12.000000,76.500000,8116.585520
13.000000,76.500000,8641.213349
10.000000,77.000000,7141.414571
11.000000,77.000000,7633.331693
12.000000,77.000000,8141.583824
13.000000,77.000000,8666.170964
10.000000,77.500000,7166.383382
11.000000,77.500000,7658.316131
12.000000,77.500000,8166.529132
13.000000,77.500000,8691.022385
10.000000,78.000000,7191.395765
11.000000,78.000000,7683.341389
12.000000,78.000000,8191.512595
13.000000,78.000000,8715.909383
10.000000,78.500000,7216.591158
11.000000,78.500000,7708.487991
12.000000,78.500000,8216.551750
13.000000,78.500000,8740.782436
10.000000,79.000000,7241.830610
11.000000,79.000000,7733.675676
12.000000,79.000000,8241.629114
13.000000,79.000000,8765.690925
10.000000,79.500000,7267.644174
11.000000,79.500000,7759.267782
12.000000,79.500000,8266.929517
13.000000,79.500000,8790.629376
10.000000,80.000000,7293.503661
11.000000,80.000000,7784.902162
12.000000,80.000000,8292.268690
13.000000,80.000000,8815.603246
10.000000,80.500000,7319.542725
11.000000,80.500000,7811.267488
12.000000,80.500000,8318.925635
13.000000,80.500000,8842.517167
10.000000,81.000000,7345.628187
11.000000,81.000000,7837.677383
12.000000,81.000000,8345.625355
13.000000,81.000000,8869.472104
10.000000,81.500000,7372.495868
11.000000,81.500000,7864.808073
12.000000,81.500000,8372.979257
13.000000,81.500000,8897.009420
10.000000,82.000000,7399.412593
11.000000,82.000000,7891.985637
12.000000,82.000000,8400.377910
13.000000,82.000000,8924.589412
10.000000,82.500000,7426.426078
11.000000,82.500000,7919.259282
12.000000,82.500000,8427.872055
13.000000,82.500000,8952.264396
10.000000,83.000000,7453.488779
11.000000,83.000000,7946.579969
12.000000,83.000000,8455.411115
13.000000,83.000000,8979.982217
10.000000,83.500000,7480.633229
11.000000,83.500000,7974.046677
12.000000,83.500000,8483.164606
13.000000,83.500000,9007.987018
10.000000,84.000000,7507.827013
11.000000,84.000000,8001.560766
12.000000,84.000000,8510.963565
13.000000,84.000000,9036.035411
10.000000,84.500000,7535.887114
11.000000,84.500000,8029.682910
12.000000,84.500000,8539.094388
13.000000,84.500000,9064.121548
10.000000,85.000000,7563.999554
11.000000,85.000000,8057.854386
12.000000,85.000000,8567.271621
13.000000,85.000000,9092.251259
10.000000,85.500000,7592.163011
11.000000,85.500000,8086.063108
12.000000,85.500000,8595.471716
13.000000,85.500000,9120.388837
10.000000,86.000000,7620.378803
11.000000,86.000000,8114.321118
12.000000,86.000000,8623.718144
13.000000,86.000000,9148.569879
10.000000,86.500000,7649.132611
11.000000,86.500000,8143.566048
12.000000,86.500000,8653.427384
10.000000,87.000000,7677.940565
11.000000,87.000000,8172.863584
12.000000,87.000000,8683.187709
10.000000,87.500000,7706.745667
11.000000,87.500000,8202.094953
12.000000,87.500000,8712.814859
10.000000,88.000000,7735.604702
11.000000,88.000000,8231.378502
12.000000,88.000000,8742.492463
10.000000,88.500000,7764.507693
11.000000,88.500000,8260.849024
12.000000,88.500000,8772.509013
10.000000,89.000000,7793.464580
11.000000,89.000000,8290.372208
12.000000,89.000000,8802.577001
10.000000,89.500000,7823.425929
11.000000,89.500000,8320.710644
12.000000,89.500000,8833.257699
10.000000,90.000000,7853.444758
11.000000,90.000000,8351.104491
12.000000,90.000000,8863.991772
10.000000,90.500000,7883.259364
11.000000,90.500000,8381.372124
12.000000,90.500000,8894.683094
10.000000,91.000000,7913.130455
11.000000,91.000000,8411.694508
12.000000,91.000000,8925.427458
10.000000,91.500000,7943.050937
11.000000,91.500000,8442.147481
12.000000,91.500000,8956.388744
9.000000,92.000000,7488.520836
10.000000,92.000000,7973.027878
11.000000,92.000000,8472.655478
12.000000,92.000000,8987.403637
9.000000,92.500000,7518.193495
10.000000,92.500000,8003.323758
11.000000,92.500000,8503.554399
12.000000,92.500000,9018.885417
9.000000,93.000000,7547.924824
10.000000,93.000000,8033.677088
11.000000,93.000000,8534.509560
12.000000,93.000000,9050.422239
9.000000,93.500000,7577.801146
10.000000,93.500000,8064.099494
11.000000,93.500000,8565.453089
12.000000,93.500000,9081.861930
9.000000,94.000000,7607.736477
10.000000,94.000000,8094.579393
11.000000,94.000000,8596.452612
12.000000,94.000000,9113.356134
9.000000,94.500000,7638.385738
10.000000,94.500000,8125.878061
11.000000,94.500000,8628.381041
12.000000,94.500000,9145.894679
9.000000,95.000000,7669.096611
10.000000,95.000000,8157.237121
11.000000,95.000000,8660.368654
12.000000,95.000000,9178.491210
9.000000,95.500000,7700.103148
10.000000,95.500000,8188.995205
11.000000,95.500000,8692.864546
12.000000,95.500000,9211.711169
9.000000,96.000000,7731.172239
10.000000,96.000000,8220.814991
11.000000,96.000000,8725.421290
12.000000,96.000000,9244.991137
9.000000,96.500000,7762.237072
10.000000,96.500000,8252.678997
11.000000,96.500000,8758.073769
12.000000,96.500000,9278.421388
9.000000,97.000000,7793.364189
10.000000,97.000000,8284.604637
11.000000,97.000000,8790.787231
12.000000,97.000000,9311.911973
9.000000,97.500000,7825.059306
10.000000,97.500000,8317.008720
11.000000,97.500000,8823.883295
12.000000,97.500000,9345.683032
9.000000,98.000000,7856.818741
10.000000,98.000000,8349.476052
11.000000,98.000000,8857.041544
12.000000,98.000000,9379.515217
9.000000,98.500000,7888.957753
10.000000,98.500000,8382.230302
11.000000,98.500000,8890.387963
12.000000,98.500000,9413.430733
9.000000,99.000000,7921.162363
10.000000,99.000000,8415.048673
11.000000,99.000000,8923.797037
12.000000,99.000000,9447.407456
9.000000,99.500000,7953.604743
10.000000,99.500000,8447.980786
11.000000,99.500000,8957.188139
9.000000,100.000000,7986.113422
10.000000,100.000000,8480.977211
11.000000,100.000000,8990.641595
9.000000,100.500000,8018.867593
10.000000,100.500000,8514.287523
11.000000,100.500000,9024.481599
9.000000,101.000000,8051.688793
10.000000,101.000000,8547.663119
11.000000,101.000000,9058.385166
9.000000,101.500000,8084.561245
10.000000,101.500000,8581.127607
11.000000,101.500000,9092.417705
9.000000,102.000000,8117.500661
10.000000,102.000000,8614.657470
11.000000,102.000000,9126.514051
9.000000,102.500000,8150.683570
10.000000,102.500000,8648.332450
11.000000,102.500000,9160.651213
9.000000,103.000000,8183.934163
10.000000,103.000000,8682.073117
11.000000,103.000000,9194.852098
9.000000,103.500000,8217.391813
10.000000,103.500000,8716.108862
11.000000,103.500000,9229.441292
9.000000,104.000000,8250.917715
10.000000,104.000000,8750.211190
11.000000,104.000000,9264.095421
9.000000,104.500000,8284.493754
10.000000,104.500000,8784.417753
11.000000,104.500000,9298.911077
9.000000,105.000000,8318.137970
10.000000,105.000000,8818.691045
11.000000,105.000000,9333.792031
9.000000,105.500000,8351.886178
10.000000,105.500000,8853.106598
11.000000,105.500000,9368.855679
9.000000,106.000000,8385.702708
10.000000,106.000000,8887.589174
11.000000,106.000000,9403.985063
9.000000,106.500000,8419.999177
10.000000,106.500000,8922.691778
11.000000,106.500000,9439.882016
9.000000,107.000000,8454.365636
10.000000,107.000000,8957.863565
11.000000,107.000000,9475.847351
9.000000,107.500000,8488.930941
10.000000,107.500000,8993.202035
11.000000,107.500000,9511.945131
9.000000,108.000000,8523.566762
10.000000,108.000000,9028.610072
11.000000,108.000000,9548.111536
9.000000,108.500000,8558.626201
10.000000,108.500000,9064.282098
11.000000,108.500000,9584.372290
8.000000,109.000000,8101.901175
9.000000,109.000000,8593.757590
10.000000,109.000000,9100.024454
11.000000,109.000000,9620.701765
8.000000,109.500000,8136.566697
9.000000,109.500000,8629.296239
10.000000,109.500000,9136.426279
11.000000,109.500000,9657.956818
8.000000,110.000000,8171.306218
9.000000,110.000000,8664.908215
10.000000,110.000000,9172.900763
11.000000,110.000000,9695.283864
8.000000,110.500000,8206.175280
9.000000,110.500000,8700.688824
10.000000,110.500000,9209.585251
11.000000,110.500000,9732.864562
8.000000,111.000000,8241.118579
9.000000,111.000000,8736.543154
10.000000,111.000000,9246.342946
11.000000,111.000000,9770.517953
8.000000,111.500000,8276.605287
9.000000,111.500000,8772.857280
10.000000,111.500000,9283.471167
11.000000,111.500000,9808.446948
8.000000,112.000000,8312.168231
9.000000,112.000000,8809.246718
10.000000,112.000000,9320.673780
11.000000,112.000000,9846.449419
8.000000,112.500000,8348.230048
9.000000,112.500000,8846.082143
10.000000,112.500000,9358.265745
11.000000,112.500000,9884.780854
8.000000,113.000000,8384.369920
9.000000,113.000000,8882.994419
10.000000,113.000000,9395.933364
11.000000,113.000000,9923.186755
