weight_g,47.000000
thrust_N,velocity_m_s,power_W
18.000000,0.000000,624.158825
19.000000,0.000000,678.693502
20.000000,0.000000,735.267183
21.000000,0.000000,793.879869
22.000000,0.000000,854.531559
18.000000,0.500000,626.578491
19.000000,0.500000,681.184808
20.000000,0.500000,737.830101
21.000000,0.500000,796.514369
22.000000,0.500000,857.237612
18.000000,1.000000,629.001286
19.000000,1.000000,683.679274
20.000000,1.000000,740.396207
21.000000,1.000000,799.152085
22.000000,1.000000,859.946908
18.000000,1.500000,631.400283
19.000000,1.500000,686.155058
20.000000,1.500000,742.949099
21.000000,1.500000,801.782406
22.000000,1.500000,862.654978
18.000000,2.000000,633.802362
19.000000,2.000000,688.633966
20.000000,2.000000,745.505156
21.000000,2.000000,804.415931
22.000000,2.000000,865.366290
18.000000,2.500000,636.182900
19.000000,2.500000,691.096333
20.000000,2.500000,748.050010
21.000000,2.500000,807.043931
22.000000,2.500000,868.078097
18.000000,3.000000,638.566480
19.000000,3.000000,693.561793
20.000000,3.000000,750.598009
21.000000,3.000000,809.675127
22.000000,3.000000,870.793147
18.000000,3.500000,640.930653
19.000000,3.500000,696.012740
20.000000,3.500000,753.136716
21.000000,3.500000,812.302582
22.000000,3.500000,873.510337
18.000000,4.000000,643.297831
19.000000,4.000000,698.466753
20.000000,4.000000,755.678552
21.000000,4.000000,814.933226
22.000000,4.000000,876.230776
18.000000,4.500000,645.809687
19.000000,4.500000,701.035304
20.000000,4.500000,758.302480
21.000000,4.500000,817.611215
22.000000,4.500000,878.961509
18.000000,5.000000,648.324914
19.000000,5.000000,703.607203
20.000000,5.000000,760.929733
21.000000,5.000000,820.292503
22.000000,5.000000,881.695515
18.000000,5.500000,651.030557
19.000000,5.500000,706.453898
20.000000,5.500000,763.921202
21.000000,5.500000,823.432469
22.000000,5.500000,884.987699
17.000000,6.000000,600.223198
18.000000,6.000000,653.740083
19.000000,6.000000,709.304658
20.000000,6.000000,766.916921
21.000000,6.000000,826.576873
22.000000,6.000000,888.284514
17.000000,6.500000,602.808125
18.000000,6.500000,656.465906
19.000000,6.500000,712.175303
20.000000,6.500000,769.936314
21.000000,6.500000,829.748941
17.000000,7.000000,605.396789
18.000000,7.000000,659.195654
19.000000,7.000000,715.050064
20.000000,7.000000,772.960018
21.000000,7.000000,832.925517
17.000000,7.500000,607.998631
18.000000,7.500000,661.939211
19.000000,7.500000,717.939279
20.000000,7.500000,775.998835
21.000000,7.500000,836.117880
17.000000,8.000000,610.604243
18.000000,8.000000,664.686727
19.000000,8.000000,720.832646
20.000000,8.000000,779.042001
21.000000,8.000000,839.314791
17.000000,8.500000,613.172940
18.000000,8.500000,667.407443
19.000000,8.500000,723.709942
20.000000,8.500000,782.080437
21.000000,8.500000,842.518927
17.000000,9.000000,615.745357
18.000000,9.000000,670.132086
19.000000,9.000000,726.591375
20.000000,9.000000,785.123225
21.000000,9.000000,845.727636
17.000000,9.500000,618.278506
18.000000,9.500000,672.829210
19.000000,9.500000,729.457488
20.000000,9.500000,788.163339
21.000000,9.500000,848.946764
17.000000,10.000000,620.815407
18.000000,10.000000,675.530294
19.000000,10.000000,732.327772
20.000000,10.000000,791.207843
21.000000,10.000000,852.170506
17.000000,10.500000,623.332375
18.000000,10.500000,678.185324
19.000000,10.500000,735.124535
20.000000,10.500000,794.150010
21.000000,10.500000,855.261749
17.000000,11.000000,625.853054
18.000000,11.000000,680.844230
19.000000,11.000000,737.925344
20.000000,11.000000,797.096395
21.000000,11.000000,858.357384
17.000000,11.500000,628.366748
18.000000,11.500000,683.503957
19.000000,11.500000,740.735290
20.000000,11.500000,800.060747
21.000000,11.500000,861.480328
17.000000,12.000000,630.884136
18.000000,12.000000,686.167563
19.000000,12.000000,743.549304
20.000000,12.000000,803.029361
21.000000,12.000000,864.607732
17.000000,12.500000,633.401283
18.000000,12.500000,688.839364
19.000000,12.500000,746.380476
20.000000,12.500000,806.024619
21.000000,12.500000,867.771791
17.000000,13.000000,635.922126
18.000000,13.000000,691.515066
19.000000,13.000000,749.215758
20.000000,13.000000,809.024201
21.000000,13.000000,870.940396
17.000000,13.500000,638.744486
18.000000,13.500000,694.438171
19.000000,13.500000,752.239998
20.000000,13.500000,812.149967
21.000000,13.500000,874.168080
17.000000,14.000000,641.571399
18.000000,14.000000,697.365862
19.000000,14.000000,755.268859
20.000000,14.000000,815.280390
21.000000,14.000000,877.400454
17.000000,14.500000,644.387759
18.000000,14.500000,700.280164
19.000000,14.500000,758.281289
20.000000,14.500000,818.391136
21.000000,14.500000,880.609703
17.000000,15.000000,647.208665
18.000000,15.000000,703.199035
19.000000,15.000000,761.298312
20.000000,15.000000,821.506498
21.000000,15.000000,883.823591
17.000000,15.500000,650.076433
18.000000,15.500000,706.184621
19.000000,15.500000,764.403446
20.000000,15.500000,824.732909
21.000000,15.500000,887.173008
17.000000,16.000000,652.948893
18.000000,16.000000,709.175006
19.000000,16.000000,767.513486
20.000000,16.000000,827.964332
21.000000,16.000000,890.527545
17.000000,16.500000,655.847178
18.000000,16.500000,712.183899
19.000000,16.500000,770.634227
20.000000,16.500000,831.198164
16.000000,17.000000,604.417655
17.000000,17.000000,658.750222
18.000000,17.000000,715.197638
19.000000,17.000000,773.759903
20.000000,17.000000,834.437016
16.000000,17.500000,607.102957
17.000000,17.500000,661.562438
18.000000,17.500000,718.139042
19.000000,17.500000,776.832770
20.000000,17.500000,837.643620
16.000000,18.000000,609.792746
17.000000,18.000000,664.379256
18.000000,18.000000,721.085164
19.000000,18.000000,779.910471
20.000000,18.000000,840.855177
16.000000,18.500000,612.517101
17.000000,18.500000,667.222794
18.000000,18.500000,724.049359
19.000000,18.500000,782.996794
20.000000,18.500000,844.065101
16.000000,19.000000,615.246107
17.000000,19.000000,670.071059
18.000000,19.000000,727.018355
19.000000,19.000000,786.087994
20.000000,19.000000,847.279976
16.000000,19.500000,617.969545
17.000000,19.500000,672.937144
18.000000,19.500000,730.030168
19.000000,19.500000,789.248618
20.000000,19.500000,850.592492
16.000000,20.000000,620.697613
17.000000,20.000000,675.808005
18.000000,20.000000,733.046906
19.000000,20.000000,792.414316
20.000000,20.000000,853.910235
16.000000,20.500000,623.436056
17.000000,20.500000,678.731690
18.000000,20.500000,736.161994
19.000000,20.500000,795.726968
20.000000,20.500000,857.426612
16.000000,21.000000,626.179166
17.000000,21.000000,681.660335
18.000000,21.000000,739.282344
19.000000,21.000000,799.045193
20.000000,21.000000,860.948881
16.000000,21.500000,628.858356
17.000000,21.500000,684.545850
18.000000,21.500000,742.381645
19.000000,21.500000,802.365741
20.000000,21.500000,864.498138
16.000000,22.000000,631.542093
17.000000,22.000000,687.436250
18.000000,22.000000,745.486183
19.000000,22.000000,805.691890
20.000000,22.000000,868.053372
16.000000,22.500000,634.089811
17.000000,22.500000,690.226252
18.000000,22.500000,748.528108
19.000000,22.500000,808.995378
20.000000,22.500000,871.628064
16.000000,23.000000,636.641801
17.000000,23.000000,693.020940
18.000000,23.000000,751.575151
19.000000,23.000000,812.304433
20.000000,23.000000,875.208787
16.000000,23.500000,639.202390
17.000000,23.500000,695.831397
18.000000,23.500000,754.645543
19.000000,23.500000,815.644827
20.000000,23.500000,878.829249
16.000000,24.000000,641.767272
17.000000,24.000000,698.646580
18.000000,24.000000,757.721110
19.000000,24.000000,818.990863
20.000000,24.000000,882.455839
16.000000,24.500000,644.351707
17.000000,24.500000,701.470618
18.000000,24.500000,760.794269
19.000000,24.500000,822.322660
20.000000,24.500000,886.055791
16.000000,25.000000,646.940486
17.000000,25.000000,704.299415
18.000000,25.000000,763.872618
19.000000,25.000000,825.660095
20.000000,25.000000,889.661847
16.000000,25.500000,649.543147
17.000000,25.500000,707.124298
18.000000,25.500000,766.928376
19.000000,25.500000,828.955383
16.000000,26.000000,652.150202
17.000000,26.000000,709.953960
18.000000,26.000000,769.989316
19.000000,26.000000,832.256269
16.000000,26.500000,654.925223
17.000000,26.500000,712.918882
18.000000,26.500000,773.149869
19.000000,26.500000,835.618182
15.000000,27.000000,601.764461
16.000000,27.000000,657.705224
17.000000,27.000000,715.889051
18.000000,27.000000,776.315939
19.000000,27.000000,838.985891
15.000000,27.500000,604.391969
16.000000,27.500000,660.515798
17.000000,27.500000,718.888239
18.000000,27.500000,779.509291
19.000000,27.500000,842.378954
15.000000,28.000000,607.024289
16.000000,28.000000,663.331436
17.000000,28.000000,721.892750
18.000000,28.000000,782.708229
19.000000,28.000000,845.777873
15.000000,28.500000,609.666217
16.000000,28.500000,666.162709
17.000000,28.500000,724.919334
18.000000,28.500000,785.936092
19.000000,28.500000,849.212984
15.000000,29.000000,612.312975
16.000000,29.000000,668.999083
17.000000,29.000000,727.951298
18.000000,29.000000,789.169621
19.000000,29.000000,852.654051
15.000000,29.500000,614.982228
16.000000,29.500000,671.879161
17.000000,29.500000,731.049781
18.000000,29.500000,792.494088
19.000000,29.500000,856.212083
15.000000,30.000000,617.656365
16.000000,30.000000,674.764473
17.000000,30.000000,734.153859
18.000000,30.000000,795.824524
19.000000,30.000000,859.776468
15.000000,30.500000,620.506969
16.000000,30.500000,677.826387
17.000000,30.500000,737.434190
18.000000,30.500000,799.330376
19.000000,30.500000,863.514946
15.000000,31.000000,623.363103
16.000000,31.000000,680.894179
17.000000,31.000000,740.720754
18.000000,31.000000,802.842829
19.000000,31.000000,867.260403
15.000000,31.500000,626.302836
16.000000,31.500000,684.037432
17.000000,31.500000,744.073741
18.000000,31.500000,806.411763
19.000000,31.500000,871.051498
15.000000,32.000000,629.248408
16.000000,32.000000,687.186832
17.000000,32.000000,747.433191
18.000000,32.000000,809.987484
19.000000,32.000000,874.849712
15.000000,32.500000,632.215453
16.000000,32.500000,690.359070
17.000000,32.500000,750.816883
18.000000,32.500000,813.588892
19.000000,32.500000,878.675098
15.000000,33.000000,635.188392
16.000000,33.000000,693.537513
17.000000,33.000000,754.207100
18.000000,33.000000,817.197152
19.000000,33.000000,882.507671
15.000000,33.500000,638.172227
16.000000,33.500000,696.723565
17.000000,33.500000,757.601473
18.000000,33.500000,820.805949
19.000000,33.500000,886.336994
15.000000,34.000000,641.161987
16.000000,34.000000,699.915849
17.000000,34.000000,761.002391
18.000000,34.000000,824.421612
19.000000,34.000000,890.173512
15.000000,34.500000,644.217591
16.000000,34.500000,703.151245
17.000000,34.500000,764.421995
18.000000,34.500000,828.029840
15.000000,35.000000,647.279393
16.000000,35.000000,706.393068
17.000000,35.000000,767.848258
18.000000,35.000000,831.644963
15.000000,35.500000,650.448724
16.000000,35.500000,709.709883
17.000000,35.500000,771.314466
18.000000,35.500000,835.262473
15.000000,36.000000,653.624712
16.000000,36.000000,713.033459
17.000000,36.000000,774.787540
18.000000,36.000000,838.886955
15.000000,36.500000,656.801673
16.000000,36.500000,716.359031
17.000000,36.500000,778.263730
18.000000,36.500000,842.515770
14.000000,37.000000,602.628547
15.000000,37.000000,659.985279
16.000000,37.000000,719.691358
17.000000,37.000000,781.746786
18.000000,37.000000,846.151562
14.000000,37.500000,605.675151
15.000000,37.500000,663.178912
16.000000,37.500000,723.034001
17.000000,37.500000,785.240420
18.000000,37.500000,849.798167
14.000000,38.000000,608.728315
15.000000,38.000000,666.379213
16.000000,38.000000,726.383420
17.000000,38.000000,788.740938
18.000000,38.000000,853.451767
14.000000,38.500000,611.779132
15.000000,38.500000,669.570597
16.000000,38.500000,729.717037
17.000000,38.500000,792.218453
18.000000,38.500000,857.074844
14.000000,39.000000,614.836504
15.000000,39.000000,672.768629
16.000000,39.000000,733.057395
17.000000,39.000000,795.702801
18.000000,39.000000,860.704849
14.000000,39.500000,617.426935
15.000000,39.500000,675.588468
16.000000,39.500000,736.114657
17.000000,39.500000,799.005500
18.000000,39.500000,864.260998
14.000000,40.000000,620.022466
15.000000,40.000000,678.413803
16.000000,40.000000,739.177817
17.000000,40.000000,802.314507
18.000000,40.000000,867.823874
14.000000,40.500000,622.635161
15.000000,40.500000,681.250674
16.000000,40.500000,742.246697
17.000000,40.500000,805.623230
18.000000,40.500000,871.380274
14.000000,41.000000,625.253004
15.000000,41.000000,684.093075
16.000000,41.000000,745.321501
17.000000,41.000000,808.938281
18.000000,41.000000,874.943414
14.000000,41.500000,627.885985
15.000000,41.500000,686.953590
16.000000,41.500000,748.417554
17.000000,41.500000,812.277877
18.000000,41.500000,878.534559
14.000000,42.000000,630.524154
15.000000,42.000000,689.819685
16.000000,42.000000,751.519590
17.000000,42.000000,815.623869
18.000000,42.000000,882.132523
14.000000,42.500000,633.175241
15.000000,42.500000,692.703611
16.000000,42.500000,754.644621
17.000000,42.500000,818.998271
18.000000,42.500000,885.764562
14.000000,43.000000,635.831548
15.000000,43.000000,695.593163
16.000000,43.000000,757.775696
17.000000,43.000000,822.379145
18.000000,43.000000,889.403511
14.000000,43.500000,638.660813
15.000000,43.500000,698.655689
16.000000,43.500000,761.079192
17.000000,43.500000,825.931322
14.000000,44.000000,641.495953
15.000000,44.000000,701.724490
16.000000,44.000000,764.389372
17.000000,44.000000,829.490598
14.000000,44.500000,644.422848
15.000000,44.500000,704.883884
16.000000,44.500000,767.788590
17.000000,44.500000,833.136966
14.000000,45.000000,647.355961
15.000000,45.000000,708.049884
16.000000,45.000000,771.194811
17.000000,45.000000,836.790740
14.000000,45.500000,650.312136
15.000000,45.500000,711.233043
16.000000,45.500000,774.612090
17.000000,45.500000,840.449276
14.000000,46.000000,653.274603
15.000000,46.000000,714.422870
16.000000,46.000000,778.036422
17.000000,46.000000,844.115261
14.000000,46.500000,656.262739
15.000000,46.500000,717.638473
16.000000,46.500000,781.486607
17.000000,46.500000,847.807142
14.000000,47.000000,659.257244
15.000000,47.000000,720.860821
16.000000,47.000000,784.943923
17.000000,47.000000,851.506548
14.000000,47.500000,662.356272
15.000000,47.500000,724.168910
16.000000,47.500000,788.466422
17.000000,47.500000,855.248808
13.000000,48.000000,605.930305
14.000000,48.000000,665.462070
15.000000,48.000000,727.484062
16.000000,48.000000,791.996281
17.000000,48.000000,858.998727
13.000000,48.500000,609.020012
14.000000,48.500000,668.709654
15.000000,48.500000,730.891122
16.000000,48.500000,795.564416
17.000000,48.500000,862.729535
13.000000,49.000000,612.116997
14.000000,49.000000,671.964608
15.000000,49.000000,734.305643
16.000000,49.000000,799.140102
17.000000,49.000000,866.467986
13.000000,49.500000,615.225475
14.000000,49.500000,675.229644
15.000000,49.500000,737.728771
16.000000,49.500000,802.722858
17.000000,49.500000,870.211903
13.000000,50.000000,618.341247
14.000000,50.000000,678.502059
15.000000,50.000000,741.159365
16.000000,50.000000,806.313166
17.000000,50.000000,873.963460
13.000000,50.500000,621.473812
14.000000,50.500000,681.818572
15.000000,50.500000,744.663504
16.000000,50.500000,810.008608
17.000000,50.500000,877.853884
13.000000,51.000000,624.613718
14.000000,51.000000,685.142630
15.000000,51.000000,748.175394
16.000000,51.000000,813.712011
17.000000,51.000000,881.752479
13.000000,51.500000,627.753980
14.000000,51.500000,688.477056
15.000000,51.500000,751.708364
16.000000,51.500000,817.447907
17.000000,51.500000,885.695683
13.000000,52.000000,630.901568
14.000000,52.000000,691.819050
15.000000,52.000000,755.249150
16.000000,52.000000,821.191870
17.000000,52.000000,889.647208
13.000000,52.500000,633.607761
14.000000,52.500000,694.818700
15.000000,52.500000,758.553456
16.000000,52.500000,824.812030
13.000000,53.000000,636.319643
14.000000,53.000000,697.824671
15.000000,53.000000,761.864726
16.000000,53.000000,828.439810
13.000000,53.500000,639.048960
14.000000,53.500000,700.795126
15.000000,53.500000,765.084211
16.000000,53.500000,831.916216
13.000000,54.000000,641.784012
14.000000,54.000000,703.771753
15.000000,54.000000,768.310313
16.000000,54.000000,835.399692
13.000000,54.500000,644.554335
14.000000,54.500000,706.790284
15.000000,54.500000,771.585200
16.000000,54.500000,838.939082
13.000000,55.000000,647.330512
14.000000,55.000000,709.815127
15.000000,55.000000,774.866863
16.000000,55.000000,842.485721
13.000000,55.500000,650.144596
14.000000,55.500000,712.877090
15.000000,55.500000,778.185049
16.000000,55.500000,846.068476
13.000000,56.000000,652.964666
14.000000,56.000000,715.945498
15.000000,56.000000,781.510151
16.000000,56.000000,849.658627
13.000000,56.500000,655.950274
14.000000,56.500000,719.152595
15.000000,56.500000,784.944423
16.000000,56.500000,853.325756
13.000000,57.000000,658.942534
14.000000,57.000000,722.366682
15.000000,57.000000,788.386024
16.000000,57.000000,857.000560
13.000000,57.500000,662.024405
14.000000,57.500000,725.674871
15.000000,57.500000,791.926246
16.000000,57.500000,860.778528
12.000000,58.000000,603.842774
13.000000,58.000000,665.113280
14.000000,58.000000,728.990411
15.000000,58.000000,795.474168
16.000000,58.000000,864.564549
12.000000,58.500000,606.714915
13.000000,58.500000,668.237999
14.000000,58.500000,732.375736
15.000000,58.500000,799.128126
16.000000,58.500000,868.495170
12.000000,59.000000,609.593720
13.000000,59.000000,671.369858
14.000000,59.000000,735.768685
15.000000,59.000000,802.790201
16.000000,59.000000,872.434405
12.000000,59.500000,612.480582
13.000000,59.500000,674.519267
14.000000,59.500000,739.189140
15.000000,59.500000,806.490201
16.000000,59.500000,876.422449
12.000000,60.000000,615.374124
13.000000,60.000000,677.675868
14.000000,60.000000,742.617306
15.000000,60.000000,810.198438
16.000000,60.000000,880.419263
12.000000,60.500000,618.135471
13.000000,60.500000,680.688535
14.000000,60.500000,745.889421
15.000000,60.500000,813.738130
16.000000,60.500000,884.234661
12.000000,61.000000,620.902943
13.000000,61.000000,683.707806
14.000000,61.000000,749.168627
15.000000,61.000000,817.285407
16.000000,61.000000,888.058146
12.000000,61.500000,623.487711
13.000000,61.500000,686.582109
14.000000,61.500000,752.343263
15.000000,61.500000,820.771174
12.000000,62.000000,626.077844
13.000000,62.000000,689.462422
14.000000,62.000000,755.524565
15.000000,62.000000,824.264272
12.000000,62.500000,628.747796
13.000000,62.500000,692.410345
14.000000,62.500000,758.760375
15.000000,62.500000,827.797884
12.000000,63.000000,631.423417
13.000000,63.000000,695.364527
14.000000,63.000000,762.003044
15.000000,63.000000,831.338966
12.000000,63.500000,634.263573
13.000000,63.500000,698.450577
14.000000,63.500000,765.341989
15.000000,63.500000,834.937807
12.000000,64.000000,637.110070
13.000000,64.000000,701.543411
14.000000,64.000000,768.688163
15.000000,64.000000,838.544327
12.000000,64.500000,640.038449
13.000000,64.500000,704.705322
14.000000,64.500000,772.089430
15.000000,64.500000,842.190773
12.000000,65.000000,642.973490
13.000000,65.000000,707.874274
14.000000,65.000000,775.498119
15.000000,65.000000,845.845023
12.000000,65.500000,646.058616
13.000000,65.500000,711.156432
14.000000,65.500000,778.980492
15.000000,65.500000,849.530795
12.000000,66.000000,649.151046
13.000000,66.000000,714.446106
14.000000,66.000000,782.470593
15.000000,66.000000,853.224506
12.000000,66.500000,652.288299
13.000000,66.500000,717.770890
14.000000,66.500000,785.985556
15.000000,66.500000,856.932297
12.000000,67.000000,655.433022
13.000000,67.000000,721.103312
14.000000,67.000000,789.508326
15.000000,67.000000,860.648064
12.000000,67.500000,658.431469
13.000000,67.500000,724.320171
14.000000,67.500000,792.948323
15.000000,67.500000,864.315924
12.000000,68.000000,661.436734
13.000000,68.000000,727.544161
14.000000,68.000000,796.395764
15.000000,68.000000,867.991543
12.000000,68.500000,664.366799
13.000000,68.500000,730.724177
14.000000,68.500000,799.832408
15.000000,68.500000,871.691491
11.000000,69.000000,603.453083
12.000000,69.000000,667.303334
13.000000,69.000000,733.911114
14.000000,69.000000,803.276425
15.000000,69.000000,875.399265
11.000000,69.500000,606.129193
12.000000,69.500000,670.241805
13.000000,69.500000,737.119650
14.000000,69.500000,806.762731
15.000000,69.500000,879.171045
11.000000,70.000000,608.811224
12.000000,70.000000,673.186728
13.000000,70.000000,740.335170
14.000000,70.000000,810.256553
15.000000,70.000000,882.950874
11.000000,70.500000,611.513595
12.000000,70.500000,676.153919
13.000000,70.500000,743.575733
14.000000,70.500000,813.779039
15.000000,70.500000,886.763836
11.000000,71.000000,614.221950
12.000000,71.000000,679.127633
13.000000,71.000000,746.823366
14.000000,71.000000,817.309150
15.000000,71.000000,890.584984
11.000000,71.500000,616.995763
12.000000,71.500000,682.158918
13.000000,71.500000,750.119750
14.000000,71.500000,820.878260
11.000000,72.000000,619.775823
12.000000,72.000000,685.196947
13.000000,72.000000,753.423381
14.000000,72.000000,824.455125
11.000000,72.500000,622.758278
12.000000,72.500000,688.394771
13.000000,72.500000,756.839982
14.000000,72.500000,828.093910
11.000000,73.000000,625.747879
12.000000,73.000000,691.600023
13.000000,73.000000,760.264290
14.000000,73.000000,831.740680
11.000000,73.500000,628.770106
12.000000,73.500000,694.831220
13.000000,73.500000,763.707445
14.000000,73.500000,835.398779
11.000000,74.000000,631.799594
12.000000,74.000000,698.069926
13.000000,74.000000,767.158354
14.000000,74.000000,839.064875
11.000000,74.500000,634.817867
12.000000,74.500000,701.300724
13.000000,74.500000,770.605293
14.000000,74.500000,842.731575
11.000000,75.000000,637.843309
12.000000,75.000000,704.538956
13.000000,75.000000,774.059932
14.000000,75.000000,846.406239
11.000000,75.500000,640.865034
12.000000,75.500000,707.758512
13.000000,75.500000,777.480418
14.000000,75.500000,850.030751
11.000000,76.000000,643.893883
12.000000,76.000000,710.985396
13.000000,76.000000,780.908435
14.000000,76.000000,853.663000
11.000000,76.500000,646.649927
12.000000,76.500000,714.016840
13.000000,76.500000,784.223792
14.000000,76.500000,857.270783
11.000000,77.000000,649.411844
12.000000,77.000000,717.054728
13.000000,77.000000,787.546171
14.000000,77.000000,860.886172
11.000000,77.500000,652.142507
12.000000,77.500000,720.107547
13.000000,77.500000,790.932844
14.000000,77.500000,864.618398
11.000000,78.000000,654.878873
12.000000,78.000000,723.166843
13.000000,78.000000,794.326782
14.000000,78.000000,868.358690
11.000000,78.500000,657.717323
12.000000,78.500000,726.321211
13.000000,78.500000,797.808109
14.000000,78.500000,872.178018
11.000000,79.000000,660.561903
12.000000,79.000000,729.482442
13.000000,79.000000,801.297045
14.000000,79.000000,876.005713
11.000000,79.500000,663.328656
12.000000,79.500000,732.612648
13.000000,79.500000,804.804683
14.000000,79.500000,879.904761
10.000000,80.000000,599.374806
11.000000,80.000000,666.101160
12.000000,80.000000,735.749552
13.000000,80.000000,808.319980
14.000000,80.000000,883.812445
10.000000,80.500000,601.833595
11.000000,80.500000,668.871222
12.000000,80.500000,738.842169
13.000000,80.500000,811.746436
10.000000,81.000000,604.297336
11.000000,81.000000,671.646989
12.000000,81.000000,741.941256
13.000000,81.000000,815.180136
10.000000,81.500000,606.839535
11.000000,81.500000,674.494772
12.000000,81.500000,745.104921
13.000000,81.500000,818.669983
10.000000,82.000000,609.387001
11.000000,82.000000,677.348545
12.000000,82.000000,748.275305
13.000000,82.000000,822.167283
10.000000,82.500000,611.917940
11.000000,82.500000,680.150945
12.000000,82.500000,751.357549
13.000000,82.500000,825.537750
10.000000,83.000000,614.454045
11.000000,83.000000,682.959075
12.000000,83.000000,754.446090
13.000000,83.000000,828.915089
10.000000,83.500000,617.025282
11.000000,83.500000,685.812625
12.000000,83.500000,757.590758
13.000000,83.500000,832.359681
10.000000,84.000000,619.601811
11.000000,84.000000,688.672072
12.000000,84.000000,760.741935
13.000000,84.000000,835.811400
10.000000,84.500000,622.281359
11.000000,84.500000,691.628949
12.000000,84.500000,763.983736
13.000000,84.500000,839.345722
10.000000,85.000000,624.966629
11.000000,85.000000,694.592121
12.000000,85.000000,767.232409
13.000000,85.000000,842.887492
10.000000,85.500000,627.659560
11.000000,85.500000,697.575158
12.000000,85.500000,770.513884
13.000000,85.500000,846.475739
10.000000,86.000000,630.358213
11.000000,86.000000,700.564546
12.000000,86.000000,773.802341
13.000000,86.000000,850.071600
10.000000,86.500000,633.120161
11.000000,86.500000,703.624849
12.000000,86.500000,777.169637
13.000000,86.500000,853.754524
10.000000,87.000000,635.888098
11.000000,87.000000,706.691797
12.000000,87.000000,780.544234
13.000000,87.000000,857.445407
10.000000,87.500000,638.834098
11.000000,87.500000,709.878389
12.000000,87.500000,783.977395
13.000000,87.500000,861.131117
10.000000,88.000000,641.786904
11.000000,88.000000,713.072143
12.000000,88.000000,787.418082
13.000000,88.000000,864.824721
10.000000,88.500000,644.837669
11.000000,88.500000,716.344311
12.000000,88.500000,790.915319
13.000000,88.500000,868.550694
10.000000,89.000000,647.895667
11.000000,89.000000,719.623967
12.000000,89.000000,794.420301
13.000000,89.000000,872.284669
10.000000,89.500000,650.981936
11.000000,89.500000,722.919061
12.000000,89.500000,797.926207
13.000000,89.500000,876.003373
10.000000,90.000000,654.075538
11.000000,90.000000,726.221681
12.000000,90.000000,801.439829
13.000000,90.000000,879.729984
10.000000,90.500000,657.166441
11.000000,90.500000,729.532738
12.000000,90.500000,804.973820
10.000000,91.000000,660.264629
11.000000,91.000000,732.851326
12.000000,91.000000,808.515584
10.000000,91.500000,663.317927
11.000000,91.500000,736.148884
12.000000,91.500000,812.061741
9.000000,92.000000,596.388922
10.000000,92.000000,666.378261
11.000000,92.000000,739.453838
12.000000,92.000000,815.615654
9.000000,92.500000,599.129368
10.000000,92.500000,669.364117
11.000000,92.500000,742.690300
12.000000,92.500000,819.107916
9.000000,93.000000,601.876065
10.000000,93.000000,672.356619
11.000000,93.000000,745.933803
12.000000,93.000000,822.607617
9.000000,93.500000,604.317986
10.000000,93.500000,675.130232
11.000000,93.500000,749.050399
12.000000,93.500000,826.078487
9.000000,94.000000,606.764655
10.000000,94.000000,677.909426
11.000000,94.000000,752.173418
12.000000,94.000000,829.556630
9.000000,94.500000,609.296334
10.000000,94.500000,680.773773
11.000000,94.500000,755.381409
12.000000,94.500000,833.119244
9.000000,95.000000,611.833135
10.000000,95.000000,683.644065
11.000000,95.000000,758.596177
12.000000,95.000000,836.689472
9.000000,95.500000,614.448252
10.000000,95.500000,686.570010
11.000000,95.500000,761.842220
12.000000,95.500000,840.264881
9.000000,96.000000,617.068833
10.000000,96.000000,689.502128
11.000000,96.000000,765.095147
12.000000,96.000000,843.847891
9.000000,96.500000,619.580418
10.000000,96.500000,692.304161
11.000000,96.500000,768.195320
12.000000,96.500000,847.253896
9.000000,97.000000,622.096887
10.000000,97.000000,695.111709
11.000000,97.000000,771.301637
12.000000,97.000000,850.666673
9.000000,97.500000,624.597078
10.000000,97.500000,697.863133
11.000000,97.500000,774.309176
12.000000,97.500000,853.935208
9.000000,98.000000,627.102031
10.000000,98.000000,700.619769
11.000000,98.000000,777.322373
12.000000,98.000000,857.209845
9.000000,98.500000,629.707333
10.000000,98.500000,703.451189
11.000000,98.500000,780.384210
12.000000,98.500000,860.506396
9.000000,99.000000,632.317899
10.000000,99.000000,706.288174
11.000000,99.000000,783.451913
12.000000,99.000000,863.809115
9.000000,99.500000,635.016671
10.000000,99.500000,709.211423
11.000000,99.500000,786.603683
12.000000,99.500000,867.193450
9.000000,100.000000,637.721095
10.000000,100.000000,712.140600
11.000000,100.000000,789.761660
12.000000,100.000000,870.584273
9.000000,100.500000,640.475984
10.000000,100.500000,715.129705
11.000000,100.500000,792.989280
12.000000,100.500000,874.054708
9.000000,101.000000,643.236724
10.000000,101.000000,718.124975
11.000000,101.000000,796.223382
12.000000,101.000000,877.531943
