weight_g,60.000000
thrust_N,velocity_m_s,power_W
17.000000,0.000000,639.301710
18.000000,0.000000,694.768631
19.000000,0.000000,752.320985
20.000000,0.000000,811.958771
21.000000,0.000000,873.423939
22.000000,0.000000,935.251513
23.000000,0.000000,998.972279
24.000000,0.000000,1064.586235
25.000000,0.000000,1132.093381
26.000000,0.000000,1201.703013
27.000000,0.000000,1273.188961
28.000000,0.000000,1346.511376
17.000000,0.500000,641.588020
18.000000,0.500000,697.236084
19.000000,0.500000,754.976519
20.000000,0.500000,814.809325
21.000000,0.500000,876.362271
22.000000,0.500000,938.288953
23.000000,0.500000,1002.110293
24.000000,0.500000,1067.826290
25.000000,0.500000,1135.436944
26.000000,0.500000,1205.145402
27.000000,0.500000,1276.716373
28.000000,0.500000,1350.124378
16.000000,1.000000,590.147094
17.000000,1.000000,643.877240
18.000000,1.000000,699.706705
19.000000,1.000000,757.635491
20.000000,1.000000,817.663597
21.000000,1.000000,879.304010
22.000000,1.000000,941.329886
23.000000,1.000000,1005.251885
24.000000,1.000000,1071.070008
25.000000,1.000000,1138.784255
26.000000,1.000000,1208.591340
27.000000,1.000000,1280.247374
28.000000,1.000000,1353.741008
16.000000,1.500000,592.279678
17.000000,1.500000,646.190498
18.000000,1.500000,702.207946
19.000000,1.500000,760.332021
20.000000,1.500000,820.562723
21.000000,1.500000,882.274159
22.000000,1.500000,944.394024
23.000000,1.500000,1008.411193
24.000000,1.500000,1074.325667
25.000000,1.500000,1142.142752
26.000000,1.500000,1212.040514
27.000000,1.500000,1283.782072
28.000000,1.500000,1357.361814
16.000000,2.000000,594.414961
17.000000,2.000000,648.506716
18.000000,2.000000,704.712418
19.000000,2.000000,763.032067
20.000000,2.000000,823.465662
21.000000,2.000000,885.247766
22.000000,2.000000,947.461696
23.000000,2.000000,1011.574112
24.000000,2.000000,1077.585012
25.000000,2.000000,1145.504886
26.000000,2.000000,1215.493241
27.000000,2.000000,1287.320364
28.000000,2.000000,1360.986254
16.000000,2.500000,596.569231
17.000000,2.500000,650.847235
18.000000,2.500000,707.246793
19.000000,2.500000,765.767904
20.000000,2.500000,826.410569
21.000000,2.500000,888.243280
22.000000,2.500000,950.547591
23.000000,2.500000,1014.751360
24.000000,2.500000,1080.854586
25.000000,2.500000,1148.877104
26.000000,2.500000,1218.950457
27.000000,2.500000,1290.863185
28.000000,2.500000,1364.615288
16.000000,3.000000,598.726241
17.000000,3.000000,653.190764
18.000000,3.000000,709.784461
19.000000,3.000000,768.507331
20.000000,3.000000,829.359374
21.000000,3.000000,891.242289
22.000000,3.000000,953.637050
23.000000,3.000000,1017.932241
24.000000,3.000000,1084.127860
25.000000,3.000000,1152.252835
26.000000,3.000000,1222.411229
27.000000,3.000000,1294.409605
28.000000,3.000000,1368.247962
16.000000,3.500000,600.899321
17.000000,3.500000,655.539866
18.000000,3.500000,712.316406
19.000000,3.500000,771.228940
20.000000,3.500000,832.277470
21.000000,3.500000,894.191418
22.000000,3.500000,956.692018
23.000000,3.500000,1021.094863
24.000000,3.500000,1087.399953
25.000000,3.500000,1155.639207
26.000000,3.500000,1225.880931
27.000000,3.500000,1297.963279
28.000000,3.500000,1371.886251
16.000000,4.000000,603.075172
17.000000,4.000000,657.891981
18.000000,4.000000,714.851616
19.000000,4.000000,773.954078
20.000000,4.000000,835.199367
21.000000,4.000000,897.143919
22.000000,4.000000,959.750456
23.000000,4.000000,1024.261055
24.000000,4.000000,1090.675716
25.000000,4.000000,1159.029078
26.000000,4.000000,1229.354182
27.000000,4.000000,1301.520551
28.000000,4.000000,1375.528185
16.000000,4.500000,605.326604
17.000000,4.500000,660.288139
18.000000,4.500000,717.396927
19.000000,4.500000,776.652968
20.000000,4.500000,838.056263
21.000000,4.500000,900.016951
22.000000,4.500000,962.751964
23.000000,4.500000,1027.393815
24.000000,4.500000,1093.942503
25.000000,4.500000,1162.421622
26.000000,4.500000,1232.830561
27.000000,4.500000,1305.081422
28.000000,4.500000,1379.174203
16.000000,5.000000,607.581088
17.000000,5.000000,662.687514
18.000000,5.000000,719.945625
19.000000,5.000000,779.355420
20.000000,5.000000,840.916899
21.000000,5.000000,902.893286
22.000000,5.000000,965.756895
23.000000,5.000000,1030.530120
24.000000,5.000000,1097.212960
25.000000,5.000000,1165.817672
26.000000,5.000000,1236.310497
27.000000,5.000000,1308.645898
28.000000,5.000000,1382.823876
16.000000,5.500000,609.849243
17.000000,5.500000,665.071541
18.000000,5.500000,722.448370
19.000000,5.500000,781.979728
20.000000,5.500000,843.665616
21.000000,5.500000,905.692134
22.000000,5.500000,968.748823
23.000000,5.500000,1033.721214
24.000000,5.500000,1100.609306
25.000000,5.500000,1169.369315
26.000000,5.500000,1239.943208
27.000000,5.500000,1312.359869
28.000000,5.500000,1386.619296
16.000000,6.000000,612.120493
17.000000,6.000000,667.458787
18.000000,6.000000,724.954457
19.000000,6.000000,784.607505
20.000000,6.000000,846.417930
21.000000,6.000000,908.494264
22.000000,6.000000,971.744278
23.000000,6.000000,1036.916088
24.000000,6.000000,1104.009693
25.000000,6.000000,1172.924871
26.000000,6.000000,1243.579859
27.000000,6.000000,1316.077804
28.000000,6.000000,1390.418705
29.000000,6.000000,1468.130659
30.000000,6.000000,1548.728605
31.000000,6.000000,1631.214534
16.000000,6.500000,614.416461
17.000000,6.500000,669.867306
18.000000,6.500000,727.478119
19.000000,6.500000,787.248902
20.000000,6.500000,849.179654
21.000000,6.500000,911.318321
22.000000,6.500000,974.763613
23.000000,6.500000,1040.136917
24.000000,6.500000,1107.438231
25.000000,6.500000,1176.499489
26.000000,6.500000,1247.265834
27.000000,6.500000,1319.876797
28.000000,6.500000,1394.332377
29.000000,6.500000,1472.272867
30.000000,6.500000,1552.961403
31.000000,6.500000,1635.538352
16.000000,7.000000,616.715574
17.000000,7.000000,672.279086
18.000000,7.000000,730.005160
19.000000,7.000000,789.893796
20.000000,7.000000,851.944994
21.000000,7.000000,914.145703
22.000000,7.000000,977.786526
23.000000,7.000000,1043.361584
24.000000,7.000000,1110.870878
25.000000,7.000000,1180.078082
26.000000,7.000000,1250.955878
27.000000,7.000000,1323.679952
28.000000,7.000000,1398.250306
29.000000,7.000000,1476.419385
30.000000,7.000000,1557.198545
31.000000,7.000000,1639.866548
16.000000,7.500000,619.039162
17.000000,7.500000,674.711681
18.000000,7.500000,732.549087
19.000000,7.500000,792.551379
20.000000,7.500000,854.718559
21.000000,7.500000,916.991344
22.000000,7.500000,980.824851
23.000000,7.500000,1046.598657
24.000000,7.500000,1114.312762
25.000000,7.500000,1183.647824
26.000000,7.500000,1254.642484
27.000000,7.500000,1327.485313
28.000000,7.500000,1402.176313
29.000000,7.500000,1480.569475
30.000000,7.500000,1561.439259
31.000000,7.500000,1644.198314
16.000000,8.000000,621.365944
17.000000,8.000000,677.147579
18.000000,8.000000,735.096427
19.000000,8.000000,795.212487
20.000000,8.000000,857.495758
21.000000,8.000000,919.840343
22.000000,8.000000,983.866782
23.000000,8.000000,1049.839592
24.000000,8.000000,1117.758774
25.000000,8.000000,1187.221529
26.000000,8.000000,1258.333155
27.000000,8.000000,1331.294843
28.000000,8.000000,1406.106594
29.000000,8.000000,1484.723881
30.000000,8.000000,1565.684322
31.000000,8.000000,1648.534461
16.000000,8.500000,623.536666
17.000000,8.500000,679.464754
18.000000,8.500000,737.564426
19.000000,8.500000,797.835681
20.000000,8.500000,860.278519
21.000000,8.500000,922.706767
22.000000,8.500000,986.923288
23.000000,8.500000,1053.092092
24.000000,8.500000,1121.213181
25.000000,8.500000,1190.788362
26.000000,8.500000,1262.022323
27.000000,8.500000,1335.108465
28.000000,8.500000,1410.046788
29.000000,8.500000,1488.881848
30.000000,8.500000,1569.932947
31.000000,8.500000,1652.874169
16.000000,9.000000,625.710391
17.000000,9.000000,681.785088
18.000000,9.000000,740.035743
19.000000,9.000000,800.462357
20.000000,9.000000,863.064927
21.000000,9.000000,925.576583
22.000000,9.000000,989.983428
23.000000,9.000000,1056.348477
24.000000,9.000000,1124.671730
25.000000,9.000000,1194.359149
26.000000,9.000000,1265.715557
27.000000,9.000000,1338.926266
28.000000,9.000000,1413.991275
29.000000,9.000000,1493.044136
30.000000,9.000000,1574.185925
31.000000,9.000000,1657.218264
16.000000,9.500000,627.866138
17.000000,9.500000,684.068897
18.000000,9.500000,742.451186
19.000000,9.500000,803.013005
20.000000,9.500000,865.695902
21.000000,9.500000,928.383569
22.000000,9.500000,993.004521
23.000000,9.500000,1059.590338
24.000000,9.500000,1128.141020
25.000000,9.500000,1197.930886
26.000000,9.500000,1269.413196
27.000000,9.500000,1342.752046
28.000000,9.500000,1417.967651
29.000000,9.500000,1497.209977
30.000000,9.500000,1578.442456
31.000000,9.500000,1661.565909
16.000000,10.000000,630.024879
17.000000,10.000000,686.355835
18.000000,10.000000,744.869896
19.000000,10.000000,805.567063
20.000000,10.000000,868.330154
21.000000,10.000000,931.193936
22.000000,10.000000,996.029252
23.000000,10.000000,1062.836102
24.000000,10.000000,1131.614485
25.000000,10.000000,1201.506586
26.000000,10.000000,1273.114914
27.000000,10.000000,1346.582022
28.000000,10.000000,1421.948338
29.000000,10.000000,1501.380142
30.000000,10.000000,1582.703344
31.000000,10.000000,1665.917945
16.000000,10.500000,632.178049
17.000000,10.500000,688.633693
18.000000,10.500000,747.275919
19.000000,10.500000,808.104726
20.000000,10.500000,870.924923
21.000000,10.500000,933.988347
22.000000,10.500000,999.029907
23.000000,10.500000,1066.049604
24.000000,10.500000,1135.047437
25.000000,10.500000,1205.033437
26.000000,10.500000,1276.780381
27.000000,10.500000,1350.388415
28.000000,10.500000,1426.007211
29.000000,10.500000,1505.536562
30.000000,10.500000,1586.957886
31.000000,10.500000,1670.271186
16.000000,11.000000,634.334205
17.000000,11.000000,690.914672
18.000000,11.000000,749.685199
19.000000,11.000000,810.645785
20.000000,11.000000,873.522843
21.000000,11.000000,936.786165
22.000000,11.000000,1002.034237
23.000000,11.000000,1069.267057
24.000000,11.000000,1138.484626
25.000000,11.000000,1208.564301
26.000000,11.000000,1280.449962
27.000000,11.000000,1354.199026
28.000000,11.000000,1430.070373
29.000000,11.000000,1509.697305
30.000000,11.000000,1591.216788
31.000000,11.000000,1674.628822
16.000000,11.500000,636.491547
17.000000,11.500000,693.201518
18.000000,11.500000,752.105312
19.000000,11.500000,813.202931
20.000000,11.500000,876.150296
21.000000,11.500000,939.606350
22.000000,11.500000,1005.053488
23.000000,11.500000,1072.491712
24.000000,11.500000,1141.890467
25.000000,11.500000,1212.056750
26.000000,11.500000,1284.059426
27.000000,11.500000,1357.927295
28.000000,11.500000,1434.027535
29.000000,11.500000,1513.783697
30.000000,11.500000,1595.434100
31.000000,11.500000,1678.978744
16.000000,12.000000,638.651876
17.000000,12.000000,695.491496
18.000000,12.000000,754.528706
19.000000,12.000000,815.763506
20.000000,12.000000,878.780956
21.000000,12.000000,942.429991
22.000000,12.000000,1008.076457
23.000000,12.000000,1075.720354
24.000000,12.000000,1145.300404
25.000000,12.000000,1215.553204
26.000000,12.000000,1287.672986
27.000000,12.000000,1361.659750
28.000000,12.000000,1437.988969
29.000000,12.000000,1517.874440
30.000000,12.000000,1599.655842
31.000000,12.000000,1683.333176
16.000000,12.500000,640.917107
17.000000,12.500000,697.866368
18.000000,12.500000,757.015079
19.000000,12.500000,818.363239
20.000000,12.500000,881.441556
21.000000,12.500000,945.282844
22.000000,12.500000,1011.127836
23.000000,12.500000,1078.976532
24.000000,12.500000,1148.689509
25.000000,12.500000,1219.056647
26.000000,12.500000,1291.292537
27.000000,12.500000,1365.397181
28.000000,12.500000,1441.958479
29.000000,12.500000,1521.982143
30.000000,12.500000,1603.903996
31.000000,12.500000,1687.724038
16.000000,13.000000,643.185641
17.000000,13.000000,700.244618
18.000000,13.000000,759.504904
19.000000,13.000000,820.966499
20.000000,13.000000,884.105418
21.000000,13.000000,948.139208
22.000000,13.000000,1014.182986
23.000000,13.000000,1082.236751
24.000000,13.000000,1152.082542
25.000000,13.000000,1222.564107
26.000000,13.000000,1294.916197
27.000000,13.000000,1369.138811
28.000000,13.000000,1445.932282
29.000000,13.000000,1526.094249
30.000000,13.000000,1608.156664
31.000000,13.000000,1692.119526
16.000000,13.500000,645.485944
17.000000,13.500000,702.665975
18.000000,13.500000,762.049838
19.000000,13.500000,823.637534
20.000000,13.500000,886.851469
21.000000,13.500000,951.064152
22.000000,13.500000,1017.292205
23.000000,13.500000,1085.535628
24.000000,13.500000,1155.483515
25.000000,13.500000,1226.079784
26.000000,13.500000,1298.548354
27.000000,13.500000,1372.889225
28.000000,13.500000,1449.917089
29.000000,13.500000,1530.214832
30.000000,13.500000,1612.415178
15.000000,14.000000,592.694811
16.000000,14.000000,647.789638
17.000000,14.000000,705.090822
18.000000,14.000000,764.598364
19.000000,14.000000,826.312264
20.000000,14.000000,889.600962
21.000000,14.000000,953.992757
22.000000,14.000000,1020.405311
23.000000,14.000000,1088.838625
24.000000,14.000000,1158.888429
25.000000,14.000000,1229.599493
26.000000,14.000000,1302.184635
27.000000,14.000000,1376.643854
28.000000,14.000000,1453.906207
29.000000,14.000000,1534.339831
30.000000,14.000000,1616.678214
15.000000,14.500000,594.889045
16.000000,14.500000,650.183405
17.000000,14.500000,707.692354
18.000000,14.500000,767.415892
19.000000,14.500000,829.354020
20.000000,14.500000,892.728900
21.000000,14.500000,957.214402
22.000000,14.500000,1023.720827
23.000000,14.500000,1092.248173
24.000000,14.500000,1162.316918
25.000000,14.500000,1233.138869
26.000000,14.500000,1305.836439
27.000000,14.500000,1380.409627
28.000000,14.500000,1457.905546
29.000000,14.500000,1538.472535
30.000000,14.500000,1620.946338
15.000000,15.000000,597.086581
16.000000,15.000000,652.580791
17.000000,15.000000,710.297837
18.000000,15.000000,770.237717
19.000000,15.000000,832.400433
20.000000,15.000000,895.861157
21.000000,15.000000,960.440380
22.000000,15.000000,1027.040687
23.000000,15.000000,1095.662080
24.000000,15.000000,1165.749402
25.000000,15.000000,1236.682319
26.000000,15.000000,1309.492396
27.000000,15.000000,1384.179634
28.000000,15.000000,1461.909211
29.000000,15.000000,1542.609665
30.000000,15.000000,1625.218990
15.000000,15.500000,599.296451
16.000000,15.500000,654.990617
17.000000,15.500000,712.915855
18.000000,15.500000,773.072165
19.000000,15.500000,835.459548
20.000000,15.500000,898.979373
21.000000,15.500000,963.650342
22.000000,15.500000,1030.342912
23.000000,15.500000,1099.057083
24.000000,15.500000,1169.169854
25.000000,15.500000,1240.219969
26.000000,15.500000,1313.148531
27.000000,15.500000,1387.955541
28.000000,15.500000,1465.922326
29.000000,15.500000,1546.753742
30.000000,15.500000,1629.495986
15.000000,16.000000,601.509651
16.000000,16.000000,657.404091
17.000000,16.000000,715.537854
18.000000,16.000000,775.910940
19.000000,16.000000,838.523349
20.000000,16.000000,902.101890
21.000000,16.000000,966.864645
22.000000,16.000000,1033.649516
23.000000,16.000000,1102.456502
24.000000,16.000000,1172.594391
25.000000,16.000000,1243.761760
26.000000,16.000000,1316.808864
27.000000,16.000000,1391.735703
28.000000,16.000000,1469.939780
29.000000,16.000000,1550.902255
30.000000,16.000000,1633.777515
15.000000,16.500000,603.593065
16.000000,16.500000,659.718373
17.000000,16.500000,718.092768
18.000000,16.500000,778.716250
19.000000,16.500000,841.588820
20.000000,16.500000,905.209446
21.000000,16.500000,970.060572
22.000000,16.500000,1036.934332
23.000000,16.500000,1105.830726
24.000000,16.500000,1176.032440
25.000000,16.500000,1247.383563
26.000000,16.500000,1320.618870
27.000000,16.500000,1395.738361
28.000000,16.500000,1474.165712
29.000000,16.500000,1555.197929
30.000000,16.500000,1638.141824
15.000000,17.000000,605.679635
16.000000,17.000000,662.036177
17.000000,17.000000,720.651583
18.000000,17.000000,781.525856
19.000000,17.000000,844.658993
20.000000,17.000000,908.321279
21.000000,17.000000,973.260818
22.000000,17.000000,1040.223508
23.000000,17.000000,1109.209348
24.000000,17.000000,1179.474650
25.000000,17.000000,1251.009732
26.000000,17.000000,1324.433452
27.000000,17.000000,1399.745810
28.000000,17.000000,1478.396465
29.000000,17.000000,1559.498371
30.000000,17.000000,1642.510848
15.000000,17.500000,607.756403
16.000000,17.500000,664.350834
17.000000,17.500000,723.214190
18.000000,17.500000,784.346471
19.000000,17.500000,847.747679
20.000000,17.500000,911.424538
21.000000,17.500000,976.458046
22.000000,17.500000,1043.515504
23.000000,17.500000,1112.596913
24.000000,17.500000,1182.960438
25.000000,17.500000,1254.702985
26.000000,17.500000,1328.339812
27.000000,17.500000,1403.870921
28.000000,17.500000,1482.743855
29.000000,17.500000,1563.939517
30.000000,17.500000,1647.045967
15.000000,18.000000,609.836323
16.000000,18.000000,666.669020
17.000000,18.000000,725.780716
18.000000,18.000000,787.171410
19.000000,18.000000,850.841104
20.000000,18.000000,914.532056
21.000000,18.000000,979.659586
22.000000,18.000000,1046.811866
23.000000,18.000000,1115.988894
24.000000,18.000000,1186.450476
25.000000,18.000000,1258.400753
26.000000,18.000000,1332.250961
27.000000,18.000000,1408.001101
28.000000,18.000000,1487.096360
29.000000,18.000000,1568.385799
30.000000,18.000000,1651.586242
15.000000,18.500000,611.939370
16.000000,18.500000,669.007112
17.000000,18.500000,728.364052
18.000000,18.500000,790.010192
19.000000,18.500000,853.945531
20.000000,18.500000,917.625243
21.000000,18.500000,982.855087
22.000000,18.500000,1050.110447
23.000000,18.500000,1119.391320
24.000000,18.500000,1189.973712
25.000000,18.500000,1262.130826
26.000000,18.500000,1336.193457
27.000000,18.500000,1412.161607
28.000000,18.500000,1491.445705
29.000000,18.500000,1572.823131
30.000000,18.500000,1656.111624
15.000000,19.000000,614.045625
16.000000,19.000000,671.348800
17.000000,19.000000,730.951391
18.000000,19.000000,792.853398
19.000000,19.000000,857.054821
20.000000,19.000000,920.722753
21.000000,19.000000,986.054952
22.000000,19.000000,1053.413432
23.000000,19.000000,1122.798191
24.000000,19.000000,1193.501260
25.000000,19.000000,1265.865475
26.000000,19.000000,1340.140801
27.000000,19.000000,1416.327238
28.000000,19.000000,1495.800160
29.000000,19.000000,1577.265587
30.000000,19.000000,1660.642143
15.000000,19.500000,616.169454
16.000000,19.500000,673.701752
17.000000,19.500000,733.543505
18.000000,19.500000,795.694713
19.000000,19.500000,860.155377
20.000000,19.500000,923.790158
21.000000,19.500000,989.232485
22.000000,19.500000,1056.702022
23.000000,19.500000,1126.198768
24.000000,19.500000,1197.046724
25.000000,19.500000,1269.622032
26.000000,19.500000,1344.114104
27.000000,19.500000,1420.554133
28.000000,19.500000,1500.158282
29.000000,19.500000,1581.714392
30.000000,19.500000,1665.181795
15.000000,20.000000,618.296539
16.000000,20.000000,676.058344
17.000000,20.000000,736.139662
18.000000,20.000000,798.540495
19.000000,20.000000,863.260841
20.000000,20.000000,926.861881
21.000000,20.000000,992.414379
22.000000,20.000000,1059.995015
23.000000,20.000000,1129.603791
24.000000,20.000000,1200.596551
25.000000,20.000000,1273.383216
26.000000,20.000000,1348.092309
27.000000,20.000000,1424.786166
28.000000,20.000000,1504.521519
29.000000,20.000000,1586.168329
30.000000,20.000000,1669.726597
15.000000,20.500000,620.837442
16.000000,20.500000,678.741935
17.000000,20.500000,738.969191
18.000000,20.500000,801.519211
19.000000,20.500000,866.268913
20.000000,20.500000,929.959258
21.000000,20.500000,995.641607
22.000000,20.500000,1063.354382
23.000000,20.500000,1133.097584
24.000000,20.500000,1204.237502
25.000000,20.500000,1277.215512
26.000000,20.500000,1352.120182
27.000000,20.500000,1429.060787
28.000000,20.500000,1508.889314
29.000000,20.500000,1590.629568
30.000000,20.500000,1674.281547
15.000000,21.000000,623.382728
16.000000,21.000000,681.430052
17.000000,21.000000,741.803391
18.000000,21.000000,804.502745
19.000000,21.000000,869.281432
20.000000,21.000000,933.061028
21.000000,21.000000,998.873338
22.000000,21.000000,1066.718363
23.000000,21.000000,1136.596102
24.000000,21.000000,1207.883077
25.000000,21.000000,1281.052630
26.000000,21.000000,1356.153078
27.000000,21.000000,1433.340503
28.000000,21.000000,1513.262229
29.000000,21.000000,1595.095949
30.000000,21.000000,1678.841662
15.000000,21.500000,626.038110
16.000000,21.500000,684.205361
17.000000,21.500000,744.700079
18.000000,21.500000,807.522264
19.000000,21.500000,872.268267
20.000000,21.500000,936.196463
21.000000,21.500000,1002.160949
22.000000,21.500000,1070.161726
23.000000,21.500000,1140.191200
24.000000,21.500000,1211.611005
25.000000,21.500000,1284.940270
26.000000,21.500000,1360.203267
27.000000,21.500000,1437.592058
28.000000,21.500000,1517.619499
29.000000,21.500000,1599.559311
30.000000,21.500000,1683.411494
15.000000,22.000000,628.698191
16.000000,22.000000,686.985438
17.000000,22.000000,747.601605
18.000000,22.000000,810.546691
19.000000,22.000000,875.259415
20.000000,22.000000,939.336379
21.000000,22.000000,1005.453213
22.000000,22.000000,1073.609917
23.000000,22.000000,1143.791234
24.000000,22.000000,1215.343778
25.000000,22.000000,1288.832893
26.000000,22.000000,1364.258578
27.000000,22.000000,1441.848734
28.000000,22.000000,1521.981911
29.000000,22.000000,1604.027837
30.000000,22.000000,1687.986511
15.000000,22.500000,631.353594
16.000000,22.500000,689.760918
17.000000,22.500000,750.498672
18.000000,22.500000,813.566856
19.000000,22.500000,878.253946
20.000000,22.500000,942.482705
21.000000,22.500000,1008.755005
22.000000,22.500000,1077.070846
23.000000,22.500000,1147.380722
24.000000,22.500000,1219.077609
25.000000,22.500000,1292.713827
26.000000,22.500000,1368.289376
27.000000,22.500000,1446.064231
28.000000,22.500000,1526.315821
29.000000,22.500000,1608.480830
30.000000,22.500000,1692.559258
15.000000,23.000000,634.013677
16.000000,23.000000,692.541149
17.000000,23.000000,753.400564
18.000000,23.000000,816.591920
19.000000,23.000000,881.252806
20.000000,23.000000,945.633533
21.000000,23.000000,1012.061475
22.000000,23.000000,1080.536632
23.000000,23.000000,1150.974941
24.000000,23.000000,1222.816311
25.000000,23.000000,1296.599774
26.000000,23.000000,1372.325330
27.000000,23.000000,1450.284886
28.000000,23.000000,1530.654922
29.000000,23.000000,1612.939048
30.000000,23.000000,1697.137262
15.000000,23.500000,636.651578
16.000000,23.500000,695.268838
17.000000,23.500000,756.218207
18.000000,23.500000,819.499685
19.000000,23.500000,884.137321
20.000000,23.500000,948.703117
21.000000,23.500000,1015.320883
22.000000,23.500000,1083.990619
23.000000,23.500000,1154.581818
24.000000,23.500000,1226.567608
25.000000,23.500000,1300.498271
26.000000,23.500000,1376.373805
27.000000,23.500000,1454.518336
28.000000,23.500000,1535.023339
29.000000,23.500000,1617.444245
15.000000,24.000000,639.294128
16.000000,24.000000,698.001196
17.000000,24.000000,759.040537
18.000000,24.000000,822.412150
19.000000,24.000000,887.026039
20.000000,24.000000,951.777120
21.000000,24.000000,1018.584928
22.000000,24.000000,1087.449463
23.000000,24.000000,1158.193451
24.000000,24.000000,1230.323802
25.000000,24.000000,1304.401808
26.000000,24.000000,1380.427466
27.000000,24.000000,1458.756982
28.000000,24.000000,1539.397048
29.000000,24.000000,1621.954833
15.000000,24.500000,641.838323
16.000000,24.500000,700.658868
17.000000,24.500000,761.812918
18.000000,24.500000,825.300472
19.000000,24.500000,889.923310
20.000000,24.500000,954.858011
21.000000,24.500000,1021.854154
22.000000,24.500000,1090.911739
23.000000,24.500000,1161.798639
24.000000,24.500000,1234.079737
25.000000,24.500000,1308.311386
26.000000,24.500000,1384.493589
27.000000,24.500000,1463.007682
28.000000,24.500000,1543.784221
29.000000,24.500000,1626.480349
15.000000,25.000000,644.387008
16.000000,25.000000,703.321086
17.000000,25.000000,764.589899
18.000000,25.000000,828.193450
19.000000,25.000000,892.824806
20.000000,25.000000,957.943341
21.000000,25.000000,1025.128037
22.000000,25.000000,1094.378894
23.000000,25.000000,1165.408599
24.000000,25.000000,1237.840587
25.000000,25.000000,1312.226028
26.000000,25.000000,1388.564923
27.000000,25.000000,1467.263597
28.000000,25.000000,1548.176710
29.000000,25.000000,1631.011281
15.000000,25.500000,646.906456
16.000000,25.500000,705.963945
17.000000,25.500000,767.357852
18.000000,25.500000,831.088176
19.000000,25.500000,895.753512
20.000000,25.500000,961.070847
21.000000,25.500000,1028.460167
22.000000,25.500000,1097.921471
23.000000,25.500000,1169.088211
24.000000,25.500000,1241.656348
25.000000,25.500000,1316.179675
26.000000,25.500000,1392.658192
27.000000,25.500000,1471.531266
28.000000,25.500000,1552.581345
29.000000,25.500000,1635.554762
14.000000,26.000000,592.587462
15.000000,26.000000,649.430337
16.000000,26.000000,708.611311
17.000000,26.000000,770.130385
18.000000,26.000000,833.987559
19.000000,26.000000,898.686508
20.000000,26.000000,964.202913
21.000000,26.000000,1031.797131
22.000000,26.000000,1101.469163
23.000000,26.000000,1172.772822
24.000000,26.000000,1245.477196
25.000000,26.000000,1320.138496
26.000000,26.000000,1396.756722
27.000000,26.000000,1475.804169
28.000000,26.000000,1556.991315
29.000000,26.000000,1640.103677
14.000000,26.500000,594.997371
15.000000,26.500000,651.962297
16.000000,26.500000,711.267008
17.000000,26.500000,772.911504
18.000000,26.500000,836.895785
19.000000,26.500000,901.657435
20.000000,26.500000,967.399732
21.000000,26.500000,1035.227282
22.000000,26.500000,1105.140085
23.000000,26.500000,1176.565241
24.000000,26.500000,1249.381890
25.000000,26.500000,1324.155763
26.000000,26.500000,1400.886859
27.000000,26.500000,1480.099510
28.000000,26.500000,1561.420205
29.000000,26.500000,1644.667805
14.000000,27.000000,597.411653
15.000000,27.000000,654.498704
16.000000,27.000000,713.927226
17.000000,27.000000,775.697218
18.000000,27.000000,839.808681
19.000000,27.000000,904.632747
20.000000,27.000000,970.601283
21.000000,27.000000,1038.662523
22.000000,27.000000,1108.816467
23.000000,27.000000,1180.362947
24.000000,27.000000,1253.291884
25.000000,27.000000,1328.178343
26.000000,27.000000,1405.022323
27.000000,27.000000,1484.400130
28.000000,27.000000,1565.854464
29.000000,27.000000,1649.237395
14.000000,27.500000,599.829482
15.000000,27.500000,657.062863
16.000000,27.500000,716.641242
17.000000,27.500000,778.564618
18.000000,27.500000,842.832990
19.000000,27.500000,907.725679
20.000000,27.500000,973.896256
21.000000,27.500000,1042.165249
22.000000,27.500000,1112.532658
23.000000,27.500000,1184.215648
24.000000,27.500000,1257.343284
25.000000,27.500000,1332.433228
26.000000,27.500000,1409.485479
27.000000,27.500000,1488.960950
28.000000,27.500000,1570.453116
29.000000,27.500000,1653.870803
14.000000,28.000000,602.251697
15.000000,28.000000,659.631562
16.000000,28.000000,719.359954
17.000000,28.000000,781.436873
18.000000,28.000000,845.862318
19.000000,28.000000,910.823329
20.000000,28.000000,977.196220
21.000000,28.000000,1045.673246
22.000000,28.000000,1116.254408
23.000000,28.000000,1188.073776
24.000000,28.000000,1261.400365
25.000000,28.000000,1336.694052
26.000000,28.000000,1413.954838
27.000000,28.000000,1493.527709
28.000000,28.000000,1575.057540
29.000000,28.000000,1658.509818
14.000000,28.500000,604.585825
15.000000,28.500000,662.171481
16.000000,28.500000,722.113083
17.000000,28.500000,784.410632
18.000000,28.500000,849.064128
19.000000,28.500000,914.079963
20.000000,28.500000,980.616501
21.000000,28.500000,1049.260173
22.000000,28.500000,1120.010978
23.000000,28.500000,1191.958596
24.000000,28.500000,1265.494665
25.000000,28.500000,1341.003131
26.000000,28.500000,1418.484402
27.000000,28.500000,1498.107925
28.000000,28.500000,1579.668457
29.000000,28.500000,1663.148812
14.000000,29.000000,606.924171
15.000000,29.000000,664.715948
16.000000,29.000000,724.871100
17.000000,29.000000,787.389628
18.000000,29.000000,852.271531
19.000000,29.000000,917.341789
20.000000,29.000000,984.042123
21.000000,29.000000,1052.852590
22.000000,29.000000,1123.773190
23.000000,29.000000,1195.848902
24.000000,29.000000,1269.594734
25.000000,29.000000,1345.318266
26.000000,29.000000,1423.020261
27.000000,29.000000,1502.694156
28.000000,29.000000,1584.285250
29.000000,29.000000,1667.793542
14.000000,29.500000,609.238205
15.000000,29.500000,667.248242
16.000000,29.500000,727.629627
17.000000,29.500000,790.382360
18.000000,29.500000,855.506441
19.000000,29.500000,920.632648
20.000000,29.500000,987.511800
21.000000,29.500000,1056.504977
22.000000,29.500000,1127.612177
23.000000,29.500000,1199.813523
24.000000,29.500000,1273.754576
25.000000,29.500000,1349.677743
26.000000,29.500000,1427.561015
27.000000,29.500000,1507.269177
28.000000,29.500000,1588.892213
29.000000,29.500000,1672.430124
14.000000,30.000000,611.556406
15.000000,30.000000,669.785065
16.000000,30.000000,730.393052
17.000000,30.000000,793.380369
18.000000,30.000000,858.747014
19.000000,30.000000,923.928770
20.000000,30.000000,990.986935
21.000000,30.000000,1060.163017
22.000000,30.000000,1131.457017
23.000000,30.000000,1203.783827
24.000000,30.000000,1277.920338
25.000000,30.000000,1354.043381
26.000000,30.000000,1432.107891
27.000000,30.000000,1511.850198
28.000000,30.000000,1593.505053
29.000000,30.000000,1677.072458
14.000000,30.500000,613.899763
15.000000,30.500000,672.348552
16.000000,30.500000,733.184681
17.000000,30.500000,796.408149
18.000000,30.500000,862.007323
19.000000,30.500000,927.253639
20.000000,30.500000,994.501553
21.000000,30.500000,1063.872107
22.000000,30.500000,1135.365302
23.000000,30.500000,1207.809836
24.000000,30.500000,1282.131871
25.000000,30.500000,1358.443987
26.000000,30.500000,1436.642716
27.000000,30.500000,1516.419450
28.000000,30.500000,1598.106435
29.000000,30.500000,1681.703670
14.000000,31.000000,616.247354
15.000000,31.000000,674.916637
16.000000,31.000000,735.981279
17.000000,31.000000,799.441279
18.000000,31.000000,865.273317
19.000000,31.000000,930.583851
20.000000,31.000000,998.021753
21.000000,31.000000,1067.587023
22.000000,31.000000,1139.279660
23.000000,31.000000,1211.841712
24.000000,31.000000,1286.349463
25.000000,31.000000,1362.850845
26.000000,31.000000,1441.183633
27.000000,31.000000,1520.994674
28.000000,31.000000,1602.713665
29.000000,31.000000,1686.340606
14.000000,31.500000,618.624110
15.000000,31.500000,677.513728
16.000000,31.500000,738.806639
17.000000,31.500000,802.502843
18.000000,31.500000,868.435029
19.000000,31.500000,933.926141
20.000000,31.500000,1001.549446
21.000000,31.500000,1071.304943
22.000000,31.500000,1143.149705
23.000000,31.500000,1215.877696
24.000000,31.500000,1290.578682
25.000000,31.500000,1367.276700
26.000000,31.500000,1445.712681
27.000000,31.500000,1525.558311
28.000000,31.500000,1607.309620
29.000000,31.500000,1690.966605
14.000000,32.000000,621.005180
15.000000,32.000000,680.115494
16.000000,32.000000,741.637045
17.000000,32.000000,805.569831
18.000000,32.000000,871.601892
19.000000,32.000000,937.273822
20.000000,32.000000,1005.082775
21.000000,32.000000,1075.028751
22.000000,32.000000,1147.025644
23.000000,32.000000,1219.919616
24.000000,32.000000,1294.814021
25.000000,32.000000,1371.708857
26.000000,32.000000,1450.247788
27.000000,32.000000,1530.127890
28.000000,32.000000,1611.911394
29.000000,32.000000,1695.598301
14.000000,32.500000,623.522376
15.000000,32.500000,682.805092
16.000000,32.500000,744.503582
17.000000,32.500000,808.617847
18.000000,32.500000,874.700693
19.000000,32.500000,940.576776
20.000000,32.500000,1008.595220
21.000000,32.500000,1078.756023
22.000000,32.500000,1150.888013
23.000000,32.500000,1223.898739
24.000000,32.500000,1298.910650
25.000000,32.500000,1375.923748
26.000000,32.500000,1454.529258
27.000000,32.500000,1534.523653
28.000000,32.500000,1616.421686
14.000000,33.000000,626.044378
15.000000,33.000000,685.499707
16.000000,33.000000,747.375354
17.000000,33.000000,811.671319
18.000000,33.000000,877.804583
19.000000,33.000000,943.885092
20.000000,33.000000,1012.113303
21.000000,33.000000,1082.489215
22.000000,33.000000,1154.756149
23.000000,33.000000,1227.883669
24.000000,33.000000,1303.013128
25.000000,33.000000,1380.144527
26.000000,33.000000,1458.816365
27.000000,33.000000,1538.925066
28.000000,33.000000,1620.937642
14.000000,33.500000,628.649494
15.000000,33.500000,688.254894
16.000000,33.500000,750.283369
17.000000,33.500000,814.734916
18.000000,33.500000,880.907003
19.000000,33.500000,947.199951
20.000000,33.500000,1015.646106
21.000000,33.500000,1086.245466
22.000000,33.500000,1158.620375
23.000000,33.500000,1231.822879
24.000000,33.500000,1307.026589
25.000000,33.500000,1384.231503
26.000000,33.500000,1462.994064
27.000000,33.500000,1543.290017
28.000000,33.500000,1625.492753
14.000000,34.000000,631.259714
15.000000,34.000000,691.015317
16.000000,34.000000,753.196752
17.000000,34.000000,817.804017
18.000000,34.000000,884.014528
19.000000,34.000000,950.520203
20.000000,34.000000,1019.184591
21.000000,34.000000,1090.007691
22.000000,34.000000,1162.490354
23.000000,34.000000,1235.767802
24.000000,34.000000,1311.045718
25.000000,34.000000,1388.324102
26.000000,34.000000,1467.177217
27.000000,34.000000,1547.660585
28.000000,34.000000,1630.053645
14.000000,34.500000,633.869035
15.000000,34.500000,693.778855
16.000000,34.500000,756.117570
17.000000,34.500000,820.885179
18.000000,34.500000,887.146657
19.000000,34.500000,953.861396
20.000000,34.500000,1022.740343
21.000000,34.500000,1093.783498
22.000000,34.500000,1166.341408
23.000000,34.500000,1239.696559
24.000000,34.500000,1315.051346
25.000000,34.500000,1392.405767
26.000000,34.500000,1471.437401
27.000000,34.500000,1552.203089
28.000000,34.500000,1634.885675
14.000000,35.000000,636.483438
15.000000,35.000000,696.547621
16.000000,35.000000,759.043763
17.000000,35.000000,823.971867
18.000000,35.000000,890.283949
19.000000,35.000000,957.208035
20.000000,35.000000,1026.301830
21.000000,35.000000,1097.565333
22.000000,35.000000,1170.198208
23.000000,35.000000,1243.631015
24.000000,35.000000,1319.062622
25.000000,35.000000,1396.493030
26.000000,35.000000,1475.703220
27.000000,35.000000,1556.751634
28.000000,35.000000,1639.724161
14.000000,35.500000,639.099595
15.000000,35.500000,699.321855
16.000000,35.500000,761.979388
17.000000,35.500000,827.072196
18.000000,35.500000,893.444944
19.000000,35.500000,960.575275
20.000000,35.500000,1029.880870
21.000000,35.500000,1101.361727
22.000000,35.500000,1174.040869
23.000000,35.500000,1247.556211
24.000000,35.500000,1323.069451
25.000000,35.500000,1400.580591
26.000000,35.500000,1480.022389
27.000000,35.500000,1561.366742
28.000000,35.500000,1644.642978
14.000000,36.000000,641.720824
15.000000,36.000000,702.101319
16.000000,36.000000,764.920403
17.000000,36.000000,830.178078
18.000000,36.000000,896.611160
19.000000,36.000000,963.948021
20.000000,36.000000,1033.465705
21.000000,36.000000,1105.164213
22.000000,36.000000,1177.889278
23.000000,36.000000,1251.487103
24.000000,36.000000,1327.081925
25.000000,36.000000,1404.673745
26.000000,36.000000,1484.347304
27.000000,36.000000,1565.988037
28.000000,36.000000,1649.568434
14.000000,36.500000,644.254532
15.000000,36.500000,704.816295
16.000000,36.500000,767.821168
17.000000,36.500000,833.269151
18.000000,36.500000,899.782293
19.000000,36.500000,967.326002
20.000000,36.500000,1037.056388
21.000000,36.500000,1108.973450
22.000000,36.500000,1181.721320
23.000000,36.500000,1255.407911
24.000000,36.500000,1331.090334
25.000000,36.500000,1408.768588
26.000000,36.500000,1488.720052
27.000000,36.500000,1570.659641
28.000000,36.500000,1654.546733
14.000000,37.000000,646.793068
15.000000,37.000000,707.536328
16.000000,37.000000,770.727220
17.000000,37.000000,836.365744
18.000000,37.000000,902.958684
19.000000,37.000000,970.709540
20.000000,37.000000,1040.652932
21.000000,37.000000,1112.788861
22.000000,37.000000,1185.559133
23.000000,37.000000,1259.334430
24.000000,37.000000,1335.104391
25.000000,37.000000,1412.869019
26.000000,37.000000,1493.098645
27.000000,37.000000,1575.337536
28.000000,37.000000,1659.531780
14.000000,37.500000,649.268593
15.000000,37.500000,710.192142
16.000000,37.500000,773.568231
17.000000,37.500000,839.396859
18.000000,37.500000,906.090624
19.000000,37.500000,974.071411
20.000000,37.500000,1044.250867
21.000000,37.500000,1116.628994
22.000000,37.500000,1189.419210
23.000000,37.500000,1263.309110
24.000000,37.500000,1339.193871
25.000000,37.500000,1417.076554
26.000000,37.500000,1497.598661
27.000000,37.500000,1580.109459
28.000000,37.500000,1664.582030
13.000000,38.000000,593.102135
14.000000,38.000000,651.748762
15.000000,38.000000,712.852840
16.000000,38.000000,776.414369
17.000000,38.000000,842.433350
18.000000,38.000000,909.227781
19.000000,38.000000,977.438837
20.000000,38.000000,1047.854700
21.000000,38.000000,1120.475370
22.000000,38.000000,1193.285104
23.000000,38.000000,1267.289621
24.000000,38.000000,1343.289193
25.000000,38.000000,1421.289941
26.000000,38.000000,1502.104816
27.000000,38.000000,1584.887893
28.000000,38.000000,1669.639171
13.000000,38.500000,595.436718
14.000000,38.500000,654.257673
15.000000,38.500000,715.540787
16.000000,38.500000,779.286059
17.000000,38.500000,845.493491
18.000000,38.500000,912.395968
19.000000,38.500000,980.838952
20.000000,38.500000,1051.492911
21.000000,38.500000,1124.357843
22.000000,38.500000,1197.218502
23.000000,38.500000,1271.411902
24.000000,38.500000,1347.604409
25.000000,38.500000,1425.848467
26.000000,38.500000,1506.850199
27.000000,38.500000,1589.822378
28.000000,38.500000,1674.765006
13.000000,39.000000,597.775799
14.000000,39.000000,656.771312
15.000000,39.000000,718.233695
16.000000,39.000000,782.162947
17.000000,39.000000,848.559069
18.000000,39.000000,915.569447
19.000000,39.000000,984.244700
20.000000,39.000000,1055.137099
21.000000,39.000000,1128.246642
22.000000,39.000000,1201.157899
23.000000,39.000000,1275.540408
24.000000,39.000000,1351.926081
25.000000,39.000000,1430.413620
26.000000,39.000000,1511.602349
27.000000,39.000000,1594.763770
28.000000,39.000000,1679.897884
13.000000,39.500000,600.137466
14.000000,39.500000,659.307661
15.000000,39.500000,720.949376
16.000000,39.500000,785.062610
17.000000,39.500000,851.647363
18.000000,39.500000,918.771044
19.000000,39.500000,987.676456
20.000000,39.500000,1058.805272
21.000000,39.500000,1132.157493
22.000000,39.500000,1205.120736
23.000000,39.500000,1279.706966
24.000000,39.500000,1356.300834
25.000000,39.500000,1435.025949
26.000000,39.500000,1516.335540
27.000000,39.500000,1599.617990
28.000000,39.500000,1684.873298
13.000000,40.000000,602.503696
14.000000,40.000000,661.848802
15.000000,40.000000,723.670080
16.000000,40.000000,787.967529
17.000000,40.000000,854.741151
18.000000,40.000000,921.978004
19.000000,40.000000,991.113917
20.000000,40.000000,1062.479500
21.000000,40.000000,1136.074751
22.000000,40.000000,1209.089662
23.000000,40.000000,1283.879867
24.000000,40.000000,1360.682190
25.000000,40.000000,1439.645020
26.000000,40.000000,1521.075485
27.000000,40.000000,1604.478974
28.000000,40.000000,1689.855487
13.000000,40.500000,604.812978
14.000000,40.500000,664.351448
15.000000,40.500000,726.371500
16.000000,40.500000,790.873134
17.000000,40.500000,857.856350
18.000000,40.500000,925.208149
19.000000,40.500000,994.567652
20.000000,40.500000,1066.162840
21.000000,40.500000,1139.957205
22.000000,40.500000,1213.063622
23.000000,40.500000,1288.068282
24.000000,40.500000,1365.089819
25.000000,40.500000,1444.261659
26.000000,40.500000,1525.770268
27.000000,40.500000,1609.250913
28.000000,40.500000,1694.703594
13.000000,41.000000,607.126640
14.000000,41.000000,666.858764
15.000000,41.000000,729.077882
16.000000,41.000000,793.783992
17.000000,41.000000,860.977096
18.000000,41.000000,928.443715
19.000000,41.000000,998.027134
20.000000,41.000000,1069.852261
21.000000,41.000000,1143.845939
22.000000,41.000000,1217.043691
23.000000,41.000000,1292.263082
24.000000,41.000000,1369.504111
25.000000,41.000000,1448.885029
26.000000,41.000000,1530.471716
27.000000,41.000000,1614.029450
28.000000,41.000000,1699.558230
13.000000,41.500000,609.429732
14.000000,41.500000,669.401108
15.000000,41.500000,731.867971
16.000000,41.500000,796.830320
17.000000,41.500000,864.237798
18.000000,41.500000,931.758368
19.000000,41.500000,1001.458495
20.000000,41.500000,1073.400778
21.000000,41.500000,1147.386295
22.000000,41.500000,1220.865285
23.000000,41.500000,1296.373268
24.000000,41.500000,1373.910246
25.000000,41.500000,1453.506920
26.000000,41.500000,1535.167260
27.000000,41.500000,1618.797555
13.000000,42.000000,611.737167
14.000000,42.000000,671.948250
15.000000,42.000000,734.663320
16.000000,42.000000,799.882375
17.000000,42.000000,867.504475
18.000000,42.000000,935.078720
19.000000,42.000000,1004.895570
20.000000,42.000000,1076.955026
21.000000,42.000000,1150.931958
22.000000,42.000000,1224.692630
23.000000,42.000000,1300.489654
24.000000,42.000000,1378.323028
25.000000,42.000000,1458.135530
26.000000,42.000000,1539.869450
27.000000,42.000000,1623.572230
13.000000,42.500000,614.151419
14.000000,42.500000,674.620868
15.000000,42.500000,737.604088
16.000000,42.500000,803.101078
17.000000,42.500000,870.855761
18.000000,42.500000,938.510249
19.000000,42.500000,1008.405177
20.000000,42.500000,1080.540546
21.000000,42.500000,1154.508861
22.000000,42.500000,1228.556991
23.000000,42.500000,1304.649018
24.000000,42.500000,1382.784944
25.000000,42.500000,1462.763845
26.000000,42.500000,1544.571579
27.000000,42.500000,1628.347094
13.000000,43.000000,616.570391
14.000000,43.000000,677.298727
15.000000,43.000000,740.550629
16.000000,43.000000,806.326098
17.000000,43.000000,874.213230
18.000000,43.000000,941.947837
19.000000,43.000000,1011.920720
20.000000,43.000000,1084.131881
21.000000,43.000000,1158.091140
22.000000,43.000000,1232.427184
23.000000,43.000000,1308.814675
24.000000,43.000000,1387.253611
25.000000,43.000000,1467.398868
26.000000,43.000000,1549.280344
27.000000,43.000000,1633.128520
13.000000,43.500000,619.053095
14.000000,43.500000,680.035331
15.000000,43.500000,743.550435
16.000000,43.500000,809.598405
17.000000,43.500000,877.571955
18.000000,43.500000,945.383388
19.000000,43.500000,1015.430785
20.000000,43.500000,1087.714146
21.000000,43.500000,1161.705840
22.000000,43.500000,1236.336239
23.000000,43.500000,1313.026695
24.000000,43.500000,1391.777207
25.000000,43.500000,1472.038314
26.000000,43.500000,1553.992893
27.000000,43.500000,1637.912092
13.000000,44.000000,621.540736
14.000000,44.000000,682.777371
15.000000,44.000000,746.556185
16.000000,44.000000,812.877175
17.000000,44.000000,880.936846
18.000000,44.000000,948.824973
19.000000,44.000000,1018.946752
20.000000,44.000000,1091.302184
21.000000,44.000000,1165.325994
22.000000,44.000000,1240.251247
23.000000,44.000000,1317.245180
24.000000,44.000000,1396.307793
25.000000,44.000000,1476.684586
26.000000,44.000000,1558.712147
27.000000,44.000000,1642.702247
13.000000,44.500000,624.160989
14.000000,44.500000,685.629773
15.000000,44.500000,749.647918
16.000000,44.500000,816.215421
17.000000,44.500000,884.307734
18.000000,44.500000,952.286554
19.000000,44.500000,1022.497677
20.000000,44.500000,1094.941100
21.000000,44.500000,1169.042226
22.000000,44.500000,1244.244973
23.000000,44.500000,1321.524078
24.000000,44.500000,1400.879543
25.000000,44.500000,1481.317517
26.000000,44.500000,1563.423187
27.000000,44.500000,1647.489339
13.000000,45.000000,626.786670
14.000000,45.000000,688.488009
15.000000,45.000000,752.745894
16.000000,45.000000,819.560323
17.000000,45.000000,887.684790
18.000000,45.000000,955.754222
19.000000,45.000000,1026.054604
20.000000,45.000000,1098.585937
21.000000,45.000000,1172.764178
22.000000,45.000000,1248.244871
23.000000,45.000000,1325.809612
24.000000,45.000000,1405.458402
25.000000,45.000000,1485.957243
26.000000,45.000000,1568.140904
27.000000,45.000000,1652.282994
13.000000,45.500000,629.525643
14.000000,45.500000,691.438650
15.000000,45.500000,755.913499
16.000000,45.500000,822.950190
17.000000,45.500000,891.061038
18.000000,45.500000,959.219309
19.000000,45.500000,1029.607067
20.000000,45.500000,1102.224310
21.000000,45.500000,1176.513589
22.000000,45.500000,1252.267109
23.000000,45.500000,1330.112189
24.000000,45.500000,1410.048831
25.000000,45.500000,1490.674293
26.000000,45.500000,1573.064845
27.000000,45.500000,1657.417518
13.000000,46.000000,632.270470
14.000000,46.000000,694.395460
15.000000,46.000000,759.087589
16.000000,46.000000,826.346857
17.000000,46.000000,894.443440
18.000000,46.000000,962.690462
19.000000,46.000000,1033.165506
20.000000,46.000000,1105.868572
21.000000,46.000000,1180.268784
22.000000,46.000000,1256.295572
23.000000,46.000000,1334.421443
24.000000,46.000000,1414.646398
25.000000,46.000000,1495.398361
26.000000,46.000000,1577.996038
27.000000,46.000000,1662.559529
13.000000,46.500000,635.004723
14.000000,46.500000,697.332467
15.000000,46.500000,762.232509
16.000000,46.500000,829.704850
17.000000,46.500000,897.807132
18.000000,46.500000,966.230293
19.000000,46.500000,1036.884496
20.000000,46.500000,1109.769739
21.000000,46.500000,1184.307132
22.000000,46.500000,1260.529606
23.000000,46.500000,1338.853986
24.000000,46.500000,1419.247799
25.000000,46.500000,1500.149987
26.000000,46.500000,1582.961985
27.000000,46.500000,1667.743970
13.000000,47.000000,637.744797
14.000000,47.000000,700.275588
15.000000,47.000000,765.383839
16.000000,47.000000,833.069551
17.000000,47.000000,901.176993
18.000000,47.000000,969.776476
19.000000,47.000000,1040.610021
20.000000,47.000000,1113.677627
21.000000,47.000000,1188.352117
22.000000,47.000000,1264.770473
23.000000,47.000000,1343.293556
24.000000,47.000000,1423.856283
25.000000,47.000000,1504.908698
26.000000,47.000000,1587.935277
27.000000,47.000000,1672.936022
13.000000,47.500000,640.509741
14.000000,47.500000,703.240060
15.000000,47.500000,768.552839
16.000000,47.500000,836.448080
17.000000,47.500000,904.555295
18.000000,47.500000,973.333874
19.000000,47.500000,1044.349464
20.000000,47.500000,1117.602066
21.000000,47.500000,1192.416968
22.000000,47.500000,1269.031044
23.000000,47.500000,1347.752598
24.000000,47.500000,1428.426641
25.000000,47.500000,1509.691234
26.000000,47.500000,1592.934241
27.000000,47.500000,1678.155661
13.000000,48.000000,643.280588
14.000000,48.000000,706.210713
15.000000,48.000000,771.728303
16.000000,48.000000,839.833359
17.000000,48.000000,907.939791
18.000000,48.000000,976.897653
19.000000,48.000000,1048.095476
20.000000,48.000000,1121.533261
21.000000,48.000000,1196.488494
22.000000,48.000000,1273.298483
23.000000,48.000000,1352.218699
24.000000,48.000000,1433.003876
25.000000,48.000000,1514.480907
26.000000,48.000000,1597.940606
27.000000,48.000000,1683.382971
13.000000,48.500000,646.130824
14.000000,48.500000,709.246728
15.000000,48.500000,774.953715
16.000000,48.500000,843.251786
17.000000,48.500000,911.345376
18.000000,48.500000,980.479548
19.000000,48.500000,1051.856458
20.000000,48.500000,1125.476104
21.000000,48.500000,1200.539825
22.000000,48.500000,1277.504224
23.000000,48.500000,1356.580223
24.000000,48.500000,1437.461855
25.000000,48.500000,1519.197076
26.000000,48.500000,1602.920523
27.000000,48.500000,1688.632196
13.000000,49.000000,648.987267
14.000000,49.000000,712.289164
15.000000,49.000000,778.185762
16.000000,49.000000,846.677063
17.000000,49.000000,914.757205
18.000000,49.000000,984.067863
19.000000,49.000000,1055.624035
20.000000,49.000000,1129.425721
21.000000,49.000000,1204.597765
22.000000,49.000000,1281.716666
23.000000,49.000000,1360.948542
24.000000,49.000000,1441.926455
25.000000,49.000000,1523.920226
26.000000,49.000000,1607.907786
27.000000,49.000000,1693.889137
13.000000,49.500000,651.911628
14.000000,49.500000,715.378988
15.000000,49.500000,781.442810
16.000000,49.500000,850.103095
17.000000,49.500000,918.155383
18.000000,49.500000,987.630828
19.000000,49.500000,1059.354203
20.000000,49.500000,1133.325509
21.000000,49.500000,1208.575315
22.000000,49.500000,1285.821052
23.000000,49.500000,1365.180291
24.000000,49.500000,1446.278660
25.000000,49.500000,1528.580285
26.000000,49.500000,1612.882663
12.000000,50.000000,593.807734
13.000000,50.000000,654.842454
14.000000,50.000000,718.475398
15.000000,50.000000,784.706563
16.000000,50.000000,853.535951
17.000000,50.000000,921.559738
18.000000,50.000000,991.200113
19.000000,50.000000,1063.090837
20.000000,50.000000,1137.231908
21.000000,50.000000,1212.559253
22.000000,50.000000,1289.931852
23.000000,50.000000,1369.418482
24.000000,50.000000,1450.637230
25.000000,50.000000,1533.247185
26.000000,50.000000,1617.864857
12.000000,50.500000,596.526805
13.000000,50.500000,657.732632
14.000000,50.500000,721.538730
15.000000,50.500000,787.945099
16.000000,50.500000,856.951741
17.000000,50.500000,924.959085
18.000000,50.500000,994.774372
19.000000,50.500000,1066.842774
20.000000,50.500000,1141.141014
21.000000,50.500000,1216.564160
22.000000,50.500000,1294.067802
23.000000,50.500000,1373.686416
24.000000,50.500000,1455.050192
25.000000,50.500000,1537.935128
26.000000,50.500000,1622.833489
12.000000,51.000000,599.252022
13.000000,51.000000,660.629107
14.000000,51.000000,724.608511
15.000000,51.000000,791.190233
16.000000,51.000000,860.374275
17.000000,51.000000,928.364581
18.000000,51.000000,998.354953
19.000000,51.000000,1070.601208
20.000000,51.000000,1145.056683
21.000000,51.000000,1220.575502
22.000000,51.000000,1298.210232
23.000000,51.000000,1377.960871
24.000000,51.000000,1459.469666
25.000000,51.000000,1542.629978
26.000000,51.000000,1627.809422
12.000000,51.500000,601.950772
13.000000,51.500000,663.492540
14.000000,51.500000,727.638905
15.000000,51.500000,794.389868
16.000000,51.500000,863.689022
17.000000,51.500000,931.735912
18.000000,51.500000,1001.913902
19.000000,51.500000,1074.351150
20.000000,51.500000,1148.932994
21.000000,51.500000,1224.591937
22.000000,51.500000,1302.367182
23.000000,51.500000,1382.258730
24.000000,51.500000,1463.918109
25.000000,51.500000,1547.305155
26.000000,51.500000,1632.715661
12.000000,52.000000,604.655544
13.000000,52.000000,666.362131
14.000000,52.000000,730.675594
15.000000,52.000000,797.595935
16.000000,52.000000,867.010117
17.000000,52.000000,935.113312
18.000000,52.000000,1005.479139
19.000000,52.000000,1078.107598
20.000000,52.000000,1152.815745
21.000000,52.000000,1228.614861
22.000000,52.000000,1306.530670
23.000000,52.000000,1386.563174
24.000000,52.000000,1468.373138
25.000000,52.000000,1551.987202
26.000000,52.000000,1637.629056
12.000000,52.500000,607.262219
13.000000,52.500000,669.166765
14.000000,52.500000,733.682534
15.000000,52.500000,800.809524
16.000000,52.500000,870.247265
17.000000,52.500000,938.532441
18.000000,52.500000,1009.083650
19.000000,52.500000,1081.900894
20.000000,52.500000,1156.722918
21.000000,52.500000,1232.662735
22.000000,52.500000,1310.719462
23.000000,52.500000,1390.893101
24.000000,52.500000,1472.877457
25.000000,52.500000,1556.727580
26.000000,52.500000,1642.610466
12.000000,53.000000,609.874493
13.000000,53.000000,671.977278
14.000000,53.000000,736.695631
15.000000,53.000000,804.029552
16.000000,53.000000,873.490396
17.000000,53.000000,941.957760
18.000000,53.000000,1012.694563
19.000000,53.000000,1085.700802
20.000000,53.000000,1160.636596
21.000000,53.000000,1236.717160
22.000000,53.000000,1314.914850
23.000000,53.000000,1395.229668
24.000000,53.000000,1477.388482
25.000000,53.000000,1561.474979
26.000000,53.000000,1647.599220
12.000000,53.500000,612.394305
13.000000,53.500000,674.713696
14.000000,53.500000,739.654209
15.000000,53.500000,807.215843
16.000000,53.500000,876.718078
17.000000,53.500000,945.381796
18.000000,53.500000,1016.319012
19.000000,53.500000,1089.529727
20.000000,53.500000,1164.581393
21.000000,53.500000,1240.808378
22.000000,53.500000,1319.152985
23.000000,53.500000,1399.615215
24.000000,53.500000,1481.963989
25.000000,53.500000,1566.279734
26.000000,53.500000,1652.637789
12.000000,54.000000,614.919312
13.000000,54.000000,677.455674
14.000000,54.000000,742.618711
15.000000,54.000000,810.408423
16.000000,54.000000,879.951676
17.000000,54.000000,948.812003
18.000000,54.000000,1019.949891
19.000000,54.000000,1093.365339
20.000000,54.000000,1168.532771
21.000000,54.000000,1244.906237
22.000000,54.000000,1323.397821
23.000000,54.000000,1404.007523
24.000000,54.000000,1486.546364
25.000000,54.000000,1571.091652
26.000000,54.000000,1657.683818
12.000000,54.500000,617.441599
13.000000,54.500000,680.197594
14.000000,54.500000,745.585650
15.000000,54.500000,813.605765
16.000000,54.500000,883.193583
17.000000,54.500000,952.271677
18.000000,54.500000,1023.632230
19.000000,54.500000,1097.275242
20.000000,54.500000,1172.584409
21.000000,54.500000,1249.164936
22.000000,54.500000,1327.867649
23.000000,54.500000,1408.692547
24.000000,54.500000,1491.373133
25.000000,54.500000,1576.066180
26.000000,54.500000,1662.806482
12.000000,55.000000,619.969046
13.000000,55.000000,682.945052
14.000000,55.000000,748.558501
15.000000,55.000000,816.809393
16.000000,55.000000,886.441417
17.000000,55.000000,955.737600
18.000000,55.000000,1027.321143
19.000000,55.000000,1101.192047
20.000000,55.000000,1176.642902
21.000000,55.000000,1253.430747
22.000000,55.000000,1332.344848
23.000000,55.000000,1413.385206
24.000000,55.000000,1496.207470
25.000000,55.000000,1581.048319
26.000000,55.000000,1667.936801
12.000000,55.500000,622.484015
13.000000,55.500000,685.673354
14.000000,55.500000,751.505133
15.000000,55.500000,819.979352
16.000000,55.500000,889.660908
17.000000,55.500000,959.195955
18.000000,55.500000,1031.023764
19.000000,55.500000,1105.144335
20.000000,55.500000,1180.738403
21.000000,55.500000,1257.728587
22.000000,55.500000,1336.848928
23.000000,55.500000,1418.092905
24.000000,55.500000,1501.053067
25.000000,55.500000,1586.046781
26.000000,55.500000,1673.088630
12.000000,56.000000,625.004065
13.000000,56.000000,688.407090
14.000000,56.000000,754.457551
15.000000,56.000000,823.155450
16.000000,56.000000,892.886223
17.000000,56.000000,962.660528
18.000000,56.000000,1034.732994
19.000000,56.000000,1109.103621
20.000000,56.000000,1184.840851
21.000000,56.000000,1262.033618
22.000000,56.000000,1341.360444
23.000000,56.000000,1422.808246
24.000000,56.000000,1505.906245
25.000000,56.000000,1591.052880
26.000000,56.000000,1678.248149
12.000000,56.500000,627.569881
13.000000,56.500000,691.168856
14.000000,56.500000,757.419208
15.000000,56.500000,826.320937
16.000000,56.500000,896.101845
17.000000,56.500000,966.127483
18.000000,56.500000,1038.457726
19.000000,56.500000,1113.092577
20.000000,56.500000,1188.969209
21.000000,56.500000,1266.367406
22.000000,56.500000,1345.903092
23.000000,56.500000,1427.530555
24.000000,56.500000,1510.794403
25.000000,56.500000,1596.108057
26.000000,56.500000,1683.471515
12.000000,57.000000,630.140946
13.000000,57.000000,693.936147
14.000000,57.000000,760.386664
15.000000,57.000000,829.492498
16.000000,57.000000,899.323244
17.000000,57.000000,969.600658
18.000000,57.000000,1042.189125
19.000000,57.000000,1117.088647
20.000000,57.000000,1193.104637
21.000000,57.000000,1270.708504
22.000000,57.000000,1350.453291
23.000000,57.000000,1432.260467
24.000000,57.000000,1515.690263
25.000000,57.000000,1601.171033
26.000000,57.000000,1688.702776
12.000000,57.500000,632.754557
13.000000,57.500000,696.740055
14.000000,57.500000,763.384189
15.000000,57.500000,832.686961
16.000000,57.500000,902.569463
17.000000,57.500000,973.092067
18.000000,57.500000,1045.932152
19.000000,57.500000,1121.089718
20.000000,57.500000,1197.237085
21.000000,57.500000,1275.054217
22.000000,57.500000,1355.015672
23.000000,57.500000,1436.996031
24.000000,57.500000,1520.584911
25.000000,57.500000,1606.226031
26.000000,57.500000,1693.919389
12.000000,58.000000,635.373573
13.000000,58.000000,699.549613
14.000000,58.000000,766.387610
15.000000,58.000000,835.887564
16.000000,58.000000,905.821527
17.000000,58.000000,976.589741
18.000000,58.000000,1049.681869
19.000000,58.000000,1125.097909
20.000000,58.000000,1201.376591
21.000000,58.000000,1279.407246
22.000000,58.000000,1359.585626
23.000000,58.000000,1441.739196
24.000000,58.000000,1525.487250
25.000000,58.000000,1611.288808
26.000000,58.000000,1699.143869
12.000000,58.500000,638.087841
13.000000,58.500000,702.469176
14.000000,58.500000,769.516674
15.000000,58.500000,839.230334
16.000000,58.500000,909.201064
17.000000,58.500000,980.179498
18.000000,58.500000,1053.485865
19.000000,58.500000,1129.120167
20.000000,58.500000,1205.520572
21.000000,58.500000,1283.770186
22.000000,58.500000,1364.171122
23.000000,58.500000,1446.478887
24.000000,58.500000,1530.361328
25.000000,58.500000,1616.297933
12.000000,59.000000,640.807893
13.000000,59.000000,705.394818
14.000000,59.000000,772.652112
15.000000,59.000000,842.579773
16.000000,59.000000,912.586884
17.000000,59.000000,983.775823
18.000000,59.000000,1057.296719
19.000000,59.000000,1133.149572
20.000000,59.000000,1209.671605
21.000000,59.000000,1288.140450
22.000000,59.000000,1368.764217
23.000000,59.000000,1451.226155
24.000000,59.000000,1535.243011
25.000000,59.000000,1621.314692
12.000000,59.500000,643.651453
13.000000,59.500000,708.424380
14.000000,59.500000,775.869869
15.000000,59.500000,845.987919
16.000000,59.500000,916.015951
17.000000,59.500000,987.403995
18.000000,59.500000,1061.127312
19.000000,59.500000,1137.185904
20.000000,59.500000,1213.795125
21.000000,59.500000,1292.447005
22.000000,59.500000,1373.256281
23.000000,59.500000,1455.853631
24.000000,59.500000,1540.046144
25.000000,59.500000,1626.295275
12.000000,60.000000,646.501309
13.000000,60.000000,711.460433
14.000000,60.000000,779.094310
15.000000,60.000000,849.402940
16.000000,60.000000,919.451434
17.000000,60.000000,991.038826
18.000000,60.000000,1064.964808
19.000000,60.000000,1141.229382
20.000000,60.000000,1217.925596
21.000000,60.000000,1296.760683
22.000000,60.000000,1377.755640
23.000000,60.000000,1460.488361
24.000000,60.000000,1544.856665
25.000000,60.000000,1631.283383
12.000000,60.500000,649.293473
13.000000,60.500000,714.446503
14.000000,60.500000,782.277957
15.000000,60.500000,852.787836
16.000000,60.500000,922.869962
17.000000,60.500000,994.663928
18.000000,60.500000,1068.799565
19.000000,60.500000,1145.188260
20.000000,60.500000,1222.047162
21.000000,60.500000,1301.057677
22.000000,60.500000,1382.230324
23.000000,60.500000,1465.099885
24.000000,60.500000,1549.655298
25.000000,60.500000,1636.271208
12.000000,61.000000,652.091653
13.000000,61.000000,717.438826
14.000000,61.000000,785.468096
15.000000,61.000000,856.179462
16.000000,61.000000,926.294830
17.000000,61.000000,998.295639
18.000000,61.000000,1072.641196
19.000000,61.000000,1149.153936
20.000000,61.000000,1226.175635
21.000000,61.000000,1305.361727
22.000000,61.000000,1386.712214
23.000000,61.000000,1469.718584
24.000000,61.000000,1554.461272
25.000000,61.000000,1641.266540
12.000000,61.500000,654.901155
13.000000,61.500000,720.458843
14.000000,61.500000,788.703213
15.000000,61.500000,859.634265
16.000000,61.500000,929.763671
17.000000,61.500000,1001.950526
18.000000,61.500000,1076.484637
19.000000,61.500000,1153.091573
20.000000,61.500000,1230.311000
21.000000,61.500000,1309.697990
22.000000,61.500000,1391.252542
23.000000,61.500000,1474.390060
24.000000,61.500000,1559.297560
25.000000,61.500000,1646.268358
11.000000,62.000000,594.639457
12.000000,62.000000,657.716696
13.000000,62.000000,723.485204
14.000000,62.000000,791.944980
15.000000,62.000000,863.096024
16.000000,62.000000,933.238991
17.000000,62.000000,1005.612086
18.000000,62.000000,1080.334943
19.000000,62.000000,1157.035915
20.000000,62.000000,1234.453296
21.000000,62.000000,1314.041409
22.000000,62.000000,1395.800253
23.000000,62.000000,1479.068865
24.000000,62.000000,1564.141270
25.000000,62.000000,1651.277690
11.000000,62.500000,597.220022
12.000000,62.500000,660.514477
13.000000,62.500000,726.505388
14.000000,62.500000,795.192754
15.000000,62.500000,866.461091
16.000000,62.500000,936.742376
17.000000,62.500000,1009.317160
18.000000,62.500000,1084.245375
19.000000,62.500000,1161.053099
20.000000,62.500000,1238.666680
21.000000,62.500000,1318.453759
22.000000,62.500000,1400.414337
23.000000,62.500000,1483.764422
24.000000,62.500000,1568.951153
25.000000,62.500000,1656.200800
11.000000,63.000000,599.806168
12.000000,63.000000,663.318193
13.000000,63.000000,729.531862
14.000000,63.000000,798.447174
15.000000,63.000000,869.832702
16.000000,63.000000,940.252322
17.000000,63.000000,1013.029044
18.000000,63.000000,1088.162867
19.000000,63.000000,1165.077222
20.000000,63.000000,1242.887216
21.000000,63.000000,1322.873475
22.000000,63.000000,1405.036000
23.000000,63.000000,1488.467355
24.000000,63.000000,1573.768363
25.000000,63.000000,1661.131189
11.000000,63.500000,602.243259
12.000000,63.500000,665.955727
13.000000,63.500000,732.373948
14.000000,63.500000,801.497924
15.000000,63.500000,872.942269
16.000000,63.500000,943.636003
17.000000,63.500000,1016.694194
18.000000,63.500000,1092.116843
19.000000,63.500000,1169.181935
20.000000,63.500000,1247.179143
21.000000,63.500000,1327.354742
22.000000,63.500000,1409.708731
23.000000,63.500000,1493.211479
24.000000,63.500000,1578.638432
25.000000,63.500000,1666.127013
11.000000,64.000000,604.685223
12.000000,64.000000,668.598432
13.000000,64.000000,735.221507
14.000000,64.000000,804.554445
15.000000,64.000000,876.057364
16.000000,64.000000,947.025756
17.000000,64.000000,1020.365963
18.000000,64.000000,1096.077986
19.000000,64.000000,1173.293834
20.000000,64.000000,1251.478434
21.000000,64.000000,1331.843549
22.000000,64.000000,1414.389178
23.000000,64.000000,1497.963085
24.000000,64.000000,1583.515972
25.000000,64.000000,1671.130297
11.000000,64.500000,607.151684
12.000000,64.500000,671.258728
13.000000,64.500000,738.079453
14.000000,64.500000,807.613861
15.000000,64.500000,879.185290
16.000000,64.500000,950.441260
17.000000,64.500000,1024.076841
18.000000,64.500000,1100.092032
19.000000,64.500000,1177.444195
20.000000,64.500000,1255.819124
21.000000,64.500000,1336.376900
22.000000,64.500000,1419.089510
23.000000,64.500000,1502.756666
24.000000,64.500000,1588.444301
25.000000,64.500000,1676.193723
11.000000,65.000000,609.623105
12.000000,65.000000,673.924247
13.000000,65.000000,740.942889
14.000000,65.000000,810.679030
15.000000,65.000000,882.318767
16.000000,65.000000,953.862907
17.000000,65.000000,1027.794455
18.000000,65.000000,1104.113409
19.000000,65.000000,1181.601847
20.000000,65.000000,1260.167290
21.000000,65.000000,1340.917915
22.000000,65.000000,1423.797584
23.000000,65.000000,1507.557843
24.000000,65.000000,1593.380239
25.000000,65.000000,1681.264772
11.000000,65.500000,612.184143
12.000000,65.500000,676.655217
13.000000,65.500000,743.845708
14.000000,65.500000,813.755614
15.000000,65.500000,885.464597
16.000000,65.500000,957.311264
17.000000,65.500000,1031.553605
18.000000,65.500000,1108.191621
19.000000,65.500000,1185.798878
20.000000,65.500000,1264.557977
21.000000,65.500000,1345.504891
22.000000,65.500000,1428.499885
23.000000,65.500000,1512.393480
24.000000,65.500000,1598.349258
25.000000,65.500000,1686.367219
11.000000,66.000000,614.750507
12.000000,66.000000,679.391660
13.000000,66.000000,746.754146
14.000000,66.000000,816.837964
15.000000,66.000000,888.615997
16.000000,66.000000,960.765837
17.000000,66.000000,1035.319618
18.000000,66.000000,1112.277340
19.000000,66.000000,1190.003310
20.000000,66.000000,1268.956260
21.000000,66.000000,1350.099659
22.000000,66.000000,1433.209866
23.000000,66.000000,1517.236801
24.000000,66.000000,1603.325965
25.000000,66.000000,1691.477358
11.000000,66.500000,617.366491
12.000000,66.500000,682.172608
13.000000,66.500000,749.701392
14.000000,66.500000,819.952841
15.000000,66.500000,891.817077
16.000000,66.500000,964.268211
17.000000,66.500000,1039.131713
18.000000,66.500000,1116.407583
19.000000,66.500000,1194.227879
20.000000,66.500000,1273.378898
21.000000,66.500000,1354.722798
22.000000,66.500000,1437.937902
23.000000,66.500000,1522.102251
24.000000,66.500000,1608.329052
11.000000,67.000000,619.987996
12.000000,67.000000,684.959196
13.000000,67.000000,752.654395
14.000000,67.000000,823.073593
15.000000,67.000000,895.023893
16.000000,67.000000,967.776953
17.000000,67.000000,1042.950812
18.000000,67.000000,1120.545471
19.000000,67.000000,1198.459901
20.000000,67.000000,1277.809193
21.000000,67.000000,1359.353798
22.000000,67.000000,1442.673648
23.000000,67.000000,1526.975428
24.000000,67.000000,1613.339883
11.000000,67.500000,622.579746
12.000000,67.500000,687.753573
13.000000,67.500000,755.654886
14.000000,67.500000,826.283685
15.000000,67.500000,898.337008
16.000000,67.500000,971.340773
17.000000,67.500000,1046.771133
18.000000,67.500000,1124.628085
19.000000,67.500000,1202.565096
20.000000,67.500000,1282.062840
21.000000,67.500000,1363.756708
22.000000,67.500000,1447.179162
23.000000,67.500000,1531.723913
24.000000,67.500000,1618.334769
11.000000,68.000000,625.176837
12.000000,68.000000,690.553580
13.000000,68.000000,758.661295
14.000000,68.000000,829.499982
15.000000,68.000000,901.656233
16.000000,68.000000,974.911140
17.000000,68.000000,1050.598437
18.000000,68.000000,1128.718123
19.000000,68.000000,1206.677308
20.000000,68.000000,1286.323555
21.000000,68.000000,1368.166737
22.000000,68.000000,1451.691696
23.000000,68.000000,1536.479756
24.000000,68.000000,1623.337345
11.000000,68.500000,627.877013
12.000000,68.500000,693.488350
13.000000,68.500000,761.836679
14.000000,68.500000,832.921999
15.000000,68.500000,905.143276
16.000000,68.500000,978.554945
17.000000,68.500000,1054.399365
18.000000,68.500000,1132.676537
19.000000,68.500000,1210.675715
20.000000,68.500000,1290.516466
21.000000,68.500000,1372.556661
22.000000,68.500000,1456.237021
23.000000,68.500000,1541.283837
24.000000,68.500000,1628.404165
11.000000,69.000000,630.582974
12.000000,69.000000,696.429315
13.000000,69.000000,765.018671
14.000000,69.000000,836.351043
15.000000,69.000000,908.637046
16.000000,69.000000,982.205541
17.000000,69.000000,1058.207149
18.000000,69.000000,1136.641870
19.000000,69.000000,1214.680732
20.000000,69.000000,1294.716198
21.000000,69.000000,1376.953615
22.000000,69.000000,1460.789446
23.000000,69.000000,1546.095399
24.000000,69.000000,1633.478843
11.000000,69.500000,633.305034
12.000000,69.500000,699.400655
13.000000,69.500000,768.245571
14.000000,69.500000,839.839783
15.000000,69.500000,912.166715
16.000000,69.500000,985.876157
17.000000,69.500000,1062.018413
18.000000,69.500000,1140.553340
19.000000,69.500000,1218.687294
20.000000,69.500000,1298.923101
21.000000,69.500000,1381.363607
22.000000,69.500000,1465.383037
23.000000,69.500000,1550.971140
24.000000,69.500000,1638.642555
11.000000,70.000000,636.032914
12.000000,70.000000,702.378291
13.000000,70.000000,771.479244
14.000000,70.000000,843.335775
15.000000,70.000000,915.703225
16.000000,70.000000,989.553616
17.000000,70.000000,1065.836520
18.000000,70.000000,1144.471518
19.000000,70.000000,1222.700448
20.000000,70.000000,1303.136825
21.000000,70.000000,1385.780648
22.000000,70.000000,1469.983835
23.000000,70.000000,1555.854545
24.000000,70.000000,1643.814392
11.000000,70.500000,638.783931
12.000000,70.500000,705.385884
13.000000,70.500000,774.749353
14.000000,70.500000,846.874338
15.000000,70.500000,919.252842
16.000000,70.500000,993.233810
17.000000,70.500000,1069.646789
18.000000,70.500000,1148.283940
19.000000,70.500000,1226.716776
20.000000,70.500000,1307.360068
21.000000,70.500000,1390.213816
22.000000,70.500000,1474.621892
23.000000,70.500000,1560.779918
24.000000,70.500000,1649.033221
11.000000,71.000000,641.540837
12.000000,71.000000,708.399876
13.000000,71.000000,778.026366
14.000000,71.000000,850.420308
15.000000,71.000000,922.809325
16.000000,71.000000,996.920832
17.000000,71.000000,1073.463848
18.000000,71.000000,1152.102693
19.000000,71.000000,1230.739684
20.000000,71.000000,1311.590141
21.000000,71.000000,1394.654063
22.000000,71.000000,1479.267249
23.000000,71.000000,1565.713061
24.000000,71.000000,1654.260299
11.000000,71.500000,644.376212
12.000000,71.500000,711.485594
13.000000,71.500000,781.367585
14.000000,71.500000,854.022184
15.000000,71.500000,926.373101
16.000000,71.500000,1000.589824
17.000000,71.500000,1077.236345
18.000000,71.500000,1155.885726
19.000000,71.500000,1234.782732
20.000000,71.500000,1315.898109
21.000000,71.500000,1399.231858
22.000000,71.500000,1484.044767
23.000000,71.500000,1570.738813
24.000000,71.500000,1659.539340
11.000000,72.000000,647.217808
12.000000,72.000000,714.578003
13.000000,72.000000,784.715957
14.000000,72.000000,857.631672
15.000000,72.000000,929.943745
16.000000,72.000000,1004.265549
17.000000,72.000000,1081.015440
18.000000,72.000000,1159.674946
19.000000,72.000000,1238.832405
20.000000,72.000000,1320.213140
21.000000,72.000000,1403.817149
22.000000,72.000000,1488.829961
23.000000,72.000000,1575.772592
24.000000,72.000000,1664.826763
11.000000,72.500000,650.096579
12.000000,72.500000,717.692267
13.000000,72.500000,788.070199
14.000000,72.500000,861.230375
15.000000,72.500000,933.492616
16.000000,72.500000,1007.935437
17.000000,72.500000,1084.805257
18.000000,72.500000,1163.520659
19.000000,72.500000,1242.949424
20.000000,72.500000,1324.606997
21.000000,72.500000,1408.493377
11.000000,73.000000,652.981713
12.000000,73.000000,720.813286
13.000000,73.000000,791.431584
14.000000,73.000000,864.836607
15.000000,73.000000,937.048241
16.000000,73.000000,1011.612003
17.000000,73.000000,1088.601678
18.000000,73.000000,1167.372724
19.000000,73.000000,1247.073269
20.000000,73.000000,1329.008153
21.000000,73.000000,1413.177378
11.000000,73.500000,655.903337
12.000000,73.500000,723.942747
13.000000,73.500000,794.771980
14.000000,73.500000,868.247127
15.000000,73.500000,940.636045
16.000000,73.500000,1015.417925
17.000000,73.500000,1092.629730
18.000000,73.500000,1171.503828
19.000000,73.500000,1251.383779
20.000000,73.500000,1333.499156
10.000000,74.000000,593.376878
11.000000,74.000000,658.831462
12.000000,74.000000,727.078966
13.000000,74.000000,798.119390
14.000000,74.000000,871.664344
15.000000,74.000000,944.230692
16.000000,74.000000,1019.230980
17.000000,74.000000,1096.665209
18.000000,74.000000,1175.642228
19.000000,74.000000,1255.701725
20.000000,74.000000,1337.997734
10.000000,74.500000,596.179899
11.000000,74.500000,661.801352
12.000000,74.500000,730.216165
13.000000,74.500000,801.424338
14.000000,74.500000,874.978318
15.000000,74.500000,947.805878
16.000000,74.500000,1023.073667
17.000000,74.500000,1100.781687
18.000000,74.500000,1179.859213
19.000000,74.500000,1260.065656
20.000000,74.500000,1342.508201
10.000000,75.000000,598.989515
11.000000,75.000000,664.777902
12.000000,75.000000,733.360089
13.000000,75.000000,804.736075
14.000000,75.000000,878.298548
15.000000,75.000000,951.387798
16.000000,75.000000,1026.923572
17.000000,75.000000,1104.905870
18.000000,75.000000,1184.083749
19.000000,75.000000,1264.437156
20.000000,75.000000,1347.026257
10.000000,75.500000,601.782579
11.000000,75.500000,667.737876
12.000000,75.500000,736.487458
13.000000,75.500000,808.031326
14.000000,75.500000,881.629247
15.000000,75.500000,955.009171
16.000000,75.500000,1030.842897
17.000000,75.500000,1109.130426
18.000000,75.500000,1188.373226
19.000000,75.500000,1268.844691
20.000000,75.500000,1351.550601
10.000000,76.000000,604.582126
11.000000,76.000000,670.704399
12.000000,76.000000,739.621445
13.000000,76.000000,811.333262
14.000000,76.000000,884.966216
15.000000,76.000000,958.637409
16.000000,76.000000,1034.769685
17.000000,76.000000,1113.363041
18.000000,76.000000,1192.670454
19.000000,76.000000,1273.259894
20.000000,76.000000,1356.082530
10.000000,76.500000,607.364403
11.000000,76.500000,673.653631
12.000000,76.500000,742.738164
13.000000,76.500000,814.618003
14.000000,76.500000,888.310526
15.000000,76.500000,962.273330
16.000000,76.500000,1038.704345
17.000000,76.500000,1117.603571
18.000000,76.500000,1196.938596
19.000000,76.500000,1277.647883
20.000000,76.500000,1360.589280
10.000000,77.000000,610.153047
11.000000,77.000000,676.609299
12.000000,77.000000,745.861391
13.000000,77.000000,817.909321
14.000000,77.000000,891.661108
15.000000,77.000000,965.916118
16.000000,77.000000,1042.646469
17.000000,77.000000,1121.852161
18.000000,77.000000,1201.214358
19.000000,77.000000,1282.043421
20.000000,77.000000,1365.103504
10.000000,77.500000,612.886293
11.000000,77.500000,679.505255
12.000000,77.500000,748.920515
13.000000,77.500000,821.132073
14.000000,77.500000,894.970099
15.000000,77.500000,969.525551
16.000000,77.500000,1046.563570
17.000000,77.500000,1126.084155
18.000000,77.500000,1205.445222
19.000000,77.500000,1286.402176
20.000000,77.500000,1369.589357
10.000000,78.000000,615.625602
11.000000,78.000000,682.407331
12.000000,78.000000,751.985816
13.000000,78.000000,824.361058
14.000000,78.000000,898.285157
15.000000,78.000000,973.141686
16.000000,78.000000,1050.488006
17.000000,78.000000,1130.324116
18.000000,78.000000,1209.683524
19.000000,78.000000,1290.768329
20.000000,78.000000,1374.082565
10.000000,78.500000,617.979906
11.000000,78.500000,685.039660
12.000000,78.500000,754.903871
13.000000,78.500000,827.572539
14.000000,78.500000,901.603525
15.000000,78.500000,976.626770
16.000000,78.500000,1054.140577
17.000000,78.500000,1134.144947
18.000000,78.500000,1213.597733
19.000000,78.500000,1294.943034
20.000000,78.500000,1378.522657
10.000000,79.000000,620.338346
11.000000,79.000000,687.676783
12.000000,79.000000,757.827374
13.000000,79.000000,830.790122
14.000000,79.000000,904.927930
15.000000,79.000000,980.117992
16.000000,79.000000,1057.799389
17.000000,79.000000,1137.972120
18.000000,79.000000,1217.518201
19.000000,79.000000,1299.124437
20.000000,79.000000,1382.969886
10.000000,79.500000,622.759837
11.000000,79.500000,690.400613
12.000000,79.500000,760.862874
13.000000,79.500000,834.146619
14.000000,79.500000,908.361148
15.000000,79.500000,983.693498
16.000000,79.500000,1061.516096
17.000000,79.500000,1141.774995
18.000000,79.500000,1221.524912
19.000000,79.500000,1303.431400
20.000000,79.500000,1387.584129
10.000000,80.000000,625.185731
11.000000,80.000000,693.129597
12.000000,80.000000,763.904281
13.000000,80.000000,837.509782
14.000000,80.000000,911.800806
15.000000,80.000000,987.275441
16.000000,80.000000,1065.239237
17.000000,80.000000,1145.584129
18.000000,80.000000,1225.538158
19.000000,80.000000,1307.745462
20.000000,80.000000,1392.206043
10.000000,80.500000,627.692130
11.000000,80.500000,695.938174
12.000000,80.500000,767.024135
13.000000,80.500000,840.950013
14.000000,80.500000,915.283077
15.000000,80.500000,990.899206
16.000000,80.500000,1069.003247
17.000000,80.500000,1149.372427
18.000000,80.500000,1229.620954
19.000000,80.500000,1312.129774
20.000000,80.500000,1396.898887
10.000000,81.000000,630.203289
11.000000,81.000000,698.752246
12.000000,81.000000,770.150223
13.000000,81.000000,844.397218
14.000000,81.000000,918.771934
15.000000,81.000000,994.529546
16.000000,81.000000,1072.773823
17.000000,81.000000,1153.166922
18.000000,81.000000,1233.710504
19.000000,81.000000,1316.521403
20.000000,81.000000,1401.599619
10.000000,81.500000,632.794820
11.000000,81.500000,701.645733
12.000000,81.500000,773.354537
13.000000,81.500000,847.921234
14.000000,81.500000,922.327462
15.000000,81.500000,998.258208
16.000000,81.500000,1076.676252
17.000000,81.500000,1157.139332
18.000000,81.500000,1237.945685
19.000000,81.500000,1321.024360
20.000000,81.500000,1406.375358
10.000000,82.000000,635.391467
11.000000,82.000000,704.545054
12.000000,82.000000,776.565409
13.000000,82.000000,851.452530
14.000000,82.000000,925.889816
15.000000,82.000000,1001.993800
16.000000,82.000000,1080.585716
17.000000,82.000000,1161.118540
18.000000,82.000000,1242.188103
19.000000,82.000000,1325.534995
20.000000,82.000000,1411.159216
10.000000,82.500000,638.222953
11.000000,82.500000,707.634879
12.000000,82.500000,779.918427
13.000000,82.500000,855.073598
14.000000,82.500000,929.512626
15.000000,82.500000,1005.796085
16.000000,82.500000,1084.568360
17.000000,82.500000,1165.189081
18.000000,82.500000,1246.512912
19.000000,82.500000,1330.118501
10.000000,83.000000,641.060633
11.000000,83.000000,710.731386
12.000000,83.000000,783.278612
13.000000,83.000000,858.702310
14.000000,83.000000,933.142480
15.000000,83.000000,1009.605536
16.000000,83.000000,1088.558290
17.000000,83.000000,1169.266725
18.000000,83.000000,1250.845225
19.000000,83.000000,1334.709912
10.000000,83.500000,643.929480
11.000000,83.500000,713.813601
12.000000,83.500000,786.576044
13.000000,83.500000,862.216809
14.000000,83.500000,936.727092
15.000000,83.500000,1013.452663
16.000000,83.500000,1092.673262
17.000000,83.500000,1173.516093
18.000000,83.500000,1255.310809
19.000000,83.500000,1339.393932
10.000000,84.000000,646.804634
11.000000,84.000000,716.902390
12.000000,84.000000,789.880314
13.000000,84.000000,865.738404
14.000000,84.000000,940.318524
15.000000,84.000000,1017.307066
16.000000,84.000000,1096.795970
17.000000,84.000000,1177.773161
18.000000,84.000000,1259.784346
19.000000,84.000000,1344.086155
10.000000,84.500000,649.663600
11.000000,84.500000,719.950645
12.000000,84.500000,793.118695
13.000000,84.500000,869.044887
14.000000,84.500000,943.878947
15.000000,84.500000,1021.174741
16.000000,84.500000,1100.978324
17.000000,84.500000,1182.091557
18.000000,84.500000,1264.303910
19.000000,84.500000,1348.809074
10.000000,85.000000,652.528773
11.000000,85.000000,723.005257
12.000000,85.000000,796.363583
13.000000,85.000000,872.357560
14.000000,85.000000,947.446028
15.000000,85.000000,1025.049714
16.000000,85.000000,1105.168616
17.000000,85.000000,1186.417852
18.000000,85.000000,1268.831561
19.000000,85.000000,1353.540270
10.000000,85.500000,655.443264
11.000000,85.500000,726.109631
12.000000,85.500000,799.659175
13.000000,85.500000,875.694513
14.000000,85.500000,951.082553
15.000000,85.500000,1028.993044
16.000000,85.500000,1109.425985
17.000000,85.500000,1190.784509
18.000000,85.500000,1273.397721
19.000000,85.500000,1358.308424
10.000000,86.000000,658.364187
11.000000,86.000000,729.220578
12.000000,86.000000,802.961479
13.000000,86.000000,879.037755
14.000000,86.000000,954.725992
15.000000,86.000000,1032.943916
16.000000,86.000000,1113.691527
17.000000,86.000000,1195.159185
18.000000,86.000000,1277.972076
19.000000,86.000000,1363.084953
10.000000,86.500000,661.285788
11.000000,86.500000,732.348853
12.000000,86.500000,806.298348
13.000000,86.500000,882.443417
14.000000,86.500000,958.414166
15.000000,86.500000,1036.921471
16.000000,86.500000,1117.965334
17.000000,86.500000,1199.530439
18.000000,86.500000,1282.564223
19.000000,86.500000,1367.900711
9.000000,87.000000,595.832166
10.000000,87.000000,664.213779
11.000000,87.000000,735.483740
12.000000,87.000000,809.642049
13.000000,87.000000,885.855599
14.000000,87.000000,962.109400
15.000000,87.000000,1040.906634
16.000000,87.000000,1122.247301
17.000000,87.000000,1203.909661
18.000000,87.000000,1287.164596
19.000000,87.000000,1372.724952
9.000000,87.500000,598.513453
10.000000,87.500000,667.109575
11.000000,87.500000,738.596384
12.000000,87.500000,812.973881
13.000000,87.500000,889.279421
14.000000,87.500000,965.820702
15.000000,87.500000,1044.912393
16.000000,87.500000,1126.554494
17.000000,87.500000,1208.302789
18.000000,87.500000,1291.782115
19.000000,87.500000,1377.569158
9.000000,88.000000,601.200645
10.000000,88.000000,670.011552
11.000000,88.000000,741.715483
12.000000,88.000000,816.312438
13.000000,88.000000,892.709766
14.000000,88.000000,969.539086
15.000000,88.000000,1048.925799
16.000000,88.000000,1130.869905
17.000000,88.000000,1212.703903
18.000000,88.000000,1296.407891
19.000000,88.000000,1382.421888
9.000000,88.500000,603.906538
10.000000,88.500000,672.917820
11.000000,88.500000,744.823679
12.000000,88.500000,819.624115
13.000000,88.500000,896.125932
14.000000,88.500000,973.261901
15.000000,88.500000,1052.962731
16.000000,88.500000,1135.228421
17.000000,88.500000,1217.105640
18.000000,88.500000,1301.003590
19.000000,88.500000,1387.211878
9.000000,89.000000,606.618383
10.000000,89.000000,675.830241
11.000000,89.000000,747.938226
12.000000,89.000000,822.942338
13.000000,89.000000,899.548507
14.000000,89.000000,976.991770
15.000000,89.000000,1057.007363
16.000000,89.000000,1139.595288
17.000000,89.000000,1221.515336
18.000000,89.000000,1305.607408
19.000000,89.000000,1392.010143
9.000000,89.500000,609.386190
10.000000,89.500000,678.788162
11.000000,89.500000,751.087156
12.000000,89.500000,826.283173
13.000000,89.500000,903.000277
14.000000,89.500000,980.738821
15.000000,89.500000,1061.055851
16.000000,89.500000,1143.848074
17.000000,89.500000,1225.906065
18.000000,89.500000,1310.206631
19.000000,89.500000,1396.819218
9.000000,90.000000,612.160193
10.000000,90.000000,681.752416
11.000000,90.000000,754.242556
12.000000,90.000000,829.630613
13.000000,90.000000,906.458542
14.000000,90.000000,984.492966
15.000000,90.000000,1065.112027
16.000000,90.000000,1148.108759
17.000000,90.000000,1230.304657
18.000000,90.000000,1314.813930
19.000000,90.000000,1401.636577
9.000000,90.500000,614.991646
10.000000,90.500000,684.775593
11.000000,90.500000,757.458193
12.000000,90.500000,833.039445
13.000000,90.500000,909.976274
14.000000,90.500000,988.272287
15.000000,90.500000,1069.156877
16.000000,90.500000,1152.225421
17.000000,90.500000,1234.531889
18.000000,90.500000,1319.150351
19.000000,90.500000,1406.080808
9.000000,91.000000,617.829548
10.000000,91.000000,687.805355
11.000000,91.000000,760.680549
12.000000,91.000000,836.455130
13.000000,91.000000,913.500729
14.000000,91.000000,992.058782
15.000000,91.000000,1073.209349
16.000000,91.000000,1156.349425
17.000000,91.000000,1238.766318
18.000000,91.000000,1323.493826
19.000000,91.000000,1410.531949
9.000000,91.500000,620.754089
10.000000,91.500000,690.915286
11.000000,91.500000,763.975706
12.000000,91.500000,839.935349
13.000000,91.500000,917.062319
14.000000,91.500000,995.827443
15.000000,91.500000,1077.186630
16.000000,91.500000,1160.347388
17.000000,91.500000,1242.937987
18.000000,91.500000,1327.840065
19.000000,91.500000,1415.053622
9.000000,92.000000,623.685476
10.000000,92.000000,694.032154
11.000000,92.000000,767.277889
12.000000,92.000000,843.422681
13.000000,92.000000,920.630758
14.000000,92.000000,999.603168
15.000000,92.000000,1081.171188
16.000000,92.000000,1164.352176
17.000000,92.000000,1247.116584
18.000000,92.000000,1332.193334
19.000000,92.000000,1419.582428
9.000000,92.500000,626.538392
10.000000,92.500000,697.065903
11.000000,92.500000,770.492333
12.000000,92.500000,846.817682
13.000000,92.500000,924.088199
14.000000,92.500000,1003.231249
15.000000,92.500000,1084.969387
16.000000,92.500000,1168.177997
17.000000,92.500000,1251.199528
18.000000,92.500000,1336.537550
9.000000,93.000000,629.397694
10.000000,93.000000,700.106114
11.000000,93.000000,773.713315
12.000000,93.000000,850.219295
13.000000,93.000000,927.551946
14.000000,93.000000,1006.865718
15.000000,93.000000,1088.774050
16.000000,93.000000,1172.009912
17.000000,93.000000,1255.288995
18.000000,93.000000,1340.888717
9.000000,93.500000,632.184339
10.000000,93.500000,703.104353
11.000000,93.500000,776.924658
12.000000,93.500000,853.645254
13.000000,93.500000,931.066204
14.000000,93.500000,1010.576684
15.000000,93.500000,1092.682072
16.000000,93.500000,1175.968843
17.000000,93.500000,1259.494781
18.000000,93.500000,1345.345167
9.000000,94.000000,634.976940
10.000000,94.000000,706.108789
11.000000,94.000000,780.142438
12.000000,94.000000,857.077886
13.000000,94.000000,934.586946
14.000000,94.000000,1014.294320
15.000000,94.000000,1096.596946
16.000000,94.000000,1179.934324
17.000000,94.000000,1263.707491
18.000000,94.000000,1349.808918
9.000000,94.500000,637.727981
10.000000,94.500000,709.094491
11.000000,94.500000,783.365972
12.000000,94.500000,860.542423
13.000000,94.500000,938.151744
14.000000,94.500000,1018.070641
15.000000,94.500000,1100.586276
16.000000,94.500000,1183.991003
17.000000,94.500000,1268.013598
18.000000,94.500000,1354.368328
9.000000,95.000000,640.484766
10.000000,95.000000,712.086297
11.000000,95.000000,786.595965
12.000000,95.000000,864.013772
13.000000,95.000000,941.723201
14.000000,95.000000,1021.853857
15.000000,95.000000,1104.582733
16.000000,95.000000,1188.054546
17.000000,95.000000,1272.326945
18.000000,95.000000,1358.935354
9.000000,95.500000,643.283715
10.000000,95.500000,715.121888
11.000000,95.500000,789.871333
12.000000,95.500000,867.504278
13.000000,95.500000,945.289578
14.000000,95.500000,1025.584720
15.000000,95.500000,1108.478362
16.000000,95.500000,1192.047725
17.000000,95.500000,1276.628051
18.000000,95.500000,1363.550412
9.000000,96.000000,646.088613
10.000000,96.000000,718.163788
11.000000,96.000000,793.153368
12.000000,96.000000,871.001702
13.000000,96.000000,948.862575
14.000000,96.000000,1029.322228
15.000000,96.000000,1112.380662
16.000000,96.000000,1196.047450
17.000000,96.000000,1280.936304
18.000000,96.000000,1368.173220
9.000000,96.500000,648.946909
10.000000,96.500000,721.242890
11.000000,96.500000,796.455267
12.000000,96.500000,874.403419
13.000000,96.500000,952.438584
14.000000,96.500000,1033.073330
15.000000,96.500000,1116.307656
16.000000,96.500000,1200.110918
17.000000,96.500000,1285.322230
18.000000,96.500000,1372.888204
9.000000,97.000000,651.811381
10.000000,97.000000,724.328441
11.000000,97.000000,799.763886
12.000000,97.000000,877.811662
13.000000,97.000000,956.021187
14.000000,97.000000,1036.831092
15.000000,97.000000,1120.241379
16.000000,97.000000,1204.181137
17.000000,97.000000,1289.715555
18.000000,97.000000,1377.611239
9.000000,97.500000,654.777848
10.000000,97.500000,727.526693
11.000000,97.500000,803.196177
12.000000,97.500000,881.340227
13.000000,97.500000,959.718149
14.000000,97.500000,1040.696393
15.000000,97.500000,1124.274959
16.000000,97.500000,1208.373029
17.000000,97.500000,1294.228381
18.000000,97.500000,1382.450866
9.000000,98.000000,657.750932
10.000000,98.000000,730.731870
11.000000,98.000000,806.635699
12.000000,98.000000,884.875780
13.000000,98.000000,963.422127
14.000000,98.000000,1044.568738
15.000000,98.000000,1128.315612
16.000000,98.000000,1212.572092
17.000000,98.000000,1298.749018
18.000000,98.000000,1387.298942
9.000000,98.500000,660.730544
10.000000,98.500000,733.942568
11.000000,98.500000,810.079650
12.000000,98.500000,888.404719
13.000000,98.500000,967.117055
14.000000,98.500000,1048.429298
15.000000,98.500000,1132.341450
16.000000,98.500000,1216.707175
17.000000,98.500000,1303.116768
18.000000,98.500000,1391.902454
9.000000,99.000000,663.716764
10.000000,99.000000,737.160177
11.000000,99.000000,813.530810
12.000000,99.000000,891.940578
13.000000,99.000000,970.818922
14.000000,99.000000,1052.296819
15.000000,99.000000,1136.374268
16.000000,99.000000,1220.849143
17.000000,99.000000,1307.491700
18.000000,99.000000,1396.513445
9.000000,99.500000,666.721023
10.000000,99.500000,740.410008
11.000000,99.500000,817.029434
12.000000,99.500000,895.515650
13.000000,99.500000,974.541376
14.000000,99.500000,1056.164860
15.000000,99.500000,1140.385054
16.000000,99.500000,1224.996076
17.000000,99.500000,1311.884106
18.000000,99.500000,1401.155059
8.000000,100.000000,598.730680
9.000000,100.000000,669.731939
10.000000,100.000000,743.666860
11.000000,100.000000,820.535442
12.000000,100.000000,899.097766
13.000000,100.000000,978.270814
14.000000,100.000000,1060.039825
15.000000,100.000000,1144.402702
16.000000,100.000000,1229.149882
17.000000,100.000000,1316.283724
18.000000,100.000000,1405.804228
8.000000,100.500000,601.505080
9.000000,100.500000,672.747778
10.000000,100.500000,746.927239
11.000000,100.500000,824.043464
12.000000,100.500000,902.684617
13.000000,100.500000,982.048071
14.000000,100.500000,1064.008242
8.000000,101.000000,604.285762
9.000000,101.000000,675.770256
10.000000,101.000000,750.194614
11.000000,101.000000,827.558836
12.000000,101.000000,906.278492
13.000000,101.000000,985.832469
14.000000,101.000000,1067.983918
8.000000,101.500000,606.965500
9.000000,101.500000,678.719662
10.000000,101.500000,753.417928
11.000000,101.500000,831.060299
12.000000,101.500000,909.885618
13.000000,101.500000,989.669161
14.000000,101.500000,1072.052181
8.000000,102.000000,609.650926
9.000000,102.000000,681.675278
10.000000,102.000000,756.647969
11.000000,102.000000,834.569000
12.000000,102.000000,913.499790
13.000000,102.000000,993.513192
14.000000,102.000000,1076.128071
8.000000,102.500000,612.228476
9.000000,102.500000,684.531734
10.000000,102.500000,759.787516
11.000000,102.500000,837.995823
12.000000,102.500000,917.060041
13.000000,102.500000,997.348388
14.000000,102.500000,1080.242200
8.000000,103.000000,614.811069
9.000000,103.000000,687.393829
10.000000,103.000000,762.933288
11.000000,103.000000,841.429445
12.000000,103.000000,920.627057
13.000000,103.000000,1001.190843
14.000000,103.000000,1084.364076
8.000000,103.500000,617.395181
9.000000,103.500000,690.282722
10.000000,103.500000,766.134083
11.000000,103.500000,844.949262
12.000000,103.500000,924.283465
13.000000,103.500000,1005.120104
14.000000,103.500000,1088.569985
8.000000,104.000000,619.984396
9.000000,104.000000,693.177410
10.000000,104.000000,769.341364
11.000000,104.000000,848.476257
12.000000,104.000000,927.946998
13.000000,104.000000,1009.056961
14.000000,104.000000,1092.783958
8.000000,104.500000,622.648322
9.000000,104.500000,696.102936
10.000000,104.500000,772.533391
11.000000,104.500000,851.939687
12.000000,104.500000,931.571167
13.000000,104.500000,1013.001573
14.000000,104.500000,1097.054491
8.000000,105.000000,625.317697
9.000000,105.000000,699.034364
10.000000,105.000000,775.731775
11.000000,105.000000,855.409929
12.000000,105.000000,935.202232
13.000000,105.000000,1016.953767
14.000000,105.000000,1101.333285
8.000000,105.500000,628.070019
9.000000,105.500000,702.027861
10.000000,105.500000,778.969049
11.000000,105.500000,858.893584
12.000000,105.500000,938.869686
13.000000,105.500000,1020.963196
14.000000,105.500000,1105.691853
8.000000,106.000000,630.828175
9.000000,106.000000,705.027541
10.000000,106.000000,782.212853
11.000000,106.000000,862.384111
12.000000,106.000000,942.544186
13.000000,106.000000,1024.980429
14.000000,106.000000,1110.058981
8.000000,106.500000,633.702706
9.000000,106.500000,708.109019
10.000000,106.500000,785.501126
11.000000,106.500000,865.879025
12.000000,106.500000,946.179924
13.000000,106.500000,1028.896228
14.000000,106.500000,1114.259636
8.000000,107.000000,636.583615
9.000000,107.000000,711.197039
10.000000,107.000000,788.796099
11.000000,107.000000,869.380796
12.000000,107.000000,949.822496
13.000000,107.000000,1032.819347
14.000000,107.000000,1118.468097
8.000000,107.500000,639.534207
9.000000,107.500000,714.335527
10.000000,107.500000,792.120970
11.000000,107.500000,872.815749
12.000000,107.500000,953.439187
13.000000,107.500000,1036.669050
14.000000,107.500000,1122.553802
8.000000,108.000000,642.491496
9.000000,108.000000,717.480767
10.000000,108.000000,795.452647
11.000000,108.000000,876.257279
12.000000,108.000000,957.062553
13.000000,108.000000,1040.525706
14.000000,108.000000,1126.646737
8.000000,108.500000,645.361605
9.000000,108.500000,720.597723
10.000000,108.500000,798.818095
11.000000,108.500000,879.746226
12.000000,108.500000,960.777915
13.000000,108.500000,1044.469707
14.000000,108.500000,1130.821602
8.000000,109.000000,648.237893
9.000000,109.000000,723.721225
10.000000,109.000000,802.190448
11.000000,109.000000,883.241945
12.000000,109.000000,964.500302
13.000000,109.000000,1048.420986
14.000000,109.000000,1135.003997
8.000000,109.500000,651.104112
9.000000,109.500000,726.829003
10.000000,109.500000,805.541297
11.000000,109.500000,886.717724
12.000000,109.500000,968.234854
13.000000,109.500000,1052.417520
14.000000,109.500000,1139.265720
8.000000,110.000000,653.976404
9.000000,110.000000,729.943190
10.000000,110.000000,808.898886
11.000000,110.000000,890.200123
12.000000,110.000000,971.976430
13.000000,110.000000,1056.421477
14.000000,110.000000,1143.535265
8.000000,110.500000,656.862804
9.000000,110.500000,733.096875
10.000000,110.500000,812.322548
11.000000,110.500000,893.769339
12.000000,110.500000,975.805034
13.000000,110.500000,1060.512516
8.000000,111.000000,659.755302
9.000000,111.000000,736.257121
10.000000,111.000000,815.753226
11.000000,111.000000,897.345528
12.000000,111.000000,979.641006
13.000000,111.000000,1064.611313
8.000000,111.500000,662.769959
9.000000,111.500000,739.533864
10.000000,111.500000,819.296222
11.000000,111.500000,901.011415
12.000000,111.500000,983.521081
13.000000,111.500000,1068.705412
8.000000,112.000000,665.791367
9.000000,112.000000,742.817749
10.000000,112.000000,822.846753
11.000000,112.000000,904.684650
12.000000,112.000000,987.408697
13.000000,112.000000,1072.807238
8.000000,112.500000,668.910770
9.000000,112.500000,746.204344
10.000000,112.500000,826.504615
11.000000,112.500000,908.431659
12.000000,112.500000,991.315836
13.000000,112.500000,1076.871872
8.000000,113.000000,672.037378
9.000000,113.000000,749.598547
10.000000,113.000000,830.170487
11.000000,113.000000,912.186314
12.000000,113.000000,995.230563
13.000000,113.000000,1080.944035
8.000000,113.500000,675.211437
9.000000,113.500000,752.972844
10.000000,113.500000,833.744408
11.000000,113.500000,915.823660
12.000000,113.500000,999.064273
13.000000,113.500000,1084.973613
7.000000,114.000000,603.440719
8.000000,114.000000,678.392886
9.000000,114.000000,756.354594
10.000000,114.000000,837.325845
11.000000,114.000000,919.468076
12.000000,114.000000,1002.905166
13.000000,114.000000,1089.010483
7.000000,114.500000,606.443094
8.000000,114.500000,681.582760
9.000000,114.500000,759.729771
10.000000,114.500000,840.884129
11.000000,114.500000,923.102516
12.000000,114.500000,1006.762928
13.000000,114.500000,1093.092753
7.000000,115.000000,609.452865
8.000000,115.000000,684.780026
9.000000,115.000000,763.112336
10.000000,115.000000,844.449796
11.000000,115.000000,926.743963
12.000000,115.000000,1010.627924
13.000000,115.000000,1097.182482
7.000000,115.500000,612.486646
8.000000,115.500000,688.021687
9.000000,115.500000,766.560600
10.000000,115.500000,848.103387
11.000000,115.500000,930.467334
12.000000,115.500000,1014.549540
13.000000,115.500000,1101.302605
7.000000,116.000000,615.527905
8.000000,116.000000,691.270923
9.000000,116.000000,770.016535
10.000000,116.000000,851.764739
11.000000,116.000000,934.198039
12.000000,116.000000,1018.478592
13.000000,116.000000,1105.430265
7.000000,116.500000,618.597857
8.000000,116.500000,694.569434
9.000000,116.500000,773.543221
10.000000,116.500000,855.519219
11.000000,116.500000,938.005831
12.000000,116.500000,1022.461812
13.000000,116.500000,1109.588315
7.000000,117.000000,621.675394
8.000000,117.000000,697.875728
9.000000,117.000000,777.077885
10.000000,117.000000,859.281864
11.000000,117.000000,941.821261
12.000000,117.000000,1026.452658
13.000000,117.000000,1113.753980
7.000000,117.500000,624.670711
8.000000,117.500000,701.077788
9.000000,117.500000,780.485032
10.000000,117.500000,862.892443
11.000000,117.500000,945.531647
12.000000,117.500000,1030.396120
13.000000,117.500000,1117.932205
7.000000,118.000000,627.673118
8.000000,118.000000,704.287038
9.000000,118.000000,783.899466
10.000000,118.000000,866.510401
11.000000,118.000000,949.249142
12.000000,118.000000,1034.346948
13.000000,118.000000,1122.118049
7.000000,118.500000,630.468078
8.000000,118.500000,707.320282
9.000000,118.500000,787.171507
10.000000,118.500000,870.021752
11.000000,118.500000,952.903117
12.000000,118.500000,1038.267628
13.000000,118.500000,1126.308393
7.000000,119.000000,633.268975
8.000000,119.000000,710.359760
9.000000,119.000000,790.450072
10.000000,119.000000,873.539912
11.000000,119.000000,956.563854
12.000000,119.000000,1042.195482
13.000000,119.000000,1130.506320
7.000000,119.500000,635.893815
8.000000,119.500000,713.262792
9.000000,119.500000,793.636203
10.000000,119.500000,876.935140
11.000000,119.500000,960.225914
12.000000,119.500000,1046.164356
13.000000,119.500000,1134.786293
7.000000,120.000000,638.523705
8.000000,120.000000,716.171371
9.000000,120.000000,796.828376
10.000000,120.000000,880.336617
11.000000,120.000000,963.894691
12.000000,120.000000,1050.140539
13.000000,120.000000,1139.074161
7.000000,120.500000,641.264040
8.000000,120.500000,719.163597
9.000000,120.500000,800.075494
7.000000,121.000000,644.009944
8.000000,121.000000,722.161740
9.000000,121.000000,803.328875
7.000000,121.500000,646.860440
8.000000,121.500000,725.239538
9.000000,121.500000,806.634717
7.000000,122.000000,649.717000
8.000000,122.000000,728.323616
9.000000,122.000000,809.947051
7.000000,122.500000,652.662330
8.000000,122.500000,731.510102
9.000000,122.500000,813.374521
7.000000,123.000000,655.614142
8.000000,123.000000,734.703356
9.000000,123.000000,816.809039
7.000000,123.500000,658.667774
8.000000,123.500000,738.020324
9.000000,123.500000,820.390426
7.000000,124.000000,661.728365
8.000000,124.000000,741.344626
9.000000,124.000000,823.979512
7.000000,124.500000,664.844608
8.000000,124.500000,744.698901
9.000000,124.500000,827.571436
7.000000,125.000000,667.968052
8.000000,125.000000,748.060611
9.000000,125.000000,831.171021
7.000000,125.500000,670.811307
8.000000,125.500000,751.253042
9.000000,125.500000,834.718142
7.000000,126.000000,673.660250
8.000000,126.000000,754.452002
9.000000,126.000000,838.272618
7.000000,126.500000,676.552324
8.000000,126.500000,757.684770
9.000000,126.500000,841.852924
7.000000,127.000000,679.450325
8.000000,127.000000,760.924222
9.000000,127.000000,845.440671
7.000000,127.500000,682.472672
8.000000,127.500000,764.244846
9.000000,127.500000,849.063927
7.000000,128.000000,685.501533
8.000000,128.000000,767.572508
9.000000,128.000000,852.694745
7.000000,128.500000,688.635086
8.000000,128.500000,770.949788
9.000000,128.500000,856.317113
6.000000,129.000000,612.270960
7.000000,129.000000,691.775641
8.000000,129.000000,774.334303
9.000000,129.000000,859.946946
6.000000,129.500000,615.230245
7.000000,129.500000,695.041110
8.000000,129.500000,777.909726
9.000000,129.500000,863.836094
6.000000,130.000000,618.196570
7.000000,130.000000,698.314176
8.000000,130.000000,781.493297
9.000000,130.000000,867.733935
