weight_g,350.000000
thrust_N,velocity_m_s,power_W
12.000000,0.000000,2418.093636
13.000000,0.000000,2638.930789
14.000000,0.000000,2869.276666
15.000000,0.000000,3109.131269
12.000000,0.500000,2418.961413
13.000000,0.500000,2639.912826
14.000000,0.500000,2870.379512
12.000000,1.000000,2419.829265
13.000000,1.000000,2640.894962
14.000000,1.000000,2871.482481
12.000000,1.500000,2420.656027
13.000000,1.500000,2641.850144
14.000000,1.500000,2872.573886
12.000000,2.000000,2421.482857
13.000000,2.000000,2642.805419
14.000000,2.000000,2873.665412
12.000000,2.500000,2422.275986
13.000000,2.500000,2643.739170
14.000000,2.500000,2874.748687
12.000000,3.000000,2423.069174
13.000000,3.000000,2644.673010
14.000000,3.000000,2875.832080
12.000000,3.500000,2423.866689
13.000000,3.500000,2645.611744
14.000000,3.500000,2876.920971
12.000000,4.000000,2424.664266
13.000000,4.000000,2646.550567
14.000000,4.000000,2878.009982
12.000000,4.500000,2425.466195
13.000000,4.500000,2647.494314
14.000000,4.500000,2879.104522
12.000000,5.000000,2426.268186
13.000000,5.000000,2648.438150
14.000000,5.000000,2880.199183
12.000000,5.500000,2427.074555
13.000000,5.500000,2649.386940
14.000000,5.500000,2881.299405
12.000000,6.000000,2427.880987
13.000000,6.000000,2650.335820
14.000000,6.000000,2882.399751
12.000000,6.500000,2428.696336
13.000000,6.500000,2651.292728
14.000000,6.500000,2883.507153
12.000000,7.000000,2429.511749
13.000000,7.000000,2652.249728
14.000000,7.000000,2884.614680
12.000000,7.500000,2430.330861
13.000000,7.500000,2653.209738
14.000000,7.500000,2885.724567
12.000000,8.000000,2431.150031
13.000000,8.000000,2654.169836
14.000000,8.000000,2886.834576
12.000000,8.500000,2431.988358
13.000000,8.500000,2655.157668
14.000000,8.500000,2887.981462
12.000000,9.000000,2432.826745
13.000000,9.000000,2656.145590
14.000000,9.000000,2889.128475
12.000000,9.500000,2433.678547
13.000000,9.500000,2657.139817
14.000000,9.500000,2890.274107
12.000000,10.000000,2434.530409
13.000000,10.000000,2658.134135
14.000000,10.000000,2891.419866
12.000000,10.500000,2435.395764
13.000000,10.500000,2659.134685
14.000000,10.500000,2892.564007
12.000000,11.000000,2436.261181
13.000000,11.000000,2660.135328
14.000000,11.000000,2893.708275
12.000000,11.500000,2437.140165
13.000000,11.500000,2661.142125
14.000000,11.500000,2894.850684
12.000000,12.000000,2438.019212
13.000000,12.000000,2662.149015
14.000000,12.000000,2895.993220
12.000000,12.500000,2438.911898
13.000000,12.500000,2663.161980
14.000000,12.500000,2897.133650
12.000000,13.000000,2439.804649
13.000000,13.000000,2664.175038
14.000000,13.000000,2898.274208
12.000000,13.500000,2440.687500
13.000000,13.500000,2665.178621
14.000000,13.500000,2899.405765
12.000000,14.000000,2441.570417
13.000000,14.000000,2666.182298
14.000000,14.000000,2900.537449
12.000000,14.500000,2442.539786
13.000000,14.500000,2667.239338
14.000000,14.500000,2901.686750
12.000000,15.000000,2443.509219
13.000000,15.000000,2668.296473
14.000000,15.000000,2902.836176
12.000000,15.500000,2444.465857
13.000000,15.500000,2669.337189
14.000000,15.500000,2903.965267
12.000000,16.000000,2445.422558
13.000000,16.000000,2670.377998
14.000000,16.000000,2905.094479
12.000000,16.500000,2446.363685
13.000000,16.500000,2671.394455
14.000000,16.500000,2906.189862
12.000000,17.000000,2447.304877
13.000000,17.000000,2672.411001
14.000000,17.000000,2907.285359
12.000000,17.500000,2448.237887
13.000000,17.500000,2673.423385
14.000000,17.500000,2908.381028
12.000000,18.000000,2449.170962
13.000000,18.000000,2674.435859
14.000000,18.000000,2909.476813
12.000000,18.500000,2450.096227
13.000000,18.500000,2675.444089
14.000000,18.500000,2910.572159
12.000000,19.000000,2451.021558
13.000000,19.000000,2676.452408
14.000000,19.000000,2911.667619
12.000000,19.500000,2451.939523
13.000000,19.500000,2677.456700
14.000000,19.500000,2912.762587
12.000000,20.000000,2452.857553
13.000000,20.000000,2678.461079
14.000000,20.000000,2913.857666
12.000000,20.500000,2453.903995
13.000000,20.500000,2679.548141
14.000000,20.500000,2914.985919
12.000000,21.000000,2454.950504
13.000000,21.000000,2680.635295
14.000000,21.000000,2916.114284
12.000000,21.500000,2456.139460
13.000000,21.500000,2681.812684
14.000000,21.500000,2917.276357
12.000000,22.000000,2457.328483
13.000000,22.000000,2682.990168
14.000000,22.000000,2918.438546
12.000000,22.500000,2458.518251
13.000000,22.500000,2684.170109
14.000000,22.500000,2919.605018
12.000000,23.000000,2459.708089
13.000000,23.000000,2685.350148
14.000000,23.000000,2920.771609
12.000000,23.500000,2460.935525
13.000000,23.500000,2686.618290
14.000000,23.500000,2922.080586
12.000000,24.000000,2462.163037
13.000000,24.000000,2687.886542
14.000000,24.000000,2923.389704
12.000000,24.500000,2463.413670
13.000000,24.500000,2689.203984
14.000000,24.500000,2924.776016
12.000000,25.000000,2464.664384
13.000000,25.000000,2690.521545
14.000000,25.000000,2926.162484
12.000000,25.500000,2465.918989
13.000000,25.500000,2691.842475
14.000000,25.500000,2927.551736
12.000000,26.000000,2467.173678
13.000000,26.000000,2693.163527
14.000000,26.000000,2928.941145
12.000000,26.500000,2468.432203
13.000000,26.500000,2694.487892
14.000000,26.500000,2930.333282
12.000000,27.000000,2469.690816
13.000000,27.000000,2695.812382
14.000000,27.000000,2931.725578
15.000000,27.000000,3172.524104
16.000000,27.000000,3419.159558
17.000000,27.000000,3674.816767
12.000000,27.500000,2470.821569
13.000000,27.500000,2697.060886
14.000000,27.500000,2933.098028
15.000000,27.500000,3173.838914
16.000000,27.500000,3420.482872
12.000000,28.000000,2471.952411
13.000000,28.000000,2698.309512
14.000000,28.000000,2934.470638
15.000000,28.000000,3175.153794
16.000000,28.000000,3421.806273
12.000000,28.500000,2473.048778
13.000000,28.500000,2699.539914
14.000000,28.500000,2935.842588
15.000000,28.500000,3176.468272
16.000000,28.500000,3423.129550
12.000000,29.000000,2474.145234
13.000000,29.000000,2700.770440
14.000000,29.000000,2937.214700
15.000000,29.000000,3177.782820
16.000000,29.000000,3424.452916
12.000000,29.500000,2475.247480
13.000000,29.500000,2702.007189
14.000000,29.500000,2938.593483
15.000000,29.500000,3179.096987
16.000000,29.500000,3425.776180
12.000000,30.000000,2476.349817
13.000000,30.000000,2703.244063
14.000000,30.000000,2939.972430
15.000000,30.000000,3180.411226
16.000000,30.000000,3427.099533
12.000000,30.500000,2477.478403
13.000000,30.500000,2704.529398
14.000000,30.500000,2941.423714
15.000000,30.500000,3181.774185
16.000000,30.500000,3428.447116
11.000000,31.000000,2261.251824
12.000000,31.000000,2478.607085
13.000000,31.000000,2705.814870
14.000000,31.000000,2942.875178
15.000000,31.000000,3183.137218
16.000000,31.000000,3429.794791
11.000000,31.500000,2262.241497
12.000000,31.500000,2479.798143
13.000000,31.500000,2707.220869
14.000000,31.500000,2944.509675
15.000000,31.500000,3184.624149
16.000000,31.500000,3431.202490
11.000000,32.000000,2263.231234
12.000000,32.000000,2480.989308
13.000000,32.000000,2708.627027
14.000000,32.000000,2946.144390
15.000000,32.000000,3186.111157
16.000000,32.000000,3432.610283
11.000000,32.500000,2264.230749
12.000000,32.500000,2482.200552
13.000000,32.500000,2710.064380
14.000000,32.500000,2947.822233
15.000000,32.500000,3187.615128
16.000000,32.500000,3434.028447
11.000000,33.000000,2265.230330
12.000000,33.000000,2483.411908
13.000000,33.000000,2711.501899
14.000000,33.000000,2949.500305
15.000000,33.000000,3189.119178
16.000000,33.000000,3435.446706
11.000000,33.500000,2266.222522
12.000000,33.500000,2484.622991
13.000000,33.500000,2712.947090
14.000000,33.500000,2951.194820
15.000000,33.500000,3190.651598
16.000000,33.500000,3436.935724
11.000000,34.000000,2267.214757
12.000000,34.000000,2485.834170
13.000000,34.000000,2714.392440
14.000000,34.000000,2952.889568
15.000000,34.000000,3192.184101
16.000000,34.000000,3438.424844
11.000000,34.500000,2268.422495
12.000000,34.500000,2487.204049
13.000000,34.500000,2715.934497
14.000000,34.500000,2954.613839
15.000000,34.500000,3193.750174
16.000000,34.500000,3439.991317
11.000000,35.000000,2269.630277
12.000000,35.000000,2488.574034
13.000000,35.000000,2717.476725
14.000000,35.000000,2956.338352
15.000000,35.000000,3195.316335
16.000000,35.000000,3441.557901
11.000000,35.500000,2270.848995
12.000000,35.500000,2489.955851
13.000000,35.500000,2719.031720
14.000000,35.500000,2958.076604
15.000000,35.500000,3196.883618
16.000000,35.500000,3443.125301
11.000000,36.000000,2272.067762
12.000000,36.000000,2491.337779
13.000000,36.000000,2720.586893
14.000000,36.000000,2959.815104
15.000000,36.000000,3198.450991
16.000000,36.000000,3444.692815
11.000000,36.500000,2273.297538
12.000000,36.500000,2492.731618
13.000000,36.500000,2722.154914
14.000000,36.500000,2961.567429
15.000000,36.500000,3200.019454
16.000000,36.500000,3446.261114
11.000000,37.000000,2274.527369
12.000000,37.000000,2494.125573
13.000000,37.000000,2723.723120
14.000000,37.000000,2963.320010
15.000000,37.000000,3201.588009
16.000000,37.000000,3447.829528
11.000000,37.500000,2275.767728
12.000000,37.500000,2495.528453
13.000000,37.500000,2725.298481
14.000000,37.500000,2965.077812
15.000000,37.500000,3203.152593
16.000000,37.500000,3449.396490
11.000000,38.000000,2277.008146
12.000000,38.000000,2496.931455
13.000000,38.000000,2726.874031
14.000000,38.000000,2966.835876
15.000000,38.000000,3204.717271
16.000000,38.000000,3450.963570
11.000000,38.500000,2278.246704
12.000000,38.500000,2498.282764
13.000000,38.500000,2728.344005
14.000000,38.500000,2968.430429
15.000000,38.500000,3206.183674
16.000000,38.500000,3452.488894
11.000000,39.000000,2279.485323
12.000000,39.000000,2499.634191
13.000000,39.000000,2729.814154
14.000000,39.000000,2970.025214
15.000000,39.000000,3207.650176
16.000000,39.000000,3454.014338
11.000000,39.500000,2280.700918
12.000000,39.500000,2500.968906
13.000000,39.500000,2731.274437
14.000000,39.500000,2971.533835
15.000000,39.500000,3209.115460
16.000000,39.500000,3455.541660
11.000000,40.000000,2281.916586
12.000000,40.000000,2502.303748
13.000000,40.000000,2732.734901
14.000000,40.000000,2973.042624
15.000000,40.000000,3210.580845
16.000000,40.000000,3457.069103
11.000000,40.500000,2283.122653
12.000000,40.500000,2503.628361
13.000000,40.500000,2734.184366
14.000000,40.500000,2974.434291
15.000000,40.500000,3212.040184
16.000000,40.500000,3458.597879
11.000000,41.000000,2284.328808
12.000000,41.000000,2504.953109
13.000000,41.000000,2735.634017
14.000000,41.000000,2975.826042
15.000000,41.000000,3213.499626
16.000000,41.000000,3460.126777
11.000000,41.500000,2285.547126
12.000000,41.500000,2506.282616
13.000000,41.500000,2737.080278
14.000000,41.500000,2977.208568
15.000000,41.500000,3214.996510
16.000000,41.500000,3461.742874
11.000000,42.000000,2286.765548
12.000000,42.000000,2507.612270
13.000000,42.000000,2738.526729
14.000000,42.000000,2978.591181
15.000000,42.000000,3216.493505
16.000000,42.000000,3463.359106
11.000000,42.500000,2287.971803
12.000000,42.500000,2508.929846
13.000000,42.500000,2739.961219
14.000000,42.500000,2979.970654
15.000000,42.500000,3218.052635
16.000000,42.500000,3465.107082
11.000000,43.000000,2289.178165
12.000000,43.000000,2510.247569
13.000000,43.000000,2741.395899
14.000000,43.000000,2981.350216
15.000000,43.000000,3219.611887
16.000000,43.000000,3466.855216
11.000000,43.500000,2290.372791
12.000000,43.500000,2511.553611
13.000000,43.500000,2742.818976
14.000000,43.500000,2982.724906
15.000000,43.500000,3221.172923
16.000000,43.500000,3468.612231
11.000000,44.000000,2291.567524
12.000000,44.000000,2512.859802
13.000000,44.000000,2744.242243
14.000000,44.000000,2984.099687
15.000000,44.000000,3222.734084
16.000000,44.000000,3470.369406
11.000000,44.500000,2292.750927
12.000000,44.500000,2514.154685
13.000000,44.500000,2745.654247
14.000000,44.500000,2985.470305
15.000000,44.500000,3224.297755
16.000000,44.500000,3472.136205
11.000000,45.000000,2293.934440
12.000000,45.000000,2515.449718
13.000000,45.000000,2747.066442
14.000000,45.000000,2986.841016
15.000000,45.000000,3225.861552
16.000000,45.000000,3473.903167
11.000000,45.500000,2295.139663
12.000000,45.500000,2516.807001
13.000000,45.500000,2748.584746
14.000000,45.500000,2988.336505
15.000000,45.500000,3227.507937
16.000000,45.500000,3475.707423
11.000000,46.000000,2296.345003
12.000000,46.000000,2518.164452
13.000000,46.000000,2750.103274
14.000000,46.000000,2989.832105
15.000000,46.000000,3229.154461
16.000000,46.000000,3477.511850
11.000000,46.500000,2297.823598
12.000000,46.500000,2519.766383
13.000000,46.500000,2751.834378
14.000000,46.500000,2991.480355
15.000000,46.500000,3230.898744
16.000000,46.500000,3479.355126
11.000000,47.000000,2299.302348
12.000000,47.000000,2521.368533
13.000000,47.000000,2753.565765
14.000000,47.000000,2993.128740
15.000000,47.000000,3232.643183
16.000000,47.000000,3481.198581
11.000000,47.500000,2300.828902
12.000000,47.500000,2523.003847
13.000000,47.500000,2755.314130
14.000000,47.500000,2994.774175
15.000000,47.500000,3234.388189
16.000000,47.500000,3483.046627
11.000000,48.000000,2302.355627
12.000000,48.000000,2524.639384
13.000000,48.000000,2757.062771
14.000000,48.000000,2996.419718
15.000000,48.000000,3236.133336
16.000000,48.000000,3484.894848
11.000000,48.500000,2303.919092
12.000000,48.500000,2526.300589
13.000000,48.500000,2758.824892
14.000000,48.500000,2998.066770
15.000000,48.500000,3237.882008
16.000000,48.500000,3486.748861
11.000000,49.000000,2305.482737
12.000000,49.000000,2527.962022
13.000000,49.000000,2760.587287
14.000000,49.000000,2999.713920
15.000000,49.000000,3239.630818
16.000000,49.000000,3488.603049
11.000000,49.500000,2307.073164
12.000000,49.500000,2529.643302
13.000000,49.500000,2762.361945
14.000000,49.500000,3001.353439
15.000000,49.500000,3241.326115
16.000000,49.500000,3490.354912
11.000000,50.000000,2308.663776
12.000000,50.000000,2531.324815
13.000000,50.000000,2764.136882
14.000000,50.000000,3002.993060
15.000000,50.000000,3243.021550
16.000000,50.000000,3492.106948
11.000000,50.500000,2310.281184
12.000000,50.500000,2533.025861
13.000000,50.500000,2765.923412
14.000000,50.500000,3004.631816
15.000000,50.500000,3244.702763
16.000000,50.500000,3493.830552
11.000000,51.000000,2311.898783
12.000000,51.000000,2534.727146
13.000000,51.000000,2767.710225
14.000000,51.000000,3006.270676
15.000000,51.000000,3246.384117
16.000000,51.000000,3495.554331
11.000000,51.500000,2313.544361
12.000000,51.500000,2536.450616
13.000000,51.500000,2769.512875
14.000000,51.500000,3007.915704
15.000000,51.500000,3248.064775
16.000000,51.500000,3497.270066
11.000000,52.000000,2315.190138
12.000000,52.000000,2538.174332
13.000000,52.000000,2771.315817
14.000000,52.000000,3009.560843
15.000000,52.000000,3249.745579
16.000000,52.000000,3498.985977
11.000000,52.500000,2316.823146
12.000000,52.500000,2539.899336
13.000000,52.500000,2773.135140
14.000000,52.500000,3011.222302
15.000000,52.500000,3251.430052
16.000000,52.500000,3500.691964
11.000000,53.000000,2318.456383
12.000000,53.000000,2541.624611
13.000000,53.000000,2774.954773
14.000000,53.000000,3012.883882
15.000000,53.000000,3253.114677
16.000000,53.000000,3502.398130
11.000000,53.500000,2320.114621
12.000000,53.500000,2543.456956
13.000000,53.500000,2776.970110
14.000000,53.500000,3014.719942
15.000000,53.500000,3254.892971
16.000000,53.500000,3504.111336
11.000000,54.000000,2321.773136
12.000000,54.000000,2545.289635
13.000000,54.000000,2778.985843
14.000000,54.000000,3016.556154
15.000000,54.000000,3256.671435
16.000000,54.000000,3505.824724
11.000000,54.500000,2323.385264
12.000000,54.500000,2547.101468
13.000000,54.500000,2781.008636
14.000000,54.500000,3018.390609
15.000000,54.500000,3258.440520
16.000000,54.500000,3507.520568
11.000000,55.000000,2324.997652
12.000000,55.000000,2548.913628
13.000000,55.000000,2783.031829
14.000000,55.000000,3020.225221
15.000000,55.000000,3260.209777
16.000000,55.000000,3509.216595
11.000000,55.500000,2326.553852
12.000000,55.500000,2550.687539
13.000000,55.500000,2785.036493
14.000000,55.500000,3022.034099
15.000000,55.500000,3261.956067
16.000000,55.500000,3510.892629
11.000000,56.000000,2328.110288
12.000000,56.000000,2552.461763
13.000000,56.000000,2787.041554
14.000000,56.000000,3023.843135
15.000000,56.000000,3263.702530
16.000000,56.000000,3512.568844
11.000000,56.500000,2329.675523
12.000000,56.500000,2554.238435
13.000000,56.500000,2789.042156
14.000000,56.500000,3025.627365
15.000000,56.500000,3265.426815
16.000000,56.500000,3514.225709
11.000000,57.000000,2331.241000
12.000000,57.000000,2556.015424
13.000000,57.000000,2791.043158
14.000000,57.000000,3027.411756
15.000000,57.000000,3267.151273
16.000000,57.000000,3515.882755
11.000000,57.500000,2332.828132
12.000000,57.500000,2557.802358
13.000000,57.500000,2793.041309
14.000000,57.500000,3029.257631
15.000000,57.500000,3269.080355
16.000000,57.500000,3517.897059
11.000000,58.000000,2334.415519
12.000000,58.000000,2559.589618
13.000000,58.000000,2795.039862
14.000000,58.000000,3031.103686
15.000000,58.000000,3271.009658
16.000000,58.000000,3519.911626
11.000000,58.500000,2336.022821
12.000000,58.500000,2561.385240
13.000000,58.500000,2797.034156
14.000000,58.500000,3033.008777
15.000000,58.500000,3273.112154
16.000000,58.500000,3522.220878
11.000000,59.000000,2337.630392
12.000000,59.000000,2563.181196
13.000000,59.000000,2799.028854
14.000000,59.000000,3034.914059
15.000000,59.000000,3275.214898
16.000000,59.000000,3524.530439
11.000000,59.500000,2339.411108
12.000000,59.500000,2565.175147
13.000000,59.500000,2801.247692
14.000000,59.500000,3036.972876
15.000000,59.500000,3277.395431
16.000000,59.500000,3526.836486
10.000000,60.000000,2125.535009
11.000000,60.000000,2341.192193
12.000000,60.000000,2567.169541
13.000000,60.000000,2803.467050
14.000000,60.000000,3039.031933
15.000000,60.000000,3279.576239
16.000000,60.000000,3529.142846
10.000000,60.500000,2127.137731
11.000000,60.500000,2343.010621
12.000000,60.500000,2569.216517
13.000000,60.500000,2805.755419
14.000000,60.500000,3041.131745
15.000000,60.500000,3281.771812
10.000000,61.000000,2128.740769
11.000000,61.000000,2344.829440
12.000000,61.000000,2571.263968
13.000000,61.000000,2808.044352
14.000000,61.000000,3043.231819
15.000000,61.000000,3283.967673
10.000000,61.500000,2130.357345
11.000000,61.500000,2346.677825
12.000000,61.500000,2573.358451
13.000000,61.500000,2810.399222
14.000000,61.500000,3045.367084
15.000000,61.500000,3286.173895
10.000000,62.000000,2131.974244
11.000000,62.000000,2348.526619
12.000000,62.000000,2575.453439
13.000000,62.000000,2812.754704
14.000000,62.000000,3047.502634
15.000000,62.000000,3288.380418
10.000000,62.500000,2133.604690
11.000000,62.500000,2350.391936
12.000000,62.500000,2577.568143
13.000000,62.500000,2815.133312
14.000000,62.500000,3049.638387
15.000000,62.500000,3290.578497
10.000000,63.000000,2135.235464
11.000000,63.000000,2352.257671
12.000000,63.000000,2579.683365
13.000000,63.000000,2817.512545
14.000000,63.000000,3051.774428
15.000000,63.000000,3292.776876
10.000000,63.500000,2136.949934
11.000000,63.500000,2354.189784
12.000000,63.500000,2581.845786
13.000000,63.500000,2819.917940
14.000000,63.500000,3053.910239
15.000000,63.500000,3294.967110
10.000000,64.000000,2138.664768
11.000000,64.000000,2356.122346
12.000000,64.000000,2584.008748
13.000000,64.000000,2822.323976
14.000000,64.000000,3056.046341
15.000000,64.000000,3297.157647
10.000000,64.500000,2140.520509
11.000000,64.500000,2358.160685
12.000000,64.500000,2586.238686
13.000000,64.500000,2824.754511
14.000000,64.500000,3058.193183
15.000000,64.500000,3299.364609
10.000000,65.000000,2142.376677
11.000000,65.000000,2360.199524
12.000000,65.000000,2588.469199
13.000000,65.000000,2827.185703
14.000000,65.000000,3060.340326
15.000000,65.000000,3301.571890
10.000000,65.500000,2144.349981
11.000000,65.500000,2362.325727
12.000000,65.500000,2590.754195
13.000000,65.500000,2829.635387
14.000000,65.500000,3062.478142
15.000000,65.500000,3303.753091
10.000000,66.000000,2146.323768
11.000000,66.000000,2364.452473
12.000000,66.000000,2593.039797
13.000000,66.000000,2832.085738
14.000000,66.000000,3064.616267
15.000000,66.000000,3305.934621
10.000000,66.500000,2148.441594
11.000000,66.500000,2366.712063
12.000000,66.500000,2595.445594
13.000000,66.500000,2834.382972
14.000000,66.500000,3066.797883
15.000000,66.500000,3308.110602
10.000000,67.000000,2150.559983
11.000000,67.000000,2368.972280
12.000000,67.000000,2597.852082
13.000000,67.000000,2836.680676
14.000000,67.000000,3068.979851
15.000000,67.000000,3310.286935
10.000000,67.500000,2152.695320
11.000000,67.500000,2371.278398
12.000000,67.500000,2600.336056
13.000000,67.500000,2838.950665
14.000000,67.500000,3071.219131
15.000000,67.500000,3312.487818
10.000000,68.000000,2154.831235
11.000000,68.000000,2373.585183
12.000000,68.000000,2602.820789
13.000000,68.000000,2841.221066
14.000000,68.000000,3073.458803
15.000000,68.000000,3314.689071
10.000000,68.500000,2156.972484
11.000000,68.500000,2375.885226
12.000000,68.500000,2605.285477
13.000000,68.500000,2843.440730
14.000000,68.500000,3075.664251
15.000000,68.500000,3316.874142
10.000000,69.000000,2159.114312
11.000000,69.000000,2378.185922
12.000000,69.000000,2607.750894
13.000000,69.000000,2845.660754
14.000000,69.000000,3077.870060
15.000000,69.000000,3319.059572
10.000000,69.500000,2161.278930
11.000000,69.500000,2380.491072
12.000000,69.500000,2610.200587
13.000000,69.500000,2847.838674
14.000000,69.500000,3080.048139
15.000000,69.500000,3321.232817
10.000000,70.000000,2163.444155
11.000000,70.000000,2382.796886
12.000000,70.000000,2612.650999
13.000000,70.000000,2850.016934
14.000000,70.000000,3082.226567
15.000000,70.000000,3323.406418
10.000000,70.500000,2165.928364
11.000000,70.500000,2385.311750
12.000000,70.500000,2615.188039
13.000000,70.500000,2852.172351
14.000000,70.500000,3084.390315
15.000000,70.500000,3325.574093
10.000000,71.000000,2168.413644
11.000000,71.000000,2387.827570
12.000000,71.000000,2617.725925
13.000000,71.000000,2854.328110
14.000000,71.000000,3086.554413
15.000000,71.000000,3327.742126
10.000000,71.500000,2170.928335
11.000000,71.500000,2390.355900
12.000000,71.500000,2620.257691
13.000000,71.500000,2856.471670
14.000000,71.500000,3088.716469
15.000000,71.500000,3329.918969
10.000000,72.000000,2173.444140
11.000000,72.000000,2392.885208
12.000000,72.000000,2622.790304
13.000000,72.000000,2858.615579
14.000000,72.000000,3090.878883
15.000000,72.000000,3332.096178
10.000000,72.500000,2176.024967
11.000000,72.500000,2395.464077
12.000000,72.500000,2625.355217
13.000000,72.500000,2860.812210
14.000000,72.500000,3093.189814
15.000000,72.500000,3334.524332
10.000000,73.000000,2178.607000
11.000000,73.000000,2398.043989
12.000000,73.000000,2627.921017
13.000000,73.000000,2863.009234
14.000000,73.000000,3095.501182
15.000000,73.000000,3336.952968
10.000000,73.500000,2181.187741
11.000000,73.500000,2400.618929
12.000000,73.500000,2630.477916
13.000000,73.500000,2865.224425
14.000000,73.500000,3097.857177
15.000000,73.500000,3339.454379
10.000000,74.000000,2183.769691
11.000000,74.000000,2403.194917
12.000000,74.000000,2633.035707
13.000000,74.000000,2867.440042
14.000000,74.000000,3100.213645
15.000000,74.000000,3341.956312
10.000000,74.500000,2186.335695
11.000000,74.500000,2405.752903
12.000000,74.500000,2635.573645
13.000000,74.500000,2869.688648
14.000000,74.500000,3102.646004
15.000000,74.500000,3344.579514
10.000000,75.000000,2188.902901
11.000000,75.000000,2408.311949
12.000000,75.000000,2638.112508
13.000000,75.000000,2871.937767
14.000000,75.000000,3105.078916
15.000000,75.000000,3347.203313
10.000000,75.500000,2191.328759
11.000000,75.500000,2410.777794
12.000000,75.500000,2640.611416
13.000000,75.500000,2874.199234
14.000000,75.500000,3107.526985
15.000000,75.500000,3349.845252
10.000000,76.000000,2193.755663
11.000000,76.000000,2413.244603
12.000000,76.000000,2643.111210
13.000000,76.000000,2876.461217
14.000000,76.000000,3109.975613
15.000000,76.000000,3352.487794
10.000000,76.500000,2196.131301
11.000000,76.500000,2415.678028
12.000000,76.500000,2645.597387
13.000000,76.500000,2878.735867
14.000000,76.500000,3112.439752
15.000000,76.500000,3355.148869
10.000000,77.000000,2198.507930
11.000000,77.000000,2418.112384
12.000000,77.000000,2648.084435
13.000000,77.000000,2881.011039
14.000000,77.000000,3114.904456
15.000000,77.000000,3357.810555
10.000000,77.500000,2200.861575
11.000000,77.500000,2420.532111
12.000000,77.500000,2650.566086
13.000000,77.500000,2883.299199
14.000000,77.500000,3117.385031
15.000000,77.500000,3360.491171
10.000000,78.000000,2203.216185
11.000000,78.000000,2422.952753
12.000000,78.000000,2653.048601
13.000000,78.000000,2885.587887
14.000000,78.000000,3119.866179
15.000000,78.000000,3363.172408
10.000000,78.500000,2205.550685
11.000000,78.500000,2425.363823
12.000000,78.500000,2655.533140
13.000000,78.500000,2887.895382
14.000000,78.500000,3122.366731
15.000000,78.500000,3365.873641
10.000000,79.000000,2207.886128
11.000000,79.000000,2427.775795
12.000000,79.000000,2658.018542
13.000000,79.000000,2890.203412
14.000000,79.000000,3124.867866
15.000000,79.000000,3368.575505
10.000000,79.500000,2210.296844
11.000000,79.500000,2430.386949
12.000000,79.500000,2660.837964
13.000000,79.500000,2892.813473
14.000000,79.500000,3127.548761
15.000000,79.500000,3371.324977
10.000000,80.000000,2212.708572
11.000000,80.000000,2432.999184
12.000000,80.000000,2663.658541
13.000000,80.000000,2895.424277
14.000000,80.000000,3130.230361
15.000000,80.000000,3374.075114
10.000000,80.500000,2215.263509
11.000000,80.500000,2435.729635
12.000000,80.500000,2666.569287
13.000000,80.500000,2898.074720
14.000000,80.500000,3132.914593
15.000000,80.500000,3376.788554
10.000000,81.000000,2217.819619
11.000000,81.000000,2438.461292
12.000000,81.000000,2669.481274
13.000000,81.000000,2900.725954
14.000000,81.000000,3135.599581
15.000000,81.000000,3379.502717
10.000000,81.500000,2220.502417
11.000000,81.500000,2441.415846
12.000000,81.500000,2672.720543
13.000000,81.500000,2903.624137
14.000000,81.500000,3138.415419
15.000000,81.500000,3382.222207
10.000000,82.000000,2223.186528
11.000000,82.000000,2444.371845
12.000000,82.000000,2675.961397
13.000000,82.000000,2906.523314
14.000000,82.000000,3141.232107
15.000000,82.000000,3384.942413
10.000000,82.500000,2225.931018
11.000000,82.500000,2447.402204
12.000000,82.500000,2679.291548
13.000000,82.500000,2909.465809
14.000000,82.500000,3144.078941
15.000000,82.500000,3387.678487
9.000000,83.000000,2017.351775
10.000000,83.000000,2228.676888
11.000000,83.000000,2450.434088
12.000000,83.000000,2682.623377
13.000000,83.000000,2912.409332
14.000000,83.000000,3146.926642
15.000000,83.000000,3390.415279
9.000000,83.500000,2019.872085
10.000000,83.500000,2231.454588
11.000000,83.500000,2453.481414
12.000000,83.500000,2685.952564
13.000000,83.500000,2915.324956
14.000000,83.500000,3149.766107
15.000000,83.500000,3393.165041
9.000000,84.000000,2022.393692
10.000000,84.000000,2234.233704
11.000000,84.000000,2456.530279
12.000000,84.000000,2689.283419
13.000000,84.000000,2918.241576
14.000000,84.000000,3152.606424
15.000000,84.000000,3395.915522
9.000000,84.500000,2024.959196
10.000000,84.500000,2237.041859
11.000000,84.500000,2459.591631
12.000000,84.500000,2692.608510
13.000000,84.500000,2921.133229
14.000000,84.500000,3155.441609
9.000000,85.000000,2027.526049
10.000000,85.000000,2239.851462
11.000000,85.000000,2462.654530
12.000000,85.000000,2695.935253
13.000000,85.000000,2924.025849
14.000000,85.000000,3158.277634
9.000000,85.500000,2030.134175
10.000000,85.500000,2242.687318
11.000000,85.500000,2465.726965
12.000000,85.500000,2699.253116
13.000000,85.500000,2926.902452
14.000000,85.500000,3161.124913
9.000000,86.000000,2032.743701
10.000000,86.000000,2245.524650
11.000000,86.000000,2468.800953
12.000000,86.000000,2702.572609
13.000000,86.000000,2929.780005
14.000000,86.000000,3163.973039
9.000000,86.500000,2035.735980
10.000000,86.500000,2248.628899
11.000000,86.500000,2472.012645
12.000000,86.500000,2705.887217
13.000000,86.500000,2932.659529
14.000000,86.500000,3166.866692
9.000000,87.000000,2038.730213
10.000000,87.000000,2251.734995
11.000000,87.000000,2475.226070
12.000000,87.000000,2709.203439
13.000000,87.000000,2935.540006
14.000000,87.000000,3169.761239
9.000000,87.500000,2041.850536
10.000000,87.500000,2254.920992
11.000000,87.500000,2478.468037
12.000000,87.500000,2712.491670
13.000000,87.500000,2938.426829
14.000000,87.500000,3172.703934
9.000000,88.000000,2044.973004
10.000000,88.000000,2258.108946
11.000000,88.000000,2481.711768
12.000000,88.000000,2715.781469
13.000000,88.000000,2941.314608
14.000000,88.000000,3175.647559
9.000000,88.500000,2048.160182
10.000000,88.500000,2261.331336
11.000000,88.500000,2484.956385
12.000000,88.500000,2718.630616
13.000000,88.500000,2944.382287
14.000000,88.500000,3178.985850
9.000000,89.000000,2051.349603
10.000000,89.000000,2264.555726
11.000000,89.000000,2488.202759
12.000000,89.000000,2721.480767
13.000000,89.000000,2947.451063
14.000000,89.000000,3182.325388
9.000000,89.500000,2055.112687
10.000000,89.500000,2268.165423
11.000000,89.500000,2491.624766
12.000000,89.500000,2724.286519
13.000000,89.500000,2950.516403
14.000000,89.500000,3185.662151
9.000000,90.000000,2058.879024
10.000000,90.000000,2271.777728
11.000000,90.000000,2495.048774
12.000000,90.000000,2727.093219
13.000000,90.000000,2953.582837
14.000000,90.000000,3189.000165
9.000000,90.500000,2062.629761
10.000000,90.500000,2275.374775
11.000000,90.500000,2498.458109
12.000000,90.500000,2729.935714
13.000000,90.500000,2956.672018
14.000000,90.500000,3192.346765
9.000000,91.000000,2066.383712
10.000000,91.000000,2278.974396
11.000000,91.000000,2501.869417
12.000000,91.000000,2732.779199
13.000000,91.000000,2959.762324
14.000000,91.000000,3195.694631
9.000000,91.500000,2070.117212
10.000000,91.500000,2282.572374
11.000000,91.500000,2505.299968
12.000000,91.500000,2735.704447
13.000000,91.500000,2962.904395
14.000000,91.500000,3199.061611
9.000000,92.000000,2073.853878
10.000000,92.000000,2286.172917
11.000000,92.000000,2508.732517
12.000000,92.000000,2738.630785
13.000000,92.000000,2966.047656
14.000000,92.000000,3202.429888
9.000000,92.500000,2077.918941
10.000000,92.500000,2290.002861
11.000000,92.500000,2512.284134
12.000000,92.500000,2741.623537
13.000000,92.500000,2969.230936
14.000000,92.500000,3205.809485
9.000000,93.000000,2081.987831
10.000000,93.000000,2293.835778
11.000000,93.000000,2515.837933
12.000000,93.000000,2744.617462
13.000000,93.000000,2972.415460
14.000000,93.000000,3209.190398
9.000000,93.500000,2086.246303
10.000000,93.500000,2297.959953
11.000000,93.500000,2519.793366
12.000000,93.500000,2748.081179
13.000000,93.500000,2975.893163
14.000000,93.500000,3212.672528
9.000000,94.000000,2090.508989
10.000000,94.000000,2302.087615
11.000000,94.000000,2523.751588
12.000000,94.000000,2751.546638
13.000000,94.000000,2979.372451
14.000000,94.000000,3216.156092
9.000000,94.500000,2094.794118
10.000000,94.500000,2306.302790
11.000000,94.500000,2527.868561
12.000000,94.500000,2755.210790
13.000000,94.500000,2982.964122
14.000000,94.500000,3219.658366
9.000000,95.000000,2099.083494
10.000000,95.000000,2310.521601
11.000000,95.000000,2531.988569
12.000000,95.000000,2758.876950
13.000000,95.000000,2986.557521
14.000000,95.000000,3223.162103
9.000000,95.500000,2103.547179
10.000000,95.500000,2314.834661
11.000000,95.500000,2536.114321
12.000000,95.500000,2762.505018
13.000000,95.500000,2990.112103
14.000000,95.500000,3226.626392
9.000000,96.000000,2108.015483
10.000000,96.000000,2319.151535
11.000000,96.000000,2540.243116
12.000000,96.000000,2766.135050
13.000000,96.000000,2993.668373
14.000000,96.000000,3230.092108
9.000000,96.500000,2112.566674
10.000000,96.500000,2323.499106
11.000000,96.500000,2544.345190
12.000000,96.500000,2769.727770
13.000000,96.500000,2997.186588
14.000000,96.500000,3233.519118
9.000000,97.000000,2117.122657
10.000000,97.000000,2327.850546
11.000000,97.000000,2548.450257
12.000000,97.000000,2773.322411
13.000000,97.000000,3000.706452
14.000000,97.000000,3236.947519
9.000000,97.500000,2121.667898
10.000000,97.500000,2332.222438
11.000000,97.500000,2552.610148
12.000000,97.500000,2776.992951
13.000000,97.500000,3004.256150
14.000000,97.500000,3240.355882
9.000000,98.000000,2126.217893
10.000000,98.000000,2336.598226
11.000000,98.000000,2556.773114
12.000000,98.000000,2780.665524
13.000000,98.000000,3007.807542
14.000000,98.000000,3243.765620
9.000000,98.500000,2131.079889
10.000000,98.500000,2341.261679
11.000000,98.500000,2561.195620
12.000000,98.500000,2784.542247
13.000000,98.500000,3011.461243
14.000000,98.500000,3247.167310
9.000000,99.000000,2135.947342
10.000000,99.000000,2345.929597
11.000000,99.000000,2565.621647
12.000000,99.000000,2788.421298
13.000000,99.000000,3015.116773
14.000000,99.000000,3250.570375
9.000000,99.500000,2140.997584
10.000000,99.500000,2350.711953
11.000000,99.500000,2570.086611
12.000000,99.500000,2792.305989
13.000000,99.500000,3018.753041
14.000000,99.500000,3253.927417
9.000000,100.000000,2146.053706
10.000000,100.000000,2355.499005
11.000000,100.000000,2574.555158
12.000000,100.000000,2796.193022
13.000000,100.000000,3022.391121
14.000000,100.000000,3257.285791
9.000000,100.500000,2151.113484
10.000000,100.500000,2360.369087
11.000000,100.500000,2579.193849
12.000000,100.500000,2800.240654
13.000000,100.500000,3026.096716
14.000000,100.500000,3260.610821
9.000000,101.000000,2156.179133
10.000000,101.000000,2365.244034
11.000000,101.000000,2583.836445
12.000000,101.000000,2804.290894
13.000000,101.000000,3029.804227
14.000000,101.000000,3263.937158
15.000000,101.000000,3503.525383
16.000000,101.000000,3750.627669
9.000000,101.500000,2161.322950
10.000000,101.500000,2370.246290
11.000000,101.500000,2588.659851
12.000000,101.500000,2808.704611
13.000000,101.500000,3034.121286
14.000000,101.500000,3268.136773
15.000000,101.500000,3507.460760
16.000000,101.500000,3754.372037
9.000000,102.000000,2166.472819
10.000000,102.000000,2375.253684
11.000000,102.000000,2593.487514
12.000000,102.000000,2813.121523
13.000000,102.000000,3038.441114
14.000000,102.000000,3272.338752
15.000000,102.000000,3511.397901
16.000000,102.000000,3758.117814
9.000000,102.500000,2171.771180
10.000000,102.500000,2380.329340
11.000000,102.500000,2598.294817
12.000000,102.500000,2817.634855
13.000000,102.500000,3043.022877
14.000000,102.500000,3276.980621
15.000000,102.500000,3515.630964
16.000000,102.500000,3761.975735
9.000000,103.000000,2177.075961
10.000000,103.000000,2385.410284
11.000000,103.000000,2603.106325
12.000000,103.000000,2822.151534
13.000000,103.000000,3047.607801
14.000000,103.000000,3281.625468
15.000000,103.000000,3519.866151
16.000000,103.000000,3765.835182
9.000000,103.500000,2182.342814
10.000000,103.500000,2390.447523
11.000000,103.500000,2607.868120
12.000000,103.500000,2826.680461
13.000000,103.500000,3052.231110
14.000000,103.500000,3286.336851
15.000000,103.500000,3524.111901
16.000000,103.500000,3769.687247
9.000000,104.000000,2187.615974
10.000000,104.000000,2395.489937
11.000000,104.000000,2612.634005
12.000000,104.000000,2831.212749
13.000000,104.000000,3056.857635
14.000000,104.000000,3291.051309
15.000000,104.000000,3528.359788
16.000000,104.000000,3773.540826
9.000000,104.500000,2192.978525
10.000000,104.500000,2400.649157
11.000000,104.500000,2617.546125
12.000000,104.500000,2835.889004
13.000000,104.500000,3061.561696
14.000000,104.500000,3295.726076
15.000000,104.500000,3532.573003
16.000000,104.500000,3777.369920
8.000000,105.000000,2000.063995
9.000000,105.000000,2198.347605
10.000000,105.000000,2405.813817
11.000000,105.000000,2622.462630
12.000000,105.000000,2840.568870
13.000000,105.000000,3066.269081
14.000000,105.000000,3300.403791
15.000000,105.000000,3536.788277
16.000000,105.000000,3781.200488
8.000000,105.500000,2005.688112
9.000000,105.500000,2203.875435
10.000000,105.500000,2411.207209
11.000000,105.500000,2627.683434
12.000000,105.500000,2845.465519
13.000000,105.500000,3071.040436
14.000000,105.500000,3304.845061
15.000000,105.500000,3540.920712
16.000000,105.500000,3784.992847
8.000000,106.000000,2011.320124
9.000000,106.000000,2209.410193
10.000000,106.000000,2416.606574
11.000000,106.000000,2632.909267
12.000000,106.000000,2850.366184
13.000000,106.000000,3075.815221
14.000000,106.000000,3309.288854
15.000000,106.000000,3545.055092
16.000000,106.000000,3788.786633
8.000000,106.500000,2016.896110
9.000000,106.500000,2214.899698
10.000000,106.500000,2421.972996
11.000000,106.500000,2638.116003
12.000000,106.500000,2855.260937
13.000000,106.500000,3080.584940
14.000000,106.500000,3313.715696
15.000000,106.500000,3549.173643
16.000000,106.500000,3792.565838
8.000000,107.000000,2022.479815
9.000000,107.000000,2220.395995
10.000000,107.000000,2427.345294
11.000000,107.000000,2643.327711
12.000000,107.000000,2860.159686
13.000000,107.000000,3085.358073
14.000000,107.000000,3318.145044
15.000000,107.000000,3553.294123
16.000000,107.000000,3796.346455
8.000000,107.500000,2028.015211
9.000000,107.500000,2225.889594
10.000000,107.500000,2432.765386
11.000000,107.500000,2648.467115
12.000000,107.500000,2865.137529
13.000000,107.500000,3090.175442
14.000000,107.500000,3322.574045
15.000000,107.500000,3557.408530
16.000000,107.500000,3800.114883
8.000000,108.000000,2033.558170
9.000000,108.000000,2231.389959
10.000000,108.000000,2438.191449
11.000000,108.000000,2653.611382
12.000000,108.000000,2870.119510
13.000000,108.000000,3094.996295
14.000000,108.000000,3327.005558
15.000000,108.000000,3561.524863
16.000000,108.000000,3803.884708
8.000000,108.500000,2039.623488
9.000000,108.500000,2237.333404
10.000000,108.500000,2443.972567
11.000000,108.500000,2658.990038
12.000000,108.500000,2875.271886
13.000000,108.500000,3099.886266
14.000000,108.500000,3331.415009
15.000000,108.500000,3565.622005
16.000000,108.500000,3807.638484
8.000000,109.000000,2045.697836
9.000000,109.000000,2243.284737
10.000000,109.000000,2449.760475
11.000000,109.000000,2664.374052
12.000000,109.000000,2880.428721
13.000000,109.000000,3104.779837
14.000000,109.000000,3335.826947
15.000000,109.000000,3569.721050
16.000000,109.000000,3811.393638
8.000000,109.500000,2051.840289
9.000000,109.500000,2249.269247
10.000000,109.500000,2455.543513
11.000000,109.500000,2669.721325
12.000000,109.500000,2885.552143
13.000000,109.500000,3109.643869
14.000000,109.500000,3340.268925
15.000000,109.500000,3574.038390
16.000000,109.500000,3815.567965
8.000000,110.000000,2057.991946
9.000000,110.000000,2255.261707
10.000000,110.000000,2461.333305
11.000000,110.000000,2675.073864
12.000000,110.000000,2890.679949
13.000000,110.000000,3114.511443
14.000000,110.000000,3344.713433
15.000000,110.000000,3578.357900
16.000000,110.000000,3819.744122
8.000000,110.500000,2064.195078
9.000000,110.500000,2261.274075
10.000000,110.500000,2467.108720
11.000000,110.500000,2680.390339
12.000000,110.500000,2895.774954
13.000000,110.500000,3119.350009
14.000000,110.500000,3349.162011
15.000000,110.500000,3582.704002
16.000000,110.500000,3823.970868
8.000000,111.000000,2070.407540
9.000000,111.000000,2267.294419
10.000000,111.000000,2472.890833
11.000000,111.000000,2685.711991
12.000000,111.000000,2900.874270
13.000000,111.000000,3124.192059
14.000000,111.000000,3353.613126
15.000000,111.000000,3587.052306
16.000000,111.000000,3828.199499
8.000000,111.500000,2076.750028
9.000000,111.500000,2273.471374
10.000000,111.500000,2478.858717
11.000000,111.500000,2691.236063
12.000000,111.500000,2906.093668
13.000000,111.500000,3129.064771
14.000000,111.500000,3358.053604
15.000000,111.500000,3591.366448
16.000000,111.500000,3832.368867
8.000000,112.000000,2083.102210
9.000000,112.000000,2279.656707
10.000000,112.000000,2484.833737
11.000000,112.000000,2696.765731
12.000000,112.000000,2911.317599
13.000000,112.000000,3133.941013
14.000000,112.000000,3362.496607
15.000000,112.000000,3595.682748
16.000000,112.000000,3836.540045
8.000000,112.500000,2089.445777
9.000000,112.500000,2285.946857
10.000000,112.500000,2491.038093
11.000000,112.500000,2702.586184
12.000000,112.500000,2916.711321
13.000000,112.500000,3138.855705
14.000000,112.500000,3366.924810
15.000000,112.500000,3599.960680
16.000000,112.500000,3840.647730
8.000000,113.000000,2095.798979
9.000000,113.000000,2292.245652
10.000000,113.000000,2497.250146
11.000000,113.000000,2708.412859
12.000000,113.000000,2922.109898
13.000000,113.000000,3143.773985
14.000000,113.000000,3371.355518
15.000000,113.000000,3604.240720
16.000000,113.000000,3844.757148
8.000000,113.500000,2102.112617
9.000000,113.500000,2298.499158
10.000000,113.500000,2503.411128
11.000000,113.500000,2714.170157
12.000000,113.500000,2927.471998
13.000000,113.500000,3148.691693
14.000000,113.500000,3375.824220
15.000000,113.500000,3608.507820
16.000000,113.500000,3848.799182
8.000000,114.000000,2108.435738
9.000000,114.000000,2304.761155
10.000000,114.000000,2509.579657
11.000000,114.000000,2719.933506
12.000000,114.000000,2932.838867
13.000000,114.000000,3153.612974
14.000000,114.000000,3380.295479
15.000000,114.000000,3612.777009
16.000000,114.000000,3852.842868
8.000000,114.500000,2114.857299
9.000000,114.500000,2311.088750
10.000000,114.500000,2515.776621
11.000000,114.500000,2725.727617
12.000000,114.500000,2938.364256
13.000000,114.500000,3158.830313
14.000000,114.500000,3385.106296
15.000000,114.500000,3617.289247
8.000000,115.000000,2121.288624
9.000000,115.000000,2317.425007
10.000000,115.000000,2521.981190
11.000000,115.000000,2731.527829
12.000000,115.000000,2943.894704
13.000000,115.000000,3164.051710
14.000000,115.000000,3389.920166
15.000000,115.000000,3621.803892
8.000000,115.500000,2127.874443
9.000000,115.500000,2324.016663
10.000000,115.500000,2528.549817
11.000000,115.500000,2737.692576
12.000000,115.500000,2949.654400
13.000000,115.500000,3169.355630
14.000000,115.500000,3394.906396
15.000000,115.500000,3626.723589
8.000000,116.000000,2134.470465
9.000000,116.000000,2330.617680
10.000000,116.000000,2535.126972
11.000000,116.000000,2743.864231
12.000000,116.000000,2955.419603
13.000000,116.000000,3174.663742
14.000000,116.000000,3399.895944
15.000000,116.000000,3631.646261
8.000000,116.500000,2141.063539
9.000000,116.500000,2337.210894
10.000000,116.500000,2541.691071
11.000000,116.500000,2750.019572
12.000000,116.500000,2961.230687
13.000000,116.500000,3180.084915
14.000000,116.500000,3405.034301
15.000000,116.500000,3636.658863
8.000000,117.000000,2147.666776
9.000000,117.000000,2343.813420
10.000000,117.000000,2548.263641
11.000000,117.000000,2756.181764
12.000000,117.000000,2967.047354
13.000000,117.000000,3185.510467
14.000000,117.000000,3410.176213
15.000000,117.000000,3641.674570
8.000000,117.500000,2154.163628
9.000000,117.500000,2350.343800
10.000000,117.500000,2554.801811
11.000000,117.500000,2762.481666
12.000000,117.500000,2973.343217
13.000000,117.500000,3191.782183
14.000000,117.500000,3416.090914
15.000000,117.500000,3647.164648
8.000000,118.000000,2160.670289
9.000000,118.000000,2356.883262
10.000000,118.000000,2561.348338
11.000000,118.000000,2768.788718
12.000000,118.000000,2979.645658
13.000000,118.000000,3198.059902
14.000000,118.000000,3422.010502
15.000000,118.000000,3652.658555
8.000000,118.500000,2167.204663
9.000000,118.500000,2363.511964
10.000000,118.500000,2568.051147
11.000000,118.500000,2775.241024
12.000000,118.500000,2986.019562
13.000000,118.500000,3204.329422
14.000000,118.500000,3427.951606
15.000000,118.500000,3658.286833
8.000000,119.000000,2173.748903
9.000000,119.000000,2370.149973
10.000000,119.000000,2574.762697
11.000000,119.000000,2781.700799
12.000000,119.000000,2992.400180
13.000000,119.000000,3210.604908
14.000000,119.000000,3433.897619
15.000000,119.000000,3663.919133
8.000000,119.500000,2180.366525
9.000000,119.500000,2376.923997
10.000000,119.500000,2581.678266
11.000000,119.500000,2788.323038
12.000000,119.500000,2998.855151
13.000000,119.500000,3216.859714
14.000000,119.500000,3439.788039
15.000000,119.500000,3669.490611
8.000000,120.000000,2186.994205
9.000000,120.000000,2383.707684
10.000000,120.000000,2588.603094
11.000000,120.000000,2794.953112
12.000000,120.000000,3005.316980
13.000000,120.000000,3223.120422
14.000000,120.000000,3445.683256
15.000000,120.000000,3675.066007
8.000000,120.500000,2193.703418
9.000000,120.500000,2390.518956
10.000000,120.500000,2595.496671
11.000000,120.500000,2801.515126
12.000000,120.500000,3011.720846
13.000000,120.500000,3229.334345
14.000000,120.500000,3451.522426
15.000000,120.500000,3680.580304
8.000000,121.000000,2200.422906
9.000000,121.000000,2397.339943
10.000000,121.000000,2602.399394
11.000000,121.000000,2808.084787
12.000000,121.000000,3018.131421
13.000000,121.000000,3235.554055
14.000000,121.000000,3457.366283
15.000000,121.000000,3686.098414
8.000000,121.500000,2207.395860
9.000000,121.500000,2404.284738
10.000000,121.500000,2609.284219
11.000000,121.500000,2814.652891
12.000000,121.500000,3024.639642
13.000000,121.500000,3241.978431
14.000000,121.500000,3463.314470
15.000000,121.500000,3691.615041
8.000000,122.000000,2214.379844
9.000000,122.000000,2411.239574
10.000000,122.000000,2616.178114
11.000000,122.000000,2821.228621
12.000000,122.000000,3031.154780
13.000000,122.000000,3248.409023
14.000000,122.000000,3469.267547
15.000000,122.000000,3697.135485
8.000000,122.500000,2221.432786
9.000000,122.500000,2418.415551
10.000000,122.500000,2623.459281
11.000000,122.500000,2828.165000
12.000000,122.500000,3037.929156
13.000000,122.500000,3254.912231
14.000000,122.500000,3475.291178
15.000000,122.500000,3702.671811
8.000000,123.000000,2228.496942
9.000000,123.000000,2425.602190
10.000000,123.000000,2630.750562
11.000000,123.000000,2835.109878
12.000000,123.000000,3044.711035
13.000000,123.000000,3261.421816
14.000000,123.000000,3481.319831
15.000000,123.000000,3708.211980
8.000000,123.500000,2235.545652
9.000000,123.500000,2432.791750
10.000000,123.500000,2638.065095
11.000000,123.500000,2842.046318
12.000000,123.500000,3051.463231
13.000000,123.500000,3267.854798
14.000000,123.500000,3487.685026
15.000000,123.500000,3714.490002
8.000000,124.000000,2242.605491
9.000000,124.000000,2439.991948
10.000000,124.000000,2645.389779
11.000000,124.000000,2848.991214
12.000000,124.000000,3058.222842
13.000000,124.000000,3274.293987
14.000000,124.000000,3494.055864
15.000000,124.000000,3720.773114
8.000000,124.500000,2249.678226
9.000000,124.500000,2447.196064
10.000000,124.500000,2652.708665
11.000000,124.500000,2855.968857
12.000000,124.500000,3065.088322
13.000000,124.500000,3280.916340
14.000000,124.500000,3500.535718
15.000000,124.500000,3727.085545
8.000000,125.000000,2256.762095
9.000000,125.000000,2454.410800
10.000000,125.000000,2660.037658
11.000000,125.000000,2862.955017
12.000000,125.000000,3071.961446
13.000000,125.000000,3287.545279
14.000000,125.000000,3507.021422
15.000000,125.000000,3733.403112
8.000000,125.500000,2263.945310
9.000000,125.500000,2461.695413
10.000000,125.500000,2667.404081
11.000000,125.500000,2870.102412
12.000000,125.500000,3079.148425
13.000000,125.500000,3294.587268
14.000000,125.500000,3513.746243
15.000000,125.500000,3739.772883
8.000000,126.000000,2271.139935
9.000000,126.000000,2468.990820
10.000000,126.000000,2674.780688
11.000000,126.000000,2877.258710
12.000000,126.000000,3086.343776
13.000000,126.000000,3301.636737
14.000000,126.000000,3520.477387
15.000000,126.000000,3746.147877
8.000000,126.500000,2278.350794
9.000000,126.500000,2476.302351
10.000000,126.500000,2682.148240
11.000000,126.500000,2884.425008
12.000000,126.500000,3093.536885
13.000000,126.500000,3308.667129
14.000000,126.500000,3527.295655
15.000000,126.500000,3752.723646
8.000000,127.000000,2285.573078
9.000000,127.000000,2483.624691
10.000000,127.000000,2689.525924
11.000000,127.000000,2891.600212
12.000000,127.000000,3100.738338
13.000000,127.000000,3315.704939
14.000000,127.000000,3534.120411
15.000000,127.000000,3759.305005
8.000000,127.500000,2292.831036
9.000000,127.500000,2490.942869
10.000000,127.500000,2696.609382
11.000000,127.500000,2898.740177
12.000000,127.500000,3107.917196
13.000000,127.500000,3322.706536
14.000000,127.500000,3540.903354
15.000000,127.500000,3765.838792
8.000000,128.000000,2300.100491
9.000000,128.000000,2498.271812
10.000000,128.000000,2703.702155
11.000000,128.000000,2905.888936
12.000000,128.000000,3115.104321
13.000000,128.000000,3329.715454
14.000000,128.000000,3547.692684
15.000000,128.000000,3772.378067
8.000000,128.500000,2307.357077
9.000000,128.500000,2505.569594
10.000000,128.500000,2710.751249
11.000000,128.500000,2913.005309
12.000000,128.500000,3122.271474
13.000000,128.500000,3336.687393
14.000000,128.500000,3554.439430
15.000000,128.500000,3778.868997
7.000000,129.000000,2124.175035
8.000000,129.000000,2314.625086
9.000000,129.000000,2512.878018
10.000000,129.000000,2717.809518
11.000000,129.000000,2920.130371
12.000000,129.000000,3129.446826
13.000000,129.000000,3343.666552
14.000000,129.000000,3561.192461
15.000000,129.000000,3785.365311
7.000000,129.500000,2131.379560
8.000000,129.500000,2322.056378
9.000000,129.500000,2520.525684
10.000000,129.500000,2725.360915
11.000000,129.500000,2927.668067
12.000000,129.500000,3136.947183
13.000000,129.500000,3350.845758
14.000000,129.500000,3568.030402
15.000000,129.500000,3791.823363
7.000000,130.000000,2138.596268
8.000000,130.000000,2329.499573
9.000000,130.000000,2528.184969
10.000000,130.000000,2732.922788
11.000000,130.000000,2935.215475
12.000000,130.000000,3144.456496
13.000000,130.000000,3358.032608
14.000000,130.000000,3574.874786
15.000000,130.000000,3798.286715
