weight_g,685.000000
thrust_N,velocity_m_s,power_W
15.000000,0.000000,3465.764710
16.000000,0.000000,3700.899353
17.000000,0.000000,3943.699637
18.000000,0.000000,4194.165562
19.000000,0.000000,4452.297128
20.000000,0.000000,4694.551107
21.000000,0.000000,4942.482984
22.000000,0.000000,5196.740419
15.000000,0.500000,3469.279491
16.000000,0.500000,3704.743875
17.000000,0.500000,3947.887719
18.000000,0.500000,4198.711024
19.000000,0.500000,4456.742345
20.000000,0.500000,4698.889770
21.000000,0.500000,4947.044728
22.000000,0.500000,5201.531214
15.000000,1.000000,3472.795844
16.000000,1.000000,3708.590179
17.000000,1.000000,3952.077807
18.000000,1.000000,4203.258728
19.000000,1.000000,4461.189532
20.000000,1.000000,4703.230189
21.000000,1.000000,4951.608345
22.000000,1.000000,5206.324000
15.000000,1.500000,3476.319097
16.000000,1.500000,3712.443120
17.000000,1.500000,3956.274230
18.000000,1.500000,4207.812426
19.000000,1.500000,4465.309382
20.000000,1.500000,4707.572318
21.000000,1.500000,4956.178961
22.000000,1.500000,5211.129309
15.000000,2.000000,3479.843934
16.000000,2.000000,3716.297856
17.000000,2.000000,3960.472669
18.000000,2.000000,4212.368375
19.000000,2.000000,4469.430878
20.000000,2.000000,4711.916210
21.000000,2.000000,4960.751458
22.000000,2.000000,5215.936622
15.000000,2.500000,3483.375694
16.000000,2.500000,3720.159261
17.000000,2.500000,3964.677489
18.000000,2.500000,4216.930377
19.000000,2.500000,4473.550250
20.000000,2.500000,4716.262990
21.000000,2.500000,4965.332088
22.000000,2.500000,5220.757545
15.000000,3.000000,3486.909050
16.000000,3.000000,3724.022472
17.000000,3.000000,3968.884335
18.000000,3.000000,4221.494638
19.000000,3.000000,4477.671272
20.000000,3.000000,4720.611539
21.000000,3.000000,4969.914610
22.000000,3.000000,5225.580485
15.000000,3.500000,3490.449352
16.000000,3.500000,3727.892388
17.000000,3.500000,3973.097608
18.000000,3.500000,4226.065010
19.000000,3.500000,4481.791347
20.000000,3.500000,4724.964118
21.000000,3.500000,4974.506368
22.000000,3.500000,5230.418098
15.000000,4.000000,3493.991262
16.000000,4.000000,3731.764119
17.000000,4.000000,3977.312916
18.000000,4.000000,4230.637651
19.000000,4.000000,4485.913078
20.000000,4.000000,4729.318473
21.000000,4.000000,4979.100028
22.000000,4.000000,5235.257743
15.000000,4.500000,3497.552403
16.000000,4.500000,3735.651819
17.000000,4.500000,3981.540684
18.000000,4.500000,4235.218997
19.000000,4.500000,4490.034996
20.000000,4.500000,4733.677965
21.000000,4.500000,4983.704002
22.000000,4.500000,5240.113106
15.000000,5.000000,3501.115172
16.000000,5.000000,3739.541351
17.000000,5.000000,3985.770502
18.000000,5.000000,4239.802623
19.000000,5.000000,4494.158575
20.000000,5.000000,4738.039242
21.000000,5.000000,4988.309888
22.000000,5.000000,5244.970514
15.000000,5.500000,3504.971727
16.000000,5.500000,3743.700859
17.000000,5.500000,3990.244351
18.000000,5.500000,4244.602200
19.000000,5.500000,4498.428449
20.000000,5.500000,4742.512400
21.000000,5.500000,4992.991298
22.000000,5.500000,5249.865145
15.000000,6.000000,3508.830198
16.000000,6.000000,3747.862470
17.000000,6.000000,3994.720497
18.000000,6.000000,4249.404279
19.000000,6.000000,4502.700107
20.000000,6.000000,4746.987437
21.000000,6.000000,4997.674685
22.000000,6.000000,5254.761852
15.000000,6.500000,3512.761268
16.000000,6.500000,3752.168544
17.000000,6.500000,3999.417398
18.000000,6.500000,4254.507832
19.000000,6.500000,4507.267135
20.000000,6.500000,4751.775848
21.000000,6.500000,5002.690043
22.000000,6.500000,5260.009718
15.000000,7.000000,3516.694327
16.000000,7.000000,3756.476870
17.000000,7.000000,4004.116833
18.000000,7.000000,4259.614214
19.000000,7.000000,4511.836211
20.000000,7.000000,4756.566425
21.000000,7.000000,5007.707684
22.000000,7.000000,5265.259988
15.000000,7.500000,3520.655965
16.000000,7.500000,3760.815840
17.000000,7.500000,4008.849051
18.000000,7.500000,4264.755596
19.000000,7.500000,4516.426758
20.000000,7.500000,4761.398660
21.000000,7.500000,5012.788184
22.000000,7.500000,5270.595331
15.000000,8.000000,3524.619620
16.000000,8.000000,3765.157094
17.000000,8.000000,4013.583836
18.000000,8.000000,4269.899844
19.000000,8.000000,4521.019375
20.000000,8.000000,4766.233101
21.000000,8.000000,5017.871029
22.000000,8.000000,5275.933161
15.000000,8.500000,3528.612080
16.000000,8.500000,3769.529232
17.000000,8.500000,4018.351659
18.000000,8.500000,4275.079361
19.000000,8.500000,4525.626870
20.000000,8.500000,4771.083578
21.000000,8.500000,5022.971108
22.000000,8.500000,5281.289459
15.000000,9.000000,3532.606585
16.000000,9.000000,3773.903685
17.000000,9.000000,4023.122083
18.000000,9.000000,4280.261781
19.000000,9.000000,4530.236448
20.000000,9.000000,4775.936276
21.000000,9.000000,5028.073547
22.000000,9.000000,5286.648260
15.000000,9.500000,3536.661462
16.000000,9.500000,3778.331987
17.000000,9.500000,4027.939288
18.000000,9.500000,4285.483363
19.000000,9.500000,4534.861064
20.000000,9.500000,4780.805178
21.000000,9.500000,5033.193393
22.000000,9.500000,5292.025710
15.000000,10.000000,3540.718447
16.000000,10.000000,3782.762662
17.000000,10.000000,4032.759143
18.000000,10.000000,4290.707891
19.000000,10.000000,4539.487778
20.000000,10.000000,4785.676315
21.000000,10.000000,5038.315616
22.000000,10.000000,5297.405681
15.000000,10.500000,3545.060224
16.000000,10.500000,3787.407901
17.000000,10.500000,4037.718184
18.000000,10.500000,4295.991074
19.000000,10.500000,4544.129689
20.000000,10.500000,4790.563823
21.000000,10.500000,5043.455420
22.000000,10.500000,5302.804482
15.000000,11.000000,3549.404435
16.000000,11.000000,3792.055760
17.000000,11.000000,4042.680037
18.000000,11.000000,4301.277268
19.000000,11.000000,4548.773714
20.000000,11.000000,4795.453582
21.000000,11.000000,5048.597618
22.000000,11.000000,5308.205821
15.000000,11.500000,3553.787566
16.000000,11.500000,3796.752830
17.000000,11.500000,4047.702189
18.000000,11.500000,4306.635645
19.000000,11.500000,4553.530281
20.000000,11.500000,4800.427199
21.000000,11.500000,5053.793065
22.000000,11.500000,5313.627879
14.000000,12.000000,3322.889020
15.000000,12.000000,3558.173189
16.000000,12.000000,3801.452605
17.000000,12.000000,4052.727266
18.000000,12.000000,4311.997174
19.000000,12.000000,4558.289129
20.000000,12.000000,4805.403188
21.000000,12.000000,5058.990977
22.000000,12.000000,5319.052496
14.000000,12.500000,3326.990221
15.000000,12.500000,3562.581843
16.000000,12.500000,3806.180192
17.000000,12.500000,4057.785267
18.000000,12.500000,4317.397067
19.000000,12.500000,4563.210446
20.000000,12.500000,4810.682031
21.000000,12.500000,5064.638871
14.000000,13.000000,3331.093730
15.000000,13.000000,3566.993020
16.000000,13.000000,3810.910525
17.000000,13.000000,4062.846243
18.000000,13.000000,4322.800176
19.000000,13.000000,4568.134213
20.000000,13.000000,4815.963544
21.000000,13.000000,5070.289662
14.000000,13.500000,3335.216036
15.000000,13.500000,3571.424370
16.000000,13.500000,3815.662453
17.000000,13.500000,4067.930285
18.000000,13.500000,4328.227866
19.000000,13.500000,4573.145051
20.000000,13.500000,4821.400577
21.000000,13.500000,5076.167760
14.000000,14.000000,3339.340671
15.000000,14.000000,3575.858265
16.000000,14.000000,3820.417151
17.000000,14.000000,4073.017329
18.000000,14.000000,4333.658798
19.000000,14.000000,4578.158422
20.000000,14.000000,4826.840431
21.000000,14.000000,5082.048981
14.000000,14.500000,3343.520479
15.000000,14.500000,3580.340805
16.000000,14.500000,3825.213296
17.000000,14.500000,4078.137952
18.000000,14.500000,4339.114775
19.000000,14.500000,4583.211328
20.000000,14.500000,4832.323967
21.000000,14.500000,5087.978192
14.000000,15.000000,3347.702706
15.000000,15.000000,3584.825965
16.000000,15.000000,3830.012270
17.000000,15.000000,4083.261623
18.000000,15.000000,4344.574022
19.000000,15.000000,4588.266803
20.000000,15.000000,4837.810364
21.000000,15.000000,5093.910572
14.000000,15.500000,3352.025856
15.000000,15.500000,3589.425977
16.000000,15.500000,3834.897642
17.000000,15.500000,4088.440851
18.000000,15.500000,4349.602503
19.000000,15.500000,4593.362468
20.000000,15.500000,4843.341167
21.000000,15.500000,5099.891738
14.000000,16.000000,3356.351660
15.000000,16.000000,3594.028798
16.000000,16.000000,3839.785980
17.000000,16.000000,4093.623207
18.000000,16.000000,4354.633714
19.000000,16.000000,4598.460737
20.000000,16.000000,4848.874872
21.000000,16.000000,5105.876118
14.000000,16.500000,3360.705092
15.000000,16.500000,3598.688112
16.000000,16.500000,3844.761530
17.000000,16.500000,4098.925346
18.000000,16.500000,4359.464848
19.000000,16.500000,4603.686640
20.000000,16.500000,4854.509205
21.000000,16.500000,5111.932541
14.000000,17.000000,3365.061212
15.000000,17.000000,3603.350303
16.000000,17.000000,3849.740152
17.000000,17.000000,4104.230759
18.000000,17.000000,4364.298462
19.000000,17.000000,4608.915280
20.000000,17.000000,4860.146543
21.000000,17.000000,5117.992251
14.000000,17.500000,3369.472960
15.000000,17.500000,3608.175011
16.000000,17.500000,3854.995125
17.000000,17.500000,4109.933302
18.000000,17.500000,4369.560672
19.000000,17.500000,4614.473248
20.000000,17.500000,4866.008122
21.000000,17.500000,5124.165293
14.000000,18.000000,3373.887461
15.000000,18.000000,3613.002796
16.000000,18.000000,3860.253517
17.000000,18.000000,4115.639623
18.000000,18.000000,4374.825816
19.000000,18.000000,4620.034303
20.000000,18.000000,4871.872945
21.000000,18.000000,5130.341740
14.000000,18.500000,3378.331765
15.000000,18.500000,3617.868880
16.000000,18.500000,3865.559208
17.000000,18.500000,4121.402749
18.000000,18.500000,4380.139888
19.000000,18.500000,4625.671778
20.000000,18.500000,4877.843284
21.000000,18.500000,5136.654407
14.000000,19.000000,3382.778855
15.000000,19.000000,3622.738086
16.000000,19.000000,3870.868375
17.000000,19.000000,4127.169723
18.000000,19.000000,4385.456949
19.000000,19.000000,4631.312442
20.000000,19.000000,4883.817020
21.000000,19.000000,5142.970684
14.000000,19.500000,3387.414710
15.000000,19.500000,3627.754707
16.000000,19.500000,3876.280419
17.000000,19.500000,4132.991845
18.000000,19.500000,4390.790570
19.000000,19.500000,4636.993001
20.000000,19.500000,4889.855296
21.000000,19.500000,5149.377458
14.000000,20.000000,3392.053595
15.000000,20.000000,3632.774643
16.000000,20.000000,3881.696074
17.000000,20.000000,4138.817888
18.000000,20.000000,4396.127201
19.000000,20.000000,4642.676803
20.000000,20.000000,4895.897060
21.000000,20.000000,5155.787970
14.000000,20.500000,3397.018025
15.000000,20.500000,3638.041603
16.000000,20.500000,3887.274359
17.000000,20.500000,4144.716293
18.000000,20.500000,4401.478489
19.000000,20.500000,4648.380510
20.000000,20.500000,4901.964211
21.000000,20.500000,5162.229592
14.000000,21.000000,3401.985909
15.000000,21.000000,3643.312200
16.000000,21.000000,3892.856467
17.000000,21.000000,4150.618711
18.000000,21.000000,4406.832803
19.000000,21.000000,4654.087483
20.000000,21.000000,4908.034877
21.000000,21.000000,5168.674985
14.000000,21.500000,3406.976974
15.000000,21.500000,3648.600041
16.000000,21.500000,3898.449441
17.000000,21.500000,4156.525174
18.000000,21.500000,4412.202822
19.000000,21.500000,4659.815445
20.000000,21.500000,4914.132055
21.000000,21.500000,5175.152651
14.000000,22.000000,3411.971524
15.000000,22.000000,3653.891540
16.000000,22.000000,3904.046250
17.000000,22.000000,4162.435654
18.000000,22.000000,4417.575885
19.000000,22.000000,4665.546697
20.000000,22.000000,4920.232776
21.000000,22.000000,5181.634123
14.000000,22.500000,3417.068553
15.000000,22.500000,3659.437171
16.000000,22.500000,3910.058558
17.000000,22.500000,4168.932714
18.000000,22.500000,4423.444273
19.000000,22.500000,4671.637395
20.000000,22.500000,4926.549337
21.000000,22.500000,5188.180098
14.000000,23.000000,3422.169206
15.000000,23.000000,3664.986807
16.000000,23.000000,3916.075272
17.000000,23.000000,4175.434600
18.000000,23.000000,4429.316262
19.000000,23.000000,4677.731786
20.000000,23.000000,4932.869682
21.000000,23.000000,5194.729948
14.000000,23.500000,3427.325656
15.000000,23.500000,3670.642705
16.000000,23.500000,3922.251931
17.000000,23.500000,4182.153332
18.000000,23.500000,4435.342838
19.000000,23.500000,4683.937309
20.000000,23.500000,4939.255176
21.000000,23.500000,5201.296440
14.000000,24.000000,3432.485806
15.000000,24.000000,3676.302761
16.000000,24.000000,3928.433230
17.000000,24.000000,4188.877214
18.000000,24.000000,4441.373211
19.000000,24.000000,4690.146660
20.000000,24.000000,4945.644531
21.000000,24.000000,5207.866824
14.000000,24.500000,3438.021078
15.000000,24.500000,3682.255992
16.000000,24.500000,3934.819599
17.000000,24.500000,4195.711899
18.000000,24.500000,4447.494894
19.000000,24.500000,4696.561606
20.000000,24.500000,4952.359757
21.000000,24.500000,5214.889345
14.000000,25.000000,3443.560570
15.000000,25.000000,3688.213791
16.000000,25.000000,3941.210896
17.000000,25.000000,4202.551887
18.000000,25.000000,4453.620486
19.000000,25.000000,4702.980644
20.000000,25.000000,4959.079260
21.000000,25.000000,5221.916333
14.000000,25.500000,3449.313948
15.000000,25.500000,3694.343018
16.000000,25.500000,3947.727817
17.000000,25.500000,4209.468343
18.000000,25.500000,4459.823330
19.000000,25.500000,4709.535975
20.000000,25.500000,4965.997159
14.000000,26.000000,3455.071877
15.000000,26.000000,3700.477075
16.000000,26.000000,3954.249853
17.000000,26.000000,4216.390209
18.000000,26.000000,4466.030176
19.000000,26.000000,4716.095573
20.000000,26.000000,4972.919597
14.000000,26.500000,3460.875686
15.000000,26.500000,3706.660282
16.000000,26.500000,3960.824416
17.000000,26.500000,4223.368088
18.000000,26.500000,4472.278673
19.000000,26.500000,4722.694319
20.000000,26.500000,4979.878513
14.000000,27.000000,3466.684108
15.000000,27.000000,3712.848382
16.000000,27.000000,3967.404163
17.000000,27.000000,4230.351450
18.000000,27.000000,4478.531221
19.000000,27.000000,4729.297378
20.000000,27.000000,4986.842010
14.000000,27.500000,3472.534367
15.000000,27.500000,3719.084609
16.000000,27.500000,3974.038748
17.000000,27.500000,4237.396783
18.000000,27.500000,4484.850690
19.000000,27.500000,4735.956071
20.000000,27.500000,4993.849059
13.000000,28.000000,3239.869086
14.000000,28.000000,3478.389298
15.000000,28.000000,3725.325806
16.000000,28.000000,3980.678610
17.000000,28.000000,4244.447709
18.000000,28.000000,4491.174317
19.000000,28.000000,4742.619160
20.000000,28.000000,5000.860750
13.000000,28.500000,3245.390036
14.000000,28.500000,3484.308249
15.000000,28.500000,3731.657009
16.000000,28.500000,3987.436315
17.000000,28.500000,4251.646167
18.000000,28.500000,4497.657877
19.000000,28.500000,4749.397255
20.000000,28.500000,5007.939581
13.000000,29.000000,3250.915421
14.000000,29.000000,3490.231984
15.000000,29.000000,3737.993355
16.000000,29.000000,3994.199534
17.000000,29.000000,4258.850521
18.000000,29.000000,4504.145869
19.000000,29.000000,4756.179938
20.000000,29.000000,5015.023156
13.000000,29.500000,3256.587984
14.000000,29.500000,3496.273799
15.000000,29.500000,3744.415561
16.000000,29.500000,4001.013271
17.000000,29.500000,4265.088979
18.000000,29.500000,4510.633337
19.000000,29.500000,4762.957544
20.000000,29.500000,5022.096842
13.000000,30.000000,3262.265378
14.000000,30.000000,3502.320706
15.000000,30.000000,3750.843127
16.000000,30.000000,4007.832641
17.000000,30.000000,4271.331772
18.000000,30.000000,4517.125231
19.000000,30.000000,4769.739724
20.000000,30.000000,5029.175250
13.000000,30.500000,3268.016003
14.000000,30.500000,3508.426079
15.000000,30.500000,3757.313095
16.000000,30.500000,4014.677050
17.000000,30.500000,4277.548803
18.000000,30.500000,4523.667928
19.000000,30.500000,4776.616491
20.000000,30.500000,5036.394492
13.000000,31.000000,3273.771592
14.000000,31.000000,3514.536648
15.000000,31.000000,3763.788493
16.000000,31.000000,4021.527128
17.000000,31.000000,4283.770128
18.000000,31.000000,4530.215136
19.000000,31.000000,4783.497992
20.000000,31.000000,5043.618694
13.000000,31.500000,3279.545930
14.000000,31.500000,3520.663092
15.000000,31.500000,3770.276651
16.000000,31.500000,4028.386607
17.000000,31.500000,4290.008203
18.000000,31.500000,4536.812419
19.000000,31.500000,4790.464765
20.000000,31.500000,5050.965241
13.000000,32.000000,3285.325255
14.000000,32.000000,3526.794749
15.000000,32.000000,3776.770251
16.000000,32.000000,4035.251759
17.000000,32.000000,4296.250596
18.000000,32.000000,4543.414288
19.000000,32.000000,4797.436402
20.000000,32.000000,5058.316936
13.000000,32.500000,3291.122962
14.000000,32.500000,3532.961918
15.000000,32.500000,3783.317632
16.000000,32.500000,4042.190105
17.000000,32.500000,4302.576556
18.000000,32.500000,4550.085419
19.000000,32.500000,4804.462062
20.000000,32.500000,5065.706484
13.000000,33.000000,3296.925680
14.000000,33.000000,3539.134350
15.000000,33.000000,3789.870537
16.000000,33.000000,4049.134238
17.000000,33.000000,4308.906953
18.000000,33.000000,4556.761234
19.000000,33.000000,4811.492658
20.000000,33.000000,5073.101227
13.000000,33.500000,3302.803355
14.000000,33.500000,3545.448409
15.000000,33.500000,3796.636384
16.000000,33.500000,4056.367278
17.000000,33.500000,4315.574004
18.000000,33.500000,4563.687546
19.000000,33.500000,4818.682093
20.000000,33.500000,5080.557645
13.000000,34.000000,3308.686162
14.000000,34.000000,3551.767980
15.000000,34.000000,3803.408137
16.000000,34.000000,4063.606630
17.000000,34.000000,4322.246034
18.000000,34.000000,4570.618937
19.000000,34.000000,4825.876708
20.000000,34.000000,5088.019345
13.000000,34.500000,3315.343587
14.000000,34.500000,3558.699118
15.000000,34.500000,3810.615711
16.000000,34.500000,4071.093368
17.000000,34.500000,4329.026557
18.000000,34.500000,4577.631392
19.000000,34.500000,4833.123203
20.000000,34.500000,5095.501989
13.000000,35.000000,3322.007512
14.000000,35.000000,3565.636836
15.000000,35.000000,3817.829949
16.000000,35.000000,4078.586849
17.000000,35.000000,4335.812232
18.000000,35.000000,4584.649051
19.000000,35.000000,4840.374953
20.000000,35.000000,5102.989938
13.000000,35.500000,3328.624774
14.000000,35.500000,3572.541892
15.000000,35.500000,3825.026629
16.000000,35.500000,4086.078986
17.000000,35.500000,4342.613579
18.000000,35.500000,4591.702353
19.000000,35.500000,4847.683389
20.000000,35.500000,5110.556687
13.000000,36.000000,3335.248431
14.000000,36.000000,3579.453454
15.000000,36.000000,3832.229927
16.000000,36.000000,4093.577851
17.000000,36.000000,4349.420093
18.000000,36.000000,4598.760902
19.000000,36.000000,4854.997153
20.000000,36.000000,5118.128846
13.000000,36.500000,3341.852870
14.000000,36.500000,3586.353490
15.000000,36.500000,3839.429963
16.000000,36.500000,4101.082289
17.000000,36.500000,4356.311943
18.000000,36.500000,4606.044041
19.000000,36.500000,4862.682228
20.000000,36.500000,5126.226502
13.000000,37.000000,3348.463657
14.000000,37.000000,3593.260000
15.000000,37.000000,3846.636600
16.000000,37.000000,4108.593456
17.000000,37.000000,4363.209082
18.000000,37.000000,4613.332761
19.000000,37.000000,4870.373184
20.000000,37.000000,5134.330349
13.000000,37.500000,3355.108690
14.000000,37.500000,3600.215440
15.000000,37.500000,3853.907764
16.000000,37.500000,4116.185661
17.000000,37.500000,4370.235621
18.000000,37.500000,4620.805248
19.000000,37.500000,4878.305040
20.000000,37.500000,5142.734996
13.000000,38.000000,3361.760130
14.000000,38.000000,3607.177439
15.000000,38.000000,3861.185639
16.000000,38.000000,4123.784730
17.000000,38.000000,4377.267641
18.000000,38.000000,4628.283594
19.000000,38.000000,4886.243146
20.000000,38.000000,5151.146297
13.000000,38.500000,3368.577997
14.000000,38.500000,3614.336574
15.000000,38.500000,3868.692974
16.000000,38.500000,4131.647197
17.000000,38.500000,4384.528026
18.000000,38.500000,4635.930882
19.000000,38.500000,4894.287179
13.000000,39.000000,3375.402606
14.000000,39.000000,3621.502648
15.000000,39.000000,3876.207448
16.000000,39.000000,4139.517006
17.000000,39.000000,4391.794247
18.000000,39.000000,4643.584290
19.000000,39.000000,4902.337620
13.000000,39.500000,3382.700756
14.000000,39.500000,3629.166210
15.000000,39.500000,3884.243512
16.000000,39.500000,4147.932663
17.000000,39.500000,4399.472692
18.000000,39.500000,4651.523728
19.000000,39.500000,4910.540385
13.000000,40.000000,3390.006664
14.000000,40.000000,3636.837739
15.000000,40.000000,3892.287755
16.000000,40.000000,4156.356714
17.000000,40.000000,4407.157652
18.000000,40.000000,4659.469745
19.000000,40.000000,4918.749793
13.000000,40.500000,3397.329263
14.000000,40.500000,3644.526831
15.000000,40.500000,3900.350461
16.000000,40.500000,4164.800152
17.000000,40.500000,4414.850301
18.000000,40.500000,4667.423762
19.000000,40.500000,4926.967525
13.000000,41.000000,3404.659636
14.000000,41.000000,3652.223909
15.000000,41.000000,3908.421365
16.000000,41.000000,4173.252004
17.000000,41.000000,4422.549464
18.000000,41.000000,4675.384359
19.000000,41.000000,4935.191899
13.000000,41.500000,3412.006791
14.000000,41.500000,3659.938647
15.000000,41.500000,3916.510833
16.000000,41.500000,4181.723351
17.000000,41.500000,4430.287105
18.000000,41.500000,4683.417990
19.000000,41.500000,4943.525763
13.000000,42.000000,3419.361738
14.000000,42.000000,3667.661389
15.000000,42.000000,3924.608520
16.000000,42.000000,4190.203132
17.000000,42.000000,4438.031317
18.000000,42.000000,4691.458318
19.000000,42.000000,4951.866451
13.000000,42.500000,3426.785666
14.000000,42.500000,3675.440118
15.000000,42.500000,3932.748104
16.000000,42.500000,4198.369089
17.000000,42.500000,4445.915978
18.000000,42.500000,4699.762978
19.000000,42.500000,4960.601900
12.000000,43.000000,3193.867674
13.000000,43.000000,3434.217521
14.000000,43.000000,3683.226955
15.000000,43.000000,3940.895975
16.000000,43.000000,4206.542830
17.000000,43.000000,4453.807443
18.000000,43.000000,4708.074778
19.000000,43.000000,4969.344835
12.000000,43.500000,3201.153850
13.000000,43.500000,3441.854270
14.000000,43.500000,3691.219883
15.000000,43.500000,3949.250687
16.000000,43.500000,4214.257179
17.000000,43.500000,4461.956526
18.000000,43.500000,4716.670299
19.000000,43.500000,4978.398498
12.000000,44.000000,3208.448233
13.000000,44.000000,3449.499397
14.000000,44.000000,3699.221358
15.000000,44.000000,3957.614118
16.000000,44.000000,4221.978428
17.000000,44.000000,4470.112875
18.000000,44.000000,4725.273462
19.000000,44.000000,4987.460188
12.000000,44.500000,3216.094571
13.000000,44.500000,3457.488890
14.000000,44.500000,3707.558054
15.000000,44.500000,3966.302062
16.000000,44.500000,4230.027871
17.000000,44.500000,4478.516454
18.000000,44.500000,4734.037653
19.000000,44.500000,4996.591470
12.000000,45.000000,3223.749943
13.000000,45.000000,3465.487547
14.000000,45.000000,3715.904042
15.000000,45.000000,3974.999429
16.000000,45.000000,4238.084837
17.000000,45.000000,4486.927760
18.000000,45.000000,4742.809779
19.000000,45.000000,5005.730894
12.000000,45.500000,3231.430759
13.000000,45.500000,3473.546605
14.000000,45.500000,3724.347880
15.000000,45.500000,3983.834584
16.000000,45.500000,4246.312379
17.000000,45.500000,4495.465553
18.000000,45.500000,4751.661479
19.000000,45.500000,5014.900158
12.000000,46.000000,3239.120645
13.000000,46.000000,3481.614946
14.000000,46.000000,3732.801214
15.000000,46.000000,3992.679450
16.000000,46.000000,4254.547764
17.000000,46.000000,4504.011303
18.000000,46.000000,4760.521249
19.000000,46.000000,5024.077603
12.000000,46.500000,3246.854504
13.000000,46.500000,3489.721854
14.000000,46.500000,3741.287228
15.000000,46.500000,4001.550625
16.000000,46.500000,4262.797192
17.000000,46.500000,4512.567976
18.000000,46.500000,4769.388643
19.000000,46.500000,5033.259193
12.000000,47.000000,3254.597514
13.000000,47.000000,3497.838111
14.000000,47.000000,3749.782788
15.000000,47.000000,4010.431546
16.000000,47.000000,4271.054471
17.000000,47.000000,4521.132609
18.000000,47.000000,4778.264103
19.000000,47.000000,5042.448953
12.000000,47.500000,3262.436206
13.000000,47.500000,3506.031227
14.000000,47.500000,3758.334827
15.000000,47.500000,4019.347008
16.000000,47.500000,4279.361120
17.000000,47.500000,4529.837419
18.000000,47.500000,4787.375534
19.000000,47.500000,5051.975466
12.000000,48.000000,3270.284254
13.000000,48.000000,3514.233846
14.000000,48.000000,3766.896517
15.000000,48.000000,4028.272269
16.000000,48.000000,4287.675696
17.000000,48.000000,4538.550433
18.000000,48.000000,4796.495450
19.000000,48.000000,5061.510747
12.000000,48.500000,3278.511914
13.000000,48.500000,3522.787746
14.000000,48.500000,3775.778218
15.000000,48.500000,4037.483332
16.000000,48.500000,4296.239039
17.000000,48.500000,4547.503225
18.000000,48.500000,4805.845493
19.000000,48.500000,5071.265841
12.000000,49.000000,3286.749830
13.000000,49.000000,3531.351954
14.000000,49.000000,3784.670280
15.000000,49.000000,4046.704807
16.000000,49.000000,4304.810779
17.000000,49.000000,4556.464681
18.000000,49.000000,4815.204469
19.000000,49.000000,5081.030143
12.000000,49.500000,3295.369903
13.000000,49.500000,3540.256554
14.000000,49.500000,3793.857099
15.000000,49.500000,4056.171538
16.000000,49.500000,4313.590597
17.000000,49.500000,4565.617834
18.000000,49.500000,4824.737729
19.000000,49.500000,5090.950282
12.000000,50.000000,3304.001175
13.000000,50.000000,3549.172269
14.000000,50.000000,3803.054949
15.000000,50.000000,4065.649216
16.000000,50.000000,4322.379211
17.000000,50.000000,4574.780023
18.000000,50.000000,4834.280267
19.000000,50.000000,5100.879944
12.000000,50.500000,3312.720628
13.000000,50.500000,3558.318511
14.000000,50.500000,3812.635412
15.000000,50.500000,4075.671330
16.000000,50.500000,4331.650449
17.000000,50.500000,4584.279865
18.000000,50.500000,4844.006688
12.000000,51.000000,3321.451479
13.000000,51.000000,3567.476421
14.000000,51.000000,3822.227813
15.000000,51.000000,4085.705657
16.000000,51.000000,4340.931459
17.000000,51.000000,4593.789404
18.000000,51.000000,4853.742729
12.000000,51.500000,3330.252914
13.000000,51.500000,3576.692847
14.000000,51.500000,3831.865623
15.000000,51.500000,4095.771240
16.000000,51.500000,4350.213485
17.000000,51.500000,4603.301714
18.000000,51.500000,4863.483405
12.000000,52.000000,3339.065903
13.000000,52.000000,3585.921062
14.000000,52.000000,3841.515454
15.000000,52.000000,4105.849080
16.000000,52.000000,4359.505265
17.000000,52.000000,4612.823705
18.000000,52.000000,4873.233690
12.000000,52.500000,3347.936644
13.000000,52.500000,3595.197536
14.000000,52.500000,3851.203234
15.000000,52.500000,4115.953738
16.000000,52.500000,4368.798928
17.000000,52.500000,4622.349888
18.000000,52.500000,4882.990616
12.000000,53.000000,3356.819063
13.000000,53.000000,3604.485891
14.000000,53.000000,3860.903099
15.000000,53.000000,4126.070686
16.000000,53.000000,4378.102327
17.000000,53.000000,4631.885740
18.000000,53.000000,4892.757143
12.000000,53.500000,3365.981761
13.000000,53.500000,3613.992009
14.000000,53.500000,3870.752721
15.000000,53.500000,4136.263897
16.000000,53.500000,4387.498876
17.000000,53.500000,4641.551549
18.000000,53.500000,4902.692536
12.000000,54.000000,3375.156903
13.000000,54.000000,3623.510582
14.000000,54.000000,3880.614803
15.000000,54.000000,4146.469566
16.000000,54.000000,4396.905364
17.000000,54.000000,4651.227309
18.000000,54.000000,4912.637893
12.000000,54.500000,3384.509575
13.000000,54.500000,3633.190266
14.000000,54.500000,3890.619907
15.000000,54.500000,4156.798497
16.000000,54.500000,4406.514615
17.000000,54.500000,4661.151412
18.000000,54.500000,4922.879108
12.000000,55.000000,3393.875163
13.000000,55.000000,3642.882822
14.000000,55.000000,3900.637830
15.000000,55.000000,4167.140189
16.000000,55.000000,4416.134248
17.000000,55.000000,4671.085982
18.000000,55.000000,4933.130876
12.000000,55.500000,3403.287938
13.000000,55.500000,3652.656431
14.000000,55.500000,3910.773140
15.000000,55.500000,4177.220291
16.000000,55.500000,4426.006860
17.000000,55.500000,4681.322442
18.000000,55.500000,4943.735450
12.000000,56.000000,3412.713727
13.000000,56.000000,3662.443102
14.000000,56.000000,3920.921556
15.000000,56.000000,4187.312505
16.000000,56.000000,4435.890411
17.000000,56.000000,4691.570009
18.000000,56.000000,4954.351300
12.000000,56.500000,3422.210657
13.000000,56.500000,3672.319814
14.000000,56.500000,3931.180197
15.000000,56.500000,4197.000371
16.000000,56.500000,4445.899713
17.000000,56.500000,4701.902362
18.000000,56.500000,4965.008319
12.000000,57.000000,3431.720767
13.000000,57.000000,3682.209801
14.000000,57.000000,3941.452208
15.000000,57.000000,4206.699378
16.000000,57.000000,4455.920226
17.000000,57.000000,4712.245992
18.000000,57.000000,4975.676678
12.000000,57.500000,3441.236639
13.000000,57.500000,3692.111985
14.000000,57.500000,3951.743295
15.000000,57.500000,4216.419843
16.000000,57.500000,4465.960061
17.000000,57.500000,4722.606668
18.000000,57.500000,4986.359663
11.000000,58.000000,3208.262450
12.000000,58.000000,3450.765667
13.000000,58.000000,3702.027439
14.000000,58.000000,3962.047764
15.000000,58.000000,4226.151469
16.000000,58.000000,4476.011122
17.000000,58.000000,4732.978630
18.000000,58.000000,4997.053992
11.000000,58.500000,3218.135352
12.000000,58.500000,3460.854420
13.000000,58.500000,3712.320866
14.000000,58.500000,3972.534690
15.000000,58.500000,4235.908405
16.000000,58.500000,4486.103473
17.000000,58.500000,4743.408729
18.000000,58.500000,5007.824173
11.000000,59.000000,3228.023403
12.000000,59.000000,3470.957874
13.000000,59.000000,3722.628553
14.000000,59.000000,3983.035438
15.000000,59.000000,4245.676531
16.000000,59.000000,4496.207112
17.000000,59.000000,4753.850212
18.000000,59.000000,5018.605830
11.000000,59.500000,3238.072185
12.000000,59.500000,3481.286348
13.000000,59.500000,3733.229779
14.000000,59.500000,3993.902476
15.000000,59.500000,4255.860331
16.000000,59.500000,4506.756688
17.000000,59.500000,4764.768929
18.000000,59.500000,5029.897055
11.000000,60.000000,3248.136560
12.000000,60.000000,3491.630136
13.000000,60.000000,3743.846041
14.000000,60.000000,4004.784272
15.000000,60.000000,4266.056261
16.000000,60.000000,4517.318538
17.000000,60.000000,4775.700063
18.000000,60.000000,5041.200835
11.000000,60.500000,3258.181005
12.000000,60.500000,3501.968783
13.000000,60.500000,3754.473122
14.000000,60.500000,4015.694021
15.000000,60.500000,4276.329046
16.000000,60.500000,4528.006671
17.000000,60.500000,4786.809636
18.000000,60.500000,5052.737941
11.000000,61.000000,3268.240929
12.000000,61.000000,3512.322681
13.000000,61.000000,3765.115225
14.000000,61.000000,4026.618560
15.000000,61.000000,4286.614112
16.000000,61.000000,4538.707345
17.000000,61.000000,4797.932010
18.000000,61.000000,5064.288106
19.000000,61.000000,5319.733427
20.000000,61.000000,5579.530153
21.000000,61.000000,5845.453376
11.000000,61.500000,3278.383264
12.000000,61.500000,3522.943079
13.000000,61.500000,3776.220656
14.000000,61.500000,4038.215994
15.000000,61.500000,4297.592233
16.000000,61.500000,4549.993445
17.000000,61.500000,4809.525204
18.000000,61.500000,5076.187513
19.000000,61.500000,5330.952008
20.000000,61.500000,5590.914447
21.000000,61.500000,5856.998271
11.000000,62.000000,3288.541282
12.000000,62.000000,3533.579472
13.000000,62.000000,3787.342392
14.000000,62.000000,4049.830045
15.000000,62.000000,4308.584307
16.000000,62.000000,4561.293462
17.000000,62.000000,4821.132281
18.000000,62.000000,5088.100763
19.000000,62.000000,5342.182257
20.000000,62.000000,5602.310186
21.000000,62.000000,5868.554389
11.000000,62.500000,3298.745745
12.000000,62.500000,3544.261183
13.000000,62.500000,3798.508145
14.000000,62.500000,4061.486632
15.000000,62.500000,4319.593876
16.000000,62.500000,4572.609307
17.000000,62.500000,4832.753419
18.000000,62.500000,5099.190308
19.000000,62.500000,5353.409004
20.000000,62.500000,5613.704011
21.000000,62.500000,5880.110289
11.000000,63.000000,3308.965985
12.000000,63.000000,3554.958975
13.000000,63.000000,3809.690283
14.000000,63.000000,4073.159908
15.000000,63.000000,4330.617405
16.000000,63.000000,4583.939072
17.000000,63.000000,4844.388436
18.000000,63.000000,5110.291785
19.000000,63.000000,5364.647384
20.000000,63.000000,5625.109252
21.000000,63.000000,5891.677387
11.000000,63.500000,3319.821799
12.000000,63.500000,3566.131178
13.000000,63.500000,3821.172368
14.000000,63.500000,4084.945368
15.000000,63.500000,4341.658029
16.000000,63.500000,4595.284234
17.000000,63.500000,4856.037054
18.000000,63.500000,5121.354050
19.000000,63.500000,5375.884536
20.000000,63.500000,5636.516465
21.000000,63.500000,5903.249838
11.000000,64.000000,3330.695378
12.000000,64.000000,3577.320883
13.000000,64.000000,3832.671688
14.000000,64.000000,4096.747791
15.000000,64.000000,4352.712618
16.000000,64.000000,4606.643317
17.000000,64.000000,4867.699548
18.000000,64.000000,5132.428132
19.000000,64.000000,5387.133292
20.000000,64.000000,5647.935072
21.000000,64.000000,5914.833471
11.000000,64.500000,3341.622737
12.000000,64.500000,3588.597575
13.000000,64.500000,3844.293503
14.000000,64.500000,4108.710522
15.000000,64.500000,4363.928848
16.000000,64.500000,4618.136701
17.000000,64.500000,4879.467253
18.000000,64.500000,5143.626460
19.000000,64.500000,5398.705138
20.000000,64.500000,5659.885545
11.000000,65.000000,3352.567976
12.000000,65.000000,3599.891985
13.000000,65.000000,3855.932870
14.000000,65.000000,4120.690633
15.000000,65.000000,4375.159426
16.000000,65.000000,4629.644310
17.000000,65.000000,4891.249059
18.000000,65.000000,5154.836864
19.000000,65.000000,5410.289287
20.000000,65.000000,5671.848550
11.000000,65.500000,3363.602990
12.000000,65.500000,3611.289322
13.000000,65.500000,3867.689086
14.000000,65.500000,4132.802279
15.000000,65.500000,4386.546141
16.000000,65.500000,4641.338617
17.000000,65.500000,4903.249802
18.000000,65.500000,5166.310208
19.000000,65.500000,5422.062263
20.000000,65.500000,5683.922149
11.000000,66.000000,3374.656118
12.000000,66.000000,3622.704646
13.000000,66.000000,3879.463152
14.000000,66.000000,4144.931638
15.000000,66.000000,4397.947576
16.000000,66.000000,4653.047594
17.000000,66.000000,4915.265168
18.000000,66.000000,5177.796211
19.000000,66.000000,5433.847944
20.000000,66.000000,5696.008499
11.000000,66.500000,3385.804596
12.000000,66.500000,3634.245466
13.000000,66.500000,3891.395007
14.000000,66.500000,4157.253220
15.000000,66.500000,4409.560673
16.000000,66.500000,4664.942734
17.000000,66.500000,4927.439304
18.000000,66.500000,5189.421828
19.000000,66.500000,5445.731170
20.000000,66.500000,5708.148040
11.000000,67.000000,3396.971443
12.000000,67.000000,3645.804617
13.000000,67.000000,3903.345151
14.000000,67.000000,4169.593047
15.000000,67.000000,4421.189029
16.000000,67.000000,4676.852998
17.000000,67.000000,4939.628431
18.000000,67.000000,5201.060399
19.000000,67.000000,5457.627293
20.000000,67.000000,5720.300421
11.000000,67.500000,3408.258619
12.000000,67.500000,3657.517409
13.000000,67.500000,3915.484578
14.000000,67.500000,4182.160125
15.000000,67.500000,4433.082862
16.000000,67.500000,4689.032211
17.000000,67.500000,4952.089694
11.000000,68.000000,3419.564502
12.000000,68.000000,3669.248970
13.000000,68.000000,3927.642833
14.000000,68.000000,4194.746090
15.000000,68.000000,4444.992641
16.000000,68.000000,4701.227225
17.000000,68.000000,4964.566611
11.000000,68.500000,3431.382660
12.000000,68.500000,3681.340684
13.000000,68.500000,3939.997123
14.000000,68.500000,4206.940446
15.000000,68.500000,4456.918359
16.000000,68.500000,4713.438572
17.000000,68.500000,4977.060261
11.000000,69.000000,3443.221199
12.000000,69.000000,3693.452278
13.000000,69.000000,3952.370797
14.000000,69.000000,4219.152478
15.000000,69.000000,4468.860022
16.000000,69.000000,4725.665718
17.000000,69.000000,4989.569566
11.000000,69.500000,3455.043762
12.000000,69.500000,3705.560230
13.000000,69.500000,3964.754234
14.000000,69.500000,4230.849494
15.000000,69.500000,4480.838295
16.000000,69.500000,4737.921388
17.000000,69.500000,5002.098776
11.000000,70.000000,3466.886579
12.000000,70.000000,3717.687984
13.000000,70.000000,3977.157026
14.000000,70.000000,4242.562678
15.000000,70.000000,4492.832568
16.000000,70.000000,4750.192892
17.000000,70.000000,5014.643649
11.000000,70.500000,3478.879695
12.000000,70.500000,3729.947319
13.000000,70.500000,3989.671230
14.000000,70.500000,4254.404649
15.000000,70.500000,4504.964969
16.000000,70.500000,4762.612056
17.000000,70.500000,5027.345910
11.000000,71.000000,3490.893514
12.000000,71.000000,3742.226826
13.000000,71.000000,4002.205082
14.000000,71.000000,4266.263108
15.000000,71.000000,4517.113706
16.000000,71.000000,4775.047400
17.000000,71.000000,5040.064192
11.000000,71.500000,3502.995929
12.000000,71.500000,3754.554233
13.000000,71.500000,4014.743198
14.000000,71.500000,4278.122529
15.000000,71.500000,4529.341713
16.000000,71.500000,4787.644842
17.000000,71.500000,5053.031916
11.000000,72.000000,3515.119280
12.000000,72.000000,3766.901903
13.000000,72.000000,4027.300912
14.000000,72.000000,4289.998391
15.000000,72.000000,4541.586223
16.000000,72.000000,4800.258845
17.000000,72.000000,5066.016257
11.000000,72.500000,3527.546391
12.000000,72.500000,3779.714589
13.000000,72.500000,4040.495375
14.000000,72.500000,4302.603455
15.000000,72.500000,4554.400826
16.000000,72.500000,4813.273535
17.000000,72.500000,5079.221580
10.000000,73.000000,3296.050616
11.000000,73.000000,3539.995425
12.000000,73.000000,3792.549024
13.000000,73.000000,4053.711412
14.000000,73.000000,4315.226999
15.000000,73.000000,4567.233464
16.000000,73.000000,4826.305815
17.000000,73.000000,5092.444049
10.000000,73.500000,3308.488091
11.000000,73.500000,3552.751685
12.000000,73.500000,3805.614300
13.000000,73.500000,4067.075934
14.000000,73.500000,4327.971821
15.000000,73.500000,4580.306720
16.000000,73.500000,4839.704666
10.000000,74.000000,3320.948987
11.000000,74.000000,3565.530885
12.000000,74.000000,3818.702038
13.000000,74.000000,4080.462447
14.000000,74.000000,4340.735426
15.000000,74.000000,4593.398640
16.000000,74.000000,4853.122064
10.000000,74.500000,3333.389103
11.000000,74.500000,3578.303290
12.000000,74.500000,3831.798136
13.000000,74.500000,4093.873640
14.000000,74.500000,4353.540815
15.000000,74.500000,4606.528178
16.000000,74.500000,4866.572649
10.000000,75.000000,3345.852473
11.000000,75.000000,3591.098527
12.000000,75.000000,3844.916647
13.000000,75.000000,4107.306831
14.000000,75.000000,4366.365050
15.000000,75.000000,4619.676432
16.000000,75.000000,4880.041819
10.000000,75.500000,3358.515834
11.000000,75.500000,3604.062955
12.000000,75.500000,3858.170695
13.000000,75.500000,4120.839054
14.000000,75.500000,4379.268342
15.000000,75.500000,4632.886657
16.000000,75.500000,4893.554824
10.000000,76.000000,3371.203114
11.000000,76.000000,3617.050741
12.000000,76.000000,3871.447546
13.000000,76.000000,4134.393527
14.000000,76.000000,4392.190656
15.000000,76.000000,4646.115720
16.000000,76.000000,4907.086480
10.000000,76.500000,3384.039080
11.000000,76.500000,3630.142528
12.000000,76.500000,3884.780092
13.000000,76.500000,4147.951774
14.000000,76.500000,4405.137656
15.000000,76.500000,4659.421047
16.000000,76.500000,4920.748885
10.000000,77.000000,3396.899435
11.000000,77.000000,3643.257964
12.000000,77.000000,3898.135555
13.000000,77.000000,4161.532208
14.000000,77.000000,4418.103693
15.000000,77.000000,4672.745375
16.000000,77.000000,4934.430249
10.000000,77.500000,3409.901869
11.000000,77.500000,3656.571723
12.000000,77.500000,3911.749175
13.000000,77.500000,4175.434225
14.000000,77.500000,4431.395748
15.000000,77.500000,4686.341364
16.000000,77.500000,4948.325370
10.000000,78.000000,3422.929139
11.000000,78.000000,3669.909764
12.000000,78.000000,3925.386524
13.000000,78.000000,4189.359418
14.000000,78.000000,4444.707753
15.000000,78.000000,4699.957080
16.000000,78.000000,4962.239994
10.000000,78.500000,3436.132226
11.000000,78.500000,3683.524560
12.000000,78.500000,3939.408137
13.000000,78.500000,4203.782957
14.000000,78.500000,4458.460972
15.000000,78.500000,4713.898948
16.000000,78.500000,4976.358699
10.000000,79.000000,3449.360727
11.000000,79.000000,3697.164563
12.000000,79.000000,3953.454747
13.000000,79.000000,4218.231279
14.000000,79.000000,4472.235424
15.000000,79.000000,4727.861445
16.000000,79.000000,4990.497433
10.000000,79.500000,3462.570618
11.000000,79.500000,3710.785049
12.000000,79.500000,3967.480955
13.000000,79.500000,4232.658334
14.000000,79.500000,4486.092971
15.000000,79.500000,4742.067568
16.000000,79.500000,5005.049522
10.000000,80.000000,3475.805753
11.000000,80.000000,3724.430579
12.000000,80.000000,3981.531999
13.000000,80.000000,4247.110013
14.000000,80.000000,4499.971945
15.000000,80.000000,4756.294991
16.000000,80.000000,5019.622785
10.000000,80.500000,3489.437745
11.000000,80.500000,3738.371691
12.000000,80.500000,3995.769818
13.000000,80.500000,4261.632127
14.000000,80.500000,4513.909094
15.000000,80.500000,4770.567604
16.000000,80.500000,5034.227446
10.000000,81.000000,3503.096416
11.000000,81.000000,3752.338846
12.000000,81.000000,4010.033048
13.000000,81.000000,4276.179021
14.000000,81.000000,4527.867785
15.000000,81.000000,4784.861590
16.000000,81.000000,5048.853310
10.000000,81.500000,3517.055232
11.000000,81.500000,3766.517046
12.000000,81.500000,4024.411770
13.000000,81.500000,4290.678664
14.000000,81.500000,4541.857978
15.000000,81.500000,4799.183764
16.000000,81.500000,5063.503851
10.000000,82.000000,3531.041804
11.000000,82.000000,3780.721982
12.000000,82.000000,4038.816223
13.000000,82.000000,4305.202843
14.000000,82.000000,4555.869744
15.000000,82.000000,4813.527332
16.000000,82.000000,5078.175605
10.000000,82.500000,3545.092613
11.000000,82.500000,3794.969656
12.000000,82.500000,4053.240526
13.000000,82.500000,4318.913466
14.000000,82.500000,4569.927775
15.000000,82.500000,4827.929857
16.000000,82.500000,5092.919713
10.000000,83.000000,3559.171322
11.000000,83.000000,3809.244125
12.000000,83.000000,4067.690539
13.000000,83.000000,4332.645880
14.000000,83.000000,4584.007454
15.000000,83.000000,4842.353889
16.000000,83.000000,5107.685185
10.000000,83.500000,3573.354342
11.000000,83.500000,3823.730483
12.000000,83.500000,4082.467762
13.000000,83.500000,4346.884120
14.000000,83.500000,4598.450236
15.000000,83.500000,4856.988936
16.000000,83.500000,5122.500220
10.000000,84.000000,3587.565566
11.000000,84.000000,3838.244334
12.000000,84.000000,4097.271777
13.000000,84.000000,4361.145716
14.000000,84.000000,4612.915733
15.000000,84.000000,4871.646061
16.000000,84.000000,5137.336701
10.000000,84.500000,3601.577870
11.000000,84.500000,3852.637462
12.000000,84.500000,4112.039004
13.000000,84.500000,4375.446911
14.000000,84.500000,4627.435643
15.000000,84.500000,4886.373279
16.000000,84.500000,5152.259818
10.000000,85.000000,3615.617486
11.000000,85.000000,3867.057527
12.000000,85.000000,4126.832794
13.000000,85.000000,4389.771515
14.000000,85.000000,4641.978370
15.000000,85.000000,4901.122722
16.000000,85.000000,5167.204572
10.000000,85.500000,3629.808979
11.000000,85.500000,3881.600683
12.000000,85.500000,4141.717917
13.000000,85.500000,4404.194925
14.000000,85.500000,4656.803199
15.000000,85.500000,4916.348233
16.000000,85.500000,5182.830028
10.000000,86.000000,3644.028260
11.000000,86.000000,3896.171129
12.000000,86.000000,4156.629833
13.000000,86.000000,4418.641993
14.000000,86.000000,4671.651663
15.000000,86.000000,4931.597357
16.000000,86.000000,5198.479074
10.000000,86.500000,3658.411111
11.000000,86.500000,3910.963404
12.000000,86.500000,4171.824919
13.000000,86.500000,4433.369435
14.000000,86.500000,4686.643805
15.000000,86.500000,4946.845408
10.000000,87.000000,3672.822270
11.000000,87.000000,3925.783695
12.000000,87.000000,4187.047725
13.000000,87.000000,4448.121380
14.000000,87.000000,4701.659964
15.000000,87.000000,4962.116996
10.000000,87.500000,3687.250143
11.000000,87.500000,3940.645365
12.000000,87.500000,4202.338209
13.000000,87.500000,4462.934547
14.000000,87.500000,4716.727726
15.000000,87.500000,4977.430014
9.000000,88.000000,3456.170093
10.000000,88.000000,3701.706281
11.000000,88.000000,3955.535103
12.000000,88.000000,4217.656558
13.000000,88.000000,4477.772337
14.000000,88.000000,4731.819593
15.000000,88.000000,4992.766623
9.000000,88.500000,3470.368212
10.000000,88.500000,3716.350678
11.000000,88.500000,3970.621055
12.000000,88.500000,4233.179342
13.000000,88.500000,4492.777410
14.000000,88.500000,4747.041211
15.000000,88.500000,5008.193187
9.000000,89.000000,3484.595411
10.000000,89.000000,3731.023971
11.000000,89.000000,3985.735713
12.000000,89.000000,4248.730637
13.000000,89.000000,4507.807581
14.000000,89.000000,4762.287272
15.000000,89.000000,5023.643546
9.000000,89.500000,3499.027825
10.000000,89.500000,3745.929526
11.000000,89.500000,4001.111238
12.000000,89.500000,4264.572962
13.000000,89.500000,4523.074187
14.000000,89.500000,4777.700869
15.000000,89.500000,5039.188449
9.000000,90.000000,3513.490047
10.000000,90.000000,3760.864785
11.000000,90.000000,4016.516357
12.000000,90.000000,4280.444766
13.000000,90.000000,4538.366601
14.000000,90.000000,4793.139368
15.000000,90.000000,5054.757365
9.000000,90.500000,3528.180535
10.000000,90.500000,3775.968258
11.000000,90.500000,4032.024984
12.000000,90.500000,4296.350713
13.000000,90.500000,4553.655665
14.000000,90.500000,4808.626242
15.000000,90.500000,5070.429337
9.000000,91.000000,3542.901650
10.000000,91.000000,3791.101987
11.000000,91.000000,4047.563489
12.000000,91.000000,4312.286157
13.000000,91.000000,4568.970439
14.000000,91.000000,4824.138095
15.000000,91.000000,5086.125565
9.000000,91.500000,3557.787002
10.000000,91.500000,3806.408723
11.000000,91.500000,4063.284357
12.000000,91.500000,4328.413906
13.000000,91.500000,4584.625736
14.000000,91.500000,4840.187130
15.000000,91.500000,5102.565527
9.000000,92.000000,3572.703539
10.000000,92.000000,3821.746284
11.000000,92.000000,4079.035688
12.000000,92.000000,4344.571752
13.000000,92.000000,4600.307806
14.000000,92.000000,4856.262816
15.000000,92.000000,5119.032015
9.000000,92.500000,3587.689747
10.000000,92.500000,3837.194290
11.000000,92.500000,4094.941347
12.000000,92.500000,4360.930918
13.000000,92.500000,4616.171781
14.000000,92.500000,4872.433953
15.000000,92.500000,5135.502287
9.000000,93.000000,3602.707308
10.000000,93.000000,3852.673442
11.000000,93.000000,4110.877945
12.000000,93.000000,4377.320816
13.000000,93.000000,4632.063058
14.000000,93.000000,4888.631968
15.000000,93.000000,5151.999012
9.000000,93.500000,3617.925607
10.000000,93.500000,3868.315454
11.000000,93.500000,4126.936679
12.000000,93.500000,4393.789283
13.000000,93.500000,4648.034048
14.000000,93.500000,4904.928862
15.000000,93.500000,5168.614790
9.000000,94.000000,3633.175969
10.000000,94.000000,3883.989143
11.000000,94.000000,4143.026707
12.000000,94.000000,4410.288661
13.000000,94.000000,4664.032521
14.000000,94.000000,4921.252874
15.000000,94.000000,5185.257320
9.000000,94.500000,3648.715739
10.000000,94.500000,3899.906413
11.000000,94.500000,4159.310886
12.000000,94.500000,4426.929160
13.000000,94.500000,4680.179547
14.000000,94.500000,4937.735802
15.000000,94.500000,5202.069553
9.000000,95.000000,3664.288657
10.000000,95.000000,3915.856216
11.000000,95.000000,4175.626991
12.000000,95.000000,4443.600982
13.000000,95.000000,4696.354471
14.000000,95.000000,4954.246287
15.000000,95.000000,5218.908997
9.000000,95.500000,3680.004963
10.000000,95.500000,3931.905550
11.000000,95.500000,4191.995814
12.000000,95.500000,4460.259683
13.000000,95.500000,4712.549503
14.000000,95.500000,4970.786386
15.000000,95.500000,5235.788108
9.000000,96.000000,3695.754889
10.000000,96.000000,3947.987693
11.000000,96.000000,4208.396645
12.000000,96.000000,4476.949540
13.000000,96.000000,4728.772406
14.000000,96.000000,4987.354049
15.000000,96.000000,5252.694470
9.000000,96.500000,3711.575456
10.000000,96.500000,3964.105969
11.000000,96.500000,4224.796903
12.000000,96.500000,4492.802052
13.000000,96.500000,4744.999908
14.000000,96.500000,5003.951932
15.000000,96.500000,5269.658125
9.000000,97.000000,3727.429804
10.000000,97.000000,3980.257072
11.000000,97.000000,4241.229045
12.000000,97.000000,4508.682573
13.000000,97.000000,4761.255202
14.000000,97.000000,5020.577387
15.000000,97.000000,5286.649128
9.000000,97.500000,3743.221366
10.000000,97.500000,3996.532563
11.000000,97.500000,4257.985029
12.000000,97.500000,4525.049951
13.000000,97.500000,4777.948349
14.000000,97.500000,5037.588894
15.000000,97.500000,5303.971586
9.000000,98.000000,3759.046300
10.000000,98.000000,4012.841255
11.000000,98.000000,4274.774039
12.000000,98.000000,4541.446979
13.000000,98.000000,4794.670704
14.000000,98.000000,5054.629169
15.000000,98.000000,5321.322375
9.000000,98.500000,3774.850971
10.000000,98.500000,4029.188854
11.000000,98.500000,4291.664807
12.000000,98.500000,4557.962917
13.000000,98.500000,4811.464334
14.000000,98.500000,5071.690418
9.000000,99.000000,3790.688786
10.000000,99.000000,4045.569674
11.000000,99.000000,4308.588872
12.000000,99.000000,4574.508828
13.000000,99.000000,4828.287320
14.000000,99.000000,5088.780411
9.000000,99.500000,3806.761032
10.000000,99.500000,4062.118060
11.000000,99.500000,4325.608420
12.000000,99.500000,4591.070203
13.000000,99.500000,4845.183803
14.000000,99.500000,5106.005162
9.000000,100.000000,3822.867259
10.000000,100.000000,4078.700210
11.000000,100.000000,4342.661510
12.000000,100.000000,4607.661500
13.000000,100.000000,4862.109798
14.000000,100.000000,5123.259015
9.000000,100.500000,3839.040029
10.000000,100.500000,4095.367362
11.000000,100.500000,4359.819356
12.000000,100.500000,4624.419480
13.000000,100.500000,4879.339140
14.000000,100.500000,5140.959825
9.000000,101.000000,3855.246920
10.000000,101.000000,4112.068486
11.000000,101.000000,4377.011022
12.000000,101.000000,4641.207876
13.000000,101.000000,4896.598953
14.000000,101.000000,5158.691159
9.000000,101.500000,3871.516541
10.000000,101.500000,4128.842316
11.000000,101.500000,4394.286044
12.000000,101.500000,4658.097882
13.000000,101.500000,4913.968135
14.000000,101.500000,5176.539817
9.000000,102.000000,3887.820405
10.000000,102.000000,4145.650277
11.000000,102.000000,4411.595082
12.000000,102.000000,4675.018561
13.000000,102.000000,4931.368066
14.000000,102.000000,5194.419299
9.000000,102.500000,3904.330917
10.000000,102.500000,4162.632765
11.000000,102.500000,4429.043993
12.000000,102.500000,4692.068220
13.000000,102.500000,4948.895519
14.000000,102.500000,5212.424498
9.000000,103.000000,3920.876394
10.000000,103.000000,4179.649953
11.000000,103.000000,4446.527334
12.000000,103.000000,4709.148908
13.000000,103.000000,4966.454064
14.000000,103.000000,5230.460848
9.000000,103.500000,3937.603036
10.000000,103.500000,4196.897463
11.000000,103.500000,4464.293095
12.000000,103.500000,4726.536912
13.000000,103.500000,4984.282501
14.000000,103.500000,5248.727029
9.000000,104.000000,3954.365258
10.000000,104.000000,4214.180469
11.000000,104.000000,4482.094264
12.000000,104.000000,4743.956953
13.000000,104.000000,5002.142877
14.000000,104.000000,5267.025049
9.000000,104.500000,3971.292832
10.000000,104.500000,4231.570104
11.000000,104.500000,4499.939082
12.000000,104.500000,4761.393785
13.000000,104.500000,5020.022134
14.000000,104.500000,5285.344104
9.000000,105.000000,3988.256532
10.000000,105.000000,4248.995526
11.000000,105.000000,4517.819343
12.000000,105.000000,4778.862598
13.000000,105.000000,5037.933285
14.000000,105.000000,5303.694962
9.000000,105.500000,4005.284562
10.000000,105.500000,4266.465875
11.000000,105.500000,4535.723934
12.000000,105.500000,4796.343504
13.000000,105.500000,5055.839827
14.000000,105.500000,5322.023725
8.000000,106.000000,3768.794295
9.000000,106.000000,4022.348841
10.000000,106.000000,4283.972051
11.000000,106.000000,4553.663926
12.000000,106.000000,4813.856319
13.000000,106.000000,5073.778134
14.000000,106.000000,5340.384104
8.000000,106.500000,3785.499534
9.000000,106.500000,4039.599913
10.000000,106.500000,4301.767238
11.000000,106.500000,4572.001509
12.000000,106.500000,4831.744522
13.000000,106.500000,5092.009601
14.000000,106.500000,5358.951389
8.000000,107.000000,3802.241688
9.000000,107.000000,4056.887877
10.000000,107.000000,4319.599290
11.000000,107.000000,4590.375926
12.000000,107.000000,4849.665887
13.000000,107.000000,5110.273751
14.000000,107.000000,5377.550882
8.000000,107.500000,3819.341725
9.000000,107.500000,4074.462522
10.000000,107.500000,4337.641870
11.000000,107.500000,4608.879768
12.000000,107.500000,4867.660762
13.000000,107.500000,5128.580817
14.000000,107.500000,5396.160951
8.000000,108.000000,3836.480111
9.000000,108.000000,4092.075136
10.000000,108.000000,4355.722038
11.000000,108.000000,4627.420817
12.000000,108.000000,4885.688950
13.000000,108.000000,5146.920606
14.000000,108.000000,5414.803157
8.000000,108.500000,3853.888898
9.000000,108.500000,4109.915244
10.000000,108.500000,4373.983920
11.000000,108.500000,4646.094926
12.000000,108.500000,4903.809761
13.000000,108.500000,5165.320937
14.000000,108.500000,5433.471999
8.000000,109.000000,3871.337083
9.000000,109.000000,4127.794143
10.000000,109.000000,4392.283991
11.000000,109.000000,4664.806626
12.000000,109.000000,4921.964103
13.000000,109.000000,5183.754091
14.000000,109.000000,5452.172961
8.000000,109.500000,3888.448773
9.000000,109.500000,4145.470060
10.000000,109.500000,4410.523929
11.000000,109.500000,4683.610380
12.000000,109.500000,4940.220042
13.000000,109.500000,5202.306256
14.000000,109.500000,5471.011299
8.000000,110.000000,3905.598189
9.000000,110.000000,4163.183731
10.000000,110.000000,4428.801648
11.000000,110.000000,4702.451942
12.000000,110.000000,4958.509762
13.000000,110.000000,5220.891548
14.000000,110.000000,5489.882115
8.000000,110.500000,3922.792305
9.000000,110.500000,4180.934184
10.000000,110.500000,4447.107588
11.000000,110.500000,4720.569217
12.000000,110.500000,4976.816510
13.000000,110.500000,5239.521382
14.000000,110.500000,5508.826512
8.000000,111.000000,3940.024176
9.000000,111.000000,4198.722386
10.000000,111.000000,4465.451271
11.000000,111.000000,4738.721314
12.000000,111.000000,4995.156979
13.000000,111.000000,5258.184384
14.000000,111.000000,5527.803529
8.000000,111.500000,3957.393963
9.000000,111.500000,4216.493938
10.000000,111.500000,4483.614032
11.000000,111.500000,4756.427292
12.000000,111.500000,5013.317840
13.000000,111.500000,5276.798390
8.000000,112.000000,3974.801942
9.000000,112.000000,4234.303007
10.000000,112.000000,4501.813642
11.000000,112.000000,4774.166272
12.000000,112.000000,5031.511641
13.000000,112.000000,5295.445274
8.000000,112.500000,3992.357278
9.000000,112.500000,4252.330647
10.000000,112.500000,4520.307387
11.000000,112.500000,4792.297517
12.000000,112.500000,5050.048661
13.000000,112.500000,5314.383376
8.000000,113.000000,4009.951279
9.000000,113.000000,4270.396561
10.000000,113.000000,4538.839015
11.000000,113.000000,4810.463099
12.000000,113.000000,5068.619738
13.000000,113.000000,5333.355255
8.000000,113.500000,4027.649420
9.000000,113.500000,4288.547517
10.000000,113.500000,4557.434529
11.000000,113.500000,4828.673298
12.000000,113.500000,5087.247024
13.000000,113.500000,5352.395547
8.000000,114.000000,4045.386492
9.000000,114.000000,4306.736932
10.000000,114.000000,4576.068028
11.000000,114.000000,4846.917876
12.000000,114.000000,5105.908452
13.000000,114.000000,5371.469741
8.000000,114.500000,4063.267486
9.000000,114.500000,4325.034604
10.000000,114.500000,4594.772009
11.000000,114.500000,4865.206435
12.000000,114.500000,5124.616531
13.000000,114.500000,5390.593307
8.000000,115.000000,4081.187884
9.000000,115.000000,4343.371037
10.000000,115.000000,4613.514114
11.000000,115.000000,4883.529412
12.000000,115.000000,5143.358801
13.000000,115.000000,5409.750836
8.000000,115.500000,4099.272554
9.000000,115.500000,4361.887738
10.000000,115.500000,4632.453689
11.000000,115.500000,4902.080470
12.000000,115.500000,5162.342408
13.000000,115.500000,5429.163736
8.000000,116.000000,4117.397186
9.000000,116.000000,4380.443805
10.000000,116.000000,4651.432038
11.000000,116.000000,4920.666671
12.000000,116.000000,5181.360955
13.000000,116.000000,5448.611372
8.000000,116.500000,4135.667088
9.000000,116.500000,4399.144456
10.000000,116.500000,4670.553648
11.000000,116.500000,4939.406970
12.000000,116.500000,5200.538443
13.000000,116.500000,5468.223008
8.000000,117.000000,4153.977406
9.000000,117.000000,4417.884912
10.000000,117.000000,4689.714454
11.000000,117.000000,4958.182861
12.000000,117.000000,5219.751323
13.000000,117.000000,5487.869838
8.000000,117.500000,4172.437126
9.000000,117.500000,4436.763506
10.000000,117.500000,4709.000931
11.000000,117.500000,4977.097405
12.000000,117.500000,5239.095402
13.000000,117.500000,5507.639754
8.000000,118.000000,4190.937727
9.000000,118.000000,4455.682310
10.000000,118.000000,4728.326951
11.000000,118.000000,4996.047924
12.000000,118.000000,5258.475223
13.000000,118.000000,5527.445177
8.000000,118.500000,4209.596146
9.000000,118.500000,4474.743407
10.000000,118.500000,4747.778893
11.000000,118.500000,5015.149370
12.000000,118.500000,5277.997253
13.000000,118.500000,5547.383218
8.000000,119.000000,4228.295959
9.000000,119.000000,4493.845141
10.000000,119.000000,4767.270720
11.000000,119.000000,5034.287217
12.000000,119.000000,5297.555409
13.000000,119.000000,5567.357111
8.000000,119.500000,4246.617189
9.000000,119.500000,4512.776158
10.000000,119.500000,4786.812653
8.000000,120.000000,4264.977981
9.000000,120.000000,4531.746927
10.000000,120.000000,4806.394524
8.000000,120.500000,4283.492721
9.000000,120.500000,4550.874383
10.000000,120.500000,4826.135685
8.000000,121.000000,4302.047526
9.000000,121.000000,4570.042091
10.000000,121.000000,4845.917282
8.000000,121.500000,4320.903169
9.000000,121.500000,4589.576922
10.000000,121.500000,4866.136099
8.000000,122.000000,4339.800014
9.000000,122.000000,4609.153388
10.000000,122.000000,4886.396982
8.000000,122.500000,4358.972150
9.000000,122.500000,4628.833294
10.000000,122.500000,4906.579163
8.000000,123.000000,4378.186519
9.000000,123.000000,4648.555102
10.000000,123.000000,4926.802913
8.000000,123.500000,4397.449835
9.000000,123.500000,4668.230938
10.000000,123.500000,4946.880290
7.000000,124.000000,4153.419802
8.000000,124.000000,4416.755418
9.000000,124.000000,4687.948308
10.000000,124.000000,4966.998471
7.000000,124.500000,4172.431956
8.000000,124.500000,4436.170186
9.000000,124.500000,4707.753590
10.000000,124.500000,4987.182168
7.000000,125.000000,4191.487513
8.000000,125.000000,4455.627517
9.000000,125.000000,4727.600602
10.000000,125.000000,5007.406768
7.000000,125.500000,4210.661002
8.000000,125.500000,4475.185194
9.000000,125.500000,4747.529361
7.000000,126.000000,4229.878231
8.000000,126.000000,4494.785680
9.000000,126.000000,4767.500009
7.000000,126.500000,4249.200432
8.000000,126.500000,4514.478604
9.000000,126.500000,4787.548797
7.000000,127.000000,4268.566615
8.000000,127.000000,4534.214527
9.000000,127.000000,4807.639610
7.000000,127.500000,4288.060595
8.000000,127.500000,4554.036346
9.000000,127.500000,4827.772324
7.000000,128.000000,4307.598925
8.000000,128.000000,4573.901329
9.000000,128.000000,4847.947032
7.000000,128.500000,4326.857311
8.000000,128.500000,4593.606552
9.000000,128.500000,4868.090205
7.000000,129.000000,4346.158597
8.000000,129.000000,4613.354068
9.000000,129.000000,4888.275066
7.000000,129.500000,4365.415168
8.000000,129.500000,4633.112764
9.000000,129.500000,4908.530699
7.000000,130.000000,4384.714265
8.000000,130.000000,4652.913632
9.000000,130.000000,4928.828152
