weight_g,305.000000
thrust_N,velocity_m_s,power_W
21.000000,0.000000,1065.167914
22.000000,0.000000,1125.452388
23.000000,0.000000,1187.275400
24.000000,0.000000,1250.636953
25.000000,0.000000,1315.537045
26.000000,0.000000,1382.179682
27.000000,0.000000,1454.399170
28.000000,0.000000,1528.196607
29.000000,0.000000,1603.571992
30.000000,0.000000,1680.525325
21.000000,0.500000,1069.444128
22.000000,0.500000,1129.913855
23.000000,0.500000,1191.926262
24.000000,0.500000,1255.481347
25.000000,0.500000,1320.579110
26.000000,0.500000,1387.738880
27.000000,0.500000,1460.102708
28.000000,0.500000,1534.046377
29.000000,0.500000,1609.569888
30.000000,0.500000,1686.673240
20.000000,1.000000,1014.619688
21.000000,1.000000,1073.728147
22.000000,1.000000,1134.383428
23.000000,1.000000,1196.585533
24.000000,1.000000,1260.334460
25.000000,1.000000,1325.630211
26.000000,1.000000,1393.307635
27.000000,1.000000,1465.815949
28.000000,1.000000,1539.905996
29.000000,1.000000,1615.577777
30.000000,1.000000,1692.831291
20.000000,1.500000,1018.752930
21.000000,1.500000,1078.043586
22.000000,1.500000,1138.885217
23.000000,1.500000,1201.277825
24.000000,1.500000,1265.221408
25.000000,1.500000,1330.715967
26.000000,1.500000,1398.892642
27.000000,1.500000,1471.546602
28.000000,1.500000,1545.784216
29.000000,1.500000,1621.605483
30.000000,1.500000,1699.010406
20.000000,2.000000,1022.893772
21.000000,2.000000,1082.366921
22.000000,2.000000,1143.395205
23.000000,2.000000,1205.978622
24.000000,2.000000,1270.117173
25.000000,2.000000,1335.810857
26.000000,2.000000,1404.487254
27.000000,2.000000,1477.287007
28.000000,2.000000,1551.672334
29.000000,2.000000,1627.643236
30.000000,2.000000,1705.199711
20.000000,2.500000,1027.065500
21.000000,2.500000,1086.721911
22.000000,2.500000,1147.937622
23.000000,2.500000,1210.712633
24.000000,2.500000,1275.046943
25.000000,2.500000,1340.940553
26.000000,2.500000,1410.098538
27.000000,2.500000,1483.045255
28.000000,2.500000,1557.579496
29.000000,2.500000,1633.701261
20.000000,3.000000,1031.244917
21.000000,3.000000,1091.084889
22.000000,3.000000,1152.488331
23.000000,3.000000,1215.455244
24.000000,3.000000,1279.985627
25.000000,3.000000,1346.079481
26.000000,3.000000,1415.719473
27.000000,3.000000,1488.813305
28.000000,3.000000,1563.496610
29.000000,3.000000,1639.769386
20.000000,3.500000,1035.655771
21.000000,3.500000,1095.644292
22.000000,3.500000,1157.198651
23.000000,3.500000,1220.318848
24.000000,3.500000,1285.004882
25.000000,3.500000,1351.256754
26.000000,3.500000,1421.345287
27.000000,3.500000,1494.591903
28.000000,3.500000,1569.429890
29.000000,3.500000,1645.859249
20.000000,4.000000,1040.075133
21.000000,4.000000,1100.212385
22.000000,4.000000,1161.917842
23.000000,4.000000,1225.191504
24.000000,4.000000,1290.033371
25.000000,4.000000,1356.443442
26.000000,4.000000,1426.980882
27.000000,4.000000,1500.380426
28.000000,4.000000,1575.373241
29.000000,4.000000,1651.959328
20.000000,4.500000,1044.566384
21.000000,4.500000,1104.836572
22.000000,4.500000,1166.676790
23.000000,4.500000,1230.087039
24.000000,4.500000,1295.067317
25.000000,4.500000,1361.617625
26.000000,4.500000,1432.595811
27.000000,4.500000,1506.155769
28.000000,4.500000,1581.311183
29.000000,4.500000,1658.062054
20.000000,5.000000,1049.066390
21.000000,5.000000,1109.469661
22.000000,5.000000,1171.444783
23.000000,5.000000,1234.991757
24.000000,5.000000,1300.110581
25.000000,5.000000,1366.801257
26.000000,5.000000,1438.220624
27.000000,5.000000,1511.941161
28.000000,5.000000,1587.259339
29.000000,5.000000,1664.175158
20.000000,5.500000,1053.571030
21.000000,5.500000,1114.108881
22.000000,5.500000,1176.220458
23.000000,5.500000,1239.905759
24.000000,5.500000,1305.164786
25.000000,5.500000,1371.997539
26.000000,5.500000,1443.862475
27.000000,5.500000,1517.744011
28.000000,5.500000,1593.225376
29.000000,5.500000,1670.306568
20.000000,6.000000,1058.084445
21.000000,6.000000,1118.757024
22.000000,6.000000,1181.005200
23.000000,6.000000,1244.828972
24.000000,6.000000,1310.228340
25.000000,6.000000,1377.203304
26.000000,6.000000,1449.514255
27.000000,6.000000,1523.556956
28.000000,6.000000,1599.201671
29.000000,6.000000,1676.448401
20.000000,6.500000,1062.487023
21.000000,6.500000,1123.318728
22.000000,6.500000,1185.728639
23.000000,6.500000,1249.716756
24.000000,6.500000,1315.283078
25.000000,6.500000,1382.650205
26.000000,6.500000,1455.184904
27.000000,6.500000,1529.388664
28.000000,6.500000,1605.196601
29.000000,6.500000,1682.608717
19.000000,7.000000,1007.487958
20.000000,7.000000,1066.898163
21.000000,7.000000,1127.889185
22.000000,7.000000,1190.461023
23.000000,7.000000,1254.613678
24.000000,7.000000,1320.347150
25.000000,7.000000,1388.106896
26.000000,7.000000,1460.865534
27.000000,7.000000,1535.230514
28.000000,7.000000,1611.201836
29.000000,7.000000,1688.779501
19.000000,7.500000,1011.630352
20.000000,7.500000,1071.295172
21.000000,7.500000,1132.547798
22.000000,7.500000,1195.388230
23.000000,7.500000,1259.816469
24.000000,7.500000,1325.832514
25.000000,7.500000,1394.133166
26.000000,7.500000,1466.935243
27.000000,7.500000,1541.341620
28.000000,7.500000,1617.352296
29.000000,7.500000,1694.967272
19.000000,8.000000,1015.780827
20.000000,8.000000,1075.700774
21.000000,8.000000,1137.215532
22.000000,8.000000,1200.325101
23.000000,8.000000,1265.029480
24.000000,8.000000,1331.328671
25.000000,8.000000,1400.170807
26.000000,8.000000,1473.016142
27.000000,8.000000,1547.463725
28.000000,8.000000,1623.513558
29.000000,8.000000,1701.165640
19.000000,8.500000,1019.978714
20.000000,8.500000,1080.174321
21.000000,8.500000,1141.972633
22.000000,8.500000,1205.373652
23.000000,8.500000,1270.377376
24.000000,8.500000,1336.983806
25.000000,8.500000,1406.289909
26.000000,8.500000,1479.146624
27.000000,8.500000,1553.602845
28.000000,8.500000,1629.658573
29.000000,8.500000,1707.313807
19.000000,9.000000,1024.184829
20.000000,9.000000,1084.656679
21.000000,9.000000,1146.739149
22.000000,9.000000,1210.432237
23.000000,9.000000,1275.735944
24.000000,9.000000,1342.650271
25.000000,9.000000,1412.420652
26.000000,9.000000,1485.288499
27.000000,9.000000,1559.753094
28.000000,9.000000,1635.814437
29.000000,9.000000,1713.472529
19.000000,9.500000,1028.502967
20.000000,9.500000,1089.245063
21.000000,9.500000,1151.605103
22.000000,9.500000,1215.583087
23.000000,9.500000,1281.179013
24.000000,9.500000,1348.392884
25.000000,9.500000,1418.520929
26.000000,9.500000,1491.399833
27.000000,9.500000,1565.872743
28.000000,9.500000,1641.939657
19.000000,10.000000,1032.829761
20.000000,10.000000,1093.842658
21.000000,10.000000,1156.480838
22.000000,10.000000,1220.744301
23.000000,10.000000,1286.633046
24.000000,10.000000,1354.147074
25.000000,10.000000,1424.632765
26.000000,10.000000,1497.522476
27.000000,10.000000,1572.003433
28.000000,10.000000,1648.075636
19.000000,10.500000,1037.414023
20.000000,10.500000,1098.657519
21.000000,10.500000,1161.531691
22.000000,10.500000,1226.036538
23.000000,10.500000,1292.172062
24.000000,10.500000,1359.938261
25.000000,10.500000,1430.677272
26.000000,10.500000,1503.587501
27.000000,10.500000,1578.086310
28.000000,10.500000,1654.173701
19.000000,11.000000,1042.007836
20.000000,11.000000,1103.482350
21.000000,11.000000,1166.592941
22.000000,11.000000,1231.339610
23.000000,11.000000,1297.722358
24.000000,11.000000,1365.741183
25.000000,11.000000,1436.733222
26.000000,11.000000,1509.663717
27.000000,11.000000,1584.180118
28.000000,11.000000,1660.282422
19.000000,11.500000,1046.636989
20.000000,11.500000,1108.327388
21.000000,11.500000,1171.658908
22.000000,11.500000,1236.631549
23.000000,11.500000,1303.245311
24.000000,11.500000,1371.500195
25.000000,11.500000,1442.770413
26.000000,11.500000,1515.837426
27.000000,11.500000,1590.491197
28.000000,11.500000,1666.731727
19.000000,12.000000,1051.275816
20.000000,12.000000,1113.182488
21.000000,12.000000,1176.735332
22.000000,12.000000,1241.934348
23.000000,12.000000,1308.779536
24.000000,12.000000,1377.270895
25.000000,12.000000,1448.819191
26.000000,12.000000,1522.022779
27.000000,12.000000,1596.813977
28.000000,12.000000,1673.192787
19.000000,12.500000,1056.085513
20.000000,12.500000,1118.185988
21.000000,12.500000,1181.936461
22.000000,12.500000,1247.336933
23.000000,12.500000,1314.387403
24.000000,12.500000,1383.173622
25.000000,12.500000,1454.948037
26.000000,12.500000,1528.346831
27.000000,12.500000,1603.336215
28.000000,12.500000,1679.916189
19.000000,13.000000,1060.905506
20.000000,13.000000,1123.200084
21.000000,13.000000,1187.148490
22.000000,13.000000,1252.750725
23.000000,13.000000,1320.006789
24.000000,13.000000,1389.088040
25.000000,13.000000,1461.088721
26.000000,13.000000,1534.682972
27.000000,13.000000,1609.870794
28.000000,13.000000,1686.652186
19.000000,13.500000,1065.729780
20.000000,13.500000,1128.226970
21.000000,13.500000,1192.381795
22.000000,13.500000,1258.194254
23.000000,13.500000,1325.664348
24.000000,13.500000,1395.074670
25.000000,13.500000,1467.265915
26.000000,13.500000,1541.053614
27.000000,13.500000,1616.437767
28.000000,13.500000,1693.418373
18.000000,14.000000,1009.525811
19.000000,14.000000,1070.564472
20.000000,14.000000,1133.264577
21.000000,14.000000,1197.626128
22.000000,14.000000,1263.649122
23.000000,14.000000,1331.333562
24.000000,14.000000,1401.073005
25.000000,14.000000,1473.455054
26.000000,14.000000,1547.436443
27.000000,14.000000,1623.017170
28.000000,14.000000,1700.197236
18.000000,14.500000,1014.187859
19.000000,14.500000,1075.421827
20.000000,14.500000,1138.321130
21.000000,14.500000,1202.885767
22.000000,14.500000,1269.115739
23.000000,14.500000,1337.011046
24.000000,14.500000,1407.069702
25.000000,14.500000,1479.650311
26.000000,14.500000,1553.832832
27.000000,14.500000,1629.617268
28.000000,14.500000,1707.003617
18.000000,15.000000,1018.860106
19.000000,15.000000,1080.289683
20.000000,15.000000,1143.388487
21.000000,15.000000,1208.156520
22.000000,15.000000,1274.593781
23.000000,15.000000,1342.700271
24.000000,15.000000,1413.078242
25.000000,15.000000,1485.857634
26.000000,15.000000,1560.241516
27.000000,15.000000,1636.229888
28.000000,15.000000,1713.822751
18.000000,15.500000,1023.505996
19.000000,15.500000,1085.132268
20.000000,15.500000,1148.431720
21.000000,15.500000,1213.404351
22.000000,15.500000,1280.050162
23.000000,15.500000,1348.369152
24.000000,15.500000,1419.062081
25.000000,15.500000,1492.045045
26.000000,15.500000,1566.635582
27.000000,15.500000,1642.833691
18.000000,16.000000,1028.162019
19.000000,16.000000,1089.985290
20.000000,16.000000,1153.485695
21.000000,16.000000,1218.663234
22.000000,16.000000,1285.517908
23.000000,16.000000,1354.049716
24.000000,16.000000,1425.057756
25.000000,16.000000,1498.244553
26.000000,16.000000,1573.042008
27.000000,16.000000,1649.450120
18.000000,16.500000,1032.957679
19.000000,16.500000,1094.959814
20.000000,16.500000,1158.641761
21.000000,16.500000,1224.003521
22.000000,16.500000,1291.045092
23.000000,16.500000,1359.766476
24.000000,16.500000,1431.087113
25.000000,16.500000,1504.488693
26.000000,16.500000,1579.504453
27.000000,16.500000,1656.134393
18.000000,17.000000,1037.764075
19.000000,17.000000,1099.945284
20.000000,17.000000,1163.808984
21.000000,17.000000,1229.355175
22.000000,17.000000,1296.583857
23.000000,17.000000,1365.495031
24.000000,17.000000,1437.128406
25.000000,17.000000,1510.745068
26.000000,17.000000,1585.979437
27.000000,17.000000,1662.831511
18.000000,17.500000,1042.612444
19.000000,17.500000,1104.973265
20.000000,17.500000,1169.019253
21.000000,17.500000,1234.750408
22.000000,17.500000,1302.166731
23.000000,17.500000,1371.268221
24.000000,17.500000,1443.232429
25.000000,17.500000,1517.076776
26.000000,17.500000,1592.542571
27.000000,17.500000,1669.629813
18.000000,18.000000,1047.471693
19.000000,18.000000,1110.012335
20.000000,18.000000,1174.240822
21.000000,18.000000,1240.157153
22.000000,18.000000,1307.761329
23.000000,18.000000,1377.053350
24.000000,18.000000,1449.348585
25.000000,18.000000,1523.420946
26.000000,18.000000,1599.118500
27.000000,18.000000,1676.441247
18.000000,18.500000,1052.423357
19.000000,18.500000,1115.179870
20.000000,18.500000,1179.628718
21.000000,18.500000,1245.769902
22.000000,18.500000,1313.603421
23.000000,18.500000,1383.170172
24.000000,18.500000,1455.711969
25.000000,18.500000,1529.955903
26.000000,18.500000,1605.826067
27.000000,18.500000,1683.322461
18.000000,19.000000,1057.386271
19.000000,19.000000,1120.359016
20.000000,19.000000,1185.028592
21.000000,19.000000,1251.394999
22.000000,19.000000,1319.458239
23.000000,19.000000,1389.300086
24.000000,19.000000,1462.088420
25.000000,19.000000,1536.504021
26.000000,19.000000,1612.546891
27.000000,19.000000,1690.217028
18.000000,19.500000,1062.497462
19.000000,19.500000,1125.665386
20.000000,19.500000,1190.533332
21.000000,19.500000,1257.101302
22.000000,19.500000,1325.369294
23.000000,19.500000,1395.535437
24.000000,19.500000,1468.560333
25.000000,19.500000,1543.216406
26.000000,19.500000,1619.503655
27.000000,19.500000,1697.422082
18.000000,20.000000,1067.620527
19.000000,20.000000,1130.983889
20.000000,20.000000,1196.050468
21.000000,20.000000,1262.820263
22.000000,20.000000,1331.293274
23.000000,20.000000,1401.783839
24.000000,20.000000,1475.045654
25.000000,20.000000,1549.942559
26.000000,20.000000,1626.474554
27.000000,20.000000,1704.641639
18.000000,20.500000,1072.810688
19.000000,20.500000,1136.361365
20.000000,20.500000,1201.617959
21.000000,20.500000,1268.580471
22.000000,20.500000,1337.248902
23.000000,20.500000,1408.067027
24.000000,20.500000,1481.567381
25.000000,20.500000,1556.706789
26.000000,20.500000,1633.485251
27.000000,20.500000,1711.902767
17.000000,21.000000,1015.983399
18.000000,21.000000,1078.012986
19.000000,21.000000,1141.751195
20.000000,21.000000,1207.198025
21.000000,21.000000,1274.353476
22.000000,21.000000,1343.217549
23.000000,21.000000,1414.363371
24.000000,21.000000,1488.102625
25.000000,21.000000,1563.484903
26.000000,21.000000,1640.510202
27.000000,21.000000,1719.178525
17.000000,21.500000,1021.011575
18.000000,21.500000,1083.246240
19.000000,21.500000,1147.193219
20.000000,21.500000,1212.852514
21.000000,21.500000,1280.224124
22.000000,21.500000,1349.308049
23.000000,21.500000,1420.795148
24.000000,21.500000,1494.749306
25.000000,21.500000,1570.349217
26.000000,21.500000,1647.594883
17.000000,22.000000,1026.051717
18.000000,22.000000,1088.491761
19.000000,22.000000,1152.647817
20.000000,22.000000,1218.519886
21.000000,22.000000,1286.107967
22.000000,22.000000,1355.412060
23.000000,22.000000,1427.240604
24.000000,22.000000,1501.409920
25.000000,22.000000,1577.227723
26.000000,22.000000,1654.694014
17.000000,22.500000,1031.064835
18.000000,22.500000,1093.751960
19.000000,22.500000,1158.160580
20.000000,22.500000,1224.290695
21.000000,22.500000,1292.142306
22.000000,22.500000,1361.715411
23.000000,22.500000,1433.872647
24.000000,22.500000,1508.216016
25.000000,22.500000,1584.208810
26.000000,22.500000,1661.851028
17.000000,23.000000,1036.089871
18.000000,23.000000,1099.024544
19.000000,23.000000,1163.686205
20.000000,23.000000,1230.074852
21.000000,23.000000,1298.190485
22.000000,23.000000,1368.033106
23.000000,23.000000,1440.519097
24.000000,23.000000,1515.036603
25.000000,23.000000,1591.204472
26.000000,23.000000,1669.022703
17.000000,23.500000,1041.114915
18.000000,23.500000,1104.309598
19.000000,23.500000,1169.237030
20.000000,23.500000,1235.897209
21.000000,23.500000,1304.290136
22.000000,23.500000,1374.415811
23.000000,23.500000,1447.196843
24.000000,23.500000,1521.885590
25.000000,23.500000,1598.226146
26.000000,23.500000,1676.218513
17.000000,24.000000,1046.151902
18.000000,24.000000,1109.607103
19.000000,24.000000,1174.800822
20.000000,24.000000,1241.733059
21.000000,24.000000,1310.403813
22.000000,24.000000,1380.813086
23.000000,24.000000,1453.889106
24.000000,24.000000,1528.749204
25.000000,24.000000,1605.262559
26.000000,24.000000,1683.429171
17.000000,24.500000,1051.265681
18.000000,24.500000,1114.983164
19.000000,24.500000,1180.444778
20.000000,24.500000,1247.650522
21.000000,24.500000,1316.600396
22.000000,24.500000,1387.316563
23.000000,24.500000,1460.628065
24.000000,24.500000,1535.659831
25.000000,24.500000,1612.346591
26.000000,24.500000,1690.688344
17.000000,25.000000,1056.391693
18.000000,25.000000,1120.371964
19.000000,25.000000,1186.101985
20.000000,25.000000,1253.581756
21.000000,25.000000,1322.811277
22.000000,25.000000,1393.834798
23.000000,25.000000,1467.381637
24.000000,25.000000,1542.585203
25.000000,25.000000,1619.445495
26.000000,25.000000,1697.962515
17.000000,25.500000,1061.616598
18.000000,25.500000,1125.829614
19.000000,25.500000,1191.796757
20.000000,25.500000,1259.518030
21.000000,25.500000,1328.993430
22.000000,25.500000,1400.326537
23.000000,25.500000,1474.069753
24.000000,25.500000,1549.471660
25.000000,25.500000,1626.532257
26.000000,25.500000,1705.251544
17.000000,26.000000,1066.854154
18.000000,26.000000,1131.300295
19.000000,26.000000,1197.504949
20.000000,26.000000,1265.468115
21.000000,26.000000,1335.189793
22.000000,26.000000,1406.832588
23.000000,26.000000,1480.772362
24.000000,26.000000,1556.372790
25.000000,26.000000,1633.633872
26.000000,26.000000,1712.555608
17.000000,26.500000,1072.247189
18.000000,26.500000,1136.904177
19.000000,26.500000,1203.322763
20.000000,26.500000,1271.502947
21.000000,26.500000,1341.444730
22.000000,26.500000,1413.371131
23.000000,26.500000,1487.529810
24.000000,26.500000,1563.351863
25.000000,26.500000,1640.837290
26.000000,26.500000,1719.986091
17.000000,27.000000,1077.653561
18.000000,27.000000,1142.521665
19.000000,27.000000,1209.154456
20.000000,27.000000,1277.551934
21.000000,27.000000,1347.714100
22.000000,27.000000,1419.924119
23.000000,27.000000,1494.301962
24.000000,27.000000,1570.345901
25.000000,27.000000,1648.055937
26.000000,27.000000,1727.432069
17.000000,27.500000,1083.113798
18.000000,27.500000,1148.193284
19.000000,27.500000,1215.040492
20.000000,27.500000,1283.655421
21.000000,27.500000,1354.038071
22.000000,27.500000,1426.551355
23.000000,27.500000,1501.187108
24.000000,27.500000,1577.493362
25.000000,27.500000,1655.470120
16.000000,28.000000,1025.067188
17.000000,28.000000,1088.587567
18.000000,28.000000,1153.878704
19.000000,28.000000,1220.940597
20.000000,28.000000,1289.773249
21.000000,28.000000,1360.376657
22.000000,28.000000,1433.193292
23.000000,28.000000,1508.087374
24.000000,28.000000,1584.656372
25.000000,28.000000,1662.900283
16.000000,28.500000,1030.374075
17.000000,28.500000,1094.114524
18.000000,28.500000,1159.629266
19.000000,28.500000,1226.918302
20.000000,28.500000,1295.981632
21.000000,28.500000,1366.819255
22.000000,28.500000,1439.953711
23.000000,28.500000,1515.103327
24.000000,28.500000,1591.932073
25.000000,28.500000,1670.439949
16.000000,29.000000,1035.694387
17.000000,29.000000,1099.655218
18.000000,29.000000,1165.393882
19.000000,29.000000,1232.910380
20.000000,29.000000,1302.204711
21.000000,29.000000,1373.276876
22.000000,29.000000,1446.729278
23.000000,29.000000,1522.134833
24.000000,29.000000,1599.223739
25.000000,29.000000,1677.995995
16.000000,29.500000,1040.934935
17.000000,29.500000,1105.174845
18.000000,29.500000,1171.198457
19.000000,29.500000,1239.005770
20.000000,29.500000,1308.596784
21.000000,29.500000,1379.971500
22.000000,29.500000,1453.723072
23.000000,29.500000,1529.341045
24.000000,29.500000,1606.644437
25.000000,29.500000,1685.633248
16.000000,30.000000,1046.188615
17.000000,30.000000,1110.708179
18.000000,30.000000,1177.017319
19.000000,30.000000,1245.116033
20.000000,30.000000,1315.004324
21.000000,30.000000,1386.682189
22.000000,30.000000,1460.732917
23.000000,30.000000,1536.563510
24.000000,30.000000,1614.081593
25.000000,30.000000,1693.287165
16.000000,30.500000,1051.468602
17.000000,30.500000,1116.271784
18.000000,30.500000,1182.870757
19.000000,30.500000,1251.265522
20.000000,30.500000,1321.456078
21.000000,30.500000,1393.453102
22.000000,30.500000,1467.762407
23.000000,30.500000,1543.807596
24.000000,30.500000,1621.542619
25.000000,30.500000,1700.967476
16.000000,31.000000,1056.761771
17.000000,31.000000,1121.849163
18.000000,31.000000,1188.738571
19.000000,31.000000,1257.429996
20.000000,31.000000,1327.923437
21.000000,31.000000,1400.240192
22.000000,31.000000,1474.808018
23.000000,31.000000,1551.068025
24.000000,31.000000,1629.020211
25.000000,31.000000,1708.664578
16.000000,31.500000,1062.110972
17.000000,31.500000,1127.483391
18.000000,31.500000,1194.664138
19.000000,31.500000,1263.653216
20.000000,31.500000,1334.450623
21.000000,31.500000,1407.101853
22.000000,31.500000,1481.881803
23.000000,31.500000,1558.356593
24.000000,31.500000,1636.526222
25.000000,31.500000,1716.390692
16.000000,32.000000,1067.473547
17.000000,32.000000,1133.131586
18.000000,32.000000,1200.604278
19.000000,32.000000,1269.891621
20.000000,32.000000,1340.993617
21.000000,32.000000,1413.979497
22.000000,32.000000,1488.971807
23.000000,32.000000,1565.661617
24.000000,32.000000,1644.048927
25.000000,32.000000,1724.133738
16.000000,32.500000,1073.054154
17.000000,32.500000,1138.993504
18.000000,32.500000,1206.753313
19.000000,32.500000,1276.333582
20.000000,32.500000,1347.734310
21.000000,32.500000,1421.008983
22.000000,32.500000,1496.186718
23.000000,32.500000,1573.063380
24.000000,32.500000,1651.638969
25.000000,32.500000,1731.913485
16.000000,33.000000,1078.649144
17.000000,33.000000,1144.870367
18.000000,33.000000,1212.917864
19.000000,33.000000,1282.791636
20.000000,33.000000,1354.491683
21.000000,33.000000,1428.055098
22.000000,33.000000,1503.418369
23.000000,33.000000,1580.481993
24.000000,33.000000,1659.245968
25.000000,33.000000,1739.710296
16.000000,33.500000,1084.334042
17.000000,33.500000,1150.855913
18.000000,33.500000,1219.210734
19.000000,33.500000,1289.398505
20.000000,33.500000,1361.419226
21.000000,33.500000,1435.228814
22.000000,33.500000,1510.753360
23.000000,33.500000,1587.978454
24.000000,33.500000,1666.904096
16.000000,34.000000,1090.033709
17.000000,34.000000,1156.856879
18.000000,34.000000,1225.519684
19.000000,34.000000,1296.022125
20.000000,34.000000,1368.364202
21.000000,34.000000,1442.419701
22.000000,34.000000,1518.105508
23.000000,34.000000,1595.492059
24.000000,34.000000,1674.579352
16.000000,34.500000,1095.786205
17.000000,34.500000,1162.920062
18.000000,34.500000,1231.900572
19.000000,34.500000,1302.727737
20.000000,34.500000,1375.401556
21.000000,34.500000,1449.668054
22.000000,34.500000,1525.540213
23.000000,34.500000,1603.114344
24.000000,34.500000,1682.390446
15.000000,35.000000,1035.962126
16.000000,35.000000,1101.553676
17.000000,35.000000,1168.998910
18.000000,35.000000,1238.297827
19.000000,35.000000,1309.450429
20.000000,35.000000,1382.456715
21.000000,35.000000,1456.933796
22.000000,35.000000,1532.992399
23.000000,35.000000,1610.754203
24.000000,35.000000,1690.219207
15.000000,35.500000,1041.583177
16.000000,35.500000,1107.463344
17.000000,35.500000,1175.203055
18.000000,35.500000,1244.802311
19.000000,35.500000,1316.261112
20.000000,35.500000,1389.579456
21.000000,35.500000,1464.219467
22.000000,35.500000,1540.469940
23.000000,35.500000,1618.425252
24.000000,35.500000,1698.085402
15.000000,36.000000,1047.219275
16.000000,36.000000,1113.388646
17.000000,36.000000,1181.423429
18.000000,36.000000,1251.323624
19.000000,36.000000,1323.089232
20.000000,36.000000,1396.720252
21.000000,36.000000,1471.522584
22.000000,36.000000,1547.965052
23.000000,36.000000,1626.113995
24.000000,36.000000,1705.969413
15.000000,36.500000,1052.941663
16.000000,36.500000,1119.322462
17.000000,36.500000,1187.571093
18.000000,36.500000,1257.687555
19.000000,36.500000,1329.671847
20.000000,36.500000,1403.506461
21.000000,36.500000,1478.544432
22.000000,36.500000,1555.259480
23.000000,36.500000,1633.684959
24.000000,36.500000,1713.820867
15.000000,37.000000,1058.679485
16.000000,37.000000,1125.271920
17.000000,37.000000,1193.734606
18.000000,37.000000,1264.067544
19.000000,37.000000,1336.270733
20.000000,37.000000,1410.308987
21.000000,37.000000,1485.582657
22.000000,37.000000,1562.570717
23.000000,37.000000,1641.273166
24.000000,37.000000,1721.690004
15.000000,37.500000,1064.579754
16.000000,37.500000,1131.358944
17.000000,37.500000,1200.009637
18.000000,37.500000,1270.531831
19.000000,37.500000,1342.925528
20.000000,37.500000,1417.126867
21.000000,37.500000,1492.665943
22.000000,37.500000,1569.922899
23.000000,37.500000,1648.897733
24.000000,37.500000,1729.590445
15.000000,38.000000,1070.496210
16.000000,38.000000,1137.462232
17.000000,38.000000,1206.301004
18.000000,38.000000,1277.012528
19.000000,38.000000,1349.596802
20.000000,38.000000,1423.960894
21.000000,38.000000,1499.765776
22.000000,38.000000,1577.292028
23.000000,38.000000,1656.539651
24.000000,38.000000,1737.508645
15.000000,38.500000,1076.410088
16.000000,38.500000,1143.575296
17.000000,38.500000,1212.614891
18.000000,38.500000,1283.528872
19.000000,38.500000,1356.317241
20.000000,38.500000,1430.870443
21.000000,38.500000,1506.923276
22.000000,38.500000,1584.700554
23.000000,38.500000,1664.202276
15.000000,39.000000,1082.340105
16.000000,39.000000,1149.704627
17.000000,39.000000,1218.945171
18.000000,39.000000,1290.061738
19.000000,39.000000,1363.054328
20.000000,39.000000,1437.796413
21.000000,39.000000,1514.097528
22.000000,39.000000,1592.126163
23.000000,39.000000,1671.882318
15.000000,39.500000,1088.293407
16.000000,39.500000,1155.896667
17.000000,39.500000,1225.379201
18.000000,39.500000,1296.741009
19.000000,39.500000,1369.982090
20.000000,39.500000,1444.941312
21.000000,39.500000,1521.477423
22.000000,39.500000,1599.743720
23.000000,39.500000,1679.740202
15.000000,40.000000,1094.262927
16.000000,40.000000,1162.105242
17.000000,40.000000,1231.830083
18.000000,40.000000,1303.437451
19.000000,40.000000,1376.927346
20.000000,40.000000,1452.103527
21.000000,40.000000,1528.874903
22.000000,40.000000,1607.379133
23.000000,40.000000,1687.616216
15.000000,40.500000,1100.191361
16.000000,40.500000,1168.339656
17.000000,40.500000,1238.376615
18.000000,40.500000,1310.302237
19.000000,40.500000,1384.116523
20.000000,40.500000,1459.509275
21.000000,40.500000,1536.488664
22.000000,40.500000,1615.202528
23.000000,40.500000,1695.650868
15.000000,41.000000,1106.135761
16.000000,41.000000,1174.590688
17.000000,41.000000,1244.940422
18.000000,41.000000,1317.184965
19.000000,41.000000,1391.324316
20.000000,41.000000,1466.933362
21.000000,41.000000,1544.120905
22.000000,41.000000,1623.044546
23.000000,41.000000,1703.704284
15.000000,41.500000,1112.133342
16.000000,41.500000,1180.922593
17.000000,41.500000,1251.613963
18.000000,41.500000,1324.207453
19.000000,41.500000,1398.703063
20.000000,41.500000,1474.477074
21.000000,41.500000,1551.854043
22.000000,41.500000,1630.967757
23.000000,41.500000,1711.818215
14.000000,42.000000,1050.932180
15.000000,42.000000,1118.147102
16.000000,42.000000,1187.271466
17.000000,42.000000,1258.305272
18.000000,42.000000,1331.248519
19.000000,42.000000,1406.101208
20.000000,42.000000,1482.039634
21.000000,42.000000,1559.606071
22.000000,42.000000,1638.909898
23.000000,42.000000,1719.951115
14.000000,42.500000,1056.733951
15.000000,42.500000,1124.270173
16.000000,42.500000,1193.722539
17.000000,42.500000,1265.091049
18.000000,42.500000,1338.375704
19.000000,42.500000,1413.551666
20.000000,42.500000,1489.637810
21.000000,42.500000,1567.407528
22.000000,42.500000,1646.915826
23.000000,42.500000,1728.162703
14.000000,43.000000,1062.551666
15.000000,43.000000,1130.409922
16.000000,43.000000,1200.191032
17.000000,43.000000,1271.894998
18.000000,43.000000,1345.521817
19.000000,43.000000,1421.021611
20.000000,43.000000,1497.254941
21.000000,43.000000,1575.228040
22.000000,43.000000,1654.940910
23.000000,43.000000,1736.393548
14.000000,43.500000,1068.449084
15.000000,43.500000,1136.595758
16.000000,43.500000,1206.670372
17.000000,43.500000,1278.672926
18.000000,43.500000,1352.603420
19.000000,43.500000,1428.313049
20.000000,43.500000,1504.823184
21.000000,43.500000,1583.076951
22.000000,43.500000,1663.074350
23.000000,43.500000,1744.815380
14.000000,44.000000,1074.362797
15.000000,44.000000,1142.798442
16.000000,44.000000,1213.167118
17.000000,44.000000,1285.468824
18.000000,44.000000,1359.703560
19.000000,44.000000,1435.622793
20.000000,44.000000,1512.410168
21.000000,44.000000,1590.945039
22.000000,44.000000,1671.227408
23.000000,44.000000,1753.257274
14.000000,44.500000,1080.388884
15.000000,44.500000,1149.096215
16.000000,44.500000,1219.740709
17.000000,44.500000,1292.322366
18.000000,44.500000,1366.841185
19.000000,44.500000,1442.961711
20.000000,44.500000,1520.058968
21.000000,44.500000,1598.908550
22.000000,44.500000,1679.510456
14.000000,45.000000,1086.431798
15.000000,45.000000,1155.411267
16.000000,45.000000,1226.332034
17.000000,45.000000,1299.194100
18.000000,45.000000,1373.997465
19.000000,45.000000,1450.319056
20.000000,45.000000,1527.726768
21.000000,45.000000,1606.891637
22.000000,45.000000,1687.813662
14.000000,45.500000,1092.475290
15.000000,45.500000,1161.737223
16.000000,45.500000,1232.944955
17.000000,45.500000,1306.098486
18.000000,45.500000,1381.197815
19.000000,45.500000,1457.738262
20.000000,45.500000,1535.461500
21.000000,45.500000,1614.946502
22.000000,45.500000,1696.193269
14.000000,46.000000,1098.535537
15.000000,46.000000,1168.080441
16.000000,46.000000,1239.575647
17.000000,46.000000,1313.021156
18.000000,46.000000,1388.416966
19.000000,46.000000,1465.176154
20.000000,46.000000,1543.215498
21.000000,46.000000,1623.021218
22.000000,46.000000,1704.593314
14.000000,46.500000,1104.691507
15.000000,46.500000,1174.527365
16.000000,46.500000,1246.318311
17.000000,46.500000,1320.064344
18.000000,46.500000,1395.765465
19.000000,46.500000,1472.743514
20.000000,46.500000,1551.087066
21.000000,46.500000,1631.201071
22.000000,46.500000,1713.085529
14.000000,47.000000,1110.864664
15.000000,47.000000,1180.992015
16.000000,47.000000,1253.079244
17.000000,47.000000,1327.126349
18.000000,47.000000,1403.133332
19.000000,47.000000,1480.330082
20.000000,47.000000,1558.978359
21.000000,47.000000,1639.401170
22.000000,47.000000,1721.598514
14.000000,47.500000,1117.267837
15.000000,47.500000,1187.669011
16.000000,47.500000,1260.033496
17.000000,47.500000,1334.361291
18.000000,47.500000,1410.652397
14.000000,48.000000,1123.689382
15.000000,48.000000,1194.364797
16.000000,48.000000,1267.006957
17.000000,48.000000,1341.615862
18.000000,48.000000,1418.191512
14.000000,48.500000,1130.229743
15.000000,48.500000,1201.204973
16.000000,48.500000,1274.151675
17.000000,48.500000,1349.069850
13.000000,49.000000,1067.489654
14.000000,49.000000,1136.789044
15.000000,49.000000,1208.064638
16.000000,49.000000,1281.316437
17.000000,49.000000,1356.544440
13.000000,49.500000,1073.840190
14.000000,49.500000,1143.437992
15.000000,49.500000,1215.016975
16.000000,49.500000,1288.577139
17.000000,49.500000,1364.118485
13.000000,50.000000,1080.209498
14.000000,50.000000,1150.106266
15.000000,50.000000,1221.989197
16.000000,50.000000,1295.858293
17.000000,50.000000,1371.713552
13.000000,50.500000,1086.405548
14.000000,50.500000,1156.639795
15.000000,50.500000,1228.866612
16.000000,50.500000,1303.085999
17.000000,50.500000,1379.297958
13.000000,51.000000,1092.619307
14.000000,51.000000,1163.191808
15.000000,51.000000,1235.763290
16.000000,51.000000,1310.333754
17.000000,51.000000,1386.903200
13.000000,51.500000,1098.869128
14.000000,51.500000,1169.780488
15.000000,51.500000,1242.697064
16.000000,51.500000,1317.618858
17.000000,51.500000,1394.545870
13.000000,52.000000,1105.136767
14.000000,52.000000,1176.387761
15.000000,52.000000,1249.650210
16.000000,52.000000,1324.924114
17.000000,52.000000,1402.209474
13.000000,52.500000,1111.478149
14.000000,52.500000,1182.963861
15.000000,52.500000,1256.462803
16.000000,52.500000,1331.974976
17.000000,52.500000,1409.500380
13.000000,53.000000,1117.837667
14.000000,53.000000,1189.558288
15.000000,53.000000,1263.293915
16.000000,53.000000,1339.044550
17.000000,53.000000,1416.810191
13.000000,53.500000,1124.354067
14.000000,53.500000,1196.297381
15.000000,53.500000,1270.256633
16.000000,53.500000,1346.231823
17.000000,53.500000,1424.222950
13.000000,54.000000,1130.889394
14.000000,54.000000,1203.055505
15.000000,54.000000,1277.238485
16.000000,54.000000,1353.438333
17.000000,54.000000,1431.655050
13.000000,54.500000,1137.585964
14.000000,54.500000,1209.960200
15.000000,54.500000,1284.351258
16.000000,54.500000,1360.759136
17.000000,54.500000,1439.183837
13.000000,55.000000,1144.302283
14.000000,55.000000,1216.884643
15.000000,55.000000,1291.483777
16.000000,55.000000,1368.099685
17.000000,55.000000,1446.732368
13.000000,55.500000,1151.097224
14.000000,55.500000,1223.929932
15.000000,55.500000,1298.781208
16.000000,55.500000,1375.651053
12.000000,56.000000,1086.849343
13.000000,56.000000,1157.912261
14.000000,56.000000,1230.995543
15.000000,56.000000,1306.099188
16.000000,56.000000,1383.223197
12.000000,56.500000,1093.426645
13.000000,56.500000,1164.799559
14.000000,56.500000,1238.197186
15.000000,56.500000,1313.619528
16.000000,56.500000,1391.066584
12.000000,57.000000,1100.023781
13.000000,57.000000,1171.707267
14.000000,57.000000,1245.419819
15.000000,57.000000,1321.161436
16.000000,57.000000,1398.932118
12.000000,57.500000,1106.480307
13.000000,57.500000,1178.537278
14.000000,57.500000,1252.630213
15.000000,57.500000,1328.759113
16.000000,57.500000,1406.923977
12.000000,58.000000,1112.955716
13.000000,58.000000,1185.387136
14.000000,58.000000,1259.861419
15.000000,58.000000,1336.378565
16.000000,58.000000,1414.938573
12.000000,58.500000,1119.616693
13.000000,58.500000,1192.405305
14.000000,58.500000,1267.242828
15.000000,58.500000,1344.129261
16.000000,58.500000,1423.064604
12.000000,59.000000,1126.297544
13.000000,59.000000,1199.444187
14.000000,59.000000,1274.645789
15.000000,59.000000,1351.902348
16.000000,59.000000,1431.213866
12.000000,59.500000,1133.038318
13.000000,59.500000,1206.540234
14.000000,59.500000,1282.102549
15.000000,59.500000,1359.725263
16.000000,59.500000,1439.408377
12.000000,60.000000,1139.799200
13.000000,60.000000,1213.657209
14.000000,60.000000,1289.581055
15.000000,60.000000,1367.570737
16.000000,60.000000,1447.626256
12.000000,60.500000,1146.726729
13.000000,60.500000,1220.928709
14.000000,60.500000,1297.201139
15.000000,60.500000,1375.544018
16.000000,60.500000,1455.957347
12.000000,61.000000,1153.675246
13.000000,61.000000,1228.221926
14.000000,61.000000,1304.843664
15.000000,61.000000,1383.540458
16.000000,61.000000,1464.312310
12.000000,61.500000,1160.739558
13.000000,61.500000,1235.682634
14.000000,61.500000,1312.707884
15.000000,61.500000,1391.815307
12.000000,62.000000,1167.825431
13.000000,62.000000,1243.165927
14.000000,62.000000,1320.595713
15.000000,62.000000,1400.114789
12.000000,62.500000,1174.890704
13.000000,62.500000,1250.677163
14.000000,62.500000,1328.562956
15.000000,62.500000,1408.548083
12.000000,63.000000,1181.977281
13.000000,63.000000,1258.211008
14.000000,63.000000,1336.554127
15.000000,63.000000,1417.006637
12.000000,63.500000,1189.314654
13.000000,63.500000,1265.978717
14.000000,63.500000,1344.760970
15.000000,63.500000,1425.661414
11.000000,64.000000,1121.706133
12.000000,64.000000,1196.674714
13.000000,64.000000,1273.770293
14.000000,64.000000,1352.992872
15.000000,64.000000,1434.342450
11.000000,64.500000,1128.764700
12.000000,64.500000,1204.123311
13.000000,64.500000,1281.615987
14.000000,64.500000,1361.242727
15.000000,64.500000,1443.003531
11.000000,65.000000,1135.845392
12.000000,65.000000,1211.594995
13.000000,65.000000,1289.485732
14.000000,65.000000,1369.517604
15.000000,65.000000,1451.690610
11.000000,65.500000,1142.967029
12.000000,65.500000,1219.018362
13.000000,65.500000,1297.213386
14.000000,65.500000,1377.552100
15.000000,65.500000,1460.034504
11.000000,66.000000,1150.110917
12.000000,66.000000,1226.464396
13.000000,66.000000,1304.964120
14.000000,66.000000,1385.610088
15.000000,66.000000,1468.402302
11.000000,66.500000,1157.248953
12.000000,66.500000,1233.934875
13.000000,66.500000,1312.770186
14.000000,66.500000,1393.754887
15.000000,66.500000,1476.888977
11.000000,67.000000,1164.409070
12.000000,67.000000,1241.428036
13.000000,67.000000,1320.599529
14.000000,67.000000,1401.923547
15.000000,67.000000,1485.400092
11.000000,67.500000,1171.712211
12.000000,67.500000,1249.108278
13.000000,67.500000,1328.661816
14.000000,67.500000,1410.372823
11.000000,68.000000,1179.038182
12.000000,68.000000,1256.812199
13.000000,68.000000,1336.748621
14.000000,68.000000,1418.847448
11.000000,68.500000,1186.489072
12.000000,68.500000,1264.734791
13.000000,68.500000,1345.151498
14.000000,68.500000,1427.739193
11.000000,69.000000,1193.963430
12.000000,69.000000,1272.682259
13.000000,69.000000,1353.580647
14.000000,69.000000,1436.658592
11.000000,69.500000,1201.568403
12.000000,69.500000,1280.841385
13.000000,69.500000,1362.305334
14.000000,69.500000,1445.960251
11.000000,70.000000,1209.197519
12.000000,70.000000,1289.026549
13.000000,70.000000,1371.057936
14.000000,70.000000,1455.291679
11.000000,70.500000,1216.995086
12.000000,70.500000,1297.394044
13.000000,70.500000,1380.006827
14.000000,70.500000,1464.833434
10.000000,71.000000,1146.072133
11.000000,71.000000,1224.817709
12.000000,71.000000,1305.788550
13.000000,71.000000,1388.984656
14.000000,71.000000,1474.406029
10.000000,71.500000,1153.513878
11.000000,71.500000,1232.811838
12.000000,71.500000,1314.346727
13.000000,71.500000,1398.118544
14.000000,71.500000,1484.127289
10.000000,72.000000,1160.979704
11.000000,72.000000,1240.831940
12.000000,72.000000,1322.932757
13.000000,72.000000,1407.282156
14.000000,72.000000,1493.880136
10.000000,72.500000,1168.734464
11.000000,72.500000,1249.082082
12.000000,72.500000,1331.688250
13.000000,72.500000,1416.552968
10.000000,73.000000,1176.514972
11.000000,73.000000,1257.359454
12.000000,73.000000,1340.472461
13.000000,73.000000,1425.853991
10.000000,73.500000,1184.478381
11.000000,73.500000,1265.824082
12.000000,73.500000,1349.448334
13.000000,73.500000,1435.351135
10.000000,74.000000,1192.468544
11.000000,74.000000,1274.316953
12.000000,74.000000,1358.453944
13.000000,74.000000,1444.879519
10.000000,74.500000,1200.700997
11.000000,74.500000,1283.057388
12.000000,74.500000,1367.712202
13.000000,74.500000,1454.665439
10.000000,75.000000,1208.961599
11.000000,75.000000,1291.827465
12.000000,75.000000,1377.001599
13.000000,75.000000,1464.484001
10.000000,75.500000,1217.401518
11.000000,75.500000,1300.770684
12.000000,75.500000,1386.457671
13.000000,75.500000,1474.462478
10.000000,76.000000,1225.870608
11.000000,76.000000,1309.744516
12.000000,76.000000,1395.945804
13.000000,76.000000,1484.474473
10.000000,76.500000,1234.546962
11.000000,76.500000,1318.942746
12.000000,76.500000,1405.675725
13.000000,76.500000,1494.745898
10.000000,77.000000,1243.253676
11.000000,77.000000,1328.172862
12.000000,77.000000,1415.439060
13.000000,77.000000,1505.052273
