weight_g,550.000000
thrust_N,velocity_m_s,power_W
15.000000,0.000000,3962.431982
16.000000,0.000000,4230.497586
17.000000,0.000000,4507.289348
18.000000,0.000000,4792.807268
19.000000,0.000000,5082.280480
20.000000,0.000000,5355.662994
21.000000,0.000000,5636.160110
22.000000,0.000000,5923.771829
15.000000,0.500000,3966.035013
16.000000,0.500000,4234.399924
17.000000,0.500000,4511.502818
18.000000,0.500000,4797.343695
19.000000,0.500000,5086.351628
20.000000,0.500000,5360.093386
21.000000,0.500000,5640.962507
22.000000,0.500000,5928.958991
15.000000,1.000000,3969.639518
16.000000,1.000000,4238.303906
17.000000,1.000000,4515.718109
18.000000,1.000000,4801.882126
19.000000,1.000000,5090.424250
20.000000,1.000000,5364.525434
21.000000,1.000000,5645.766751
22.000000,1.000000,5934.148203
15.000000,1.500000,3973.253070
16.000000,1.500000,4242.225875
17.000000,1.500000,4519.960840
18.000000,1.500000,4806.457965
19.000000,1.500000,5094.536548
20.000000,1.500000,5368.990913
21.000000,1.500000,5650.597848
22.000000,1.500000,5939.357354
15.000000,2.000000,3976.868108
16.000000,2.000000,4246.149504
17.000000,2.000000,4524.205414
18.000000,2.000000,4811.035841
19.000000,2.000000,5098.650344
20.000000,2.000000,5373.458069
21.000000,2.000000,5655.430811
22.000000,2.000000,5944.568570
15.000000,2.500000,3980.493811
16.000000,2.500000,4250.092979
17.000000,2.500000,4528.479544
18.000000,2.500000,4815.653507
19.000000,2.500000,5102.803306
20.000000,2.500000,5377.957853
21.000000,2.500000,5660.289512
22.000000,2.500000,5949.798284
15.000000,3.000000,3984.121012
16.000000,3.000000,4254.038133
17.000000,3.000000,4532.755543
18.000000,3.000000,4820.273243
19.000000,3.000000,5106.957790
20.000000,3.000000,5382.459335
21.000000,3.000000,5665.150097
22.000000,3.000000,5955.030078
15.000000,3.500000,3987.760510
16.000000,3.500000,4258.005033
17.000000,3.500000,4537.063281
18.000000,3.500000,4824.935253
19.000000,3.500000,5111.150873
20.000000,3.500000,5386.992580
21.000000,3.500000,5670.035247
22.000000,3.500000,5960.278874
15.000000,4.000000,3991.401519
16.000000,4.000000,4261.973633
17.000000,4.000000,4541.372916
18.000000,4.000000,4829.599368
19.000000,4.000000,5115.345501
20.000000,4.000000,5391.527544
21.000000,4.000000,5674.922299
22.000000,4.000000,5965.529764
15.000000,4.500000,3995.059782
16.000000,4.500000,4265.968377
17.000000,4.500000,4545.718086
18.000000,4.500000,4834.308909
19.000000,4.500000,5119.578099
20.000000,4.500000,5396.093350
21.000000,4.500000,5679.832685
22.000000,4.500000,5970.796103
15.000000,5.000000,3998.719573
16.000000,5.000000,4269.964843
17.000000,5.000000,4550.065183
18.000000,5.000000,4839.020594
19.000000,5.000000,5123.812265
20.000000,5.000000,5400.660895
21.000000,5.000000,5684.744990
22.000000,5.000000,5976.064550
15.000000,5.500000,4002.696677
16.000000,5.500000,4274.227262
17.000000,5.500000,4554.622974
18.000000,5.500000,4843.883811
19.000000,5.500000,5128.142508
20.000000,5.500000,5405.300113
21.000000,5.500000,5689.703197
22.000000,5.500000,5981.351760
15.000000,6.000000,4006.675589
16.000000,6.000000,4278.491644
17.000000,6.000000,4559.182886
18.000000,6.000000,4848.749314
19.000000,6.000000,5132.474395
20.000000,6.000000,5409.941128
21.000000,6.000000,5694.663361
22.000000,6.000000,5986.641094
15.000000,6.500000,4010.775687
16.000000,6.500000,4282.964119
17.000000,6.500000,4564.043069
18.000000,6.500000,4854.012539
19.000000,6.500000,5137.158060
20.000000,6.500000,5414.884294
21.000000,6.500000,5699.873202
22.000000,6.500000,5992.124783
15.000000,7.000000,4014.877709
16.000000,7.000000,4287.438755
17.000000,7.000000,4568.905666
18.000000,7.000000,4859.278442
19.000000,7.000000,5141.843656
20.000000,7.000000,5419.829517
21.000000,7.000000,5705.085229
22.000000,7.000000,5997.610790
15.000000,7.500000,4019.001767
16.000000,7.500000,4291.931499
17.000000,7.500000,4573.782159
18.000000,7.500000,4864.553749
19.000000,7.500000,5146.541604
20.000000,7.500000,5424.807277
21.000000,7.500000,5710.351044
22.000000,7.500000,6003.172903
15.000000,8.000000,4023.127770
16.000000,8.000000,4296.426422
17.000000,8.000000,4578.661080
18.000000,8.000000,4869.831745
19.000000,8.000000,5151.241499
20.000000,8.000000,5429.787131
21.000000,8.000000,5715.619103
22.000000,8.000000,6008.737416
15.000000,8.500000,4027.275058
16.000000,8.500000,4300.938697
17.000000,8.500000,4583.553139
18.000000,8.500000,4875.118384
19.000000,8.500000,5155.947542
20.000000,8.500000,5434.778479
21.000000,8.500000,5720.904249
22.000000,8.500000,6014.324852
15.000000,9.000000,4031.424310
16.000000,9.000000,4305.453168
17.000000,9.000000,4588.447639
18.000000,9.000000,4880.407722
19.000000,9.000000,5160.655541
20.000000,9.000000,5439.771932
21.000000,9.000000,5726.191654
22.000000,9.000000,6019.914707
15.000000,9.500000,4035.600725
16.000000,9.500000,4309.988973
17.000000,9.500000,4593.357225
18.000000,9.500000,4885.705482
19.000000,9.500000,5165.370761
20.000000,9.500000,5444.777950
21.000000,9.500000,5731.497213
14.000000,10.000000,3774.025676
15.000000,10.000000,4039.779131
16.000000,10.000000,4314.526996
17.000000,10.000000,4598.269269
18.000000,10.000000,4891.005952
19.000000,10.000000,5170.087946
20.000000,10.000000,5449.786086
21.000000,10.000000,5736.805047
14.000000,10.500000,3778.163777
15.000000,10.500000,4044.198635
16.000000,10.500000,4319.237378
17.000000,10.500000,4603.280006
18.000000,10.500000,4896.326520
19.000000,10.500000,5174.813403
20.000000,10.500000,5454.807840
21.000000,10.500000,5742.132091
14.000000,11.000000,3782.303964
15.000000,11.000000,4048.620379
16.000000,11.000000,4323.950160
17.000000,11.000000,4608.293307
18.000000,11.000000,4901.649820
19.000000,11.000000,5179.540833
20.000000,11.000000,5459.831725
21.000000,11.000000,5747.461428
14.000000,11.500000,3786.530757
15.000000,11.500000,4053.193584
16.000000,11.500000,4328.883294
17.000000,11.500000,4613.599886
18.000000,11.500000,4907.343361
19.000000,11.500000,5184.515867
20.000000,11.500000,5465.029455
21.000000,11.500000,5752.886812
14.000000,12.000000,3790.759726
15.000000,12.000000,4057.769186
16.000000,12.000000,4333.819055
17.000000,12.000000,4618.909332
18.000000,12.000000,4913.040018
19.000000,12.000000,5189.493079
20.000000,12.000000,5470.229460
21.000000,12.000000,5758.314568
22.000000,12.000000,6051.167821
23.000000,12.000000,6333.979877
24.000000,12.000000,6623.195073
25.000000,12.000000,6918.813409
14.000000,12.500000,3795.023543
15.000000,12.500000,4062.451626
16.000000,12.500000,4338.938307
17.000000,12.500000,4624.483588
18.000000,12.500000,4919.087466
19.000000,12.500000,5194.747198
20.000000,12.500000,5475.701218
21.000000,12.500000,5764.008319
22.000000,12.500000,6056.442867
23.000000,12.500000,6339.462660
24.000000,12.500000,6628.889523
25.000000,12.500000,6924.723456
14.000000,13.000000,3799.289571
15.000000,13.000000,4067.136574
16.000000,13.000000,4344.060385
17.000000,13.000000,4630.061001
18.000000,13.000000,4925.138424
19.000000,13.000000,5200.003747
20.000000,13.000000,5481.175497
21.000000,13.000000,5769.704684
22.000000,13.000000,6061.719986
23.000000,13.000000,6344.947585
24.000000,13.000000,6634.586186
25.000000,13.000000,6930.635788
14.000000,13.500000,3803.586554
15.000000,13.500000,4071.855207
16.000000,13.500000,4349.218990
17.000000,13.500000,4635.677901
18.000000,13.500000,4930.719633
19.000000,13.500000,5205.370106
20.000000,13.500000,5486.861620
21.000000,13.500000,5775.719975
22.000000,13.500000,6067.350718
23.000000,13.500000,6350.775531
24.000000,13.500000,6640.614553
25.000000,13.500000,6936.867784
14.000000,14.000000,3807.885780
15.000000,14.000000,4076.576384
16.000000,14.000000,4354.380457
17.000000,14.000000,4641.298002
18.000000,14.000000,4936.303776
19.000000,14.000000,5210.738996
20.000000,14.000000,5492.550464
21.000000,14.000000,5781.738178
22.000000,14.000000,6072.983807
23.000000,14.000000,6356.605899
24.000000,14.000000,6646.645409
25.000000,14.000000,6943.102335
14.000000,14.500000,3812.226552
15.000000,14.500000,4081.339516
16.000000,14.500000,4359.584206
17.000000,14.500000,4646.960623
18.000000,14.500000,4941.384408
19.000000,14.500000,5216.125987
20.000000,14.500000,5498.252981
21.000000,14.500000,5787.765391
22.000000,14.500000,6078.633504
23.000000,14.500000,6362.523231
24.000000,14.500000,6652.836693
25.000000,14.500000,6949.573889
14.000000,15.000000,3816.569613
15.000000,15.000000,4086.105238
16.000000,15.000000,4364.790864
17.000000,15.000000,4652.626491
18.000000,15.000000,4946.467412
19.000000,15.000000,5221.515527
20.000000,15.000000,5503.958232
21.000000,15.000000,5793.795528
22.000000,15.000000,6084.285576
23.000000,15.000000,6368.443064
24.000000,15.000000,6659.030607
25.000000,15.000000,6956.048206
14.000000,15.500000,3821.143479
15.000000,15.500000,4091.057737
16.000000,15.500000,4370.136585
17.000000,15.500000,4658.380023
18.000000,15.500000,4951.571744
19.000000,15.500000,5226.922214
20.000000,15.500000,5509.676213
21.000000,15.500000,5799.833739
22.000000,15.500000,6089.943041
23.000000,15.500000,6374.374092
24.000000,15.500000,6665.241753
14.000000,16.000000,3825.719940
15.000000,16.000000,4096.013074
16.000000,16.000000,4375.485399
17.000000,16.000000,4664.136914
18.000000,16.000000,4956.678467
19.000000,16.000000,5232.331468
20.000000,16.000000,5515.396940
21.000000,16.000000,5805.874882
22.000000,16.000000,6095.602887
23.000000,16.000000,6380.307632
24.000000,16.000000,6671.455543
14.000000,16.500000,3830.385555
15.000000,16.500000,4101.044490
16.000000,16.500000,4380.896115
17.000000,16.500000,4669.940431
18.000000,16.500000,4961.805568
19.000000,16.500000,5237.756929
20.000000,16.500000,5521.129468
21.000000,16.500000,5811.923184
22.000000,16.500000,6101.269396
23.000000,16.500000,6386.253649
24.000000,16.500000,6677.687857
14.000000,17.000000,3835.053870
15.000000,17.000000,4106.078833
16.000000,17.000000,4386.309996
17.000000,17.000000,4675.747357
18.000000,17.000000,4966.935079
19.000000,17.000000,5243.184972
20.000000,17.000000,5526.864755
21.000000,17.000000,5817.974427
22.000000,17.000000,6106.938293
23.000000,17.000000,6392.202188
24.000000,17.000000,6683.922830
14.000000,17.500000,3839.750486
15.000000,17.500000,4111.183245
16.000000,17.500000,4391.838620
17.000000,17.500000,4681.716613
18.000000,17.500000,4972.299837
19.000000,17.500000,5248.786077
20.000000,17.500000,5532.707024
21.000000,17.500000,5824.062678
22.000000,17.500000,6112.615103
23.000000,17.500000,6398.164471
24.000000,17.500000,6690.177611
14.000000,18.000000,3844.449840
15.000000,18.000000,4116.290683
16.000000,18.000000,4397.370576
17.000000,18.000000,4687.689519
18.000000,18.000000,4977.667306
19.000000,18.000000,5254.389984
20.000000,18.000000,5538.552188
21.000000,18.000000,5830.153917
22.000000,18.000000,6118.294308
23.000000,18.000000,6404.129287
24.000000,18.000000,6696.435067
14.000000,18.500000,3849.172215
15.000000,18.500000,4121.439382
16.000000,18.500000,4402.963202
17.000000,18.500000,4693.743675
18.000000,18.500000,4983.125808
19.000000,18.500000,5260.133931
20.000000,18.500000,5544.588781
21.000000,18.500000,5836.490359
22.000000,18.500000,6124.178659
23.000000,18.500000,6410.236089
24.000000,18.500000,6702.768391
14.000000,19.000000,3853.897355
15.000000,19.000000,4126.591157
16.000000,19.000000,4408.559234
17.000000,19.000000,4699.801584
18.000000,19.000000,4988.587117
19.000000,19.000000,5265.880822
20.000000,19.000000,5550.628459
21.000000,19.000000,5842.830028
22.000000,19.000000,6130.065576
23.000000,19.000000,6416.345541
24.000000,19.000000,6709.104453
14.000000,19.500000,3858.688472
15.000000,19.500000,4131.796529
16.000000,19.500000,4414.195528
17.000000,19.500000,4705.885470
18.000000,19.500000,4994.110516
19.000000,19.500000,5271.826138
20.000000,19.500000,5557.009959
21.000000,19.500000,5849.661978
22.000000,19.500000,6136.353441
23.000000,19.500000,6422.737349
24.000000,19.500000,6715.598650
14.000000,20.000000,3863.482428
15.000000,20.000000,4137.005039
16.000000,20.000000,4419.835275
17.000000,20.000000,4711.973138
18.000000,20.000000,4999.636787
19.000000,20.000000,5277.774606
20.000000,20.000000,5563.394904
21.000000,20.000000,5856.497679
22.000000,20.000000,6142.644240
23.000000,20.000000,6429.132063
24.000000,20.000000,6722.095725
14.000000,20.500000,3868.700861
15.000000,20.500000,4142.530964
16.000000,20.500000,4425.677429
17.000000,20.500000,4718.140254
18.000000,20.500000,5005.191405
19.000000,20.500000,5283.766331
20.000000,20.500000,5569.838741
21.000000,20.500000,5863.408635
22.000000,20.500000,6149.066275
23.000000,20.500000,6435.802334
24.000000,20.500000,6729.019007
14.000000,21.000000,3873.922636
15.000000,21.000000,4148.060406
16.000000,21.000000,4431.523276
17.000000,21.000000,4724.311247
18.000000,21.000000,5010.748922
19.000000,21.000000,5289.761250
20.000000,21.000000,5576.286083
21.000000,21.000000,5870.323420
22.000000,21.000000,6155.491371
23.000000,21.000000,6442.475780
24.000000,21.000000,6735.945578
14.000000,21.500000,3879.208627
15.000000,21.500000,4153.636667
16.000000,21.500000,4437.397208
17.000000,21.500000,4730.490249
18.000000,21.500000,5016.336312
19.000000,21.500000,5295.799034
20.000000,21.500000,5582.789895
21.000000,21.500000,5877.308894
22.000000,21.500000,6161.968121
23.000000,21.500000,6449.222199
24.000000,21.500000,6742.967368
14.000000,22.000000,3884.498049
15.000000,22.000000,4159.216508
16.000000,22.000000,4443.274871
17.000000,22.000000,4736.673138
18.000000,22.000000,5021.926631
19.000000,22.000000,5301.840054
20.000000,22.000000,5589.297266
21.000000,22.000000,5884.298266
22.000000,22.000000,6168.447978
23.000000,22.000000,6455.971863
24.000000,22.000000,6749.992541
14.000000,22.500000,3889.850106
15.000000,22.500000,4164.915136
16.000000,22.500000,4449.331053
17.000000,22.500000,4743.097856
18.000000,22.500000,5027.731006
19.000000,22.500000,5308.052700
20.000000,22.500000,5595.931319
21.000000,22.500000,5891.366864
22.000000,22.500000,6174.961989
23.000000,22.500000,6462.751623
24.000000,22.500000,6757.043559
14.000000,23.000000,3895.205667
15.000000,23.000000,4170.617490
16.000000,23.000000,4455.391187
17.000000,23.000000,4749.526760
18.000000,23.000000,5033.538528
19.000000,23.000000,5314.268758
20.000000,23.000000,5602.569061
21.000000,23.000000,5898.439438
22.000000,23.000000,6181.479137
23.000000,23.000000,6469.534654
24.000000,23.000000,6764.097982
14.000000,23.500000,3900.722412
15.000000,23.500000,4176.647128
16.000000,23.500000,4461.955306
17.000000,23.500000,4756.646946
18.000000,23.500000,5039.867190
19.000000,23.500000,5320.862845
20.000000,23.500000,5609.433549
21.000000,23.500000,5905.479314
22.000000,23.500000,6188.029785
23.000000,23.500000,6476.346940
24.000000,23.500000,6771.177218
14.000000,24.000000,3906.242864
15.000000,24.000000,4182.680916
16.000000,24.000000,4468.524042
17.000000,24.000000,4763.772242
18.000000,24.000000,5046.199563
19.000000,24.000000,5327.460752
20.000000,24.000000,5616.301968
21.000000,24.000000,5912.523108
22.000000,24.000000,6194.583598
23.000000,24.000000,6483.162523
24.000000,24.000000,6778.259883
14.000000,24.500000,3911.855738
15.000000,24.500000,4188.806364
16.000000,24.500000,4475.183383
17.000000,24.500000,4770.986794
18.000000,24.500000,5052.583235
19.000000,24.500000,5334.123717
20.000000,24.500000,5623.249898
21.000000,24.500000,5918.913323
22.000000,24.500000,6201.209961
23.000000,24.500000,6490.029283
24.000000,24.500000,6785.371288
14.000000,25.000000,3917.472446
15.000000,25.000000,4194.936088
16.000000,25.000000,4481.847465
17.000000,25.000000,4778.206578
18.000000,25.000000,5058.970675
19.000000,25.000000,5340.790576
20.000000,25.000000,5630.201854
21.000000,25.000000,5925.306679
22.000000,25.000000,6207.839568
23.000000,25.000000,6496.899392
24.000000,25.000000,6792.486150
14.000000,25.500000,3923.354859
15.000000,25.500000,4201.235949
16.000000,25.500000,4488.578826
17.000000,25.500000,4785.383490
18.000000,25.500000,5065.354982
19.000000,25.500000,5347.561470
20.000000,25.500000,5637.370927
21.000000,25.500000,5932.025850
22.000000,25.500000,6214.704167
23.000000,25.500000,6503.908899
24.000000,25.500000,6799.640047
14.000000,26.000000,3929.241531
15.000000,26.000000,4207.540359
16.000000,26.000000,4495.315034
17.000000,26.000000,4792.565559
18.000000,26.000000,5071.743057
19.000000,26.000000,5354.336407
20.000000,26.000000,5644.544330
21.000000,26.000000,5938.748571
22.000000,26.000000,6221.572297
23.000000,26.000000,6510.921921
24.000000,26.000000,6806.797443
14.000000,26.500000,3935.184972
15.000000,26.500000,4213.862829
16.000000,26.500000,4502.027904
17.000000,26.500000,4799.680197
18.000000,26.500000,5078.098455
19.000000,26.500000,5361.108670
20.000000,26.500000,5651.746690
21.000000,26.500000,5945.498805
22.000000,26.500000,6228.511227
23.000000,26.500000,6518.051081
24.000000,26.500000,6814.118368
13.000000,27.000000,3671.574215
14.000000,27.000000,3941.132742
15.000000,27.000000,4220.189863
16.000000,27.000000,4508.745578
17.000000,27.000000,4806.799886
18.000000,27.000000,5084.457582
19.000000,27.000000,5367.884973
20.000000,27.000000,5658.953414
21.000000,27.000000,5952.252616
22.000000,27.000000,6235.453770
23.000000,27.000000,6525.183892
24.000000,27.000000,6821.442982
13.000000,27.500000,3677.163356
14.000000,27.500000,3947.094948
15.000000,27.500000,4226.536842
16.000000,27.500000,4515.489040
17.000000,27.500000,4813.733825
18.000000,27.500000,5090.831146
19.000000,27.500000,5374.644754
20.000000,27.500000,5666.110968
21.000000,27.500000,5958.952899
22.000000,27.500000,6242.489106
23.000000,27.500000,6532.562584
24.000000,27.500000,6829.173333
13.000000,28.000000,3682.756606
14.000000,28.000000,3953.061499
15.000000,28.000000,4232.888410
16.000000,28.000000,4522.237338
17.000000,28.000000,4820.672532
18.000000,28.000000,5097.208457
19.000000,28.000000,5381.408554
20.000000,28.000000,5673.272821
21.000000,28.000000,5965.656699
22.000000,28.000000,6249.528158
23.000000,28.000000,6539.945197
24.000000,28.000000,6836.907817
13.000000,28.500000,3688.368117
14.000000,28.500000,3959.101904
15.000000,28.500000,4239.373377
16.000000,28.500000,4529.182537
17.000000,28.500000,4826.967864
18.000000,28.500000,5103.795725
19.000000,28.500000,5388.294110
20.000000,28.500000,5680.463020
21.000000,28.500000,5972.330091
22.000000,28.500000,6256.550912
23.000000,28.500000,6547.326321
13.000000,29.000000,3693.983762
14.000000,29.000000,3965.146770
15.000000,29.000000,4245.863146
16.000000,29.000000,4536.132890
17.000000,29.000000,4833.267095
18.000000,29.000000,5110.387033
19.000000,29.000000,5395.183854
20.000000,29.000000,5687.657557
21.000000,29.000000,5979.006960
22.000000,29.000000,6263.577361
23.000000,29.000000,6554.711363
13.000000,29.500000,3699.719292
14.000000,29.500000,3971.321507
15.000000,29.500000,4252.493247
16.000000,29.500000,4543.234512
17.000000,29.500000,4839.726311
18.000000,29.500000,5117.101578
19.000000,29.500000,5402.157703
20.000000,29.500000,5694.894686
21.000000,29.500000,5985.710381
22.000000,29.500000,6270.626840
23.000000,29.500000,6562.115742
13.000000,30.000000,3705.459134
14.000000,30.000000,3977.500903
15.000000,30.000000,4259.128368
16.000000,30.000000,4550.341530
17.000000,30.000000,4846.189653
18.000000,30.000000,5123.820335
19.000000,30.000000,5409.135852
20.000000,30.000000,5702.136203
21.000000,30.000000,5992.417305
22.000000,30.000000,6277.680037
23.000000,30.000000,6569.524057
13.000000,30.500000,3711.698309
14.000000,30.500000,3984.069266
15.000000,30.500000,4266.033192
16.000000,30.500000,4557.590086
17.000000,30.500000,4852.664271
18.000000,30.500000,5130.560481
19.000000,30.500000,5416.146065
20.000000,30.500000,5709.421022
21.000000,30.500000,5999.183357
22.000000,30.500000,6284.777456
23.000000,30.500000,6576.960929
13.000000,31.000000,3717.942588
14.000000,31.000000,3990.642898
15.000000,31.000000,4272.943452
16.000000,31.000000,4564.844249
17.000000,31.000000,4859.143022
18.000000,31.000000,5137.304861
19.000000,31.000000,5423.160615
20.000000,31.000000,5716.710282
21.000000,31.000000,6005.952981
22.000000,31.000000,6291.878644
23.000000,31.000000,6584.401770
13.000000,31.500000,3724.130260
14.000000,31.500000,3997.177767
15.000000,31.500000,4279.834204
16.000000,31.500000,4572.099569
17.000000,31.500000,4865.685182
18.000000,31.500000,5144.297725
19.000000,31.500000,5430.618746
20.000000,31.500000,5724.648245
21.000000,31.500000,6013.298399
22.000000,31.500000,6299.358101
23.000000,31.500000,6592.013723
13.000000,32.000000,3730.322925
14.000000,32.000000,4003.717828
15.000000,32.000000,4286.730348
16.000000,32.000000,4579.360487
17.000000,32.000000,4872.231553
18.000000,32.000000,5151.295145
19.000000,32.000000,5438.081792
20.000000,32.000000,5732.591495
21.000000,32.000000,6020.648051
22.000000,32.000000,6306.841756
23.000000,32.000000,6599.629838
13.000000,32.500000,3736.517867
14.000000,32.500000,4010.264526
15.000000,32.500000,4293.637797
16.000000,32.500000,4586.637680
17.000000,32.500000,4878.814307
18.000000,32.500000,5158.332344
19.000000,32.500000,5445.588161
20.000000,32.500000,5740.581757
21.000000,32.500000,6028.017431
22.000000,32.500000,6314.373930
23.000000,32.500000,6607.324554
13.000000,33.000000,3742.717796
14.000000,33.000000,4016.816415
15.000000,33.000000,4300.550645
16.000000,33.000000,4593.920486
17.000000,33.000000,4885.401314
18.000000,33.000000,5165.374147
19.000000,33.000000,5453.099498
20.000000,33.000000,5748.577366
21.000000,33.000000,6035.391068
22.000000,33.000000,6321.910357
23.000000,33.000000,6615.023519
13.000000,33.500000,3748.965673
14.000000,33.500000,4023.458727
15.000000,33.500000,4307.599196
16.000000,33.500000,4601.387079
17.000000,33.500000,4892.176598
18.000000,33.500000,5172.557249
19.000000,33.500000,5460.702315
20.000000,33.500000,5756.611797
21.000000,33.500000,6042.863572
22.000000,33.500000,6329.698524
23.000000,33.500000,6623.133979
13.000000,34.000000,3755.218609
14.000000,34.000000,4030.106370
15.000000,34.000000,4314.653356
16.000000,34.000000,4608.859568
17.000000,34.000000,4898.956381
18.000000,34.000000,5179.745138
19.000000,34.000000,5468.310218
20.000000,34.000000,5764.651621
21.000000,34.000000,6050.340455
22.000000,34.000000,6337.491247
23.000000,34.000000,6631.249177
13.000000,34.500000,3761.683739
14.000000,34.500000,4037.017443
15.000000,34.500000,4322.025361
16.000000,34.500000,4616.707494
17.000000,34.500000,4906.124471
18.000000,34.500000,5187.210971
19.000000,34.500000,5476.078843
20.000000,34.500000,5772.728086
21.000000,34.500000,6057.862346
22.000000,34.500000,6345.374668
23.000000,34.500000,6639.502842
13.000000,35.000000,3768.154284
14.000000,35.000000,4043.934294
15.000000,35.000000,4329.403521
16.000000,35.000000,4624.561963
17.000000,35.000000,4913.297641
18.000000,35.000000,5194.682005
19.000000,35.000000,5483.852790
20.000000,35.000000,5780.809994
21.000000,35.000000,6065.388672
22.000000,35.000000,6353.262761
23.000000,35.000000,6647.761421
13.000000,35.500000,3775.115453
14.000000,35.500000,4051.230671
15.000000,35.500000,4337.041212
16.000000,35.500000,4632.547075
17.000000,35.500000,4920.513462
18.000000,35.500000,5202.182050
19.000000,35.500000,5491.641308
20.000000,35.500000,5788.891235
21.000000,35.500000,6072.934304
22.000000,35.500000,6361.175727
23.000000,35.500000,6656.050654
13.000000,36.000000,3782.082894
14.000000,36.000000,4058.533479
15.000000,36.000000,4344.685494
16.000000,36.000000,4640.538940
17.000000,36.000000,4927.734416
18.000000,36.000000,5209.687328
19.000000,36.000000,5499.435160
20.000000,36.000000,5796.977911
21.000000,36.000000,6080.484393
22.000000,36.000000,6369.093392
23.000000,36.000000,6664.344834
13.000000,36.500000,3789.056183
14.000000,36.500000,4065.848382
15.000000,36.500000,4352.348515
16.000000,36.500000,4648.556581
17.000000,36.500000,4935.001559
18.000000,36.500000,5217.282432
19.000000,36.500000,5507.364813
20.000000,36.500000,5805.126844
21.000000,36.500000,6088.179073
22.000000,36.500000,6377.109943
23.000000,36.500000,6672.689944
13.000000,37.000000,3796.035746
14.000000,37.000000,4073.169728
15.000000,37.000000,4360.018149
16.000000,37.000000,4656.581007
17.000000,37.000000,4942.273891
18.000000,37.000000,5224.882887
19.000000,37.000000,5515.299983
20.000000,37.000000,5813.281284
21.000000,37.000000,6095.878386
22.000000,37.000000,6385.131311
23.000000,37.000000,6681.040059
13.000000,37.500000,3803.022738
14.000000,37.500000,4080.504808
15.000000,37.500000,4367.708214
16.000000,37.500000,4664.632957
17.000000,37.500000,4949.641387
18.000000,37.500000,5232.681139
19.000000,37.500000,5523.541213
20.000000,37.500000,5821.077616
21.000000,37.500000,6103.878361
22.000000,37.500000,6393.335751
23.000000,37.500000,6689.449786
13.000000,38.000000,3810.016009
14.000000,38.000000,4087.846344
15.000000,38.000000,4375.404915
16.000000,38.000000,4672.691724
17.000000,38.000000,4957.014204
18.000000,38.000000,5240.485035
19.000000,38.000000,5531.788418
20.000000,38.000000,5828.878967
21.000000,38.000000,6111.883374
22.000000,38.000000,6401.545249
23.000000,38.000000,6697.864589
13.000000,38.500000,3817.103280
14.000000,38.500000,4095.287492
15.000000,38.500000,4383.207023
16.000000,38.500000,4680.861874
17.000000,38.500000,4964.519807
18.000000,38.500000,5248.424937
19.000000,38.500000,5540.174825
20.000000,38.500000,5836.787496
21.000000,38.500000,6119.965458
22.000000,38.500000,6409.800132
23.000000,38.500000,6706.291518
13.000000,39.000000,3824.196993
14.000000,39.000000,4102.735268
15.000000,39.000000,4391.015946
16.000000,39.000000,4689.039028
17.000000,39.000000,4972.030929
18.000000,39.000000,5256.370685
19.000000,39.000000,5548.567413
20.000000,39.000000,5844.701189
21.000000,39.000000,6128.052679
22.000000,39.000000,6418.060126
23.000000,39.000000,6714.723530
13.000000,39.500000,3831.513780
14.000000,39.500000,4110.443449
15.000000,39.500000,4399.124545
16.000000,39.500000,4697.557067
17.000000,39.500000,4979.806337
18.000000,39.500000,5264.502485
19.000000,39.500000,5557.063151
20.000000,39.500000,5852.646891
21.000000,39.500000,6136.317499
22.000000,39.500000,6426.650039
23.000000,39.500000,6723.644511
13.000000,40.000000,3838.837428
14.000000,40.000000,4118.158731
15.000000,40.000000,4407.240489
16.000000,40.000000,4706.082701
17.000000,40.000000,4987.587655
18.000000,40.000000,5272.640403
19.000000,40.000000,5565.565216
20.000000,40.000000,5860.597792
21.000000,40.000000,6144.587682
22.000000,40.000000,6435.245480
23.000000,40.000000,6732.571187
13.000000,40.500000,3846.629859
14.000000,40.500000,4126.404377
15.000000,40.500000,4415.951085
16.000000,40.500000,4715.269984
17.000000,40.500000,4995.791826
18.000000,40.500000,5281.059139
19.000000,40.500000,5574.197864
20.000000,40.500000,5868.605559
21.000000,40.500000,6153.036220
22.000000,40.500000,6444.146344
23.000000,40.500000,6741.935931
13.000000,41.000000,3854.430079
14.000000,41.000000,4134.658138
15.000000,41.000000,4424.670128
16.000000,41.000000,4724.466049
17.000000,41.000000,5004.002538
18.000000,41.000000,5289.484401
19.000000,41.000000,5582.837021
20.000000,41.000000,5876.618592
21.000000,41.000000,6161.490349
22.000000,41.000000,6453.053135
23.000000,41.000000,6751.306948
13.000000,41.500000,3862.251793
14.000000,41.500000,4142.930561
15.000000,41.500000,4433.404767
16.000000,41.500000,4733.409076
17.000000,41.500000,5012.202306
18.000000,41.500000,5297.902277
19.000000,41.500000,5591.472557
20.000000,41.500000,5884.678955
21.000000,41.500000,6170.018212
22.000000,41.500000,6462.061234
12.000000,42.000000,3598.758475
13.000000,42.000000,3870.081321
14.000000,42.000000,4151.211118
15.000000,42.000000,4442.147865
16.000000,42.000000,4742.360376
17.000000,42.000000,5020.408589
18.000000,42.000000,5306.326659
19.000000,42.000000,5600.114587
20.000000,42.000000,5892.744639
21.000000,42.000000,6178.551756
22.000000,42.000000,6471.075390
12.000000,42.500000,3606.171971
13.000000,42.500000,3877.931752
14.000000,42.500000,4159.509765
15.000000,42.500000,4450.906010
16.000000,42.500000,4750.342183
17.000000,42.500000,5028.688817
18.000000,42.500000,5314.909316
19.000000,42.500000,5609.003681
20.000000,42.500000,5901.091075
21.000000,42.500000,6187.289450
22.000000,42.500000,6480.213224
12.000000,43.000000,3613.592996
13.000000,43.000000,3885.790021
14.000000,43.000000,4167.816564
15.000000,43.000000,4459.672625
16.000000,43.000000,4758.330500
17.000000,43.000000,5036.975672
18.000000,43.000000,5323.498720
19.000000,43.000000,5617.899642
20.000000,43.000000,5909.443206
21.000000,43.000000,6196.033097
22.000000,43.000000,6489.357273
12.000000,43.500000,3621.193383
13.000000,43.500000,3893.788448
14.000000,43.500000,4176.221084
15.000000,43.500000,4468.491291
16.000000,43.500000,4766.338571
17.000000,43.500000,5045.404811
18.000000,43.500000,5332.359720
19.000000,43.500000,5627.203299
20.000000,43.500000,5918.184042
21.000000,43.500000,6205.043725
22.000000,43.500000,6498.640501
12.000000,44.000000,3628.801650
13.000000,44.000000,3901.794978
14.000000,44.000000,4184.633931
15.000000,44.000000,4477.318510
16.000000,44.000000,4774.353178
17.000000,44.000000,5053.840802
18.000000,44.000000,5341.227897
19.000000,44.000000,5636.514465
20.000000,44.000000,5926.931115
21.000000,44.000000,6214.060672
22.000000,44.000000,6507.930127
12.000000,44.500000,3636.612978
13.000000,44.500000,3910.030643
14.000000,44.500000,4193.303383
15.000000,44.500000,4486.431195
16.000000,44.500000,4782.706424
17.000000,44.500000,5062.611287
18.000000,44.500000,5350.425461
19.000000,44.500000,5646.148946
20.000000,44.500000,5935.905911
21.000000,44.500000,6223.228831
22.000000,44.500000,6517.290660
12.000000,45.000000,3644.432609
13.000000,45.000000,3918.274885
14.000000,45.000000,4201.981685
15.000000,45.000000,4495.553009
16.000000,45.000000,4791.066802
17.000000,45.000000,5071.389201
18.000000,45.000000,5359.630755
19.000000,45.000000,5655.791463
20.000000,45.000000,5944.887268
21.000000,45.000000,6232.403514
22.000000,45.000000,6526.657680
12.000000,45.500000,3652.654211
13.000000,45.500000,3926.857318
14.000000,45.500000,4210.928812
15.000000,45.500000,4504.868693
16.000000,45.500000,4799.614311
17.000000,45.500000,5080.310786
18.000000,45.500000,5368.933288
19.000000,45.500000,5665.481817
20.000000,45.500000,5953.882140
21.000000,45.500000,6241.614646
22.000000,45.500000,6536.085170
12.000000,46.000000,3660.885007
13.000000,46.000000,3935.449062
14.000000,46.000000,4219.885365
15.000000,46.000000,4514.193917
16.000000,46.000000,4808.169307
17.000000,46.000000,5089.240063
18.000000,46.000000,5378.243719
19.000000,46.000000,5675.180277
20.000000,46.000000,5962.883583
21.000000,46.000000,6250.832348
22.000000,46.000000,6545.519227
12.000000,46.500000,3669.137350
13.000000,46.500000,3944.079842
14.000000,46.500000,4228.899784
15.000000,46.500000,4523.597174
16.000000,46.500000,4816.851684
17.000000,46.500000,5098.266841
18.000000,46.500000,5387.619730
19.000000,46.500000,5684.910352
20.000000,46.500000,5972.029850
21.000000,46.500000,6260.381315
22.000000,46.500000,6555.479703
12.000000,47.000000,3677.398915
13.000000,47.000000,3952.720003
14.000000,47.000000,4237.923742
15.000000,47.000000,4533.010131
16.000000,47.000000,4825.541784
17.000000,47.000000,5107.301483
18.000000,47.000000,5397.003745
19.000000,47.000000,5694.648572
20.000000,47.000000,5981.182906
21.000000,47.000000,6269.937359
22.000000,47.000000,6565.447550
12.000000,47.500000,3685.688312
13.000000,47.500000,3961.385406
14.000000,47.500000,4246.970106
15.000000,47.500000,4542.442413
16.000000,47.500000,4834.249262
17.000000,47.500000,5116.353933
18.000000,47.500000,5406.405994
19.000000,47.500000,5704.405447
20.000000,47.500000,5990.389399
21.000000,47.500000,6279.573943
22.000000,47.500000,6575.524245
12.000000,48.000000,3693.986971
13.000000,48.000000,3970.060222
14.000000,48.000000,4256.026036
15.000000,48.000000,4551.884414
16.000000,48.000000,4842.964476
17.000000,48.000000,5125.414260
18.000000,48.000000,5415.816260
19.000000,48.000000,5714.170477
20.000000,48.000000,5999.602754
21.000000,48.000000,6289.217718
22.000000,48.000000,6585.608465
12.000000,48.500000,3702.456773
13.000000,48.500000,3978.865905
14.000000,48.500000,4265.169191
15.000000,48.500000,4561.366631
16.000000,48.500000,4851.736970
17.000000,48.500000,5134.610677
18.000000,48.500000,5425.445825
19.000000,48.500000,5724.242415
20.000000,48.500000,6009.065015
21.000000,48.500000,6299.022190
22.000000,48.500000,6595.760695
12.000000,49.000000,3710.936213
13.000000,49.000000,3987.681276
14.000000,49.000000,4274.322081
15.000000,49.000000,4570.858630
16.000000,49.000000,4860.517287
17.000000,49.000000,5143.815201
18.000000,49.000000,5435.083785
19.000000,49.000000,5734.323040
20.000000,49.000000,6018.534530
21.000000,49.000000,6308.834099
22.000000,49.000000,6605.920549
12.000000,49.500000,3719.647506
13.000000,49.500000,3996.743638
14.000000,49.500000,4283.737593
15.000000,49.500000,4580.629372
16.000000,49.500000,4869.575652
17.000000,49.500000,5153.302511
18.000000,49.500000,5445.009188
19.000000,49.500000,5744.082744
20.000000,49.500000,6028.204776
21.000000,49.500000,6318.765465
22.000000,49.500000,6616.114508
12.000000,50.000000,3728.368947
13.000000,50.000000,4005.816214
14.000000,50.000000,4293.163384
15.000000,50.000000,4590.410457
16.000000,50.000000,4878.642331
17.000000,50.000000,5162.798428
18.000000,50.000000,5454.943493
19.000000,50.000000,5753.850565
20.000000,50.000000,6037.882594
21.000000,50.000000,6328.704450
22.000000,50.000000,6626.316134
12.000000,50.500000,3737.594690
13.000000,50.500000,4015.344224
14.000000,50.500000,4302.991056
15.000000,50.500000,4600.535188
16.000000,50.500000,4888.018691
17.000000,50.500000,5172.604596
18.000000,50.500000,5465.188263
19.000000,50.500000,5763.544368
20.000000,50.500000,6047.752892
21.000000,50.500000,6338.748368
22.000000,50.500000,6636.530797
12.000000,51.000000,3746.831760
13.000000,51.000000,4024.883471
14.000000,51.000000,4312.829877
15.000000,51.000000,4610.670978
16.000000,51.000000,4897.403929
17.000000,51.000000,5182.419933
18.000000,51.000000,5475.442498
19.000000,51.000000,5773.246158
20.000000,51.000000,6057.631072
21.000000,51.000000,6348.800065
22.000000,51.000000,6646.753136
12.000000,51.500000,3756.153529
13.000000,51.500000,4034.630503
14.000000,51.500000,4323.007984
15.000000,51.500000,4621.285975
16.000000,51.500000,4907.190171
17.000000,51.500000,5192.510406
18.000000,51.500000,5485.838399
19.000000,51.500000,5782.938446
20.000000,51.500000,6067.486604
21.000000,51.500000,6358.815336
22.000000,51.500000,6656.924642
12.000000,52.000000,3765.486805
13.000000,52.000000,4044.389238
14.000000,52.000000,4333.197994
15.000000,52.000000,4631.913074
16.000000,52.000000,4916.986049
17.000000,52.000000,5202.610551
18.000000,52.000000,5496.244010
19.000000,52.000000,5792.638689
20.000000,52.000000,6077.349964
21.000000,52.000000,6368.838310
22.000000,52.000000,6667.103727
12.000000,52.500000,3774.897731
13.000000,52.500000,4054.227906
14.000000,52.500000,4343.470166
15.000000,52.500000,4642.624511
16.000000,52.500000,4926.835145
17.000000,52.500000,5212.748035
18.000000,52.500000,5506.670131
19.000000,52.500000,5802.389046
20.000000,52.500000,6087.466358
21.000000,52.500000,6379.326736
12.000000,53.000000,3784.320328
13.000000,53.000000,4064.078443
14.000000,53.000000,4353.754404
15.000000,53.000000,4653.348212
16.000000,53.000000,4936.693960
17.000000,53.000000,5222.895242
18.000000,53.000000,5517.105980
19.000000,53.000000,5812.147425
20.000000,53.000000,6097.590975
21.000000,53.000000,6389.823591
12.000000,53.500000,3793.882235
13.000000,53.500000,4074.033517
14.000000,53.500000,4364.105568
15.000000,53.500000,4664.098387
16.000000,53.500000,4946.559570
17.000000,53.500000,5233.048655
18.000000,53.500000,5527.547415
19.000000,53.500000,5821.987180
20.000000,53.500000,6107.953977
21.000000,53.500000,6400.723139
12.000000,54.000000,3803.456137
13.000000,54.000000,4084.000688
14.000000,54.000000,4374.468928
15.000000,54.000000,4674.860857
16.000000,54.000000,4956.434891
17.000000,54.000000,5243.211782
18.000000,54.000000,5537.998568
19.000000,54.000000,5831.835076
20.000000,54.000000,6118.325582
21.000000,54.000000,6411.631766
12.000000,54.500000,3813.205031
13.000000,54.500000,4094.094057
14.000000,54.500000,4384.905780
15.000000,54.500000,4685.640198
16.000000,54.500000,4966.414991
17.000000,54.500000,5253.584348
18.000000,54.500000,5548.769564
19.000000,54.500000,5842.058595
20.000000,54.500000,6128.961067
21.000000,54.500000,6422.686699
12.000000,55.000000,3822.966339
13.000000,55.000000,4104.199807
14.000000,55.000000,4395.354974
15.000000,55.000000,4696.431841
16.000000,55.000000,4976.404995
17.000000,55.000000,5263.967027
18.000000,55.000000,5559.550885
19.000000,55.000000,5852.290900
20.000000,55.000000,6139.605603
21.000000,55.000000,6433.750949
12.000000,55.500000,3833.171902
13.000000,55.500000,4114.755330
14.000000,55.500000,4406.258706
15.000000,55.500000,4706.732020
16.000000,55.500000,4986.811361
17.000000,55.500000,5274.697209
18.000000,55.500000,5570.606273
19.000000,55.500000,5862.734273
20.000000,55.500000,6150.395159
21.000000,55.500000,6444.890752
12.000000,56.000000,3843.391023
13.000000,56.000000,4125.324350
14.000000,56.000000,4417.175873
15.000000,56.000000,4717.043378
16.000000,56.000000,4997.228484
17.000000,56.000000,5285.438196
18.000000,56.000000,5581.672514
19.000000,56.000000,5873.186796
20.000000,56.000000,6161.194006
21.000000,56.000000,6456.039986
12.000000,56.500000,3853.651236
13.000000,56.500000,4135.957855
14.000000,56.500000,4428.182500
15.000000,56.500000,4727.264223
16.000000,56.500000,5007.833452
17.000000,56.500000,5296.432034
18.000000,56.500000,5593.059968
19.000000,56.500000,5883.932640
20.000000,56.500000,6172.182712
21.000000,56.500000,6467.270307
12.000000,57.000000,3863.925080
13.000000,57.000000,4146.604988
14.000000,57.000000,4439.202750
15.000000,57.000000,4737.496028
16.000000,57.000000,5018.449555
17.000000,57.000000,5307.437182
18.000000,57.000000,5604.458910
19.000000,57.000000,5894.688155
20.000000,57.000000,6183.181032
21.000000,57.000000,6478.510184
12.000000,57.500000,3874.362741
13.000000,57.500000,4157.478686
14.000000,57.500000,4450.516331
15.000000,57.500000,4748.069486
16.000000,57.500000,5029.317205
17.000000,57.500000,5318.597999
18.000000,57.500000,5615.911865
19.000000,57.500000,5905.463081
20.000000,57.500000,6194.220887
21.000000,57.500000,6489.814752
11.000000,58.000000,3611.187848
12.000000,58.000000,3884.814437
13.000000,58.000000,4168.366569
14.000000,58.000000,4461.844245
15.000000,58.000000,4758.654639
16.000000,58.000000,5040.196512
17.000000,58.000000,5329.770430
18.000000,58.000000,5627.376394
19.000000,58.000000,5916.247692
20.000000,58.000000,6205.270408
21.000000,58.000000,6501.128966
11.000000,58.500000,3621.305872
12.000000,58.500000,3895.346923
13.000000,58.500000,4179.315807
14.000000,58.500000,4473.212525
15.000000,58.500000,4769.249405
16.000000,58.500000,5051.084347
17.000000,58.500000,5340.950250
18.000000,58.500000,5638.847115
19.000000,58.500000,5927.060131
20.000000,58.500000,6216.374165
21.000000,58.500000,6512.525041
11.000000,59.000000,3631.438016
12.000000,59.000000,3905.893624
13.000000,59.000000,4190.279352
14.000000,59.000000,4484.595202
15.000000,59.000000,4779.855860
16.000000,59.000000,5061.983829
17.000000,59.000000,5352.141674
18.000000,59.000000,5650.329397
19.000000,59.000000,5937.882282
20.000000,59.000000,6227.487661
21.000000,59.000000,6523.930882
11.000000,59.500000,3641.882261
12.000000,59.500000,3916.680060
13.000000,59.500000,4201.404359
14.000000,59.500000,4496.055156
15.000000,59.500000,4790.471699
16.000000,59.500000,5072.891595
17.000000,59.500000,5363.340226
18.000000,59.500000,5661.817594
19.000000,59.500000,5948.883104
20.000000,59.500000,6238.979821
21.000000,59.500000,6535.925074
11.000000,60.000000,3652.341464
12.000000,60.000000,3927.481321
13.000000,60.000000,4212.544055
14.000000,60.000000,4507.529664
15.000000,60.000000,4801.099220
16.000000,60.000000,5083.810999
17.000000,60.000000,5374.550371
18.000000,60.000000,5673.317338
19.000000,60.000000,5959.893965
20.000000,60.000000,6250.482434
21.000000,60.000000,6547.930142
11.000000,60.500000,3663.386272
12.000000,60.500000,3938.783820
13.000000,60.500000,4224.093293
14.000000,60.500000,4519.314692
15.000000,60.500000,4812.005270
16.000000,60.500000,5095.058118
17.000000,60.500000,5386.139770
18.000000,60.500000,5685.250227
19.000000,60.500000,5971.258324
20.000000,60.500000,6262.210388
21.000000,60.500000,6560.025848
11.000000,61.000000,3674.447705
12.000000,61.000000,3950.102504
13.000000,61.000000,4235.658282
14.000000,61.000000,4531.115040
15.000000,61.000000,4822.923608
16.000000,61.000000,5106.317573
17.000000,61.000000,5397.741552
18.000000,61.000000,5697.195546
19.000000,61.000000,5982.633377
20.000000,61.000000,6273.949200
21.000000,61.000000,6572.132577
11.000000,61.500000,3685.540157
12.000000,61.500000,3961.510548
13.000000,61.500000,4247.375196
14.000000,61.500000,4543.134103
15.000000,61.500000,4834.113653
16.000000,61.500000,5117.830341
17.000000,61.500000,5409.576750
18.000000,61.500000,5708.923021
19.000000,61.500000,5994.170051
20.000000,61.500000,6285.790496
21.000000,61.500000,6584.279642
11.000000,62.000000,3696.649276
12.000000,62.000000,3972.934987
13.000000,62.000000,4259.108237
14.000000,62.000000,4555.169026
15.000000,62.000000,4845.316589
16.000000,62.000000,5129.355988
17.000000,62.000000,5421.424817
18.000000,62.000000,5720.662445
19.000000,62.000000,6005.717711
20.000000,62.000000,6297.642824
21.000000,62.000000,6596.437782
11.000000,62.500000,3707.896151
12.000000,62.500000,3984.524714
13.000000,62.500000,4271.035836
14.000000,62.500000,4567.429517
15.000000,62.500000,4856.793705
16.000000,62.500000,5141.197321
17.000000,62.500000,5433.631984
18.000000,62.500000,5732.289868
19.000000,62.500000,6017.536699
20.000000,62.500000,6309.648614
21.000000,62.500000,6608.625610
11.000000,63.000000,3719.160056
12.000000,63.000000,3996.131266
13.000000,63.000000,4282.980058
14.000000,63.000000,4579.706431
15.000000,63.000000,4868.284328
16.000000,63.000000,5153.052229
17.000000,63.000000,5445.852794
18.000000,63.000000,5743.928985
19.000000,63.000000,6029.367186
20.000000,63.000000,6321.665706
21.000000,63.000000,6620.824545
11.000000,63.500000,3730.494990
12.000000,63.500000,4007.851585
13.000000,63.500000,4295.083739
14.000000,63.500000,4592.191454
15.000000,63.500000,4879.978772
16.000000,63.500000,5165.058421
17.000000,63.500000,5458.169045
18.000000,63.500000,5755.593223
19.000000,63.500000,6041.221041
20.000000,63.500000,6333.704331
21.000000,63.500000,6633.043094
11.000000,64.000000,3741.847116
12.000000,64.000000,4019.589012
13.000000,64.000000,4307.204447
14.000000,64.000000,4604.693421
15.000000,64.000000,4891.687179
16.000000,64.000000,5177.078509
17.000000,64.000000,5470.499122
18.000000,64.000000,5767.269183
19.000000,64.000000,6053.086417
20.000000,64.000000,6345.754277
21.000000,64.000000,6645.272764
11.000000,64.500000,3753.406122
12.000000,64.500000,4031.480680
13.000000,64.500000,4319.422297
14.000000,64.500000,4617.230971
15.000000,64.500000,4903.411044
16.000000,64.500000,5189.112022
17.000000,64.500000,5482.840479
18.000000,64.500000,5778.951297
19.000000,64.500000,6064.992032
20.000000,64.500000,6357.880275
11.000000,65.000000,3764.982919
12.000000,65.000000,4043.389874
13.000000,65.000000,4331.657407
14.000000,65.000000,4629.785517
15.000000,65.000000,4915.148873
16.000000,65.000000,5201.159427
17.000000,65.000000,5495.195656
18.000000,65.000000,5790.645119
19.000000,65.000000,6076.909226
20.000000,65.000000,6370.017723
11.000000,65.500000,3776.896435
12.000000,65.500000,4055.541333
13.000000,65.500000,4344.032434
14.000000,65.500000,4642.369738
15.000000,65.500000,4926.901709
16.000000,65.500000,5213.219774
17.000000,65.500000,5507.561595
18.000000,65.500000,5802.389569
19.000000,65.500000,6089.012552
20.000000,65.500000,6382.483298
11.000000,66.000000,3788.828759
12.000000,66.000000,4067.711004
13.000000,66.000000,4356.425081
14.000000,66.000000,4654.970990
15.000000,66.000000,4938.668510
16.000000,66.000000,5225.294008
17.000000,66.000000,5519.941344
18.000000,66.000000,5814.145805
19.000000,66.000000,6101.127804
20.000000,66.000000,6394.960940
11.000000,66.500000,3800.852113
12.000000,66.500000,4080.098084
13.000000,66.500000,4369.170275
14.000000,66.500000,4668.068685
15.000000,66.500000,4950.952197
16.000000,66.500000,5237.864857
17.000000,66.500000,5532.795456
18.000000,66.500000,5826.385470
19.000000,66.500000,6113.757070
20.000000,66.500000,6407.984068
11.000000,67.000000,3812.894504
12.000000,67.000000,4092.503979
13.000000,67.000000,4381.934059
14.000000,67.000000,4681.184741
15.000000,67.000000,4963.251085
16.000000,67.000000,5250.450742
17.000000,67.000000,5545.664440
18.000000,67.000000,5838.637907
19.000000,67.000000,6126.399292
20.000000,67.000000,6421.020338
11.000000,67.500000,3824.970282
12.000000,67.500000,4104.935565
13.000000,67.500000,4394.715225
14.000000,67.500000,4694.309264
15.000000,67.500000,4975.619271
16.000000,67.500000,5263.173415
17.000000,67.500000,5558.741412
18.000000,67.500000,5851.116727
19.000000,67.500000,6139.197300
20.000000,67.500000,6434.138136
11.000000,68.000000,3837.065143
12.000000,68.000000,4117.385985
13.000000,68.000000,4407.514976
14.000000,68.000000,4707.452117
15.000000,68.000000,4988.002790
16.000000,68.000000,5275.911417
17.000000,68.000000,5571.833709
18.000000,68.000000,5863.608774
19.000000,68.000000,6152.008563
20.000000,68.000000,6447.269214
11.000000,68.500000,3849.182857
12.000000,68.500000,4129.948577
13.000000,68.500000,4420.522712
14.000000,68.500000,4720.174809
15.000000,68.500000,5000.747121
16.000000,68.500000,5289.003422
17.000000,68.500000,5585.272007
18.000000,68.500000,5876.379116
19.000000,68.500000,6165.000321
20.000000,68.500000,6460.477982
11.000000,69.000000,3861.319665
12.000000,69.000000,4142.530292
13.000000,69.000000,4433.549597
14.000000,69.000000,4732.914646
15.000000,69.000000,5013.507673
16.000000,69.000000,5302.111599
17.000000,69.000000,5598.726424
18.000000,69.000000,5889.163260
19.000000,69.000000,6178.005685
20.000000,69.000000,6473.700161
11.000000,69.500000,3873.717577
12.000000,69.500000,4155.314029
13.000000,69.500000,4446.714703
14.000000,69.500000,4745.412544
15.000000,69.500000,5026.372039
16.000000,69.500000,5315.341863
17.000000,69.500000,5612.322017
18.000000,69.500000,5902.050202
19.000000,69.500000,6191.072990
20.000000,69.500000,6486.941377
11.000000,70.000000,3886.135355
12.000000,70.000000,4168.117451
13.000000,70.000000,4459.899313
14.000000,70.000000,4757.926897
15.000000,70.000000,5039.252852
16.000000,70.000000,5328.588563
17.000000,70.000000,5625.934031
18.000000,70.000000,5914.951140
19.000000,70.000000,6204.154003
20.000000,70.000000,6500.196015
11.000000,70.500000,3898.981768
12.000000,70.500000,4181.211389
13.000000,70.500000,4473.225675
14.000000,70.500000,4770.464933
15.000000,70.500000,5052.156931
16.000000,70.500000,5341.858054
17.000000,70.500000,5639.568302
18.000000,70.500000,5927.877784
19.000000,70.500000,6217.297134
20.000000,70.500000,6513.550984
11.000000,71.000000,3911.849377
12.000000,71.000000,4194.325854
13.000000,71.000000,4486.571904
14.000000,71.000000,4783.019441
15.000000,71.000000,5065.077473
16.000000,71.000000,5355.143993
17.000000,71.000000,5653.219003
18.000000,71.000000,5940.818450
19.000000,71.000000,6230.454079
20.000000,71.000000,6526.919560
11.000000,71.500000,3924.718848
12.000000,71.500000,4207.483551
13.000000,71.500000,4500.005852
14.000000,71.500000,4795.742551
15.000000,71.500000,5078.122822
16.000000,71.500000,5368.508032
17.000000,71.500000,5666.898181
18.000000,71.500000,5953.768880
19.000000,71.500000,6243.627630
20.000000,71.500000,6540.311942
11.000000,72.000000,3937.609450
12.000000,72.000000,4220.661848
13.000000,72.000000,4513.459873
14.000000,72.000000,4808.482543
15.000000,72.000000,5091.184917
16.000000,72.000000,5381.888674
17.000000,72.000000,5680.593814
18.000000,72.000000,5966.733319
19.000000,72.000000,6256.815000
20.000000,72.000000,6553.717953
11.000000,72.500000,3950.612986
12.000000,72.500000,4233.955898
13.000000,72.500000,4527.032613
14.000000,72.500000,4821.400888
15.000000,72.500000,5104.472474
16.000000,72.500000,5395.544325
17.000000,72.500000,5694.616441
18.000000,72.500000,5980.221319
19.000000,72.500000,6270.719295
20.000000,72.500000,6568.042627
10.000000,73.000000,3689.727050
11.000000,73.000000,3963.637956
12.000000,73.000000,4247.270848
13.000000,73.000000,4540.625726
14.000000,73.000000,4834.336552
15.000000,73.000000,5117.777326
16.000000,73.000000,5409.217242
17.000000,73.000000,5708.656300
18.000000,73.000000,5993.724479
19.000000,73.000000,6284.638948
20.000000,73.000000,6582.382858
10.000000,73.500000,3702.506000
11.000000,73.500000,3976.738162
12.000000,73.500000,4260.681782
13.000000,73.500000,4554.336860
14.000000,73.500000,4847.414782
15.000000,73.500000,5131.243328
16.000000,73.500000,5423.070906
17.000000,73.500000,5722.464234
18.000000,73.500000,6007.434539
19.000000,73.500000,6298.744892
20.000000,73.500000,6596.887452
10.000000,74.000000,3715.307038
11.000000,74.000000,3989.859978
12.000000,74.000000,4274.113851
13.000000,74.000000,4568.068659
14.000000,74.000000,4860.510663
15.000000,74.000000,5144.727000
16.000000,74.000000,5436.942255
17.000000,74.000000,5736.288799
18.000000,74.000000,6021.160202
19.000000,74.000000,6312.866579
20.000000,74.000000,6611.407929
10.000000,74.500000,3728.485110
11.000000,74.500000,4003.478763
12.000000,74.500000,4288.170090
13.000000,74.500000,4582.559092
14.000000,74.500000,4874.308195
15.000000,74.500000,5158.755032
16.000000,74.500000,5451.191056
17.000000,74.500000,5749.854413
18.000000,74.500000,6035.058179
19.000000,74.500000,6327.096359
20.000000,74.500000,6625.968952
10.000000,75.000000,3741.686511
11.000000,75.000000,4017.120749
12.000000,75.000000,4302.249399
13.000000,75.000000,4597.072462
14.000000,75.000000,4888.125260
15.000000,75.000000,5172.802136
16.000000,75.000000,5465.458473
17.000000,75.000000,5763.436008
18.000000,75.000000,6048.972123
19.000000,75.000000,6341.342090
20.000000,75.000000,6640.545908
10.000000,75.500000,3755.284371
11.000000,75.500000,4031.071865
12.000000,75.500000,4316.543339
13.000000,75.500000,4611.698792
14.000000,75.500000,4902.002182
15.000000,75.500000,5186.956518
16.000000,75.500000,5479.883359
17.000000,75.500000,5777.241871
18.000000,75.500000,6063.046179
19.000000,75.500000,6355.680317
10.000000,76.000000,3768.906894
11.000000,76.000000,4045.047163
12.000000,76.000000,4330.860979
13.000000,76.000000,4626.348342
14.000000,76.000000,4915.898752
15.000000,76.000000,5201.130214
16.000000,76.000000,5494.327229
17.000000,76.000000,5791.064216
18.000000,76.000000,6077.136539
19.000000,76.000000,6370.034668
10.000000,76.500000,3782.509121
11.000000,76.500000,4059.020501
12.000000,76.500000,4345.196429
13.000000,76.500000,4641.036903
14.000000,76.500000,4929.831565
15.000000,76.500000,5215.333110
16.000000,76.500000,5508.792892
17.000000,76.500000,5804.914315
18.000000,76.500000,6091.275560
19.000000,76.500000,6384.459577
10.000000,77.000000,3796.135849
11.000000,77.000000,4073.017929
12.000000,77.000000,4359.555556
13.000000,77.000000,4655.748730
14.000000,77.000000,4943.784069
15.000000,77.000000,5229.555346
16.000000,77.000000,5523.277544
17.000000,77.000000,5818.780920
18.000000,77.000000,6105.430957
19.000000,77.000000,6398.900729
10.000000,77.500000,3809.976038
11.000000,77.500000,4087.284316
12.000000,77.500000,4374.242224
13.000000,77.500000,4670.849764
14.000000,77.500000,4958.032493
15.000000,77.500000,5243.972084
16.000000,77.500000,5537.849350
17.000000,77.500000,5832.682058
18.000000,77.500000,6119.647497
19.000000,77.500000,6413.430884
10.000000,78.000000,3823.841411
11.000000,78.000000,4101.575642
12.000000,78.000000,4388.953580
13.000000,78.000000,4685.975227
14.000000,78.000000,4972.301389
15.000000,78.000000,5258.408636
16.000000,78.000000,5552.440323
17.000000,78.000000,5846.599741
18.000000,78.000000,6133.880512
19.000000,78.000000,6427.977441
10.000000,78.500000,3837.803402
11.000000,78.500000,4115.935217
12.000000,78.500000,4403.702569
13.000000,78.500000,4701.105460
14.000000,78.500000,4986.620507
15.000000,78.500000,5273.006455
16.000000,78.500000,5567.309800
17.000000,78.500000,5860.884091
18.000000,78.500000,6148.466426
19.000000,78.500000,6442.862172
10.000000,79.000000,3851.790837
11.000000,79.000000,4130.319882
12.000000,79.000000,4418.476289
13.000000,79.000000,4716.260057
14.000000,79.000000,5000.960182
15.000000,79.000000,5287.624480
16.000000,79.000000,5582.199134
17.000000,79.000000,5875.185831
18.000000,79.000000,6163.069611
19.000000,79.000000,6457.764052
10.000000,79.500000,3866.055931
11.000000,79.500000,4144.987478
12.000000,79.500000,4433.538106
13.000000,79.500000,4731.707813
14.000000,79.500000,5015.601307
15.000000,79.500000,5302.512101
16.000000,79.500000,5597.323778
17.000000,79.500000,5889.777981
18.000000,79.500000,6178.095277
19.000000,79.500000,6473.226709
10.000000,80.000000,3880.347391
11.000000,80.000000,4159.681072
12.000000,80.000000,4448.625546
13.000000,80.000000,4747.180814
14.000000,80.000000,5030.263815
15.000000,80.000000,5317.420630
16.000000,80.000000,5612.468860
17.000000,80.000000,5904.388196
18.000000,80.000000,6193.139198
19.000000,80.000000,6488.707811
10.000000,80.500000,3894.894236
11.000000,80.500000,4174.652680
12.000000,80.500000,4464.014822
13.000000,80.500000,4762.980663
14.000000,80.500000,5045.245190
15.000000,80.500000,5332.599196
16.000000,80.500000,5627.831733
17.000000,80.500000,5919.193866
18.000000,80.500000,6208.321611
19.000000,80.500000,6504.267519
10.000000,81.000000,3909.468296
11.000000,81.000000,4189.651182
12.000000,81.000000,4479.430670
13.000000,81.000000,4778.806758
14.000000,81.000000,5060.248831
15.000000,81.000000,5347.799380
16.000000,81.000000,5643.215582
17.000000,81.000000,5934.018042
18.000000,81.000000,6223.522571
19.000000,81.000000,6519.845816
10.000000,81.500000,3924.011234
11.000000,81.500000,4204.637512
12.000000,81.500000,4494.854761
13.000000,81.500000,4794.493888
14.000000,81.500000,5075.410438
15.000000,81.500000,5363.307820
16.000000,81.500000,5659.066021
17.000000,81.500000,5949.280290
18.000000,81.500000,6239.000847
19.000000,81.500000,6535.532557
10.000000,82.000000,3938.581170
11.000000,82.000000,4219.650598
12.000000,82.000000,4510.305360
13.000000,82.000000,4810.206719
14.000000,82.000000,5090.594716
15.000000,82.000000,5378.838700
16.000000,82.000000,5674.938670
17.000000,82.000000,5964.562107
18.000000,82.000000,6254.498307
19.000000,82.000000,6551.238100
10.000000,82.500000,3953.523135
11.000000,82.500000,4234.933053
12.000000,82.500000,4525.915117
13.000000,82.500000,4825.101786
14.000000,82.500000,5105.833666
15.000000,82.500000,5394.416127
16.000000,82.500000,5690.849166
17.000000,82.500000,5979.861738
18.000000,82.500000,6270.009514
19.000000,82.500000,6566.953159
10.000000,83.000000,3968.493389
11.000000,83.000000,4250.243134
12.000000,83.000000,4541.551837
13.000000,83.000000,4840.019875
14.000000,83.000000,5121.095384
15.000000,83.000000,5410.016064
16.000000,83.000000,5706.781913
17.000000,83.000000,5995.180932
18.000000,83.000000,6285.539890
19.000000,83.000000,6582.686994
10.000000,83.500000,3983.738663
11.000000,83.500000,4265.741696
12.000000,83.500000,4557.284258
13.000000,83.500000,4854.966420
14.000000,83.500000,5136.387293
15.000000,83.500000,5425.648002
16.000000,83.500000,5722.748546
17.000000,83.500000,6010.529435
18.000000,83.500000,6301.110857
19.000000,83.500000,6598.473249
10.000000,84.000000,3999.013163
11.000000,84.000000,4281.268465
12.000000,84.000000,4573.043879
13.000000,84.000000,4869.936004
14.000000,84.000000,5151.701990
15.000000,84.000000,5441.302475
16.000000,84.000000,5738.737460
17.000000,84.000000,6025.897524
18.000000,84.000000,6316.701043
19.000000,84.000000,6614.278359
10.000000,84.500000,4014.406732
11.000000,84.500000,4296.863366
12.000000,84.500000,4588.817068
13.000000,84.500000,4884.904460
14.000000,84.500000,5167.079961
15.000000,84.500000,5457.088443
16.000000,84.500000,5754.929908
17.000000,84.500000,6041.401523
18.000000,84.500000,6332.348293
19.000000,84.500000,6630.057769
10.000000,85.000000,4029.829871
11.000000,85.000000,4312.486618
12.000000,85.000000,4604.617410
13.000000,85.000000,4899.895879
14.000000,85.000000,5182.480839
15.000000,85.000000,5472.897263
16.000000,85.000000,5771.145149
17.000000,85.000000,6056.925410
18.000000,85.000000,6348.014858
19.000000,85.000000,6645.855924
10.000000,85.500000,4045.442482
11.000000,85.500000,4328.417223
12.000000,85.500000,4620.851150
13.000000,85.500000,4915.491513
14.000000,85.500000,5198.341319
15.000000,85.500000,5489.011576
16.000000,85.500000,5787.351528
17.000000,85.500000,6072.797119
18.000000,85.500000,6364.272348
19.000000,85.500000,6662.499421
10.000000,86.000000,4061.085278
11.000000,86.000000,4344.377199
12.000000,86.000000,4637.113455
13.000000,86.000000,4931.111927
14.000000,86.000000,5214.226030
15.000000,86.000000,5505.149571
16.000000,86.000000,5803.580611
17.000000,86.000000,6088.689573
18.000000,86.000000,6380.550605
19.000000,86.000000,6679.163707
10.000000,86.500000,4076.741694
11.000000,86.500000,4360.373712
12.000000,86.500000,4653.436972
13.000000,86.500000,4946.814782
14.000000,86.500000,5230.173270
15.000000,86.500000,5521.328993
16.000000,86.500000,5819.144574
17.000000,86.500000,6104.657286
18.000000,86.500000,6396.923222
10.000000,87.000000,4092.428232
11.000000,87.000000,4376.399621
12.000000,87.000000,4669.789170
13.000000,87.000000,4962.542599
14.000000,87.000000,5246.144858
15.000000,87.000000,5537.532148
16.000000,87.000000,5834.729357
17.000000,87.000000,6120.645890
18.000000,87.000000,6413.316800
10.000000,87.500000,4108.305634
11.000000,87.500000,4392.546966
12.000000,87.500000,4686.188042
13.000000,87.500000,4978.316515
14.000000,87.500000,5262.302394
15.000000,87.500000,5554.069591
16.000000,87.500000,5850.862074
17.000000,87.500000,6137.010731
18.000000,87.500000,6429.905351
10.000000,88.000000,4124.213775
11.000000,88.000000,4408.724044
12.000000,88.000000,4702.615657
13.000000,88.000000,4994.115460
14.000000,88.000000,5278.484773
15.000000,88.000000,5570.631692
16.000000,88.000000,5867.017064
17.000000,88.000000,6153.397417
18.000000,88.000000,6446.515317
10.000000,88.500000,4140.397428
11.000000,88.500000,4425.118736
12.000000,88.500000,4719.198241
13.000000,88.500000,5010.047537
14.000000,88.500000,5294.768230
15.000000,88.500000,5587.260905
16.000000,88.500000,5883.199983
17.000000,88.500000,6169.814728
18.000000,88.500000,6463.158710
9.000000,89.000000,3881.016745
10.000000,89.000000,4156.612761
11.000000,89.000000,4441.543849
12.000000,89.000000,4735.810010
13.000000,89.000000,5026.004988
14.000000,89.000000,5311.076765
15.000000,89.000000,5603.914901
16.000000,89.000000,5899.405188
17.000000,89.000000,6186.253905
18.000000,89.000000,6479.823548
9.000000,89.500000,3896.646148
10.000000,89.500000,4172.582313
11.000000,89.500000,4457.838604
12.000000,89.500000,4752.415022
13.000000,89.500000,5042.031010
14.000000,89.500000,5327.442009
15.000000,89.500000,5620.613099
16.000000,89.500000,5915.638055
17.000000,89.500000,6202.718544
18.000000,89.500000,6496.511518
9.000000,90.000000,3912.306945
10.000000,90.000000,4188.582474
11.000000,90.000000,4474.163190
12.000000,90.000000,4769.049093
13.000000,90.000000,5058.082542
14.000000,90.000000,5343.832427
15.000000,90.000000,5637.336138
16.000000,90.000000,5931.893223
17.000000,90.000000,6219.205060
18.000000,90.000000,6513.220934
9.000000,90.500000,3928.008186
10.000000,90.500000,4204.662430
11.000000,90.500000,4490.609666
12.000000,90.500000,4785.849894
13.000000,90.500000,5074.307598
14.000000,90.500000,5360.372483
15.000000,90.500000,5654.183466
16.000000,90.500000,5948.239750
17.000000,90.500000,6235.757244
18.000000,90.500000,6529.969017
9.000000,91.000000,3943.740860
10.000000,91.000000,4220.773186
11.000000,91.000000,4507.086312
12.000000,91.000000,4802.680237
13.000000,91.000000,5090.558636
14.000000,91.000000,5376.938096
15.000000,91.000000,5671.055931
16.000000,91.000000,5964.608769
17.000000,91.000000,6252.331420
18.000000,91.000000,6546.738588
9.000000,91.500000,3959.648111
10.000000,91.500000,4237.214323
11.000000,91.500000,4524.059375
12.000000,91.500000,4820.183266
13.000000,91.500000,5107.376390
14.000000,91.500000,5393.858980
15.000000,91.500000,5688.059947
16.000000,91.500000,5981.014755
17.000000,91.500000,6269.018022
18.000000,91.500000,6563.699642
9.000000,92.000000,3975.587369
10.000000,92.000000,4253.687414
11.000000,92.000000,4541.064334
12.000000,92.000000,4837.718131
13.000000,92.000000,5124.221878
14.000000,92.000000,5410.806447
15.000000,92.000000,5705.089416
16.000000,92.000000,5997.443273
17.000000,92.000000,6285.726856
18.000000,92.000000,6580.682624
9.000000,92.500000,3991.827393
10.000000,92.500000,4270.369296
11.000000,92.500000,4558.179453
12.000000,92.500000,4855.257864
13.000000,92.500000,5140.982650
14.000000,92.500000,5427.655080
15.000000,92.500000,5722.005498
16.000000,92.500000,6013.930742
17.000000,92.500000,6302.756151
18.000000,92.500000,6598.260035
9.000000,93.000000,4008.100514
10.000000,93.000000,4287.083823
11.000000,93.000000,4575.326763
12.000000,93.000000,4872.829335
13.000000,93.000000,5157.770789
14.000000,93.000000,5444.529905
15.000000,93.000000,5738.946621
16.000000,93.000000,6030.440842
17.000000,93.000000,6319.808479
18.000000,93.000000,6615.860884
9.000000,93.500000,4024.783780
10.000000,93.500000,4304.112385
11.000000,93.500000,4592.685038
12.000000,93.500000,4890.501738
13.000000,93.500000,5174.938197
14.000000,93.500000,5462.183113
15.000000,93.500000,5757.085669
16.000000,93.500000,6048.034832
17.000000,93.500000,6337.507159
18.000000,93.500000,6633.649466
9.000000,94.000000,4041.501693
10.000000,94.000000,4321.174698
11.000000,94.000000,4610.076177
12.000000,94.000000,4908.206129
13.000000,94.000000,5192.134129
14.000000,94.000000,5479.864894
15.000000,94.000000,5775.253335
16.000000,94.000000,6065.654443
17.000000,94.000000,6355.230579
18.000000,94.000000,6651.461922
9.000000,94.500000,4058.242108
10.000000,94.500000,4338.332267
11.000000,94.500000,4627.640452
12.000000,94.500000,4926.166661
13.000000,94.500000,5209.583061
14.000000,94.500000,5497.723916
15.000000,94.500000,5793.517820
16.000000,94.500000,6083.307225
17.000000,94.500000,6373.022598
18.000000,94.500000,6669.380326
9.000000,95.000000,4075.017119
10.000000,95.000000,4355.523829
11.000000,95.000000,4645.238120
12.000000,95.000000,4944.159992
13.000000,95.000000,5227.061263
14.000000,95.000000,5515.611992
15.000000,95.000000,5811.811136
16.000000,95.000000,6100.985648
17.000000,95.000000,6390.839480
18.000000,95.000000,6687.322827
9.000000,95.500000,4091.839898
10.000000,95.500000,4372.765581
11.000000,95.500000,4662.888594
12.000000,95.500000,4962.208939
13.000000,95.500000,5244.580446
14.000000,95.500000,5533.510445
15.000000,95.500000,5830.082571
16.000000,95.500000,6118.627381
17.000000,95.500000,6408.650513
18.000000,95.500000,6705.291896
9.000000,96.000000,4108.697328
10.000000,96.000000,4390.041389
11.000000,96.000000,4680.572535
12.000000,96.000000,4980.290767
13.000000,96.000000,5262.128940
14.000000,96.000000,5551.437891
15.000000,96.000000,5848.382677
16.000000,96.000000,6136.294577
17.000000,96.000000,6426.486325
18.000000,96.000000,6723.285069
9.000000,96.500000,4125.865285
10.000000,96.500000,4407.598300
11.000000,96.500000,4698.505555
12.000000,96.500000,4997.760941
13.000000,96.500000,5279.867495
14.000000,96.500000,5569.518693
15.000000,96.500000,5866.797208
16.000000,96.500000,6154.024034
17.000000,96.500000,6444.357706
18.000000,96.500000,6741.285891
9.000000,97.000000,4143.069028
10.000000,97.000000,4425.190242
11.000000,97.000000,4716.472858
12.000000,97.000000,5015.261699
13.000000,97.000000,5297.635897
14.000000,97.000000,5587.628891
15.000000,97.000000,5885.240679
16.000000,97.000000,6171.779062
17.000000,97.000000,6462.253897
18.000000,97.000000,6759.310774
9.000000,97.500000,4160.391061
10.000000,97.500000,4442.914670
11.000000,97.500000,4734.587572
12.000000,97.500000,5032.845974
13.000000,97.500000,5315.529935
14.000000,97.500000,5605.821736
15.000000,97.500000,5903.721378
16.000000,97.500000,6189.544598
17.000000,97.500000,6480.155484
18.000000,97.500000,6777.335763
9.000000,98.000000,4177.749221
10.000000,98.000000,4460.674516
11.000000,98.000000,4752.737000
12.000000,98.000000,5050.461019
13.000000,98.000000,5333.454143
14.000000,98.000000,5624.044150
15.000000,98.000000,5922.231041
16.000000,98.000000,6207.335661
17.000000,98.000000,6498.081826
18.000000,98.000000,6795.384750
9.000000,98.500000,4195.222661
10.000000,98.500000,4478.493014
11.000000,98.500000,4770.884358
12.000000,98.500000,5068.029651
13.000000,98.500000,5351.355695
14.000000,98.500000,5642.269110
15.000000,98.500000,5940.352054
16.000000,98.500000,6225.294628
17.000000,98.500000,6516.330131
9.000000,99.000000,4212.732552
10.000000,99.000000,4496.347020
11.000000,99.000000,4789.066288
12.000000,99.000000,5085.628785
13.000000,99.000000,5369.287240
14.000000,99.000000,5660.523549
15.000000,99.000000,5958.500742
16.000000,99.000000,6243.279534
17.000000,99.000000,6534.604021
9.000000,99.500000,4230.354304
10.000000,99.500000,4514.383964
11.000000,99.500000,4807.506942
12.000000,99.500000,5103.557395
13.000000,99.500000,5387.555046
14.000000,99.500000,5679.121583
15.000000,99.500000,5976.604071
16.000000,99.500000,6261.599404
17.000000,99.500000,6553.130256
9.000000,100.000000,4248.012825
10.000000,100.000000,4532.457005
11.000000,100.000000,4825.983023
12.000000,100.000000,5121.517548
13.000000,100.000000,5405.853872
14.000000,100.000000,5697.750118
15.000000,100.000000,5994.734858
16.000000,100.000000,6279.946112
17.000000,100.000000,6571.682716
9.000000,100.500000,4265.827710
10.000000,100.500000,4550.805917
11.000000,100.500000,4844.862177
12.000000,100.500000,5139.932379
13.000000,100.500000,5424.496754
14.000000,100.500000,5716.605664
15.000000,100.500000,6012.994975
16.000000,100.500000,6298.371931
17.000000,100.500000,6590.261434
9.000000,101.000000,4283.679864
10.000000,101.000000,4569.191887
11.000000,101.000000,4863.778176
12.000000,101.000000,5158.380249
13.000000,101.000000,5443.171721
14.000000,101.000000,5735.492353
15.000000,101.000000,6031.282857
16.000000,101.000000,6316.824741
17.000000,101.000000,6608.866377
9.000000,101.500000,4301.775995
10.000000,101.500000,4587.770313
11.000000,101.500000,4882.830657
12.000000,101.500000,5176.885966
13.000000,101.500000,5461.869495
14.000000,101.500000,5754.364826
15.000000,101.500000,6049.583350
16.000000,101.500000,6335.535741
17.000000,101.500000,6627.986494
9.000000,102.000000,4319.910239
10.000000,102.000000,4606.386413
11.000000,102.000000,4901.920367
12.000000,102.000000,5195.424812
13.000000,102.000000,5480.599324
14.000000,102.000000,5773.268295
15.000000,102.000000,6067.911564
16.000000,102.000000,6354.274411
17.000000,102.000000,6647.134230
9.000000,102.500000,4337.981224
10.000000,102.500000,4624.987374
11.000000,102.500000,4921.046039
12.000000,102.500000,5214.048343
13.000000,102.500000,5499.518808
14.000000,102.500000,5792.472068
15.000000,102.500000,6086.627568
16.000000,102.500000,6373.290602
17.000000,102.500000,6666.443597
9.000000,103.000000,4356.089889
10.000000,103.000000,4643.625790
11.000000,103.000000,4940.208934
12.000000,103.000000,5232.705187
13.000000,103.000000,5518.470887
14.000000,103.000000,5811.707724
15.000000,103.000000,6105.372391
16.000000,103.000000,6392.335203
17.000000,103.000000,6685.780969
9.000000,103.500000,4373.955862
10.000000,103.500000,4662.016962
11.000000,103.500000,4959.120158
12.000000,103.500000,5251.138429
13.000000,103.500000,5537.329823
14.000000,103.500000,5830.988160
15.000000,103.500000,6124.241431
16.000000,103.500000,6411.481444
17.000000,103.500000,6705.196280
9.000000,104.000000,4391.858367
10.000000,104.000000,4680.444464
11.000000,104.000000,4978.067501
12.000000,104.000000,5269.604080
13.000000,104.000000,5556.220925
14.000000,104.000000,5850.300524
15.000000,104.000000,6143.139582
16.000000,104.000000,6430.656315
17.000000,104.000000,6724.639740
9.000000,104.500000,4409.892302
10.000000,104.500000,4698.985059
11.000000,104.500000,4997.108417
12.000000,104.500000,5288.157992
13.000000,104.500000,5575.208325
14.000000,104.500000,5869.717499
15.000000,104.500000,6162.127358
16.000000,104.500000,6449.926520
17.000000,104.500000,6744.184498
9.000000,105.000000,4427.963162
10.000000,105.000000,4717.562290
11.000000,105.000000,5016.185673
12.000000,105.000000,5306.744508
13.000000,105.000000,5594.228110
14.000000,105.000000,5889.166641
15.000000,105.000000,6181.144434
16.000000,105.000000,6469.225554
17.000000,105.000000,6763.757617
9.000000,105.500000,4446.309749
10.000000,105.500000,4736.475777
11.000000,105.500000,5035.663259
12.000000,105.500000,5325.726376
13.000000,105.500000,5613.589375
14.000000,105.500000,5908.899987
15.000000,105.500000,6200.422412
16.000000,105.500000,6488.811369
17.000000,105.500000,6783.644339
8.000000,106.000000,4182.980044
9.000000,106.000000,4464.694242
10.000000,106.000000,4755.427087
11.000000,106.000000,5055.178579
12.000000,106.000000,5344.742127
13.000000,106.000000,5632.984083
14.000000,106.000000,5928.666337
15.000000,106.000000,6219.730404
16.000000,106.000000,6508.426787
17.000000,106.000000,6803.560254
8.000000,106.500000,4201.176652
9.000000,106.500000,4483.418517
10.000000,106.500000,4774.673080
11.000000,106.500000,5074.940343
12.000000,106.500000,5363.974132
13.000000,106.500000,5652.585830
14.000000,106.500000,5948.629742
15.000000,106.500000,6239.179760
16.000000,106.500000,6528.105683
17.000000,106.500000,6823.458029
8.000000,107.000000,4219.412732
9.000000,107.000000,4502.181954
10.000000,107.000000,4793.957927
11.000000,107.000000,5094.740648
12.000000,107.000000,5383.240670
13.000000,107.000000,5672.221619
14.000000,107.000000,5968.626699
15.000000,107.000000,6258.659476
16.000000,107.000000,6547.814284
17.000000,107.000000,6843.384857
8.000000,107.500000,4237.940010
9.000000,107.500000,4521.149186
10.000000,107.500000,4813.353215
11.000000,107.500000,5114.552095
12.000000,107.500000,5402.495444
13.000000,107.500000,5691.853217
14.000000,107.500000,5988.627393
15.000000,107.500000,6278.179738
16.000000,107.500000,6567.650536
17.000000,107.500000,6863.530755
8.000000,108.000000,4256.507861
9.000000,108.000000,4540.156274
10.000000,108.000000,4832.787647
11.000000,108.000000,5134.401979
12.000000,108.000000,5421.784588
13.000000,108.000000,5711.518725
14.000000,108.000000,6008.661540
15.000000,108.000000,6297.730394
16.000000,108.000000,6587.516789
17.000000,108.000000,6883.706264
8.000000,108.500000,4275.137853
9.000000,108.500000,4559.244261
10.000000,108.500000,4852.323030
11.000000,108.500000,5154.374158
12.000000,108.500000,5441.269716
13.000000,108.500000,5731.457821
14.000000,108.500000,6029.050790
15.000000,108.500000,6317.703830
16.000000,108.500000,6607.866525
17.000000,108.500000,6904.428697
8.000000,109.000000,4293.808514
9.000000,109.000000,4578.372278
10.000000,109.000000,4871.897806
11.000000,109.000000,5174.385097
12.000000,109.000000,5460.789789
13.000000,109.000000,5751.431657
14.000000,109.000000,6049.474572
15.000000,109.000000,6337.708885
16.000000,109.000000,6628.247638
17.000000,109.000000,6925.182267
8.000000,109.500000,4312.553234
9.000000,109.500000,4597.631860
10.000000,109.500000,4891.665407
11.000000,109.500000,5194.653875
12.000000,109.500000,5480.638281
13.000000,109.500000,5771.793560
14.000000,109.500000,6070.348856
15.000000,109.500000,6358.064679
16.000000,109.500000,6648.848338
17.000000,109.500000,6946.017939
8.000000,110.000000,4331.338769
9.000000,110.000000,4616.931855
10.000000,110.000000,4911.473020
11.000000,110.000000,5214.962264
12.000000,110.000000,5500.522771
13.000000,110.000000,5792.191436
14.000000,110.000000,6091.259086
15.000000,110.000000,6378.453104
16.000000,110.000000,6669.480995
17.000000,110.000000,6966.884901
8.000000,110.500000,4350.429045
9.000000,110.500000,4636.476087
10.000000,110.500000,4931.459727
11.000000,110.500000,5235.098343
12.000000,110.500000,5520.536633
13.000000,110.500000,5812.726415
14.000000,110.500000,6112.314328
8.000000,111.000000,4369.561278
9.000000,111.000000,4656.061584
10.000000,111.000000,4951.487006
11.000000,111.000000,5255.273213
12.000000,111.000000,5540.586831
13.000000,111.000000,5833.297724
14.000000,111.000000,6133.405892
8.000000,111.500000,4388.837778
9.000000,111.500000,4675.790262
10.000000,111.500000,4971.656423
11.000000,111.500000,5275.000703
12.000000,111.500000,5560.820201
13.000000,111.500000,5854.034607
8.000000,112.000000,4408.156683
9.000000,112.000000,4695.560628
10.000000,112.000000,4991.866815
11.000000,112.000000,5294.765133
12.000000,112.000000,5581.090436
13.000000,112.000000,5874.808276
8.000000,112.500000,4427.608648
9.000000,112.500000,4715.453746
10.000000,112.500000,5012.188793
11.000000,112.500000,5314.613312
12.000000,112.500000,5601.242841
13.000000,112.500000,5895.252317
8.000000,113.000000,4447.103414
9.000000,113.000000,4735.388893
10.000000,113.000000,5032.552033
11.000000,113.000000,5334.498608
12.000000,113.000000,5621.431550
13.000000,113.000000,5915.731858
8.000000,113.500000,4466.519957
9.000000,113.500000,4755.300507
10.000000,113.500000,5052.949989
11.000000,113.500000,5354.437632
12.000000,113.500000,5641.664935
13.000000,113.500000,5936.246792
8.000000,114.000000,4485.978778
9.000000,114.000000,4775.253880
10.000000,114.000000,5073.389186
11.000000,114.000000,5374.413839
12.000000,114.000000,5661.934659
13.000000,114.000000,5956.797226
8.000000,114.500000,4505.182230
9.000000,114.500000,4795.107396
10.000000,114.500000,5093.894356
11.000000,114.500000,5394.582060
12.000000,114.500000,5682.373334
13.000000,114.500000,5977.492080
8.000000,115.000000,4524.426676
9.000000,115.000000,4815.002077
10.000000,115.000000,5114.440862
11.000000,115.000000,5414.788036
12.000000,115.000000,5702.848819
13.000000,115.000000,5998.222809
8.000000,115.500000,4543.964484
9.000000,115.500000,4835.195010
10.000000,115.500000,5135.290592
11.000000,115.500000,5435.326945
12.000000,115.500000,5723.679597
13.000000,115.500000,6019.332025
8.000000,116.000000,4563.544356
9.000000,116.000000,4855.430162
10.000000,116.000000,5156.182696
11.000000,116.000000,5455.904695
12.000000,116.000000,5744.548313
13.000000,116.000000,6040.478288
8.000000,116.500000,4583.297033
9.000000,116.500000,4875.658923
10.000000,116.500000,5176.877926
11.000000,116.500000,5476.204592
12.000000,116.500000,5765.242995
13.000000,116.500000,6061.559836
8.000000,117.000000,4603.092327
9.000000,117.000000,4895.929693
10.000000,117.000000,5197.614561
11.000000,117.000000,5496.542144
12.000000,117.000000,5785.974851
13.000000,117.000000,6082.678079
8.000000,117.500000,4622.943456
9.000000,117.500000,4916.177567
10.000000,117.500000,5218.244831
11.000000,117.500000,5516.751336
12.000000,117.500000,5806.635877
13.000000,117.500000,6103.786143
8.000000,118.000000,4642.837264
9.000000,118.000000,4936.467187
10.000000,118.000000,5238.915925
11.000000,118.000000,5536.997576
12.000000,118.000000,5827.333698
13.000000,118.000000,6124.930747
8.000000,118.500000,4662.853732
9.000000,118.500000,4956.915944
10.000000,118.500000,5259.784760
11.000000,118.500000,5557.502676
12.000000,118.500000,5848.377471
13.000000,118.500000,6146.512591
8.000000,119.000000,4682.913226
9.000000,119.000000,4977.406936
10.000000,119.000000,5280.695043
11.000000,119.000000,5578.045643
12.000000,119.000000,5869.459148
13.000000,119.000000,6168.132372
8.000000,119.500000,4703.198453
9.000000,119.500000,4998.108867
10.000000,119.500000,5301.799995
11.000000,119.500000,5598.777296
12.000000,119.500000,5890.726177
13.000000,119.500000,6189.933826
8.000000,120.000000,4723.527487
9.000000,120.000000,5018.853729
10.000000,120.000000,5322.947008
11.000000,120.000000,5619.547381
12.000000,120.000000,5912.031645
13.000000,120.000000,6211.773725
8.000000,120.500000,4744.078608
9.000000,120.500000,5039.842474
10.000000,120.500000,5344.360607
11.000000,120.500000,5640.584213
12.000000,120.500000,5933.567526
13.000000,120.500000,6233.805494
8.000000,121.000000,4764.674304
9.000000,121.000000,5060.874983
10.000000,121.000000,5365.817164
11.000000,121.000000,5661.660326
12.000000,121.000000,5955.142543
13.000000,121.000000,6255.876251
8.000000,121.500000,4785.496584
9.000000,121.500000,5082.163338
10.000000,121.500000,5387.560136
11.000000,121.500000,5683.027624
12.000000,121.500000,5976.989714
13.000000,121.500000,6278.198985
8.000000,122.000000,4806.364225
9.000000,122.000000,5103.496341
10.000000,122.000000,5409.347046
11.000000,122.000000,5704.435144
12.000000,122.000000,5998.876867
13.000000,122.000000,6300.561459
8.000000,122.500000,4827.365840
9.000000,122.500000,5124.957864
10.000000,122.500000,5431.256501
11.000000,122.500000,5725.960869
12.000000,122.500000,6020.896741
13.000000,122.500000,6323.071847
8.000000,123.000000,4848.413208
9.000000,123.000000,5146.464393
10.000000,123.000000,5453.210217
11.000000,123.000000,5747.527117
12.000000,123.000000,6042.956941
13.000000,123.000000,6345.622365
8.000000,123.500000,4869.425863
9.000000,123.500000,5168.004053
10.000000,123.500000,5475.269095
11.000000,123.500000,5769.203983
12.000000,123.500000,6065.131636
13.000000,123.500000,6368.291318
8.000000,124.000000,4890.483932
9.000000,124.000000,5189.588677
10.000000,124.000000,5497.372488
11.000000,124.000000,5790.921641
12.000000,124.000000,6087.346935
13.000000,124.000000,6391.000685
8.000000,124.500000,4911.464904
9.000000,124.500000,5211.244936
10.000000,124.500000,5519.705939
11.000000,124.500000,5812.906454
12.000000,124.500000,6109.781589
13.000000,124.500000,6413.878841
7.000000,125.000000,4640.718146
8.000000,125.000000,4932.490766
9.000000,125.000000,5232.946263
10.000000,125.000000,5542.084638
11.000000,125.000000,5834.932898
12.000000,125.000000,6132.257489
13.000000,125.000000,6436.797859
7.000000,125.500000,4661.601470
8.000000,125.500000,4953.947740
9.000000,125.500000,5254.972166
10.000000,125.500000,5564.674747
11.000000,125.500000,5857.057352
12.000000,125.500000,6154.726456
7.000000,126.000000,4682.531663
8.000000,126.000000,4975.451265
9.000000,126.000000,5277.044302
10.000000,126.000000,5587.310772
11.000000,126.000000,5879.223634
12.000000,126.000000,6177.236468
7.000000,126.500000,4703.549521
8.000000,126.500000,4997.075203
9.000000,126.500000,5299.271434
10.000000,126.500000,5609.833044
11.000000,126.500000,5901.378705
12.000000,126.500000,6199.550951
7.000000,127.000000,4724.614429
8.000000,127.000000,5018.746009
9.000000,127.000000,5321.545254
10.000000,127.000000,5632.400588
11.000000,127.000000,5923.575403
12.000000,127.000000,6221.905621
7.000000,127.500000,4745.752425
8.000000,127.500000,5040.406840
9.000000,127.500000,5343.721076
10.000000,127.500000,5654.219732
11.000000,127.500000,5945.660667
12.000000,127.500000,6244.242093
7.000000,128.000000,4766.937586
8.000000,128.000000,5062.114292
9.000000,128.000000,5365.942980
10.000000,128.000000,5676.081026
11.000000,128.000000,5967.786988
12.000000,128.000000,6266.618547
7.000000,128.500000,4788.196743
8.000000,128.500000,5083.750555
9.000000,128.500000,5387.939877
10.000000,128.500000,5697.613193
11.000000,128.500000,5989.786273
12.000000,128.500000,6289.080388
7.000000,129.000000,4809.503181
8.000000,129.000000,5105.432933
9.000000,129.000000,5409.981738
10.000000,129.000000,5719.186089
11.000000,129.000000,6011.825996
12.000000,129.000000,6311.582375
7.000000,129.500000,4831.029619
8.000000,129.500000,5127.309726
9.000000,129.500000,5432.190217
10.000000,129.500000,5740.923002
11.000000,129.500000,6034.044835
12.000000,129.500000,6334.279049
7.000000,130.000000,4852.604091
8.000000,130.000000,5149.233256
9.000000,130.000000,5454.444152
10.000000,130.000000,5762.701111
11.000000,130.000000,6056.304625
12.000000,130.000000,6357.016425
