weight_g,47.000000
thrust_N,velocity_m_s,power_W
19.000000,0.000000,589.669209
20.000000,0.000000,646.015038
21.000000,0.000000,704.477508
22.000000,0.000000,765.056617
23.000000,0.000000,827.752368
24.000000,0.000000,898.282351
25.000000,0.000000,984.738098
26.000000,0.000000,1074.267112
27.000000,0.000000,1166.869393
28.000000,0.000000,1283.159235
29.000000,0.000000,1404.769637
30.000000,0.000000,1536.176087
31.000000,0.000000,1680.790096
19.000000,0.500000,592.807431
20.000000,0.500000,649.202545
21.000000,0.500000,707.711325
22.000000,0.500000,768.333770
23.000000,0.500000,831.069880
24.000000,0.500000,902.657804
25.000000,0.500000,989.304382
26.000000,0.500000,1079.026714
27.000000,0.500000,1172.400318
28.000000,0.500000,1289.197012
29.000000,0.500000,1410.781842
30.000000,0.500000,1542.954243
31.000000,0.500000,1687.844218
19.000000,1.000000,595.951874
20.000000,1.000000,652.396134
21.000000,1.000000,710.951082
22.000000,1.000000,771.616716
23.000000,1.000000,834.393038
24.000000,1.000000,907.041371
25.000000,1.000000,993.878908
26.000000,1.000000,1083.794687
27.000000,1.000000,1177.941422
28.000000,1.000000,1295.245831
29.000000,1.000000,1416.804360
30.000000,1.000000,1549.744431
31.000000,1.000000,1694.910385
19.000000,1.500000,599.086238
20.000000,1.500000,655.579907
21.000000,1.500000,714.181332
22.000000,1.500000,774.890515
23.000000,1.500000,837.707454
24.000000,1.500000,911.440207
25.000000,1.500000,998.468935
26.000000,1.500000,1088.578387
27.000000,1.500000,1183.965795
28.000000,1.500000,1301.257372
29.000000,1.500000,1422.788644
30.000000,1.500000,1556.550712
31.000000,1.500000,1701.993960
19.000000,2.000000,602.226786
20.000000,2.000000,658.769724
21.000000,2.000000,717.417487
22.000000,2.000000,778.170075
23.000000,2.000000,841.027487
24.000000,2.000000,915.847184
25.000000,2.000000,1003.067233
26.000000,2.000000,1093.370487
27.000000,2.000000,1190.001804
28.000000,2.000000,1307.279804
29.000000,2.000000,1428.783098
30.000000,2.000000,1563.369024
31.000000,2.000000,1709.089583
19.000000,2.500000,605.357453
20.000000,2.500000,661.949931
21.000000,2.500000,720.644349
22.000000,2.500000,781.440706
23.000000,2.500000,844.339002
24.000000,2.500000,920.269452
25.000000,2.500000,1007.681046
26.000000,2.500000,1098.178320
27.000000,2.500000,1196.001636
28.000000,2.500000,1313.265036
29.000000,2.500000,1434.739415
30.000000,2.500000,1570.203790
31.000000,2.500000,1716.202990
19.000000,3.000000,608.494265
20.000000,3.000000,665.136147
21.000000,3.000000,723.877081
22.000000,3.000000,784.717067
23.000000,3.000000,847.656104
24.000000,3.000000,924.699889
25.000000,3.000000,1012.303157
26.000000,3.000000,1102.994580
27.000000,3.000000,1202.012948
28.000000,3.000000,1319.261009
29.000000,3.000000,1440.705759
30.000000,3.000000,1577.050588
31.000000,3.000000,1723.328450
19.000000,3.500000,611.680471
20.000000,3.500000,668.359642
21.000000,3.500000,727.133971
22.000000,3.500000,788.003457
23.000000,3.500000,850.968100
24.000000,3.500000,929.144130
25.000000,3.500000,1016.939839
26.000000,3.500000,1107.826199
27.000000,3.500000,1207.988142
28.000000,3.500000,1325.219861
29.000000,3.500000,1446.634064
30.000000,3.500000,1583.914203
31.000000,3.500000,1730.472073
19.000000,4.000000,614.873029
20.000000,4.000000,671.589295
21.000000,4.000000,730.396823
22.000000,4.000000,791.295613
23.000000,4.000000,854.285665
24.000000,4.000000,933.596564
25.000000,4.000000,1021.584845
26.000000,4.000000,1112.666271
27.000000,4.000000,1213.974660
28.000000,4.000000,1331.189307
29.000000,4.000000,1452.572258
30.000000,4.000000,1590.789851
31.000000,4.000000,1737.627753
19.000000,4.500000,618.189886
20.000000,4.500000,674.960471
21.000000,4.500000,733.819424
22.000000,4.500000,794.766745
23.000000,4.500000,857.802435
24.000000,4.500000,938.217414
25.000000,4.500000,1026.234253
26.000000,4.500000,1117.336717
27.000000,4.500000,1219.665514
28.000000,4.500000,1337.022481
29.000000,4.500000,1458.543021
30.000000,4.500000,1597.798010
31.000000,4.500000,1744.928604
19.000000,5.000000,621.513625
20.000000,5.000000,678.338383
21.000000,5.000000,737.248613
22.000000,5.000000,798.244313
23.000000,5.000000,861.325484
24.000000,5.000000,942.847174
25.000000,5.000000,1030.892168
26.000000,5.000000,1122.015274
27.000000,5.000000,1225.366928
28.000000,5.000000,1342.865979
29.000000,5.000000,1464.523875
30.000000,5.000000,1604.818687
31.000000,5.000000,1752.241995
19.000000,5.500000,624.829160
20.000000,5.500000,681.711142
21.000000,5.500000,740.675943
22.000000,5.500000,801.723561
23.000000,5.500000,864.853998
24.000000,5.500000,947.428148
25.000000,5.500000,1035.446266
26.000000,5.500000,1126.532332
27.000000,5.500000,1230.940579
28.000000,5.500000,1348.716481
29.000000,5.500000,1470.655183
30.000000,5.500000,1612.089819
31.000000,5.500000,1759.862235
19.000000,6.000000,628.151545
20.000000,6.000000,685.090618
21.000000,6.000000,744.109853
22.000000,6.000000,805.209250
23.000000,6.000000,868.388809
24.000000,6.000000,952.017886
25.000000,6.000000,1040.008584
26.000000,6.000000,1131.057076
27.000000,6.000000,1236.524461
28.000000,6.000000,1354.577417
29.000000,6.000000,1476.797131
30.000000,6.000000,1619.374402
31.000000,6.000000,1767.496125
19.000000,6.500000,631.464433
20.000000,6.500000,688.460822
21.000000,6.500000,747.534759
22.000000,6.500000,808.686245
23.000000,6.500000,872.314110
24.000000,6.500000,956.571471
25.000000,6.500000,1044.529096
26.000000,6.500000,1135.534153
27.000000,6.500000,1242.115982
28.000000,6.500000,1360.457758
29.000000,6.500000,1483.594895
30.000000,6.500000,1626.691418
31.000000,6.500000,1775.158946
19.000000,7.000000,634.784132
20.000000,7.000000,691.837705
21.000000,7.000000,750.966210
22.000000,7.000000,812.169646
23.000000,7.000000,876.246768
24.000000,7.000000,961.133688
25.000000,7.000000,1049.057687
26.000000,7.000000,1140.018766
27.000000,7.000000,1247.717726
28.000000,7.000000,1366.348559
29.000000,7.000000,1490.405367
30.000000,7.000000,1634.021931
31.000000,7.000000,1782.835448
19.000000,7.500000,638.192702
20.000000,7.500000,695.281473
21.000000,7.500000,754.440755
22.000000,7.500000,815.670548
23.000000,7.500000,880.803277
24.000000,7.500000,965.660441
25.000000,7.500000,1053.544048
26.000000,7.500000,1144.454097
27.000000,7.500000,1253.329715
28.000000,7.500000,1372.261921
29.000000,7.500000,1497.427955
30.000000,7.500000,1641.383712
18.000000,8.000000,586.550830
19.000000,8.000000,641.608467
20.000000,8.000000,698.732195
21.000000,8.000000,757.922012
22.000000,8.000000,819.177919
23.000000,8.000000,885.368867
24.000000,8.000000,970.195698
25.000000,8.000000,1058.038346
26.000000,8.000000,1148.896812
27.000000,8.000000,1258.951927
28.000000,8.000000,1378.185776
29.000000,8.000000,1504.463906
30.000000,8.000000,1648.759030
18.000000,8.500000,589.967070
19.000000,8.500000,645.092761
20.000000,8.500000,702.282126
21.000000,8.500000,761.535167
22.000000,8.500000,822.851882
23.000000,8.500000,890.169753
24.000000,8.500000,974.964652
25.000000,8.500000,1062.763722
26.000000,8.500000,1153.566965
27.000000,8.500000,1264.832369
28.000000,8.500000,1384.259575
29.000000,8.500000,1511.564501
30.000000,8.500000,1656.179571
18.000000,9.000000,593.390931
19.000000,9.000000,648.584551
20.000000,9.000000,705.839427
21.000000,9.000000,765.155559
22.000000,9.000000,826.532946
23.000000,9.000000,894.980675
24.000000,9.000000,979.742975
25.000000,9.000000,1067.497820
26.000000,9.000000,1158.245209
27.000000,9.000000,1270.723870
28.000000,9.000000,1390.344323
29.000000,9.000000,1518.678626
30.000000,9.000000,1663.613741
18.000000,9.500000,596.806933
19.000000,9.500000,652.073471
20.000000,9.500000,709.399236
21.000000,9.500000,768.784229
22.000000,9.500000,830.228450
23.000000,9.500000,899.839544
24.000000,9.500000,984.706170
25.000000,9.500000,1072.562214
26.000000,9.500000,1163.407677
27.000000,9.500000,1277.139433
28.000000,9.500000,1396.813166
29.000000,9.500000,1526.084287
30.000000,9.500000,1671.178654
18.000000,10.000000,600.230518
19.000000,10.000000,655.569873
20.000000,10.000000,712.966423
21.000000,10.000000,772.420167
22.000000,10.000000,833.931107
23.000000,10.000000,904.708624
24.000000,10.000000,989.679390
25.000000,10.000000,1077.636449
26.000000,10.000000,1168.579801
27.000000,10.000000,1283.567921
28.000000,10.000000,1403.294339
29.000000,10.000000,1533.504656
30.000000,10.000000,1678.757789
18.000000,10.500000,603.615149
19.000000,10.500000,659.033926
20.000000,10.500000,716.508267
21.000000,10.500000,776.038172
22.000000,10.500000,837.623640
23.000000,10.500000,909.572019
24.000000,10.500000,994.647009
25.000000,10.500000,1082.705201
26.000000,10.500000,1174.632492
27.000000,10.500000,1289.951357
28.000000,10.500000,1409.708831
29.000000,10.500000,1540.873823
30.000000,10.500000,1686.318945
18.000000,11.000000,607.007239
19.000000,11.000000,662.505358
20.000000,11.000000,720.057406
21.000000,11.000000,779.663382
22.000000,11.000000,841.323288
23.000000,11.000000,914.445582
24.000000,11.000000,999.624613
25.000000,11.000000,1087.783757
26.000000,11.000000,1180.697609
27.000000,11.000000,1296.347540
28.000000,11.000000,1416.135429
29.000000,11.000000,1548.257525
30.000000,11.000000,1693.894324
18.000000,11.500000,610.101321
19.000000,11.500000,665.740840
20.000000,11.500000,723.436135
21.000000,11.500000,783.187206
22.000000,11.500000,844.994052
23.000000,11.500000,919.317556
24.000000,11.500000,1004.599391
25.000000,11.500000,1092.858184
26.000000,11.500000,1187.024085
27.000000,11.500000,1302.710124
28.000000,11.500000,1422.522458
29.000000,11.500000,1555.630646
30.000000,11.500000,1701.466758
18.000000,12.000000,613.202007
19.000000,12.000000,668.983031
20.000000,12.000000,726.821679
21.000000,12.000000,786.717950
22.000000,12.000000,848.671845
23.000000,12.000000,924.199673
24.000000,12.000000,1009.584126
25.000000,12.000000,1097.942382
26.000000,12.000000,1193.363818
27.000000,12.000000,1309.085300
28.000000,12.000000,1428.921430
29.000000,12.000000,1563.018208
30.000000,12.000000,1709.053349
18.000000,12.500000,616.292031
19.000000,12.500000,672.190647
20.000000,12.500000,730.147826
21.000000,12.500000,790.163567
22.000000,12.500000,852.237871
23.000000,12.500000,928.946999
24.000000,12.500000,1014.486077
25.000000,12.500000,1102.997748
26.000000,12.500000,1199.690542
27.000000,12.500000,1315.434947
28.000000,12.500000,1435.281557
29.000000,12.500000,1570.397572
30.000000,12.500000,1716.639515
18.000000,13.000000,619.388628
19.000000,13.000000,675.404886
20.000000,13.000000,733.480646
21.000000,13.000000,793.615907
22.000000,13.000000,855.810670
23.000000,13.000000,933.704176
24.000000,13.000000,1019.397810
25.000000,13.000000,1108.062827
26.000000,13.000000,1206.030448
27.000000,13.000000,1321.797069
28.000000,13.000000,1441.653468
29.000000,13.000000,1577.791291
30.000000,13.000000,1724.239779
18.000000,13.500000,622.486424
19.000000,13.500000,678.612779
20.000000,13.500000,736.799240
21.000000,13.500000,797.045808
22.000000,13.500000,859.352481
23.000000,13.500000,938.418056
24.000000,13.500000,1024.267792
25.000000,13.500000,1113.088926
26.000000,13.500000,1212.332808
27.000000,13.500000,1328.223942
28.000000,13.500000,1448.196985
29.000000,13.500000,1585.355911
30.000000,13.500000,1731.891247
18.000000,14.000000,625.590789
19.000000,14.000000,681.827272
20.000000,14.000000,740.124465
21.000000,14.000000,800.482367
22.000000,14.000000,862.900979
23.000000,14.000000,943.141703
24.000000,14.000000,1029.147533
25.000000,14.000000,1118.124778
26.000000,14.000000,1218.648464
27.000000,14.000000,1334.663668
28.000000,14.000000,1454.752918
29.000000,14.000000,1592.935481
30.000000,14.000000,1739.556943
18.000000,14.500000,628.870853
19.000000,14.500000,685.178192
20.000000,14.500000,743.544018
21.000000,14.500000,803.968331
22.000000,14.500000,866.451132
23.000000,14.500000,947.864092
24.000000,14.500000,1034.025716
25.000000,14.500000,1123.158762
26.000000,14.500000,1225.054467
27.000000,14.500000,1341.410996
28.000000,14.500000,1461.847727
29.000000,14.500000,1601.222705
30.000000,14.500000,1748.025945
18.000000,15.000000,632.158136
19.000000,15.000000,688.536199
20.000000,15.000000,746.970525
21.000000,15.000000,807.461114
22.000000,15.000000,870.007966
23.000000,15.000000,952.596221
24.000000,15.000000,1038.913633
25.000000,15.000000,1128.202472
26.000000,15.000000,1231.474067
27.000000,15.000000,1348.172286
28.000000,15.000000,1468.956869
29.000000,15.000000,1609.527541
30.000000,15.000000,1756.512062
18.000000,15.500000,635.564984
19.000000,15.500000,691.984376
20.000000,15.500000,750.455578
21.000000,15.500000,810.978590
22.000000,15.500000,874.208356
23.000000,15.500000,957.329429
24.000000,15.500000,1043.801287
25.000000,15.500000,1133.244492
26.000000,15.500000,1237.926597
27.000000,15.500000,1354.978634
28.000000,15.500000,1476.435862
29.000000,15.500000,1617.898428
30.000000,15.500000,1765.120126
18.000000,16.000000,638.979540
19.000000,16.000000,695.439993
20.000000,16.000000,753.947802
21.000000,16.000000,814.502967
22.000000,16.000000,878.417334
23.000000,16.000000,962.072362
24.000000,16.000000,1048.698654
25.000000,16.000000,1138.296211
26.000000,16.000000,1244.392795
27.000000,16.000000,1361.799056
28.000000,16.000000,1483.930468
29.000000,16.000000,1626.287118
30.000000,16.000000,1773.745713
18.000000,16.500000,642.493924
19.000000,16.500000,699.098086
20.000000,16.500000,757.751466
21.000000,16.500000,818.454066
22.000000,16.500000,883.666335
23.000000,16.500000,967.285300
24.000000,16.500000,1053.862584
25.000000,16.500000,1143.398185
26.000000,16.500000,1250.889489
27.000000,16.500000,1368.656244
28.000000,16.500000,1492.080611
29.000000,16.500000,1634.675947
30.000000,16.500000,1782.368262
17.000000,17.000000,591.319496
18.000000,17.000000,646.016403
19.000000,17.000000,702.764391
20.000000,17.000000,761.563463
21.000000,17.000000,822.413616
22.000000,17.000000,888.927605
23.000000,17.000000,972.509680
24.000000,17.000000,1059.037149
25.000000,17.000000,1148.510011
26.000000,17.000000,1257.399915
27.000000,17.000000,1375.527588
28.000000,17.000000,1500.248772
29.000000,17.000000,1643.082501
30.000000,17.000000,1791.008247
17.000000,17.500000,594.700506
18.000000,17.500000,649.576142
19.000000,17.500000,706.507051
20.000000,17.500000,765.493233
21.000000,17.500000,826.534688
22.000000,17.500000,894.343781
23.000000,17.500000,977.802242
24.000000,17.500000,1064.188735
25.000000,17.500000,1153.503260
26.000000,17.500000,1263.869024
27.000000,17.500000,1382.385160
28.000000,17.500000,1508.382865
29.000000,17.500000,1651.470618
17.000000,18.000000,598.089492
18.000000,18.000000,653.144124
19.000000,18.000000,710.258222
20.000000,18.000000,769.431787
21.000000,18.000000,830.664819
22.000000,18.000000,899.772848
23.000000,18.000000,983.106556
24.000000,18.000000,1069.350968
25.000000,18.000000,1158.506085
26.000000,18.000000,1270.351823
27.000000,18.000000,1389.256872
28.000000,18.000000,1516.534799
29.000000,18.000000,1659.876330
17.000000,18.500000,601.481789
18.000000,18.500000,656.720482
19.000000,18.500000,714.022666
20.000000,18.500000,773.388342
21.000000,18.500000,834.817509
22.000000,18.500000,905.127651
23.000000,18.500000,988.325315
24.000000,18.500000,1074.416328
25.000000,18.500000,1163.400688
26.000000,18.500000,1276.758681
27.000000,18.500000,1395.980365
28.000000,18.500000,1524.464086
29.000000,18.500000,1668.167395
17.000000,19.000000,604.882187
18.000000,19.000000,660.305195
19.000000,19.000000,717.795724
20.000000,19.000000,777.353772
21.000000,19.000000,838.979339
22.000000,19.000000,910.495032
23.000000,19.000000,993.555517
24.000000,19.000000,1079.492023
25.000000,19.000000,1168.304549
26.000000,19.000000,1283.179029
27.000000,19.000000,1402.717598
28.000000,19.000000,1532.410518
29.000000,19.000000,1676.475680
17.000000,19.500000,608.350323
18.000000,19.500000,663.950204
19.000000,19.500000,721.620909
20.000000,19.500000,781.362438
21.000000,19.500000,843.174790
22.000000,19.500000,915.808926
23.000000,19.500000,998.755163
24.000000,19.500000,1084.561503
25.000000,19.500000,1174.276667
26.000000,19.500000,1289.653490
27.000000,19.500000,1409.431752
28.000000,19.500000,1540.335432
29.000000,19.500000,1684.873787
17.000000,20.000000,611.826845
18.000000,20.000000,667.603811
19.000000,20.000000,725.454907
20.000000,20.000000,785.380133
21.000000,20.000000,847.379489
22.000000,20.000000,921.135168
23.000000,20.000000,1003.966114
24.000000,20.000000,1089.641271
25.000000,20.000000,1180.261513
26.000000,20.000000,1296.141618
27.000000,20.000000,1416.159595
28.000000,20.000000,1548.277495
29.000000,20.000000,1693.289638
17.000000,20.500000,615.269393
18.000000,20.500000,671.134839
19.000000,20.500000,729.072867
20.000000,20.500000,789.083476
21.000000,20.500000,851.166666
22.000000,20.500000,925.948768
23.000000,20.500000,1008.848196
24.000000,20.500000,1094.585864
25.000000,20.500000,1186.626887
26.000000,20.500000,1302.706179
27.000000,20.500000,1422.921378
28.000000,20.500000,1556.280548
29.000000,20.500000,1701.771798
17.000000,21.000000,618.720187
18.000000,21.000000,674.674012
19.000000,21.000000,732.698866
20.000000,21.000000,792.794749
21.000000,21.000000,854.961660
22.000000,21.000000,930.772957
23.000000,21.000000,1013.740492
24.000000,21.000000,1099.540302
25.000000,21.000000,1193.006274
26.000000,21.000000,1309.284627
27.000000,21.000000,1429.696922
28.000000,21.000000,1564.300900
29.000000,21.000000,1710.271867
17.000000,21.500000,622.069399
18.000000,21.500000,678.080411
19.000000,21.500000,736.159248
20.000000,21.500000,796.305911
21.000000,21.500000,858.520398
22.000000,21.500000,935.421073
23.000000,21.500000,1018.622979
24.000000,21.500000,1104.660679
25.000000,21.500000,1199.733241
26.000000,21.500000,1316.067361
27.000000,21.500000,1436.523526
28.000000,21.500000,1572.383057
29.000000,21.500000,1718.838157
17.000000,22.000000,625.426487
18.000000,22.000000,681.494477
19.000000,22.000000,739.627084
20.000000,22.000000,799.824308
21.000000,22.000000,862.086149
22.000000,22.000000,940.079193
23.000000,22.000000,1023.515695
24.000000,22.000000,1109.791508
25.000000,22.000000,1206.475574
26.000000,22.000000,1322.864723
27.000000,22.000000,1443.364036
28.000000,22.000000,1580.482665
29.000000,22.000000,1727.422517
17.000000,22.500000,628.858169
18.000000,22.500000,684.968641
19.000000,22.500000,743.139000
20.000000,22.500000,803.369247
21.000000,22.500000,865.659380
22.000000,22.500000,944.915638
23.000000,22.500000,1028.736325
24.000000,22.500000,1115.408782
25.000000,22.500000,1213.828541
26.000000,22.500000,1330.163061
27.000000,22.500000,1450.587729
28.000000,22.500000,1588.926939
29.000000,22.500000,1736.144904
17.000000,23.000000,632.298109
18.000000,23.000000,688.450753
19.000000,23.000000,746.658554
20.000000,23.000000,806.921513
21.000000,23.000000,869.239630
22.000000,23.000000,949.762725
23.000000,23.000000,1033.968396
24.000000,23.000000,1121.038320
25.000000,23.000000,1221.199413
26.000000,23.000000,1337.477981
27.000000,23.000000,1457.826728
28.000000,23.000000,1597.389945
29.000000,23.000000,1744.885799
17.000000,23.500000,635.748223
18.000000,23.500000,691.951283
19.000000,23.500000,750.205200
20.000000,23.500000,810.509973
21.000000,23.500000,873.434613
22.000000,23.500000,954.723782
23.000000,23.500000,1039.298608
24.000000,23.500000,1126.749271
25.000000,23.500000,1228.553503
26.000000,23.500000,1344.852361
27.000000,23.500000,1465.207152
28.000000,23.500000,1606.007619
29.000000,23.500000,1753.672243
16.000000,24.000000,584.999979
17.000000,24.000000,639.206615
18.000000,24.000000,695.459807
19.000000,24.000000,753.759556
20.000000,24.000000,814.105863
21.000000,24.000000,877.638574
22.000000,24.000000,959.695858
23.000000,24.000000,1044.640584
24.000000,24.000000,1132.472753
25.000000,24.000000,1235.925391
26.000000,24.000000,1352.243579
27.000000,24.000000,1472.603477
28.000000,24.000000,1614.644685
29.000000,24.000000,1762.477413
16.000000,24.500000,588.412920
17.000000,24.500000,642.752459
18.000000,24.500000,699.139469
19.000000,24.500000,757.573949
20.000000,24.500000,818.055899
21.000000,24.500000,882.843734
22.000000,24.500000,965.108773
23.000000,24.500000,1050.262492
24.000000,24.500000,1138.304892
25.000000,24.500000,1243.247864
26.000000,24.500000,1359.591211
27.000000,24.500000,1480.717111
28.000000,24.500000,1623.220097
29.000000,24.500000,1771.164247
16.000000,25.000000,591.834437
17.000000,25.000000,646.306935
18.000000,25.000000,702.827816
19.000000,25.000000,761.397079
20.000000,25.000000,822.014724
21.000000,25.000000,888.061561
22.000000,25.000000,970.534437
23.000000,25.000000,1055.897230
24.000000,25.000000,1144.149943
25.000000,25.000000,1250.587893
26.000000,25.000000,1366.955508
27.000000,25.000000,1488.849416
28.000000,25.000000,1631.814754
29.000000,25.000000,1779.869551
16.000000,25.500000,595.270305
17.000000,25.500000,649.925675
18.000000,25.500000,706.633284
19.000000,25.500000,765.393131
20.000000,25.500000,826.205217
21.000000,25.500000,893.597555
22.000000,25.500000,976.180317
23.000000,25.500000,1061.647735
24.000000,25.500000,1149.999808
25.000000,25.500000,1257.849566
26.000000,25.500000,1374.242385
27.000000,25.500000,1497.260008
28.000000,25.500000,1640.358250
16.000000,26.000000,598.714876
17.000000,26.000000,653.553370
18.000000,26.000000,710.447962
19.000000,26.000000,769.398653
20.000000,26.000000,830.405442
21.000000,26.000000,899.147555
22.000000,26.000000,981.839832
23.000000,26.000000,1067.411506
24.000000,26.000000,1155.862576
25.000000,26.000000,1265.128439
26.000000,26.000000,1381.545587
27.000000,26.000000,1505.690306
28.000000,26.000000,1648.920715
16.000000,26.500000,602.017309
17.000000,26.500000,657.071962
18.000000,26.500000,714.188405
19.000000,26.500000,773.366637
20.000000,26.500000,834.606658
21.000000,26.500000,904.627546
22.000000,26.500000,987.306559
23.000000,26.500000,1072.854085
24.000000,26.500000,1161.270124
25.000000,26.500000,1271.988126
26.000000,26.500000,1388.605852
27.000000,26.500000,1514.021284
28.000000,26.500000,1657.416344
16.000000,27.000000,605.327930
17.000000,27.000000,660.599116
18.000000,27.000000,717.937788
19.000000,27.000000,777.343948
20.000000,27.000000,838.817596
21.000000,27.000000,910.121235
22.000000,27.000000,992.786208
23.000000,27.000000,1078.308819
24.000000,27.000000,1166.689068
25.000000,27.000000,1278.863527
26.000000,27.000000,1395.681579
27.000000,27.000000,1522.371525
28.000000,27.000000,1665.930624
16.000000,27.500000,608.670939
17.000000,27.500000,664.158569
18.000000,27.500000,721.719311
19.000000,27.500000,781.353165
20.000000,27.500000,843.060130
21.000000,27.500000,915.561323
22.000000,27.500000,998.202773
23.000000,27.500000,1083.690693
24.000000,27.500000,1172.982167
25.000000,27.500000,1285.646363
26.000000,27.500000,1402.617480
27.000000,27.500000,1530.549620
28.000000,27.500000,1674.353724
16.000000,28.000000,612.022245
17.000000,28.000000,667.726690
18.000000,28.000000,725.509877
19.000000,28.000000,785.371808
20.000000,28.000000,847.312481
21.000000,28.000000,921.014858
22.000000,28.000000,1003.631989
23.000000,28.000000,1089.084432
24.000000,28.000000,1179.289756
25.000000,28.000000,1292.444541
26.000000,28.000000,1409.568339
27.000000,28.000000,1538.746315
28.000000,28.000000,1682.795088
16.000000,28.500000,615.413143
17.000000,28.500000,671.309821
18.000000,28.500000,729.289524
19.000000,28.500000,789.352251
20.000000,28.500000,851.498002
21.000000,28.500000,926.314703
22.000000,28.500000,1008.941290
23.000000,28.500000,1094.393499
24.000000,28.500000,1185.937951
25.000000,28.500000,1299.392942
26.000000,28.500000,1416.820506
27.000000,28.500000,1547.396731
28.000000,28.500000,1691.717246
16.000000,29.000000,618.812500
17.000000,29.000000,674.901689
18.000000,29.000000,733.078187
19.000000,29.000000,793.341996
20.000000,29.000000,855.693115
21.000000,29.000000,931.627452
22.000000,29.000000,1014.262813
23.000000,29.000000,1099.714116
24.000000,29.000000,1192.601859
25.000000,29.000000,1306.357279
26.000000,29.000000,1424.088833
27.000000,29.000000,1556.067659
28.000000,29.000000,1700.659619
16.000000,29.500000,622.320059
17.000000,29.500000,678.564059
18.000000,29.500000,736.897076
19.000000,29.500000,797.319111
20.000000,29.500000,859.830162
21.000000,29.500000,936.819219
22.000000,29.500000,1019.490322
23.000000,29.500000,1104.968838
24.000000,29.500000,1199.285660
25.000000,29.500000,1313.364050
26.000000,29.500000,1431.423525
27.000000,29.500000,1564.902742
28.000000,29.500000,1709.924896
16.000000,30.000000,625.836585
17.000000,30.000000,682.235502
18.000000,30.000000,740.725144
19.000000,30.000000,801.305510
20.000000,30.000000,863.976602
21.000000,30.000000,942.023448
22.000000,30.000000,1024.729702
23.000000,30.000000,1110.234851
24.000000,30.000000,1205.985206
25.000000,30.000000,1320.386881
26.000000,30.000000,1438.774594
27.000000,30.000000,1573.758970
28.000000,30.000000,1719.211702
16.000000,30.500000,629.420600
17.000000,30.500000,685.960038
18.000000,30.500000,744.590750
19.000000,30.500000,805.312738
20.000000,30.500000,868.169828
21.000000,30.500000,947.254865
22.000000,30.500000,1030.066803
23.000000,30.500000,1115.673724
24.000000,30.500000,1212.976050
25.000000,30.500000,1327.593681
26.000000,30.500000,1446.194136
27.000000,30.500000,1582.666924
28.000000,30.500000,1728.541465
16.000000,31.000000,633.013881
17.000000,31.000000,689.693869
18.000000,31.000000,748.465682
19.000000,31.000000,809.329318
20.000000,31.000000,872.372594
21.000000,31.000000,952.498855
22.000000,31.000000,1035.416188
23.000000,31.000000,1121.124592
24.000000,31.000000,1219.983911
25.000000,31.000000,1334.817287
26.000000,31.000000,1453.630276
27.000000,31.000000,1591.596143
28.000000,31.000000,1737.892831
16.000000,31.500000,636.618835
17.000000,31.500000,693.436997
18.000000,31.500000,752.347381
19.000000,31.500000,813.349988
20.000000,31.500000,877.494913
21.000000,31.500000,957.771685
22.000000,31.500000,1040.838477
23.000000,31.500000,1126.695289
24.000000,31.500000,1227.181145
25.000000,31.500000,1342.221316
26.000000,31.500000,1461.236747
27.000000,31.500000,1600.676961
28.000000,31.500000,1747.303189
15.000000,32.000000,585.369343
16.000000,32.000000,640.233077
17.000000,32.000000,697.189431
18.000000,32.000000,756.238405
19.000000,32.000000,817.379998
20.000000,32.000000,882.630010
21.000000,32.000000,963.057196
22.000000,32.000000,1046.273350
23.000000,32.000000,1132.278471
24.000000,32.000000,1234.396215
25.000000,32.000000,1349.642891
26.000000,32.000000,1468.860477
27.000000,32.000000,1609.779622
28.000000,32.000000,1756.735297
15.000000,32.500000,588.884883
16.000000,32.500000,643.863970
17.000000,32.500000,700.934804
18.000000,32.500000,760.097385
19.000000,32.500000,821.351714
20.000000,32.500000,887.670561
21.000000,32.500000,968.279788
22.000000,32.500000,1051.678287
23.000000,32.500000,1137.866059
24.000000,32.500000,1241.642253
25.000000,32.500000,1357.113797
26.000000,32.500000,1477.231789
27.000000,32.500000,1618.942352
28.000000,32.500000,1766.188557
15.000000,33.000000,592.409859
16.000000,33.000000,647.504223
17.000000,33.000000,704.689460
18.000000,33.000000,763.965572
19.000000,33.000000,825.332557
20.000000,33.000000,892.723578
21.000000,33.000000,973.514853
22.000000,33.000000,1057.095706
23.000000,33.000000,1143.466136
24.000000,33.000000,1248.906208
25.000000,33.000000,1364.602424
26.000000,33.000000,1485.623332
27.000000,33.000000,1628.127110
28.000000,33.000000,1775.663552
15.000000,33.500000,595.699522
16.000000,33.500000,650.943792
17.000000,33.500000,708.280245
18.000000,33.500000,767.708880
19.000000,33.500000,829.229698
20.000000,33.500000,897.722460
21.000000,33.500000,978.712783
22.000000,33.500000,1062.493326
23.000000,33.500000,1149.064090
24.000000,33.500000,1256.196156
25.000000,33.500000,1372.157908
26.000000,33.500000,1494.651577
27.000000,33.500000,1637.520951
15.000000,34.000000,598.997689
16.000000,34.000000,654.391946
17.000000,34.000000,711.879694
18.000000,34.000000,771.460933
19.000000,34.000000,833.135664
20.000000,34.000000,902.733650
21.000000,34.000000,983.923067
22.000000,34.000000,1067.903348
23.000000,34.000000,1154.674492
24.000000,34.000000,1263.504125
25.000000,34.000000,1379.731451
26.000000,34.000000,1503.702876
27.000000,34.000000,1646.937869
15.000000,34.500000,602.271201
16.000000,34.500000,657.830298
17.000000,34.500000,715.485124
18.000000,34.500000,775.235679
19.000000,34.500000,837.081962
20.000000,34.500000,907.812002
21.000000,34.500000,989.216781
22.000000,34.500000,1073.414098
23.000000,34.500000,1160.403953
24.000000,34.500000,1270.910056
25.000000,34.500000,1387.349387
26.000000,34.500000,1512.785229
27.000000,34.500000,1656.430416
15.000000,35.000000,605.553095
16.000000,35.000000,661.277178
17.000000,35.000000,719.099227
18.000000,35.000000,779.019244
19.000000,35.000000,841.037228
20.000000,35.000000,912.902917
21.000000,35.000000,994.523174
22.000000,35.000000,1078.937643
23.000000,35.000000,1166.146326
24.000000,35.000000,1278.334414
25.000000,35.000000,1394.985527
26.000000,35.000000,1521.890676
27.000000,35.000000,1665.946315
15.000000,35.500000,608.821103
16.000000,35.500000,664.719442
17.000000,35.500000,722.718532
18.000000,35.500000,782.818371
19.000000,35.500000,845.018959
20.000000,35.500000,918.049959
21.000000,35.500000,999.921558
22.000000,35.500000,1084.591546
23.000000,35.500000,1173.284468
24.000000,35.500000,1285.869786
25.000000,35.500000,1402.659408
15.000000,36.000000,612.097410
16.000000,36.000000,668.170191
17.000000,36.000000,726.346505
18.000000,36.000000,786.626354
19.000000,36.000000,849.009737
20.000000,36.000000,923.209774
21.000000,36.000000,1005.333000
22.000000,36.000000,1090.258794
23.000000,36.000000,1180.441080
24.000000,36.000000,1293.424082
25.000000,36.000000,1410.351629
15.000000,36.500000,615.428533
16.000000,36.500000,671.722502
17.000000,36.500000,730.125578
18.000000,36.500000,790.637762
19.000000,36.500000,853.259053
20.000000,36.500000,928.633931
21.000000,36.500000,1010.916261
22.000000,36.500000,1095.999735
23.000000,36.500000,1187.795345
24.000000,36.500000,1300.937928
25.000000,36.500000,1418.017495
15.000000,37.000000,618.768193
16.000000,37.000000,675.283734
17.000000,37.000000,733.913962
18.000000,37.000000,794.658877
19.000000,37.000000,857.518479
20.000000,37.000000,934.071992
21.000000,37.000000,1016.513299
22.000000,37.000000,1101.754327
23.000000,37.000000,1195.168879
24.000000,37.000000,1308.470505
25.000000,37.000000,1425.701561
15.000000,37.500000,622.286456
16.000000,37.500000,679.055117
17.000000,37.500000,737.945536
18.000000,37.500000,798.957712
19.000000,37.500000,862.091646
20.000000,37.500000,939.763648
21.000000,37.500000,1022.260039
22.000000,37.500000,1107.548129
23.000000,37.500000,1202.501980
24.000000,37.500000,1316.001482
25.000000,37.500000,1433.426324
15.000000,38.000000,625.814091
16.000000,38.000000,682.836381
17.000000,38.000000,741.987511
18.000000,38.000000,803.267479
19.000000,38.000000,866.676285
20.000000,38.000000,945.470329
21.000000,38.000000,1028.021178
22.000000,38.000000,1113.355715
23.000000,38.000000,1209.854115
24.000000,38.000000,1323.551184
25.000000,38.000000,1441.169503
15.000000,38.500000,629.379220
16.000000,38.500000,686.642770
17.000000,38.500000,746.041511
18.000000,38.500000,807.575441
19.000000,38.500000,871.735971
20.000000,38.500000,951.086623
21.000000,38.500000,1033.700932
22.000000,38.500000,1119.091393
23.000000,38.500000,1217.176399
24.000000,38.500000,1331.109362
25.000000,38.500000,1448.962628
15.000000,39.000000,632.953862
16.000000,39.000000,690.459127
17.000000,39.000000,750.105943
18.000000,39.000000,811.894308
19.000000,39.000000,876.808971
20.000000,39.000000,956.717533
21.000000,39.000000,1039.394721
22.000000,39.000000,1124.840534
23.000000,39.000000,1224.517561
24.000000,39.000000,1338.686318
25.000000,39.000000,1456.774430
15.000000,39.500000,636.565295
16.000000,39.500000,694.305829
17.000000,39.500000,754.193967
18.000000,39.500000,816.229709
19.000000,39.500000,882.308018
20.000000,39.500000,962.276795
21.000000,39.500000,1045.006931
22.000000,39.500000,1130.498426
23.000000,39.500000,1231.802331
24.000000,39.500000,1346.235626
25.000000,39.500000,1464.587703
14.000000,40.000000,584.363789
15.000000,40.000000,640.186352
16.000000,40.000000,698.162583
17.000000,40.000000,758.292480
18.000000,40.000000,820.576044
19.000000,40.000000,887.821946
20.000000,40.000000,967.850356
21.000000,40.000000,1050.632862
22.000000,40.000000,1136.169464
23.000000,40.000000,1239.105813
24.000000,40.000000,1353.803606
25.000000,40.000000,1472.419606
14.000000,40.500000,587.614106
15.000000,40.500000,643.659414
16.000000,40.500000,701.864017
17.000000,40.500000,762.227916
18.000000,40.500000,824.751111
19.000000,40.500000,893.090466
20.000000,40.500000,973.281207
21.000000,40.500000,1056.224966
22.000000,40.500000,1141.921745
23.000000,40.500000,1246.554446
24.000000,40.500000,1361.461137
14.000000,41.000000,590.873010
15.000000,41.000000,647.141452
16.000000,41.000000,705.574824
17.000000,41.000000,766.173128
18.000000,41.000000,828.936363
19.000000,41.000000,898.372811
20.000000,41.000000,978.725775
21.000000,41.000000,1061.830679
22.000000,41.000000,1147.687524
23.000000,41.000000,1254.022427
24.000000,41.000000,1369.137686
14.000000,41.500000,594.041936
15.000000,41.500000,650.498385
16.000000,41.500000,709.123276
17.000000,41.500000,769.916609
18.000000,41.500000,832.878384
19.000000,41.500000,903.349683
20.000000,41.500000,983.965940
21.000000,41.500000,1067.338624
22.000000,41.500000,1153.467733
23.000000,41.500000,1261.497022
24.000000,41.500000,1376.796299
14.000000,42.000000,597.219049
15.000000,42.000000,653.863742
16.000000,42.000000,712.680390
17.000000,42.000000,773.668994
18.000000,42.000000,836.829552
19.000000,42.000000,908.339105
20.000000,42.000000,989.218980
21.000000,42.000000,1072.859770
22.000000,42.000000,1159.261477
23.000000,42.000000,1268.990920
24.000000,42.000000,1384.473771
14.000000,42.500000,600.425993
15.000000,42.500000,657.278222
16.000000,42.500000,716.307201
17.000000,42.500000,777.512929
18.000000,42.500000,840.895406
19.000000,42.500000,913.459293
20.000000,42.500000,994.569070
21.000000,42.500000,1078.441812
22.000000,42.500000,1165.625532
23.000000,42.500000,1276.549078
24.000000,42.500000,1392.299824
14.000000,43.000000,603.641235
15.000000,43.000000,660.701325
16.000000,43.000000,719.942963
17.000000,43.000000,781.366148
18.000000,43.000000,844.970882
19.000000,43.000000,918.592593
20.000000,43.000000,999.932427
21.000000,43.000000,1084.037276
22.000000,43.000000,1172.005340
23.000000,43.000000,1284.126843
24.000000,43.000000,1400.145485
14.000000,43.500000,606.900355
15.000000,43.500000,664.169743
16.000000,43.500000,723.625471
17.000000,43.500000,785.267537
18.000000,43.500000,849.095943
19.000000,43.500000,923.787098
20.000000,43.500000,1005.379241
21.000000,43.500000,1089.739912
22.000000,43.500000,1179.469590
23.000000,43.500000,1291.905576
24.000000,43.500000,1408.241129
14.000000,44.000000,610.167945
15.000000,44.000000,667.646957
16.000000,44.000000,727.317105
17.000000,44.000000,789.178387
18.000000,44.000000,853.230805
19.000000,44.000000,928.994943
20.000000,44.000000,1010.839653
21.000000,44.000000,1095.456406
22.000000,44.000000,1186.954161
23.000000,44.000000,1299.704799
24.000000,44.000000,1416.357433
14.000000,44.500000,613.581376
15.000000,44.500000,671.258189
16.000000,44.500000,731.129651
17.000000,44.500000,793.195764
18.000000,44.500000,857.456527
19.000000,44.500000,934.307146
20.000000,44.500000,1016.413441
21.000000,44.500000,1101.295776
22.000000,44.500000,1194.576449
23.000000,44.500000,1307.597740
24.000000,44.500000,1424.519994
14.000000,45.000000,617.003964
15.000000,45.000000,674.878827
16.000000,45.000000,734.951857
17.000000,45.000000,797.223055
18.000000,45.000000,861.692420
19.000000,45.000000,939.633131
20.000000,45.000000,1022.001305
21.000000,45.000000,1107.149518
22.000000,45.000000,1202.219689
23.000000,45.000000,1315.511550
24.000000,45.000000,1432.703345
14.000000,45.500000,620.493354
15.000000,45.500000,678.577719
16.000000,45.500000,738.864445
17.000000,45.500000,801.353533
18.000000,45.500000,866.076041
19.000000,45.500000,945.104902
20.000000,45.500000,1027.743531
21.000000,45.500000,1113.166558
22.000000,45.500000,1210.019507
23.000000,45.500000,1323.520297
24.000000,45.500000,1440.915328
14.000000,46.000000,623.992194
15.000000,46.000000,682.286358
16.000000,46.000000,742.787083
17.000000,46.000000,805.494369
18.000000,46.000000,870.470457
19.000000,46.000000,950.591108
20.000000,46.000000,1033.500516
21.000000,46.000000,1119.198682
22.000000,46.000000,1217.841007
23.000000,46.000000,1331.550296
24.000000,46.000000,1449.148141
14.000000,46.500000,627.542073
15.000000,46.500000,686.017640
16.000000,46.500000,746.702300
17.000000,46.500000,809.596054
18.000000,46.500000,875.611299
19.000000,46.500000,956.028408
20.000000,46.500000,1039.239777
21.000000,46.500000,1125.245407
22.000000,46.500000,1225.658781
23.000000,46.500000,1339.589023
24.000000,46.500000,1457.403177
14.000000,47.000000,631.101629
15.000000,47.000000,689.758763
16.000000,47.000000,750.627525
17.000000,47.000000,813.707915
18.000000,47.000000,880.765947
19.000000,47.000000,961.479944
20.000000,47.000000,1044.993709
21.000000,47.000000,1131.307243
22.000000,47.000000,1233.498132
23.000000,47.000000,1347.648973
24.000000,47.000000,1465.679087
14.000000,47.500000,634.710999
15.000000,47.500000,693.536028
16.000000,47.500000,754.574254
17.000000,47.500000,817.825678
18.000000,47.500000,885.929395
19.000000,47.500000,966.944269
20.000000,47.500000,1050.764643
21.000000,47.500000,1137.390516
22.000000,47.500000,1241.341450
23.000000,47.500000,1355.753355
14.000000,48.000000,638.330259
15.000000,48.000000,697.323277
16.000000,48.000000,758.531062
17.000000,48.000000,821.953613
18.000000,48.000000,891.106655
19.000000,48.000000,972.422855
20.000000,48.000000,1056.550290
21.000000,48.000000,1143.488960
22.000000,48.000000,1249.206371
23.000000,48.000000,1363.879240
14.000000,48.500000,642.045328
15.000000,48.500000,701.188095
16.000000,48.500000,762.545703
17.000000,48.500000,826.118152
18.000000,48.500000,896.329986
19.000000,48.500000,977.940754
20.000000,48.500000,1062.368046
21.000000,48.500000,1149.611861
22.000000,48.500000,1257.050930
23.000000,48.500000,1371.976521
13.000000,49.000000,588.693158
14.000000,49.000000,645.770746
15.000000,49.000000,705.063249
16.000000,49.000000,766.570667
17.000000,49.000000,830.293001
18.000000,49.000000,901.567307
19.000000,49.000000,983.473058
20.000000,49.000000,1068.200624
21.000000,49.000000,1155.750006
22.000000,49.000000,1264.916958
23.000000,49.000000,1380.095128
13.000000,49.500000,592.213432
14.000000,49.500000,649.460571
15.000000,49.500000,708.924040
16.000000,49.500000,770.603838
17.000000,49.500000,834.499965
18.000000,49.500000,906.817003
19.000000,49.500000,988.887896
20.000000,49.500000,1073.779138
21.000000,49.500000,1161.782875
22.000000,49.500000,1272.450532
23.000000,49.500000,1388.071205
13.000000,50.000000,595.743769
14.000000,50.000000,653.160551
15.000000,50.000000,712.795077
16.000000,50.000000,774.647346
17.000000,50.000000,838.717360
18.000000,50.000000,912.080740
19.000000,50.000000,994.316632
20.000000,50.000000,1079.371404
21.000000,50.000000,1167.830544
22.000000,50.000000,1280.004104
23.000000,50.000000,1396.067939
13.000000,50.500000,599.218297
14.000000,50.500000,656.837957
15.000000,50.500000,716.679043
16.000000,50.500000,778.741556
17.000000,50.500000,843.025495
18.000000,50.500000,917.420456
19.000000,50.500000,999.766418
20.000000,50.500000,1084.926202
21.000000,50.500000,1174.899464
22.000000,50.500000,1287.541427
23.000000,50.500000,1404.083236
13.000000,51.000000,602.702595
14.000000,51.000000,660.525392
15.000000,51.000000,720.573303
16.000000,51.000000,782.846326
17.000000,51.000000,847.344462
18.000000,51.000000,922.774570
19.000000,51.000000,1005.230185
20.000000,51.000000,1090.494567
21.000000,51.000000,1181.987439
22.000000,51.000000,1295.098594
23.000000,51.000000,1412.119175
13.000000,51.500000,606.109926
14.000000,51.500000,664.166626
15.000000,51.500000,724.454045
16.000000,51.500000,786.972184
17.000000,51.500000,851.721042
18.000000,51.500000,928.142597
19.000000,51.500000,1010.679294
20.000000,51.500000,1096.017881
21.000000,51.500000,1189.098977
22.000000,51.500000,1302.768766
23.000000,51.500000,1420.363169
13.000000,52.000000,609.526633
14.000000,52.000000,667.817650
15.000000,52.000000,728.344999
16.000000,52.000000,791.108679
17.000000,52.000000,856.108692
18.000000,52.000000,933.525064
19.000000,52.000000,1016.142288
20.000000,52.000000,1101.554531
21.000000,52.000000,1196.229605
22.000000,52.000000,1310.459242
23.000000,52.000000,1428.628700
13.000000,52.500000,612.902768
14.000000,52.500000,671.440192
15.000000,52.500000,732.220227
16.000000,52.500000,795.242871
17.000000,52.500000,860.508125
18.000000,52.500000,938.857098
19.000000,52.500000,1021.549564
20.000000,52.500000,1107.029984
21.000000,52.500000,1203.449782
22.000000,52.500000,1318.380181
23.000000,52.500000,1437.274490
13.000000,53.000000,616.288056
14.000000,53.000000,675.072360
15.000000,53.000000,736.105559
16.000000,53.000000,799.387654
17.000000,53.000000,864.918644
18.000000,53.000000,944.203298
19.000000,53.000000,1026.970438
20.000000,53.000000,1112.518472
21.000000,53.000000,1210.689411
22.000000,53.000000,1326.322467
23.000000,53.000000,1445.943583
13.000000,53.500000,619.575064
14.000000,53.500000,678.629366
15.000000,53.500000,739.940129
16.000000,53.500000,803.507354
17.000000,53.500000,869.774446
18.000000,53.500000,949.583003
19.000000,53.500000,1032.522520
20.000000,53.500000,1118.241464
21.000000,53.500000,1218.372230
22.000000,53.500000,1334.583956
23.000000,53.500000,1454.799362
13.000000,54.000000,622.870729
14.000000,54.000000,682.195615
15.000000,54.000000,743.784537
16.000000,54.000000,807.637497
17.000000,54.000000,874.643211
18.000000,54.000000,954.977007
19.000000,54.000000,1038.088766
20.000000,54.000000,1123.978487
21.000000,54.000000,1226.076554
22.000000,54.000000,1342.868232
23.000000,54.000000,1463.679234
13.000000,54.500000,626.116842
14.000000,54.500000,685.709275
15.000000,54.500000,747.573229
16.000000,54.500000,811.708701
17.000000,54.500000,879.789679
18.000000,54.500000,960.525276
19.000000,54.500000,1044.050088
20.000000,54.500000,1130.364115
21.000000,54.500000,1234.553140
22.000000,54.500000,1351.568992
13.000000,55.000000,629.371341
14.000000,55.000000,689.231900
15.000000,55.000000,751.371468
16.000000,55.000000,815.790048
17.000000,55.000000,884.950246
18.000000,55.000000,966.088564
19.000000,55.000000,1050.027368
20.000000,55.000000,1136.766657
21.000000,55.000000,1243.054923
22.000000,55.000000,1360.294427
13.000000,55.500000,632.549118
14.000000,55.500000,692.675644
15.000000,55.500000,755.088721
16.000000,55.500000,819.788351
17.000000,55.500000,890.050851
18.000000,55.500000,971.674520
19.000000,55.500000,1056.113682
20.000000,55.500000,1143.368337
21.000000,55.500000,1251.656346
22.000000,55.500000,1369.044257
13.000000,56.000000,635.734879
14.000000,56.000000,696.127946
15.000000,56.000000,758.815114
16.000000,56.000000,823.796385
17.000000,56.000000,895.165288
18.000000,56.000000,977.275581
19.000000,56.000000,1062.216402
20.000000,56.000000,1149.987751
21.000000,56.000000,1260.283284
22.000000,56.000000,1377.818733
13.000000,56.500000,638.984494
14.000000,56.500000,699.669330
15.000000,56.500000,762.656994
16.000000,56.500000,827.947487
17.000000,56.500000,900.475417
18.000000,56.500000,983.025378
19.000000,56.500000,1068.418442
20.000000,56.500000,1156.733548
21.000000,56.500000,1268.838640
22.000000,56.500000,1386.552463
12.000000,57.000000,583.576640
13.000000,57.000000,642.242365
14.000000,57.000000,703.219655
15.000000,57.000000,766.508510
16.000000,57.000000,832.108931
17.000000,57.000000,905.800188
18.000000,57.000000,988.790875
19.000000,57.000000,1074.637259
20.000000,57.000000,1163.497571
21.000000,57.000000,1277.419096
22.000000,57.000000,1395.310627
12.000000,57.500000,586.744999
13.000000,57.500000,645.685826
14.000000,57.500000,706.945352
15.000000,57.500000,770.523574
16.000000,57.500000,836.420494
17.000000,57.500000,911.280562
18.000000,57.500000,994.668855
19.000000,57.500000,1080.923189
20.000000,57.500000,1171.807030
21.000000,57.500000,1285.969392
22.000000,57.500000,1404.098845
12.000000,58.000000,589.921889
13.000000,58.000000,649.138429
14.000000,58.000000,710.680802
15.000000,58.000000,774.549008
16.000000,58.000000,840.743047
17.000000,58.000000,916.776213
18.000000,58.000000,1000.562970
19.000000,58.000000,1087.226129
20.000000,58.000000,1180.141745
21.000000,58.000000,1294.544640
22.000000,58.000000,1412.911710
12.000000,58.500000,593.190469
13.000000,58.500000,652.684109
14.000000,58.500000,714.510678
15.000000,58.500000,778.670178
16.000000,58.500000,845.162607
17.000000,58.500000,922.275391
18.000000,58.500000,1006.294887
19.000000,58.500000,1093.192527
20.000000,58.500000,1187.890681
21.000000,58.500000,1302.772068
22.000000,58.500000,1421.627208
12.000000,59.000000,596.468011
13.000000,59.000000,656.239356
14.000000,59.000000,718.350732
15.000000,59.000000,782.802139
16.000000,59.000000,849.593578
17.000000,59.000000,927.789862
18.000000,59.000000,1012.042205
19.000000,59.000000,1099.174432
20.000000,59.000000,1195.662111
21.000000,59.000000,1311.022805
22.000000,59.000000,1430.366837
12.000000,59.500000,599.855157
13.000000,59.500000,659.913338
14.000000,59.500000,722.319849
15.000000,59.500000,787.074689
16.000000,59.500000,854.177859
17.000000,59.500000,933.413964
18.000000,59.500000,1017.855858
19.000000,59.500000,1105.176172
20.000000,59.500000,1203.469994
21.000000,59.500000,1319.317918
22.000000,59.500000,1439.159175
12.000000,60.000000,603.251754
13.000000,60.000000,663.597422
14.000000,60.000000,726.299729
15.000000,60.000000,791.358675
16.000000,60.000000,858.774260
17.000000,60.000000,939.053881
18.000000,60.000000,1023.685193
19.000000,60.000000,1111.193459
20.000000,60.000000,1211.300441
21.000000,60.000000,1327.636441
22.000000,60.000000,1447.975783
12.000000,60.500000,606.694326
13.000000,60.500000,667.315880
14.000000,60.500000,730.301602
15.000000,60.500000,795.651492
16.000000,60.500000,863.430081
17.000000,60.500000,944.652251
18.000000,60.500000,1029.489812
19.000000,60.500000,1117.203763
20.000000,60.500000,1219.196585
21.000000,60.500000,1336.026575
12.000000,61.000000,610.146539
13.000000,61.000000,671.044566
14.000000,61.000000,734.314299
15.000000,61.000000,799.955739
16.000000,61.000000,868.098241
17.000000,61.000000,950.266180
18.000000,61.000000,1035.309941
19.000000,61.000000,1123.229522
20.000000,61.000000,1227.115514
21.000000,61.000000,1344.440364
12.000000,61.500000,613.708906
13.000000,61.500000,674.849631
14.000000,61.500000,738.366803
15.000000,61.500000,804.260422
16.000000,61.500000,873.430161
17.000000,61.500000,955.858277
18.000000,61.500000,1041.164885
19.000000,61.500000,1129.349985
20.000000,61.500000,1235.224241
21.000000,61.500000,1353.034155
12.000000,62.000000,617.281474
13.000000,62.000000,678.665292
14.000000,62.000000,742.430302
15.000000,62.000000,808.576502
16.000000,62.000000,878.777291
17.000000,62.000000,961.465799
18.000000,62.000000,1047.035471
19.000000,62.000000,1135.486307
20.000000,62.000000,1243.356658
21.000000,62.000000,1361.652450
12.000000,62.500000,620.835705
13.000000,62.500000,682.455563
14.000000,62.500000,746.461004
15.000000,62.500000,812.852027
16.000000,62.500000,884.073845
17.000000,62.500000,967.085519
18.000000,62.500000,1052.984842
19.000000,62.500000,1141.771814
20.000000,62.500000,1251.665873
21.000000,62.500000,1370.381242
12.000000,63.000000,624.399994
13.000000,63.000000,686.256254
14.000000,63.000000,750.502492
15.000000,63.000000,817.138706
16.000000,63.000000,889.385331
17.000000,63.000000,972.720696
18.000000,63.000000,1058.950202
19.000000,63.000000,1148.073849
20.000000,63.000000,1259.999669
21.000000,63.000000,1379.135118
12.000000,63.500000,627.963122
13.000000,63.500000,690.013223
14.000000,63.500000,754.455243
15.000000,63.500000,821.289182
16.000000,63.500000,894.545888
17.000000,63.500000,978.296890
18.000000,63.500000,1064.953305
19.000000,63.500000,1154.580877
20.000000,63.500000,1268.427525
21.000000,63.500000,1387.911678
12.000000,64.000000,631.536271
13.000000,64.000000,693.780362
14.000000,64.000000,758.418313
15.000000,64.000000,825.450126
16.000000,64.000000,899.720672
17.000000,64.000000,983.888266
18.000000,64.000000,1070.972562
19.000000,64.000000,1161.105347
20.000000,64.000000,1276.880371
21.000000,64.000000,1396.713346
12.000000,64.500000,634.958900
13.000000,64.500000,697.435106
14.000000,64.500000,762.309406
15.000000,64.500000,829.581799
16.000000,64.500000,904.930888
17.000000,64.500000,989.523165
18.000000,64.500000,1077.043702
19.000000,64.500000,1169.213664
20.000000,64.500000,1285.317566
21.000000,64.500000,1405.479825
12.000000,65.000000,638.390738
13.000000,65.000000,701.099417
14.000000,65.000000,766.210422
15.000000,65.000000,833.723754
16.000000,65.000000,910.155444
17.000000,65.000000,995.173388
18.000000,65.000000,1083.131168
19.000000,65.000000,1177.346751
20.000000,65.000000,1293.779560
21.000000,65.000000,1414.271133
12.000000,65.500000,641.627963
13.000000,65.500000,704.654552
14.000000,65.500000,770.093108
15.000000,65.500000,837.943631
16.000000,65.500000,915.519375
17.000000,65.500000,1000.927967
18.000000,65.500000,1089.285450
19.000000,65.500000,1185.451513
20.000000,65.500000,1302.203659
21.000000,65.500000,1423.013936
11.000000,66.000000,583.949694
12.000000,66.000000,644.873375
13.000000,66.000000,708.218674
14.000000,66.000000,773.985592
15.000000,66.000000,842.174128
16.000000,66.000000,920.898305
17.000000,66.000000,1006.698344
18.000000,66.000000,1095.456340
19.000000,66.000000,1193.580851
20.000000,66.000000,1310.652296
21.000000,66.000000,1431.781239
11.000000,66.500000,587.020934
12.000000,66.500000,648.234879
13.000000,66.500000,711.878645
14.000000,66.500000,777.952230
15.000000,66.500000,846.455635
16.000000,66.500000,926.317165
17.000000,66.500000,1012.502262
18.000000,66.500000,1101.654256
11.000000,67.000000,590.100228
12.000000,67.000000,651.605116
13.000000,67.000000,715.548034
14.000000,67.000000,781.928983
15.000000,67.000000,850.747962
16.000000,67.000000,931.751170
17.000000,67.000000,1018.322100
18.000000,67.000000,1107.868878
11.000000,67.500000,593.137330
12.000000,67.500000,654.931472
13.000000,67.500000,719.171534
14.000000,67.500000,785.857517
15.000000,67.500000,854.989420
16.000000,67.500000,937.170736
17.000000,67.500000,1024.182800
18.000000,67.500000,1114.182586
11.000000,68.000000,596.182226
12.000000,68.000000,658.266297
13.000000,68.000000,722.804184
14.000000,68.000000,789.795888
15.000000,68.000000,859.241408
16.000000,68.000000,942.605355
17.000000,68.000000,1030.059591
18.000000,68.000000,1120.513441
11.000000,68.500000,599.346932
12.000000,68.500000,661.710353
13.000000,68.500000,726.534349
14.000000,68.500000,793.818922
15.000000,68.500000,863.794545
16.000000,68.500000,948.109540
17.000000,68.500000,1035.981084
18.000000,68.500000,1126.862580
11.000000,69.000000,602.520014
12.000000,69.000000,665.163392
13.000000,69.000000,730.274108
14.000000,69.000000,797.852163
15.000000,69.000000,868.359591
16.000000,69.000000,953.629049
17.000000,69.000000,1041.918811
18.000000,69.000000,1133.228877
11.000000,69.500000,605.773788
12.000000,69.500000,668.652688
13.000000,69.500000,734.003040
14.000000,69.500000,801.824845
15.000000,69.500000,873.363774
16.000000,69.500000,959.074089
17.000000,69.500000,1047.816128
18.000000,69.500000,1139.589888
11.000000,70.000000,609.036321
12.000000,70.000000,672.151109
13.000000,70.000000,737.741466
14.000000,70.000000,805.807392
15.000000,70.000000,878.381855
16.000000,70.000000,964.534071
17.000000,70.000000,1053.729438
18.000000,70.000000,1145.967958
11.000000,70.500000,612.380974
12.000000,70.500000,675.706864
13.000000,70.500000,741.510806
14.000000,70.500000,809.792798
15.000000,70.500000,883.403443
16.000000,70.500000,969.973778
17.000000,70.500000,1059.597807
11.000000,71.000000,615.734777
12.000000,71.000000,679.271996
13.000000,71.000000,745.289749
14.000000,71.000000,813.788035
15.000000,71.000000,888.438909
16.000000,71.000000,975.428304
17.000000,71.000000,1065.481943
11.000000,71.500000,619.245358
12.000000,71.500000,682.958643
13.000000,71.500000,749.152168
14.000000,71.500000,817.825934
15.000000,71.500000,893.513735
16.000000,71.500000,980.885349
17.000000,71.500000,1071.329821
11.000000,72.000000,622.765888
12.000000,72.000000,686.655254
13.000000,72.000000,753.024566
14.000000,72.000000,821.873825
15.000000,72.000000,898.602585
16.000000,72.000000,986.357178
17.000000,72.000000,1077.193251
11.000000,72.500000,626.331613
12.000000,72.500000,690.488382
13.000000,72.500000,757.130559
14.000000,72.500000,826.258144
15.000000,72.500000,904.132968
16.000000,72.500000,992.166152
17.000000,72.500000,1083.284180
11.000000,73.000000,629.907449
12.000000,73.000000,694.332111
13.000000,73.000000,761.247646
14.000000,73.000000,830.654053
15.000000,73.000000,909.679404
16.000000,73.000000,997.991421
17.000000,73.000000,1089.391649
11.000000,73.500000,633.523450
12.000000,73.500000,698.238202
13.000000,73.500000,765.450640
14.000000,73.500000,835.160765
15.000000,73.500000,915.444999
16.000000,73.500000,1004.187816
17.000000,73.500000,1096.029131
11.000000,74.000000,637.149732
12.000000,74.000000,702.155175
13.000000,74.000000,769.665123
14.000000,74.000000,839.679576
15.000000,74.000000,921.227705
16.000000,74.000000,1010.402259
17.000000,74.000000,1102.685612
11.000000,74.500000,640.746517
12.000000,74.500000,706.068720
13.000000,74.500000,773.903786
14.000000,74.500000,844.251715
15.000000,74.500000,927.085544
16.000000,74.500000,1016.682700
17.000000,74.500000,1109.397833
10.000000,75.000000,581.234915
11.000000,75.000000,644.353387
12.000000,75.000000,709.993089
13.000000,75.000000,778.154021
14.000000,75.000000,848.836181
15.000000,75.000000,932.960846
16.000000,75.000000,1022.981473
17.000000,75.000000,1116.129262
10.000000,75.500000,584.409266
11.000000,75.500000,647.861213
12.000000,75.500000,713.843852
13.000000,75.500000,782.357182
14.000000,75.500000,853.401203
15.000000,75.500000,938.893171
16.000000,75.500000,1029.427529
17.000000,75.500000,1123.104018
10.000000,76.000000,587.592261
11.000000,76.000000,651.378555
12.000000,76.000000,717.705009
13.000000,76.000000,786.571622
14.000000,76.000000,857.978395
15.000000,76.000000,944.843200
16.000000,76.000000,1035.892640
17.000000,76.000000,1130.099210
10.000000,76.500000,590.876913
11.000000,76.500000,655.018502
12.000000,76.500000,721.711004
13.000000,76.500000,790.954422
14.000000,76.500000,863.152411
15.000000,76.500000,950.987836
16.000000,76.500000,1042.507365
17.000000,76.500000,1137.196001
10.000000,77.000000,594.170713
11.000000,77.000000,658.668567
12.000000,77.000000,725.728102
13.000000,77.000000,795.349318
14.000000,77.000000,868.341517
15.000000,77.000000,957.151137
16.000000,77.000000,1049.141857
17.000000,77.000000,1144.313679
10.000000,77.500000,597.419228
11.000000,77.500000,662.306845
12.000000,77.500000,729.768697
13.000000,77.500000,799.804785
14.000000,77.500000,874.143297
15.000000,77.500000,963.389818
16.000000,77.500000,1055.827675
10.000000,78.000000,600.676598
11.000000,78.000000,665.955132
12.000000,78.000000,733.820471
13.000000,78.000000,804.272613
14.000000,78.000000,879.963122
15.000000,78.000000,969.647492
16.000000,78.000000,1062.533448
10.000000,78.500000,603.922878
11.000000,78.500000,669.640736
12.000000,78.500000,737.960918
13.000000,78.500000,808.883422
14.000000,78.500000,885.955271
15.000000,78.500000,976.024804
16.000000,78.500000,1069.302097
10.000000,79.000000,607.177905
11.000000,79.000000,673.336504
12.000000,79.000000,742.112968
13.000000,79.000000,813.507299
14.000000,79.000000,891.966367
15.000000,79.000000,982.421692
16.000000,79.000000,1076.090954
10.000000,79.500000,610.457157
11.000000,79.500000,677.066795
12.000000,79.500000,746.309983
13.000000,79.500000,818.186719
14.000000,79.500000,897.984973
15.000000,79.500000,988.809628
16.000000,79.500000,1082.853770
10.000000,80.000000,613.745239
11.000000,80.000000,680.807384
12.000000,80.000000,750.518783
13.000000,80.000000,822.879434
14.000000,80.000000,904.022475
15.000000,80.000000,995.217013
16.000000,80.000000,1089.636589
10.000000,80.500000,617.135441
11.000000,80.500000,684.607783
12.000000,80.500000,754.742482
13.000000,80.500000,827.539536
14.000000,80.500000,909.948754
15.000000,80.500000,1001.534010
16.000000,80.500000,1096.350970
10.000000,81.000000,620.534982
11.000000,81.000000,688.418749
12.000000,81.000000,758.977990
13.000000,81.000000,832.212706
14.000000,81.000000,915.893308
15.000000,81.000000,1007.869949
16.000000,81.000000,1103.084963
10.000000,81.500000,624.128716
11.000000,81.500000,692.355577
12.000000,81.500000,763.266053
13.000000,81.500000,836.860144
14.000000,81.500000,921.753585
15.000000,81.500000,1014.137094
16.000000,81.500000,1109.766610
10.000000,82.000000,627.732816
11.000000,82.000000,696.303607
12.000000,82.000000,767.566155
13.000000,82.000000,841.520459
14.000000,82.000000,927.631652
15.000000,82.000000,1020.422783
16.000000,82.000000,1116.467561
10.000000,82.500000,631.497792
11.000000,82.500000,700.342499
12.000000,82.500000,771.883930
13.000000,82.500000,846.122086
14.000000,82.500000,933.439398
15.000000,82.500000,1026.663895
16.000000,82.500000,1123.150790
10.000000,83.000000,635.273952
11.000000,83.000000,704.393013
12.000000,83.000000,776.213770
13.000000,83.000000,850.736222
14.000000,83.000000,939.264507
15.000000,83.000000,1032.923252
16.000000,83.000000,1129.853150
10.000000,83.500000,639.114151
11.000000,83.500000,708.484709
12.000000,83.500000,780.560457
13.000000,83.500000,855.341394
14.000000,83.500000,945.093133
15.000000,83.500000,1039.181424
16.000000,83.500000,1136.549251
10.000000,84.000000,642.965831
11.000000,84.000000,712.588191
12.000000,84.000000,784.919237
13.000000,84.000000,859.958968
14.000000,84.000000,950.939060
15.000000,84.000000,1045.457752
16.000000,84.000000,1143.264364
10.000000,84.500000,646.859594
11.000000,84.500000,716.777103
12.000000,84.500000,789.408963
13.000000,84.500000,865.481359
14.000000,84.500000,956.966328
15.000000,84.500000,1051.870849
9.000000,85.000000,583.271853
10.000000,85.000000,650.765021
11.000000,85.000000,720.978210
12.000000,85.000000,793.911419
13.000000,85.000000,871.020674
14.000000,85.000000,963.011754
15.000000,85.000000,1058.302718
9.000000,85.500000,586.798168
10.000000,85.500000,654.756882
11.000000,85.500000,725.451547
12.000000,85.500000,798.882162
13.000000,85.500000,877.377278
14.000000,85.500000,969.603504
15.000000,85.500000,1065.127371
9.000000,86.000000,590.335070
10.000000,86.000000,658.760847
11.000000,86.000000,729.938528
12.000000,86.000000,803.868114
13.000000,86.000000,883.755061
14.000000,86.000000,976.216211
15.000000,86.000000,1071.972758
9.000000,86.500000,593.943763
10.000000,86.500000,662.845906
11.000000,86.500000,734.515982
12.000000,86.500000,808.953993
13.000000,86.500000,890.180858
14.000000,86.500000,982.964389
15.000000,86.500000,1079.046582
9.000000,87.000000,597.563400
10.000000,87.000000,666.943467
11.000000,87.000000,739.107520
12.000000,87.000000,814.055557
13.000000,87.000000,896.628020
14.000000,87.000000,989.734199
15.000000,87.000000,1086.142307
9.000000,87.500000,601.328250
10.000000,87.500000,671.176658
11.000000,87.500000,743.824072
12.000000,87.500000,819.270493
9.000000,88.000000,605.104821
10.000000,88.000000,675.423055
11.000000,88.000000,748.555335
12.000000,88.000000,824.501659
9.000000,88.500000,609.119099
10.000000,88.500000,679.869316
11.000000,88.500000,753.445141
12.000000,88.500000,829.846575
9.000000,89.000000,613.146442
10.000000,89.000000,684.329877
11.000000,89.000000,758.350487
12.000000,89.000000,835.208272
9.000000,89.500000,617.341889
10.000000,89.500000,689.004278
11.000000,89.500000,763.518253
12.000000,89.500000,840.883813
9.000000,90.000000,621.551346
10.000000,90.000000,693.694183
11.000000,90.000000,768.703029
12.000000,90.000000,846.577885
9.000000,90.500000,625.961104
10.000000,90.500000,698.544022
11.000000,90.500000,774.004479
12.000000,90.500000,852.342474
9.000000,91.000000,630.386004
10.000000,91.000000,703.410232
11.000000,91.000000,779.323535
12.000000,91.000000,858.125911
9.000000,91.500000,634.928014
10.000000,91.500000,708.332306
11.000000,91.500000,784.634071
9.000000,92.000000,639.485736
10.000000,92.000000,713.270954
11.000000,92.000000,789.962050
9.000000,92.500000,643.853445
10.000000,92.500000,718.050812
11.000000,92.500000,795.164922
9.000000,93.000000,648.235639
10.000000,93.000000,722.846223
11.000000,93.000000,800.384426
9.000000,93.500000,652.733815
10.000000,93.500000,727.807099
11.000000,93.500000,805.821729
8.000000,94.000000,584.664869
9.000000,94.000000,657.247105
10.000000,94.000000,732.784435
11.000000,94.000000,811.276859
8.000000,94.500000,588.907724
9.000000,94.500000,662.062944
10.000000,94.500000,738.194888
11.000000,94.500000,817.303557
8.000000,95.000000,593.165394
9.000000,95.000000,666.895656
10.000000,95.000000,743.624335
11.000000,95.000000,823.351430
8.000000,95.500000,597.496081
9.000000,95.500000,671.848897
10.000000,95.500000,749.223995
11.000000,95.500000,829.621377
8.000000,96.000000,601.841991
9.000000,96.000000,676.819693
10.000000,96.000000,754.843614
11.000000,96.000000,835.913753
8.000000,96.500000,606.246795
9.000000,96.500000,681.921455
10.000000,96.500000,760.669567
11.000000,96.500000,842.491130
8.000000,97.000000,610.667145
9.000000,97.000000,687.041516
10.000000,97.000000,766.516649
11.000000,97.000000,849.092544
8.000000,97.500000,615.268579
9.000000,97.500000,692.407303
10.000000,97.500000,772.675990
8.000000,98.000000,619.886603
9.000000,98.000000,697.792775
10.000000,98.000000,778.858177
8.000000,98.500000,624.698130
9.000000,98.500000,703.300856
10.000000,98.500000,785.087576
8.000000,99.000000,629.527371
9.000000,99.000000,708.829300
10.000000,99.000000,791.340030
8.000000,99.500000,634.622876
9.000000,99.500000,714.586158
10.000000,99.500000,797.779791
8.000000,100.000000,639.737711
9.000000,100.000000,720.364724
10.000000,100.000000,804.243667
8.000000,100.500000,645.323771
9.000000,100.500000,726.677537
10.000000,100.500000,811.309234
8.000000,101.000000,650.932003
9.000000,101.000000,733.015309
10.000000,101.000000,818.402612
8.000000,101.500000,656.883370
9.000000,101.500000,739.728110
10.000000,101.500000,825.905344
7.000000,102.000000,582.610837
8.000000,102.000000,662.858943
9.000000,102.000000,746.468131
10.000000,102.000000,833.438399
7.000000,102.500000,588.115028
8.000000,102.500000,669.151087
9.000000,102.500000,753.579422
10.000000,102.500000,841.400034
7.000000,103.000000,593.642174
8.000000,103.000000,675.469439
9.000000,103.000000,760.720283
10.000000,103.000000,849.394706
7.000000,103.500000,599.532045
8.000000,103.500000,682.275855
9.000000,103.500000,768.481748
7.000000,104.000000,605.447277
8.000000,104.000000,689.111746
9.000000,104.000000,776.276965
7.000000,104.500000,611.714779
8.000000,104.500000,696.240992
9.000000,104.500000,784.301484
7.000000,105.000000,618.010035
8.000000,105.000000,703.401667
9.000000,105.000000,792.361224
7.000000,105.500000,624.541556
8.000000,105.500000,710.725584
9.000000,105.500000,800.506140
7.000000,106.000000,631.102358
8.000000,106.000000,718.081932
9.000000,106.000000,808.686721
7.000000,106.500000,637.916807
8.000000,106.500000,725.681027
9.000000,106.500000,817.097811
7.000000,107.000000,644.762189
8.000000,107.000000,733.314100
9.000000,107.000000,825.545998
7.000000,107.500000,651.902179
8.000000,107.500000,741.188191
9.000000,107.500000,834.177049
7.000000,108.000000,659.075114
8.000000,108.000000,749.097831
9.000000,108.000000,842.846304
7.000000,108.500000,666.469269
8.000000,108.500000,757.216341
6.000000,109.000000,586.192319
7.000000,109.000000,673.897822
8.000000,109.000000,765.371718
6.000000,109.500000,593.285933
7.000000,109.500000,681.843864
8.000000,109.500000,774.200862
6.000000,110.000000,600.414102
7.000000,110.000000,689.827972
8.000000,110.000000,783.071673
