weight_g,60.000000
thrust_N,velocity_m_s,power_W
16.000000,0.000000,593.262982
17.000000,0.000000,647.610012
18.000000,0.000000,704.113577
19.000000,0.000000,762.773678
20.000000,0.000000,823.590314
21.000000,0.000000,886.212143
22.000000,0.000000,950.219728
23.000000,0.000000,1016.237805
24.000000,0.000000,1084.266375
25.000000,0.000000,1154.019841
26.000000,0.000000,1223.850859
27.000000,0.000000,1295.534580
28.000000,0.000000,1369.071004
16.000000,0.500000,595.371977
17.000000,0.500000,649.896121
18.000000,0.500000,706.583967
19.000000,0.500000,765.435517
20.000000,0.500000,826.450771
21.000000,0.500000,889.183206
22.000000,0.500000,953.287677
23.000000,0.500000,1019.403709
24.000000,0.500000,1087.531301
25.000000,0.500000,1157.288505
26.000000,0.500000,1227.233297
27.000000,0.500000,1299.032760
28.000000,0.500000,1372.686893
16.000000,1.000000,597.483690
17.000000,1.000000,652.185202
18.000000,1.000000,709.057596
19.000000,1.000000,768.100873
20.000000,1.000000,829.315032
21.000000,1.000000,892.157826
22.000000,1.000000,956.359247
23.000000,1.000000,1022.573298
24.000000,1.000000,1090.799976
25.000000,1.000000,1160.560596
26.000000,1.000000,1230.619260
27.000000,1.000000,1302.534563
28.000000,1.000000,1376.306504
16.000000,1.500000,599.611799
17.000000,1.500000,654.492094
18.000000,1.500000,711.550402
19.000000,1.500000,770.786722
20.000000,1.500000,832.201055
21.000000,1.500000,895.135437
22.000000,1.500000,959.434280
23.000000,1.500000,1025.746977
24.000000,1.500000,1094.073529
25.000000,1.500000,1163.839947
26.000000,1.500000,1234.007339
27.000000,1.500000,1306.033086
28.000000,1.500000,1379.917187
16.000000,2.000000,601.742658
17.000000,2.000000,656.801987
18.000000,2.000000,714.046470
19.000000,2.000000,773.476105
20.000000,2.000000,835.090894
21.000000,2.000000,898.116574
22.000000,2.000000,962.512913
23.000000,2.000000,1028.924333
24.000000,2.000000,1097.350833
25.000000,2.000000,1167.122737
26.000000,2.000000,1237.398945
27.000000,2.000000,1309.535224
28.000000,2.000000,1383.531572
29.000000,2.000000,1458.833427
30.000000,2.000000,1535.178931
31.000000,2.000000,1613.285309
32.000000,2.000000,1693.152561
16.000000,2.500000,603.890033
17.000000,2.500000,659.129618
18.000000,2.500000,716.561541
19.000000,2.500000,776.185804
20.000000,2.500000,838.002405
21.000000,2.500000,901.100783
22.000000,2.500000,965.595302
23.000000,2.500000,1032.106158
24.000000,2.500000,1100.633350
25.000000,2.500000,1170.410663
26.000000,2.500000,1240.788805
27.000000,2.500000,1313.028362
28.000000,2.500000,1387.129333
29.000000,2.500000,1462.523647
30.000000,2.500000,1539.069558
31.000000,2.500000,1617.381272
32.000000,2.500000,1697.458791
16.000000,3.000000,606.040194
17.000000,3.000000,661.460286
18.000000,3.000000,719.079914
19.000000,3.000000,778.899079
20.000000,3.000000,840.917779
21.000000,3.000000,904.088525
22.000000,3.000000,968.681302
23.000000,3.000000,1035.291670
24.000000,3.000000,1103.919629
25.000000,3.000000,1173.702036
26.000000,3.000000,1244.182182
27.000000,3.000000,1316.525088
28.000000,3.000000,1390.730753
29.000000,3.000000,1466.217397
30.000000,3.000000,1542.963926
31.000000,3.000000,1621.481196
32.000000,3.000000,1701.769206
16.000000,3.500000,608.205807
17.000000,3.500000,663.807899
18.000000,3.500000,721.616786
19.000000,3.500000,781.632466
20.000000,3.500000,843.854941
21.000000,3.500000,907.079508
22.000000,3.500000,971.771233
23.000000,3.500000,1038.481834
24.000000,3.500000,1107.211311
25.000000,3.500000,1176.999897
26.000000,3.500000,1247.581766
27.000000,3.500000,1320.027721
28.000000,3.500000,1394.337763
29.000000,3.500000,1469.935617
30.000000,3.500000,1546.884759
31.000000,3.500000,1625.609637
32.000000,3.500000,1706.110251
16.000000,4.000000,610.374239
17.000000,4.000000,666.158587
18.000000,4.000000,724.156998
19.000000,4.000000,784.369473
20.000000,4.000000,846.796011
21.000000,4.000000,910.074033
22.000000,4.000000,974.864783
23.000000,4.000000,1041.675694
24.000000,4.000000,1110.506766
25.000000,4.000000,1180.301215
26.000000,4.000000,1250.984877
27.000000,4.000000,1323.533952
28.000000,4.000000,1397.948440
29.000000,4.000000,1473.657404
30.000000,4.000000,1550.809374
31.000000,4.000000,1629.742082
32.000000,4.000000,1710.455527
16.000000,4.500000,612.345321
17.000000,4.500000,668.337302
18.000000,4.500000,726.552261
19.000000,4.500000,786.990198
20.000000,4.500000,849.651112
21.000000,4.500000,912.990060
22.000000,4.500000,977.902805
23.000000,4.500000,1044.837972
24.000000,4.500000,1113.795560
25.000000,4.500000,1183.606902
26.000000,4.500000,1254.392663
27.000000,4.500000,1327.045165
28.000000,4.500000,1401.564405
29.000000,4.500000,1477.404101
30.000000,4.500000,1554.760923
31.000000,4.500000,1633.903546
16.000000,5.000000,614.318967
17.000000,5.000000,670.518873
18.000000,5.000000,728.950684
19.000000,5.000000,789.614400
20.000000,5.000000,852.510022
21.000000,5.000000,915.909560
22.000000,5.000000,980.944399
23.000000,5.000000,1048.003922
24.000000,5.000000,1117.088128
25.000000,5.000000,1186.916056
26.000000,5.000000,1257.803986
27.000000,5.000000,1330.559983
28.000000,5.000000,1405.184045
29.000000,5.000000,1481.154402
30.000000,5.000000,1558.716295
31.000000,5.000000,1638.069058
16.000000,5.500000,616.293342
17.000000,5.500000,672.681370
18.000000,5.500000,731.309180
19.000000,5.500000,792.176773
20.000000,5.500000,855.284148
21.000000,5.500000,918.761644
22.000000,5.500000,983.961582
23.000000,5.500000,1051.190913
24.000000,5.500000,1120.449639
25.000000,5.500000,1190.369155
26.000000,5.500000,1261.457650
27.000000,5.500000,1334.419473
28.000000,5.500000,1409.254624
29.000000,5.500000,1485.319999
30.000000,5.500000,1562.997502
31.000000,5.500000,1642.467100
16.000000,6.000000,618.270292
17.000000,6.000000,674.846705
18.000000,6.000000,733.670790
19.000000,6.000000,794.742546
20.000000,6.000000,858.061974
21.000000,6.000000,921.617181
22.000000,6.000000,986.982413
23.000000,6.000000,1054.381755
24.000000,6.000000,1123.815207
25.000000,6.000000,1193.826126
26.000000,6.000000,1265.115413
27.000000,6.000000,1338.283296
28.000000,6.000000,1413.329776
29.000000,6.000000,1489.489968
30.000000,6.000000,1567.283147
31.000000,6.000000,1646.869648
16.000000,6.500000,620.264290
17.000000,6.500000,677.030634
18.000000,6.500000,736.052605
19.000000,6.500000,797.330202
20.000000,6.500000,860.863425
21.000000,6.500000,924.491114
22.000000,6.500000,990.025426
23.000000,6.500000,1057.598790
24.000000,6.500000,1127.211205
25.000000,6.500000,1197.359544
26.000000,6.500000,1268.903533
27.000000,6.500000,1342.333774
28.000000,6.500000,1417.650265
29.000000,6.500000,1493.881522
30.000000,6.500000,1571.786096
31.000000,6.500000,1651.485112
16.000000,7.000000,622.260898
17.000000,7.000000,679.217439
18.000000,7.000000,738.437574
19.000000,7.000000,799.921303
20.000000,7.000000,863.668626
21.000000,7.000000,927.368540
22.000000,7.000000,993.072139
23.000000,7.000000,1060.819737
24.000000,7.000000,1130.611336
25.000000,7.000000,1200.896996
26.000000,7.000000,1272.696025
27.000000,7.000000,1346.388972
28.000000,7.000000,1421.975838
29.000000,7.000000,1498.277902
30.000000,7.000000,1576.293946
31.000000,7.000000,1656.105552
16.000000,7.500000,624.280540
17.000000,7.500000,681.427525
18.000000,7.500000,740.846035
19.000000,7.500000,802.536071
20.000000,7.500000,866.417081
21.000000,7.500000,930.259145
22.000000,7.500000,996.129819
23.000000,7.500000,1064.049308
24.000000,7.500000,1134.017613
25.000000,7.500000,1204.458619
26.000000,7.500000,1276.518276
27.000000,7.500000,1350.479742
28.000000,7.500000,1426.307754
29.000000,7.500000,1502.680247
30.000000,7.500000,1580.808538
31.000000,7.500000,1660.733533
16.000000,8.000000,626.302838
17.000000,8.000000,683.640534
18.000000,8.000000,743.257699
19.000000,8.000000,805.154333
20.000000,8.000000,869.168955
21.000000,8.000000,933.153269
22.000000,8.000000,999.191220
23.000000,8.000000,1067.282809
24.000000,8.000000,1137.428035
25.000000,8.000000,1208.024318
26.000000,8.000000,1280.344952
27.000000,8.000000,1354.575297
28.000000,8.000000,1430.644661
29.000000,8.000000,1507.087430
30.000000,8.000000,1585.328044
31.000000,8.000000,1665.366504
16.000000,8.500000,628.784768
17.000000,8.500000,686.211134
18.000000,8.500000,745.916928
19.000000,8.500000,807.902150
20.000000,8.500000,871.915261
21.000000,8.500000,936.059949
22.000000,8.500000,1002.262965
23.000000,8.500000,1070.524309
24.000000,8.500000,1140.843982
25.000000,8.500000,1211.615721
26.000000,8.500000,1284.203007
27.000000,8.500000,1358.708131
28.000000,8.500000,1434.946101
29.000000,8.500000,1511.500809
30.000000,8.500000,1589.854529
31.000000,8.500000,1670.007258
16.000000,9.000000,631.270461
17.000000,9.000000,688.785507
18.000000,9.000000,748.579940
19.000000,9.000000,810.653759
20.000000,9.000000,874.664917
21.000000,9.000000,938.970173
22.000000,9.000000,1005.338452
23.000000,9.000000,1073.769755
24.000000,9.000000,1144.264083
25.000000,9.000000,1215.211247
26.000000,9.000000,1288.065544
27.000000,9.000000,1362.845820
28.000000,9.000000,1439.252311
29.000000,9.000000,1515.919037
30.000000,9.000000,1594.385939
31.000000,9.000000,1674.653016
16.000000,9.500000,633.820653
17.000000,9.500000,691.463654
18.000000,9.500000,751.388935
19.000000,9.500000,813.596494
20.000000,9.500000,877.637270
21.000000,9.500000,942.058697
22.000000,9.500000,1008.544586
23.000000,9.500000,1077.094935
24.000000,9.500000,1147.655978
25.000000,9.500000,1218.852110
26.000000,9.500000,1291.972827
27.000000,9.500000,1367.027575
28.000000,9.500000,1443.564185
29.000000,9.500000,1520.343693
30.000000,9.500000,1598.924564
31.000000,9.500000,1679.306799
16.000000,10.000000,636.374799
17.000000,10.000000,694.145893
18.000000,10.000000,754.202161
19.000000,10.000000,816.543601
20.000000,10.000000,880.613581
21.000000,10.000000,945.151242
22.000000,10.000000,1011.754802
23.000000,10.000000,1080.424259
24.000000,10.000000,1151.051786
25.000000,10.000000,1222.497182
26.000000,10.000000,1295.884677
27.000000,10.000000,1371.214268
28.000000,10.000000,1447.880840
29.000000,10.000000,1524.773209
30.000000,10.000000,1603.468128
31.000000,10.000000,1683.965600
16.000000,10.500000,638.939276
17.000000,10.500000,696.842234
18.000000,10.500000,757.033521
19.000000,10.500000,819.513138
20.000000,10.500000,883.629733
21.000000,10.500000,948.337161
22.000000,10.500000,1015.115153
23.000000,10.500000,1083.963709
24.000000,10.500000,1154.703798
25.000000,10.500000,1226.305624
26.000000,10.500000,1299.852460
27.000000,10.500000,1375.344306
28.000000,10.500000,1452.053160
29.000000,10.500000,1529.103904
30.000000,10.500000,1607.959953
31.000000,10.500000,1688.621308
16.000000,11.000000,641.507734
17.000000,11.000000,699.542705
18.000000,11.000000,759.869164
19.000000,11.000000,822.487109
20.000000,11.000000,886.649945
21.000000,11.000000,951.527347
22.000000,11.000000,1018.479985
23.000000,11.000000,1087.507860
24.000000,11.000000,1158.360328
25.000000,11.000000,1230.118718
26.000000,11.000000,1303.825031
27.000000,11.000000,1379.479268
28.000000,11.000000,1456.230093
29.000000,11.000000,1533.439345
30.000000,11.000000,1612.456659
31.000000,11.000000,1693.282035
16.000000,11.500000,644.081059
17.000000,11.500000,702.249408
18.000000,11.500000,762.712464
19.000000,11.500000,825.470227
20.000000,11.500000,889.686306
21.000000,11.500000,954.733886
22.000000,11.500000,1021.861478
23.000000,11.500000,1091.069082
24.000000,11.500000,1162.006544
25.000000,11.500000,1233.841465
26.000000,11.500000,1307.624018
27.000000,11.500000,1383.354204
28.000000,11.500000,1460.144243
29.000000,11.500000,1537.588155
30.000000,11.500000,1616.846023
31.000000,11.500000,1697.917846
15.000000,12.000000,590.654431
16.000000,12.000000,646.658382
17.000000,12.000000,704.960261
18.000000,12.000000,765.560068
19.000000,12.000000,828.457802
20.000000,12.000000,892.726764
21.000000,12.000000,957.944739
22.000000,12.000000,1025.247507
23.000000,12.000000,1094.635068
24.000000,12.000000,1165.657297
25.000000,12.000000,1237.568753
26.000000,12.000000,1311.427549
27.000000,12.000000,1387.233686
28.000000,12.000000,1464.062695
29.000000,12.000000,1541.741542
30.000000,12.000000,1621.240246
31.000000,12.000000,1702.558806
15.000000,12.500000,592.937163
16.000000,12.500000,649.107067
17.000000,12.500000,707.580080
18.000000,12.500000,768.356202
19.000000,12.500000,831.435434
20.000000,12.500000,895.785409
21.000000,12.500000,961.178051
22.000000,12.500000,1028.660465
23.000000,12.500000,1098.232648
24.000000,12.500000,1169.319784
25.000000,12.500000,1241.304426
26.000000,12.500000,1315.235964
27.000000,12.500000,1391.114397
28.000000,12.500000,1468.012162
29.000000,12.500000,1545.925297
30.000000,12.500000,1625.664300
15.000000,13.000000,595.223532
16.000000,13.000000,651.559585
17.000000,13.000000,710.203934
18.000000,13.000000,771.156579
19.000000,13.000000,834.417520
20.000000,13.000000,898.848190
21.000000,13.000000,964.415726
22.000000,13.000000,1032.078016
23.000000,13.000000,1101.835060
24.000000,13.000000,1172.986829
25.000000,13.000000,1245.044655
26.000000,13.000000,1319.048930
27.000000,13.000000,1394.999654
28.000000,13.000000,1471.965988
29.000000,13.000000,1550.113697
30.000000,13.000000,1630.093296
15.000000,13.500000,597.509723
16.000000,13.500000,654.002405
17.000000,13.500000,712.808149
18.000000,13.500000,773.926957
19.000000,13.500000,837.358828
20.000000,13.500000,901.877707
21.000000,13.500000,967.638968
22.000000,13.500000,1035.500649
23.000000,13.500000,1105.462751
24.000000,13.500000,1176.664800
25.000000,13.500000,1248.792369
26.000000,13.500000,1322.865785
27.000000,13.500000,1398.885048
28.000000,13.500000,1475.952189
29.000000,13.500000,1554.336349
30.000000,13.500000,1634.558466
15.000000,14.000000,599.799557
16.000000,14.000000,656.449054
17.000000,14.000000,715.416386
18.000000,14.000000,776.701552
19.000000,14.000000,840.304554
20.000000,14.000000,904.911365
21.000000,14.000000,970.866597
22.000000,14.000000,1038.927921
23.000000,14.000000,1109.095339
24.000000,14.000000,1180.347347
25.000000,14.000000,1252.544651
26.000000,14.000000,1326.687196
27.000000,14.000000,1402.774985
28.000000,14.000000,1479.942805
29.000000,14.000000,1558.563706
30.000000,14.000000,1639.028640
15.000000,14.500000,602.096639
16.000000,14.500000,658.885019
17.000000,14.500000,717.995184
18.000000,14.500000,779.427134
19.000000,14.500000,843.180868
20.000000,14.500000,907.887712
21.000000,14.500000,974.053850
22.000000,14.500000,1042.332259
23.000000,14.500000,1112.722939
24.000000,14.500000,1184.008644
25.000000,14.500000,1256.281462
26.000000,14.500000,1330.499138
27.000000,14.500000,1406.661671
28.000000,14.500000,1483.966195
29.000000,14.500000,1562.825735
30.000000,14.500000,1643.535433
15.000000,15.000000,604.397383
16.000000,15.000000,661.324811
17.000000,15.000000,720.577975
18.000000,15.000000,782.156878
19.000000,15.000000,846.061517
20.000000,15.000000,910.868174
21.000000,15.000000,977.245476
22.000000,15.000000,1045.741234
23.000000,15.000000,1116.355447
24.000000,15.000000,1187.674487
25.000000,15.000000,1260.022818
26.000000,15.000000,1334.315620
27.000000,15.000000,1410.552894
28.000000,15.000000,1487.994056
29.000000,15.000000,1567.092529
30.000000,15.000000,1648.047293
15.000000,15.500000,606.703363
16.000000,15.500000,663.771511
17.000000,15.500000,723.169421
18.000000,15.500000,784.897094
19.000000,15.500000,848.954529
20.000000,15.500000,913.841161
21.000000,15.500000,980.390318
22.000000,15.500000,1049.062591
23.000000,15.500000,1119.857981
24.000000,15.500000,1191.203813
25.000000,15.500000,1263.673082
26.000000,15.500000,1338.087970
27.000000,15.500000,1414.448478
28.000000,15.500000,1492.063328
29.000000,15.500000,1571.399679
30.000000,15.500000,1652.598356
15.000000,16.000000,609.013023
16.000000,16.000000,666.222056
17.000000,16.000000,725.764880
18.000000,16.000000,787.641496
19.000000,16.000000,851.851903
20.000000,16.000000,916.818262
21.000000,16.000000,983.539479
22.000000,16.000000,1052.388479
23.000000,16.000000,1123.365261
24.000000,16.000000,1194.737543
25.000000,16.000000,1267.327800
26.000000,16.000000,1341.864823
27.000000,16.000000,1418.348614
28.000000,16.000000,1496.137148
29.000000,16.000000,1575.711667
30.000000,16.000000,1657.154556
15.000000,16.500000,611.188530
16.000000,16.500000,668.571618
17.000000,16.500000,728.294218
18.000000,16.500000,790.356332
19.000000,16.500000,854.757957
20.000000,16.500000,919.824830
21.000000,16.500000,986.734017
22.000000,16.500000,1055.776610
23.000000,16.500000,1126.952610
24.000000,16.500000,1198.396934
25.000000,16.500000,1271.181254
26.000000,16.500000,1345.917159
27.000000,16.500000,1422.604646
28.000000,16.500000,1500.504067
29.000000,16.500000,1580.228239
30.000000,16.500000,1661.822546
15.000000,17.000000,613.367512
16.000000,17.000000,670.924875
17.000000,17.000000,730.827476
18.000000,17.000000,793.075317
19.000000,17.000000,857.668396
20.000000,17.000000,922.835583
21.000000,17.000000,989.932991
22.000000,17.000000,1059.169436
23.000000,17.000000,1130.544919
24.000000,17.000000,1202.061050
25.000000,17.000000,1275.039670
26.000000,17.000000,1349.974695
27.000000,17.000000,1426.866126
28.000000,17.000000,1504.876241
29.000000,17.000000,1584.750149
30.000000,17.000000,1666.495956
15.000000,17.500000,615.552328
16.000000,17.500000,673.287267
17.000000,17.500000,733.373303
18.000000,17.500000,795.810437
19.000000,17.500000,860.598668
20.000000,17.500000,925.864231
21.000000,17.500000,993.149056
22.000000,17.500000,1062.578481
23.000000,17.500000,1134.152506
24.000000,17.500000,1205.743084
25.000000,17.500000,1278.920786
26.000000,17.500000,1354.059922
27.000000,17.500000,1431.120859
28.000000,17.500000,1509.340517
29.000000,17.500000,1589.432992
30.000000,17.500000,1671.402352
15.000000,18.000000,617.740635
16.000000,18.000000,675.653377
17.000000,18.000000,735.923079
18.000000,18.000000,798.549741
19.000000,18.000000,863.533363
20.000000,18.000000,928.897103
21.000000,18.000000,996.369594
22.000000,18.000000,1065.992255
23.000000,18.000000,1137.765084
24.000000,18.000000,1209.429878
25.000000,18.000000,1282.806907
26.000000,18.000000,1358.150406
27.000000,18.000000,1435.380840
28.000000,18.000000,1513.810271
29.000000,18.000000,1594.121579
30.000000,18.000000,1676.314765
15.000000,18.500000,619.975815
16.000000,18.500000,678.118637
17.000000,18.500000,738.628294
18.000000,18.500000,801.504786
19.000000,18.500000,866.666391
20.000000,18.500000,932.136210
21.000000,18.500000,999.736870
22.000000,18.500000,1069.489139
23.000000,18.500000,1141.393017
24.000000,18.500000,1213.134625
25.000000,18.500000,1286.714368
26.000000,18.500000,1362.265749
27.000000,18.500000,1439.664756
28.000000,18.500000,1518.305925
29.000000,18.500000,1598.833854
30.000000,18.500000,1681.248544
15.000000,19.000000,622.214617
16.000000,19.000000,680.587914
17.000000,19.000000,741.337939
18.000000,19.000000,804.464690
19.000000,19.000000,869.804293
20.000000,19.000000,935.380140
21.000000,19.000000,1003.109036
22.000000,19.000000,1072.990980
23.000000,19.000000,1145.025973
24.000000,19.000000,1216.844165
25.000000,19.000000,1290.626874
26.000000,19.000000,1366.386397
27.000000,19.000000,1443.953944
28.000000,19.000000,1522.807106
29.000000,19.000000,1603.551917
30.000000,19.000000,1686.188377
15.000000,19.500000,624.489886
16.000000,19.500000,683.101481
17.000000,19.500000,744.100195
18.000000,19.500000,807.486026
19.000000,19.500000,872.963944
20.000000,19.500000,938.665343
21.000000,19.500000,1006.521085
22.000000,19.500000,1076.531170
23.000000,19.500000,1148.593351
24.000000,19.500000,1220.597975
25.000000,19.500000,1294.578047
26.000000,19.500000,1370.539728
27.000000,19.500000,1448.270307
28.000000,19.500000,1527.333336
29.000000,19.500000,1608.292795
30.000000,19.500000,1691.148682
15.000000,20.000000,626.768878
16.000000,20.000000,685.619190
17.000000,20.000000,746.867031
18.000000,20.000000,810.512401
19.000000,20.000000,876.128469
20.000000,20.000000,941.955481
21.000000,20.000000,1009.938130
22.000000,20.000000,1080.076415
23.000000,20.000000,1152.165422
24.000000,20.000000,1224.356683
25.000000,20.000000,1298.534353
26.000000,20.000000,1374.698433
27.000000,20.000000,1452.591992
28.000000,20.000000,1531.865139
29.000000,20.000000,1613.039501
30.000000,20.000000,1696.115077
15.000000,20.500000,629.241682
16.000000,20.500000,688.293268
17.000000,20.500000,749.749156
18.000000,20.500000,813.609347
19.000000,20.500000,879.311206
20.000000,20.500000,945.301691
21.000000,20.500000,1013.451669
22.000000,20.500000,1083.761138
23.000000,20.500000,1155.908348
24.000000,20.500000,1228.253642
25.000000,20.500000,1302.587598
26.000000,20.500000,1378.910215
27.000000,20.500000,1456.940022
28.000000,20.500000,1536.421140
29.000000,20.500000,1617.808149
30.000000,20.500000,1701.101049
15.000000,21.000000,631.718849
16.000000,21.000000,690.971998
17.000000,21.000000,752.636229
18.000000,21.000000,816.711545
19.000000,21.000000,882.498861
20.000000,21.000000,948.653006
21.000000,21.000000,1016.970501
22.000000,21.000000,1087.451347
23.000000,21.000000,1159.656454
24.000000,21.000000,1232.155889
25.000000,21.000000,1306.646238
26.000000,21.000000,1383.127500
27.000000,21.000000,1461.293423
28.000000,21.000000,1540.982757
29.000000,21.000000,1622.582665
30.000000,21.000000,1706.093146
15.000000,21.500000,634.233917
16.000000,21.500000,693.685764
17.000000,21.500000,755.555121
18.000000,21.500000,819.841987
19.000000,21.500000,885.701470
20.000000,21.500000,952.018217
21.000000,21.500000,1020.502324
22.000000,21.500000,1091.153790
23.000000,21.500000,1163.427591
24.000000,21.500000,1236.130963
25.000000,21.500000,1310.830060
26.000000,21.500000,1387.524879
27.000000,21.500000,1465.833799
28.000000,21.500000,1545.677765
29.000000,21.500000,1627.434078
15.000000,22.000000,636.753457
16.000000,22.000000,696.404281
17.000000,22.000000,758.479045
18.000000,22.000000,822.977750
19.000000,22.000000,888.909034
20.000000,22.000000,955.388580
21.000000,22.000000,1024.039499
22.000000,22.000000,1094.861790
23.000000,22.000000,1167.204014
24.000000,22.000000,1240.111567
25.000000,22.000000,1315.019658
26.000000,22.000000,1391.928287
27.000000,22.000000,1470.380068
28.000000,22.000000,1550.378756
29.000000,22.000000,1632.291565
15.000000,22.500000,639.285052
16.000000,22.500000,699.127259
17.000000,22.500000,761.399580
18.000000,22.500000,826.102014
19.000000,22.500000,892.097053
20.000000,22.500000,958.749496
21.000000,22.500000,1027.577530
22.000000,22.500000,1098.581155
23.000000,22.500000,1171.011754
24.000000,22.500000,1244.141457
25.000000,22.500000,1319.277580
26.000000,22.500000,1396.420124
27.000000,22.500000,1474.977704
28.000000,22.500000,1555.085242
29.000000,22.500000,1637.107131
15.000000,23.000000,641.821156
16.000000,23.000000,701.855014
17.000000,23.000000,764.325166
18.000000,23.000000,829.231612
19.000000,23.000000,895.290046
20.000000,23.000000,962.115588
21.000000,23.000000,1031.120943
22.000000,23.000000,1102.306111
23.000000,23.000000,1174.824849
24.000000,23.000000,1248.177006
25.000000,23.000000,1323.541472
26.000000,23.000000,1400.918248
27.000000,23.000000,1479.581422
28.000000,23.000000,1559.797827
29.000000,23.000000,1641.928811
15.000000,23.500000,644.354496
16.000000,23.500000,704.566391
17.000000,23.500000,767.220325
18.000000,23.500000,832.316297
19.000000,23.500000,898.438296
20.000000,23.500000,965.454988
21.000000,23.500000,1034.656082
22.000000,23.500000,1106.041579
23.000000,23.500000,1178.665480
24.000000,23.500000,1252.239752
25.000000,23.500000,1327.832183
26.000000,23.500000,1405.442772
27.000000,23.500000,1484.158898
28.000000,23.500000,1564.453069
29.000000,23.500000,1646.661172
14.000000,24.000000,588.949964
15.000000,24.000000,646.892357
16.000000,24.000000,707.282540
17.000000,24.000000,770.120513
18.000000,24.000000,835.406277
19.000000,24.000000,901.591510
20.000000,24.000000,968.799571
21.000000,24.000000,1038.196626
22.000000,24.000000,1109.782675
23.000000,24.000000,1182.511524
24.000000,24.000000,1256.308214
25.000000,24.000000,1332.128918
26.000000,24.000000,1409.973637
27.000000,24.000000,1488.742409
28.000000,24.000000,1569.114320
29.000000,24.000000,1651.399513
14.000000,24.500000,591.267064
15.000000,24.500000,649.397376
16.000000,24.500000,709.981483
17.000000,24.500000,773.019385
18.000000,24.500000,838.511084
19.000000,24.500000,904.764959
20.000000,24.500000,972.163918
21.000000,24.500000,1041.756520
22.000000,24.500000,1113.542766
23.000000,24.500000,1186.380992
24.000000,24.500000,1260.401084
25.000000,24.500000,1336.450929
26.000000,24.500000,1414.530527
27.000000,24.500000,1493.318226
28.000000,24.500000,1573.770031
29.000000,24.500000,1656.134559
14.000000,25.000000,593.588418
15.000000,25.000000,651.906913
16.000000,25.000000,712.685213
17.000000,25.000000,775.923319
18.000000,25.000000,841.621230
19.000000,25.000000,907.943415
20.000000,25.000000,975.533494
21.000000,25.000000,1045.321869
22.000000,25.000000,1117.308541
23.000000,25.000000,1190.255947
24.000000,25.000000,1264.499737
25.000000,25.000000,1340.779025
26.000000,25.000000,1419.093813
27.000000,25.000000,1497.900058
28.000000,25.000000,1578.431735
29.000000,25.000000,1660.875575
14.000000,25.500000,595.960259
15.000000,25.500000,654.461549
16.000000,25.500000,715.428058
17.000000,25.500000,778.859785
18.000000,25.500000,844.756731
19.000000,25.500000,911.139106
20.000000,25.500000,978.916358
21.000000,25.500000,1048.896843
22.000000,25.500000,1121.080561
23.000000,25.500000,1194.144277
24.000000,25.500000,1268.616455
25.000000,25.500000,1345.129455
26.000000,25.500000,1423.679533
27.000000,25.500000,1502.475091
28.000000,25.500000,1583.088765
29.000000,25.500000,1665.614130
14.000000,26.000000,598.336514
15.000000,26.000000,657.020840
16.000000,26.000000,718.175802
17.000000,26.000000,781.801399
18.000000,26.000000,847.897632
19.000000,26.000000,914.339856
20.000000,26.000000,982.304520
21.000000,26.000000,1052.477360
22.000000,26.000000,1124.858375
23.000000,26.000000,1198.038224
24.000000,26.000000,1272.739063
25.000000,26.000000,1349.486053
26.000000,26.000000,1428.271684
27.000000,26.000000,1507.056120
28.000000,26.000000,1587.751774
29.000000,26.000000,1670.358645
14.000000,26.500000,600.736567
15.000000,26.500000,659.603599
16.000000,26.500000,720.946599
17.000000,26.500000,784.765569
18.000000,26.500000,851.060508
19.000000,26.500000,917.560232
20.000000,26.500000,985.712759
21.000000,26.500000,1056.078673
22.000000,26.500000,1128.657976
23.000000,26.500000,1201.941934
24.000000,26.500000,1276.848791
25.000000,26.500000,1353.806112
26.000000,26.500000,1432.682042
27.000000,26.500000,1511.573969
28.000000,26.500000,1592.377301
29.000000,26.500000,1675.092038
14.000000,27.000000,603.141095
15.000000,27.000000,662.191070
16.000000,27.000000,723.722352
17.000000,27.000000,787.734939
18.000000,27.000000,854.228834
19.000000,27.000000,920.785723
20.000000,27.000000,989.126366
21.000000,27.000000,1059.685616
22.000000,27.000000,1132.463471
23.000000,27.000000,1205.851336
24.000000,27.000000,1280.964437
25.000000,27.000000,1358.132317
26.000000,27.000000,1437.098305
27.000000,27.000000,1516.097736
28.000000,27.000000,1597.008758
29.000000,27.000000,1679.831370
14.000000,27.500000,605.591690
15.000000,27.500000,664.853691
16.000000,27.500000,726.604928
17.000000,27.500000,790.845402
18.000000,27.500000,857.575113
19.000000,27.500000,924.152348
20.000000,27.500000,992.646018
21.000000,27.500000,1063.360590
22.000000,27.500000,1136.296065
23.000000,27.500000,1209.757412
24.000000,27.500000,1285.045507
25.000000,27.500000,1362.391978
26.000000,27.500000,1441.417411
27.000000,27.500000,1520.589873
28.000000,27.500000,1601.676256
29.000000,27.500000,1684.676560
14.000000,28.000000,608.046906
15.000000,28.000000,667.521288
16.000000,28.000000,729.492848
17.000000,28.000000,793.961586
18.000000,28.000000,860.927503
19.000000,28.000000,927.524582
20.000000,28.000000,996.171395
21.000000,28.000000,1067.041408
22.000000,28.000000,1140.134620
23.000000,28.000000,1213.669192
24.000000,28.000000,1289.132471
25.000000,28.000000,1366.657729
26.000000,28.000000,1445.742353
27.000000,28.000000,1525.087973
28.000000,28.000000,1606.349845
29.000000,28.000000,1689.527966
14.000000,28.500000,610.665057
15.000000,28.500000,670.332691
16.000000,28.500000,732.503106
17.000000,28.500000,797.176301
18.000000,28.500000,864.290612
19.000000,28.500000,930.943030
20.000000,28.500000,999.733245
21.000000,28.500000,1070.748190
22.000000,28.500000,1143.959963
23.000000,28.500000,1217.600425
24.000000,28.500000,1293.239695
25.000000,28.500000,1370.944561
26.000000,28.500000,1450.098361
27.000000,28.500000,1529.650279
28.000000,28.500000,1611.122754
29.000000,28.500000,1694.515787
14.000000,29.000000,613.288460
15.000000,29.000000,673.149615
16.000000,29.000000,735.519158
17.000000,29.000000,800.397090
18.000000,29.000000,867.659793
19.000000,29.000000,934.367225
20.000000,29.000000,1003.300920
21.000000,29.000000,1074.460877
22.000000,29.000000,1147.791165
23.000000,29.000000,1221.537401
24.000000,29.000000,1297.352855
25.000000,29.000000,1375.237525
26.000000,29.000000,1454.460271
27.000000,29.000000,1534.218726
28.000000,29.000000,1615.902050
29.000000,29.000000,1699.510242
14.000000,29.500000,615.917660
15.000000,29.500000,675.977408
16.000000,29.500000,738.551313
17.000000,29.500000,803.639376
18.000000,29.500000,870.955821
19.000000,29.500000,937.804654
20.000000,29.500000,1006.881397
21.000000,29.500000,1078.186049
22.000000,29.500000,1151.574140
23.000000,29.500000,1225.494032
24.000000,29.500000,1301.486600
25.000000,29.500000,1379.551843
26.000000,29.500000,1458.851166
27.000000,29.500000,1538.820339
28.000000,29.500000,1620.718943
29.000000,29.500000,1704.546976
14.000000,30.000000,618.552137
15.000000,30.000000,678.810758
16.000000,30.000000,741.589310
17.000000,30.000000,806.887793
18.000000,30.000000,874.257542
19.000000,30.000000,941.247859
20.000000,30.000000,1010.467734
21.000000,30.000000,1081.917167
22.000000,30.000000,1155.362741
23.000000,30.000000,1229.456471
24.000000,30.000000,1305.626338
25.000000,30.000000,1383.872342
26.000000,30.000000,1463.248020
27.000000,30.000000,1543.428168
28.000000,30.000000,1625.542312
29.000000,30.000000,1709.590452
14.000000,30.500000,621.208134
15.000000,30.500000,681.667083
16.000000,30.500000,744.651776
17.000000,30.500000,810.162213
18.000000,30.500000,877.572665
19.000000,30.500000,944.703749
20.000000,30.500000,1014.066486
21.000000,30.500000,1085.660875
22.000000,30.500000,1159.171001
23.000000,30.500000,1233.439849
24.000000,30.500000,1309.787741
25.000000,30.500000,1388.214677
26.000000,30.500000,1467.673707
27.000000,30.500000,1548.066474
28.000000,30.500000,1630.397845
14.000000,31.000000,623.869465
15.000000,31.000000,684.529023
16.000000,31.000000,747.720144
17.000000,31.000000,813.442829
18.000000,31.000000,880.893510
19.000000,31.000000,948.165465
20.000000,31.000000,1017.671169
21.000000,31.000000,1089.410622
22.000000,31.000000,1162.985020
23.000000,31.000000,1237.429145
24.000000,31.000000,1313.955221
25.000000,31.000000,1392.563247
26.000000,31.000000,1472.105410
27.000000,31.000000,1552.711056
28.000000,31.000000,1635.259918
14.000000,31.500000,626.533296
15.000000,31.500000,687.376878
16.000000,31.500000,750.756935
17.000000,31.500000,816.673468
18.000000,31.500000,884.149647
19.000000,31.500000,951.585674
20.000000,31.500000,1021.258905
21.000000,31.500000,1093.169341
22.000000,31.500000,1166.831360
23.000000,31.500000,1241.448808
24.000000,31.500000,1318.150592
25.000000,31.500000,1396.936712
26.000000,31.500000,1476.568179
27.000000,31.500000,1557.387799
28.000000,31.500000,1640.155203
14.000000,32.000000,629.202468
15.000000,32.000000,690.230309
16.000000,32.000000,753.799542
17.000000,32.000000,819.910166
18.000000,32.000000,887.411370
19.000000,32.000000,955.011642
20.000000,32.000000,1024.852577
21.000000,32.000000,1096.934176
22.000000,32.000000,1170.683591
23.000000,32.000000,1245.474498
24.000000,32.000000,1322.352125
25.000000,32.000000,1401.316473
26.000000,32.000000,1481.037037
27.000000,32.000000,1562.070887
28.000000,32.000000,1645.057097
14.000000,32.500000,631.773907
15.000000,32.500000,692.955147
16.000000,32.500000,756.680660
17.000000,32.500000,822.950446
18.000000,32.500000,890.485092
19.000000,32.500000,958.305246
20.000000,32.500000,1028.371883
21.000000,32.500000,1100.685001
22.000000,32.500000,1174.561365
23.000000,32.500000,1249.537521
24.000000,32.500000,1326.604277
25.000000,32.500000,1405.761633
26.000000,32.500000,1485.568865
27.000000,32.500000,1566.799862
28.000000,32.500000,1649.986050
14.000000,33.000000,634.350433
15.000000,33.000000,695.685209
16.000000,33.000000,759.567141
17.000000,33.000000,825.996227
18.000000,33.000000,893.563946
19.000000,33.000000,961.604297
20.000000,33.000000,1031.896951
21.000000,33.000000,1104.441910
22.000000,33.000000,1178.445097
23.000000,33.000000,1253.606713
24.000000,33.000000,1330.862812
25.000000,33.000000,1410.213395
26.000000,33.000000,1490.107070
27.000000,33.000000,1571.535383
28.000000,33.000000,1654.921715
14.000000,33.500000,636.926967
15.000000,33.500000,698.419523
16.000000,33.500000,762.462173
17.000000,33.500000,829.054917
18.000000,33.500000,896.669980
19.000000,33.500000,964.932265
20.000000,33.500000,1035.452720
21.000000,33.500000,1108.231347
22.000000,33.500000,1182.352269
23.000000,33.500000,1257.700473
24.000000,33.500000,1335.147117
25.000000,33.500000,1414.692199
26.000000,33.500000,1494.659049
27.000000,33.500000,1576.268742
28.000000,33.500000,1659.839121
14.000000,34.000000,639.508588
15.000000,34.000000,701.159071
16.000000,34.000000,765.362587
17.000000,34.000000,832.119136
18.000000,34.000000,899.781210
19.000000,34.000000,968.265746
20.000000,34.000000,1039.014323
21.000000,34.000000,1112.026941
22.000000,34.000000,1186.265451
23.000000,34.000000,1261.800460
24.000000,34.000000,1339.437866
25.000000,34.000000,1419.177669
26.000000,34.000000,1499.217447
27.000000,34.000000,1581.008679
28.000000,34.000000,1664.763263
14.000000,34.500000,642.106154
15.000000,34.500000,703.914561
16.000000,34.500000,768.278896
17.000000,34.500000,835.199161
18.000000,34.500000,902.920079
19.000000,34.500000,971.628940
20.000000,34.500000,1042.607965
21.000000,34.500000,1115.857157
22.000000,34.500000,1190.203623
23.000000,34.500000,1265.925459
24.000000,34.500000,1343.753397
25.000000,34.500000,1423.684434
26.000000,34.500000,1503.866877
27.000000,34.500000,1585.912536
28.000000,34.500000,1669.927564
14.000000,35.000000,644.708847
15.000000,35.000000,706.675322
16.000000,35.000000,771.200622
17.000000,35.000000,838.284749
18.000000,35.000000,906.064213
19.000000,35.000000,974.997726
20.000000,35.000000,1046.207533
21.000000,35.000000,1119.693634
22.000000,35.000000,1194.147890
23.000000,35.000000,1270.056758
24.000000,35.000000,1348.075435
25.000000,35.000000,1428.197904
26.000000,35.000000,1508.522956
27.000000,35.000000,1590.823402
28.000000,35.000000,1675.099240
14.000000,35.500000,647.321312
15.000000,35.500000,709.447608
16.000000,35.500000,774.135661
17.000000,35.500000,841.385470
18.000000,35.500000,909.236697
19.000000,35.500000,978.397648
20.000000,35.500000,1049.841560
21.000000,35.500000,1123.568433
22.000000,35.500000,1198.119936
23.000000,35.500000,1274.215081
24.000000,35.500000,1352.423170
25.000000,35.500000,1432.641857
26.000000,35.500000,1513.218296
27.000000,35.500000,1595.776229
28.000000,35.500000,1680.315655
13.000000,36.000000,590.217349
14.000000,36.000000,649.938925
15.000000,36.000000,712.225191
16.000000,36.000000,777.076145
17.000000,36.000000,844.491787
18.000000,36.000000,912.414523
19.000000,36.000000,981.803261
20.000000,36.000000,1053.481635
21.000000,36.000000,1127.449645
22.000000,36.000000,1202.098195
23.000000,36.000000,1278.379800
24.000000,36.000000,1356.777483
25.000000,36.000000,1437.092187
26.000000,36.000000,1517.920369
27.000000,36.000000,1600.736155
28.000000,36.000000,1685.539543
13.000000,36.500000,592.604526
14.000000,36.500000,652.540786
15.000000,36.500000,715.048810
16.000000,36.500000,780.128596
17.000000,36.500000,847.780144
18.000000,36.500000,915.766390
19.000000,36.500000,985.347529
20.000000,36.500000,1057.222400
21.000000,36.500000,1131.391002
22.000000,36.500000,1206.114868
23.000000,36.500000,1282.578186
24.000000,36.500000,1361.159985
25.000000,36.500000,1441.579838
26.000000,36.500000,1522.662423
27.000000,36.500000,1605.738798
28.000000,36.500000,1690.808963
13.000000,37.000000,594.996470
14.000000,37.000000,655.147777
15.000000,37.000000,717.877928
16.000000,37.000000,783.186922
17.000000,37.000000,851.074759
18.000000,37.000000,919.124190
19.000000,37.000000,988.897960
20.000000,37.000000,1060.969559
21.000000,37.000000,1135.338988
22.000000,37.000000,1210.137889
23.000000,37.000000,1286.783070
24.000000,37.000000,1365.549136
25.000000,37.000000,1446.073945
26.000000,37.000000,1527.411297
27.000000,37.000000,1610.748633
28.000000,37.000000,1696.085955
13.000000,37.500000,597.388552
14.000000,37.500000,657.778828
15.000000,37.500000,720.756583
16.000000,37.500000,786.321818
17.000000,37.500000,854.474533
18.000000,37.500000,922.564869
19.000000,37.500000,992.515336
20.000000,37.500000,1064.766553
21.000000,37.500000,1139.318521
22.000000,37.500000,1214.202122
23.000000,37.500000,1291.045170
24.000000,37.500000,1370.012928
25.000000,37.500000,1450.664299
26.000000,37.500000,1532.241850
27.000000,37.500000,1615.823971
28.000000,37.500000,1701.410663
13.000000,38.000000,599.785398
14.000000,38.000000,660.415095
15.000000,38.000000,723.640916
16.000000,38.000000,789.462862
17.000000,38.000000,857.880932
18.000000,38.000000,926.011746
19.000000,38.000000,996.139081
20.000000,38.000000,1068.570087
21.000000,38.000000,1143.304765
22.000000,38.000000,1218.272832
23.000000,38.000000,1295.313969
24.000000,38.000000,1374.483648
25.000000,38.000000,1455.261466
26.000000,38.000000,1537.079503
27.000000,38.000000,1620.906698
28.000000,38.000000,1706.743050
13.000000,38.500000,602.215079
14.000000,38.500000,663.088321
15.000000,38.500000,726.566503
16.000000,38.500000,792.649624
17.000000,38.500000,861.337686
18.000000,38.500000,929.489249
19.000000,38.500000,999.791559
20.000000,38.500000,1072.400328
21.000000,38.500000,1147.237166
22.000000,38.500000,1222.378925
23.000000,38.500000,1299.625957
24.000000,38.500000,1379.006056
25.000000,38.500000,1459.924197
26.000000,38.500000,1541.986082
27.000000,38.500000,1626.061670
13.000000,39.000000,604.649629
14.000000,39.000000,665.766881
15.000000,39.000000,729.497896
16.000000,39.000000,795.842676
17.000000,39.000000,864.801220
18.000000,39.000000,932.973027
19.000000,39.000000,1003.450474
20.000000,39.000000,1076.237170
21.000000,39.000000,1151.176005
22.000000,39.000000,1226.491594
23.000000,39.000000,1303.944780
24.000000,39.000000,1383.535562
25.000000,39.000000,1464.593950
26.000000,39.000000,1546.899976
27.000000,39.000000,1631.224253
13.000000,39.500000,607.126606
14.000000,39.500000,668.490064
15.000000,39.500000,732.476083
16.000000,39.500000,799.084663
17.000000,39.500000,868.145960
18.000000,39.500000,936.487080
19.000000,39.500000,1007.138534
20.000000,39.500000,1080.102131
21.000000,39.500000,1155.119106
22.000000,39.500000,1230.635676
23.000000,39.500000,1308.294057
24.000000,39.500000,1388.094246
25.000000,39.500000,1469.267103
26.000000,39.500000,1551.759997
27.000000,39.500000,1636.273978
13.000000,40.000000,609.608595
14.000000,40.000000,671.218728
15.000000,40.000000,735.460227
16.000000,40.000000,802.333093
17.000000,40.000000,871.496903
18.000000,40.000000,940.007490
19.000000,40.000000,1010.833115
20.000000,40.000000,1083.973780
21.000000,40.000000,1159.068634
22.000000,40.000000,1234.786429
23.000000,40.000000,1312.650251
24.000000,40.000000,1392.660099
25.000000,40.000000,1473.947279
26.000000,40.000000,1556.627217
27.000000,40.000000,1641.331080
13.000000,40.500000,612.236034
14.000000,40.500000,674.056345
15.000000,40.500000,738.513614
16.000000,40.500000,805.607841
17.000000,40.500000,874.821388
18.000000,40.500000,943.516942
19.000000,40.500000,1014.531323
20.000000,40.500000,1087.864530
21.000000,40.500000,1163.053185
22.000000,40.500000,1238.970741
23.000000,40.500000,1317.037983
24.000000,40.500000,1397.254911
25.000000,40.500000,1478.615862
26.000000,40.500000,1561.431673
27.000000,40.500000,1646.272556
13.000000,41.000000,614.869051
14.000000,41.000000,676.899859
15.000000,41.000000,741.573218
16.000000,41.000000,808.889129
17.000000,41.000000,878.151999
18.000000,41.000000,947.032732
19.000000,41.000000,1018.236081
20.000000,41.000000,1091.762048
21.000000,41.000000,1167.044296
22.000000,41.000000,1243.161837
23.000000,41.000000,1321.432725
24.000000,41.000000,1401.856960
25.000000,41.000000,1483.291432
26.000000,41.000000,1566.243177
27.000000,41.000000,1651.221142
13.000000,41.500000,617.570724
14.000000,41.500000,679.733277
15.000000,41.500000,744.538903
16.000000,41.500000,811.987601
17.000000,41.500000,881.259789
18.000000,41.500000,950.396499
19.000000,41.500000,1021.863133
20.000000,41.500000,1095.659691
21.000000,41.500000,1171.082717
22.000000,41.500000,1247.394822
23.000000,41.500000,1325.863155
24.000000,41.500000,1406.487717
25.000000,41.500000,1487.976787
26.000000,41.500000,1571.062781
27.000000,41.500000,1656.176079
13.000000,42.000000,620.278248
14.000000,42.000000,682.572564
15.000000,42.000000,747.510473
16.000000,42.000000,815.091975
17.000000,42.000000,884.373032
18.000000,42.000000,953.766164
19.000000,42.000000,1025.496532
20.000000,42.000000,1099.564135
21.000000,42.000000,1175.127862
22.000000,42.000000,1251.634723
23.000000,42.000000,1330.300693
24.000000,42.000000,1411.125772
25.000000,42.000000,1492.669140
26.000000,42.000000,1575.889442
27.000000,42.000000,1661.138128
13.000000,42.500000,622.996250
14.000000,42.500000,685.416282
15.000000,42.500000,750.479992
16.000000,42.500000,818.187379
17.000000,42.500000,887.500736
18.000000,42.500000,957.161253
19.000000,42.500000,1029.167035
20.000000,42.500000,1103.518080
21.000000,42.500000,1179.210958
22.000000,42.500000,1255.912183
23.000000,42.500000,1334.775587
24.000000,42.500000,1415.801170
25.000000,42.500000,1497.379845
26.000000,42.500000,1580.729462
27.000000,42.500000,1666.107845
13.000000,43.000000,625.720125
14.000000,43.000000,688.265865
15.000000,43.000000,753.455368
16.000000,43.000000,821.288633
17.000000,43.000000,890.633923
18.000000,43.000000,960.562308
19.000000,43.000000,1032.843991
20.000000,43.000000,1107.478972
21.000000,43.000000,1183.300891
22.000000,43.000000,1260.196679
23.000000,43.000000,1339.257717
24.000000,43.000000,1420.484004
25.000000,43.000000,1502.097630
26.000000,43.000000,1585.576587
27.000000,43.000000,1671.084690
13.000000,43.500000,628.447811
14.000000,43.500000,691.114315
15.000000,43.500000,756.424289
16.000000,43.500000,824.377733
17.000000,43.500000,893.783041
18.000000,43.500000,963.989164
19.000000,43.500000,1036.557114
20.000000,43.500000,1111.486891
21.000000,43.500000,1187.415812
22.000000,43.500000,1264.496636
23.000000,43.500000,1343.746114
24.000000,43.500000,1425.137111
25.000000,43.500000,1506.798946
26.000000,43.500000,1590.407463
27.000000,43.500000,1676.044724
13.000000,44.000000,631.181363
14.000000,44.000000,693.968605
15.000000,44.000000,759.399023
16.000000,44.000000,827.472618
17.000000,44.000000,896.937677
18.000000,44.000000,967.422050
19.000000,44.000000,1040.276786
20.000000,44.000000,1115.501886
21.000000,44.000000,1191.537641
22.000000,44.000000,1268.803695
23.000000,44.000000,1348.241812
24.000000,44.000000,1429.797620
25.000000,44.000000,1511.507357
26.000000,44.000000,1595.245434
27.000000,44.000000,1681.011848
13.000000,44.500000,633.860587
14.000000,44.500000,696.778989
15.000000,44.500000,762.340631
16.000000,44.500000,830.545511
17.000000,44.500000,900.109787
18.000000,44.500000,970.882366
19.000000,44.500000,1044.034526
20.000000,44.500000,1119.566266
21.000000,44.500000,1195.689571
22.000000,44.500000,1273.143949
23.000000,44.500000,1352.773679
24.000000,44.500000,1434.397202
25.000000,44.500000,1516.208665
26.000000,44.500000,1600.047252
27.000000,44.500000,1685.912964
13.000000,45.000000,636.545457
14.000000,45.000000,699.595033
15.000000,45.000000,765.287911
16.000000,45.000000,833.624091
17.000000,45.000000,903.287457
18.000000,45.000000,974.348788
19.000000,45.000000,1047.798927
20.000000,45.000000,1123.637875
21.000000,45.000000,1199.848499
22.000000,45.000000,1277.491398
23.000000,45.000000,1357.312940
24.000000,45.000000,1439.003915
25.000000,45.000000,1520.917038
26.000000,45.000000,1604.856071
27.000000,45.000000,1690.821015
13.000000,45.500000,639.219517
14.000000,45.500000,702.458779
15.000000,45.500000,768.345393
16.000000,45.500000,836.879358
17.000000,45.500000,906.662693
18.000000,45.500000,977.971129
19.000000,45.500000,1051.674664
20.000000,45.500000,1127.773297
21.000000,45.500000,1204.038830
22.000000,45.500000,1281.873191
23.000000,45.500000,1361.889263
24.000000,45.500000,1443.654700
25.000000,45.500000,1525.772359
26.000000,45.500000,1609.919700
27.000000,45.500000,1696.096723
13.000000,46.000000,641.899173
14.000000,46.000000,705.328364
15.000000,46.000000,771.408957
16.000000,46.000000,840.140953
17.000000,46.000000,910.044158
18.000000,46.000000,981.600101
19.000000,46.000000,1055.557434
20.000000,46.000000,1131.916159
21.000000,46.000000,1208.236260
22.000000,46.000000,1286.262277
23.000000,46.000000,1366.473076
24.000000,46.000000,1448.312722
25.000000,46.000000,1530.635153
26.000000,46.000000,1614.991041
27.000000,46.000000,1701.380387
13.000000,46.500000,644.630928
14.000000,46.500000,708.277177
15.000000,46.500000,774.580690
16.000000,46.500000,843.541466
17.000000,46.500000,913.536271
18.000000,46.500000,985.281742
19.000000,46.500000,1059.431831
20.000000,46.500000,1135.986539
21.000000,46.500000,1212.378122
22.000000,46.500000,1290.630872
23.000000,46.500000,1371.072681
24.000000,46.500000,1453.015714
25.000000,46.500000,1535.553843
26.000000,46.500000,1620.129690
13.000000,47.000000,647.368469
14.000000,47.000000,711.232123
15.000000,47.000000,777.758904
16.000000,47.000000,846.948811
17.000000,47.000000,917.034983
18.000000,47.000000,988.970185
19.000000,47.000000,1063.313234
20.000000,47.000000,1140.064129
21.000000,47.000000,1216.526923
22.000000,47.000000,1295.006699
23.000000,47.000000,1375.679809
24.000000,47.000000,1457.726051
25.000000,47.000000,1540.480145
26.000000,47.000000,1625.276221
13.000000,47.500000,650.137830
14.000000,47.500000,714.215943
15.000000,47.500000,780.962731
16.000000,47.500000,850.378196
17.000000,47.500000,920.529057
18.000000,47.500000,992.631205
19.000000,47.500000,1067.143521
20.000000,47.500000,1144.014136
21.000000,47.500000,1220.634087
22.000000,47.500000,1299.364129
23.000000,47.500000,1380.292595
24.000000,47.500000,1462.456462
25.000000,47.500000,1545.438016
26.000000,47.500000,1630.466146
12.000000,48.000000,591.294413
13.000000,48.000000,652.913085
14.000000,48.000000,717.205986
15.000000,48.000000,784.173115
16.000000,48.000000,853.814472
17.000000,48.000000,924.029695
18.000000,48.000000,996.298920
19.000000,48.000000,1070.980637
20.000000,48.000000,1147.970914
21.000000,48.000000,1224.748066
22.000000,48.000000,1303.728732
23.000000,48.000000,1384.912911
24.000000,48.000000,1467.194268
25.000000,48.000000,1550.403577
26.000000,48.000000,1635.664059
12.000000,48.500000,593.884204
13.000000,48.500000,655.711201
14.000000,48.500000,720.217588
15.000000,48.500000,787.403364
16.000000,48.500000,857.268530
17.000000,48.500000,927.537737
18.000000,48.500000,999.974620
19.000000,48.500000,1074.826302
20.000000,48.500000,1151.856650
21.000000,48.500000,1228.822375
22.000000,48.500000,1307.995138
23.000000,48.500000,1389.374937
24.000000,48.500000,1471.789288
25.000000,48.500000,1555.297431
26.000000,48.500000,1640.863053
12.000000,49.000000,596.479645
13.000000,49.000000,658.515287
14.000000,49.000000,723.235481
15.000000,49.000000,790.640226
16.000000,49.000000,860.729524
17.000000,49.000000,931.052353
18.000000,49.000000,1003.657025
19.000000,49.000000,1078.678804
20.000000,49.000000,1155.748878
21.000000,49.000000,1232.903381
22.000000,49.000000,1312.268448
23.000000,49.000000,1393.844079
24.000000,49.000000,1476.391381
25.000000,49.000000,1560.198826
26.000000,49.000000,1646.070053
12.000000,49.500000,598.969279
13.000000,49.500000,661.239445
14.000000,49.500000,726.200641
15.000000,49.500000,793.852867
16.000000,49.500000,864.140864
17.000000,49.500000,934.564283
18.000000,49.500000,1007.339477
19.000000,49.500000,1082.534224
20.000000,49.500000,1159.652077
21.000000,49.500000,1237.000112
22.000000,49.500000,1316.562285
23.000000,49.500000,1398.338598
24.000000,49.500000,1481.051203
25.000000,49.500000,1565.171432
26.000000,49.500000,1651.362406
12.000000,50.000000,601.464093
13.000000,50.000000,663.969227
14.000000,50.000000,729.171865
15.000000,50.000000,797.072008
16.000000,50.000000,867.558908
17.000000,50.000000,938.082765
18.000000,50.000000,1011.028622
19.000000,50.000000,1086.396478
20.000000,50.000000,1163.561793
21.000000,50.000000,1241.103576
22.000000,50.000000,1320.863076
23.000000,50.000000,1402.840291
24.000000,50.000000,1485.718243
25.000000,50.000000,1570.151764
26.000000,50.000000,1656.662992
12.000000,50.500000,603.954684
13.000000,50.500000,666.681542
14.000000,50.500000,732.112100
15.000000,50.500000,800.246357
16.000000,50.500000,870.842375
17.000000,50.500000,941.553573
18.000000,50.500000,1014.689666
19.000000,50.500000,1090.250654
20.000000,50.500000,1167.483217
21.000000,50.500000,1245.223199
22.000000,50.500000,1325.184460
23.000000,50.500000,1407.367001
24.000000,50.500000,1490.405690
25.000000,50.500000,1575.116168
26.000000,50.500000,1661.910190
12.000000,51.000000,606.450414
13.000000,51.000000,669.399383
14.000000,51.000000,735.058250
15.000000,51.000000,803.427015
16.000000,51.000000,874.132026
17.000000,51.000000,945.030770
18.000000,51.000000,1018.357303
19.000000,51.000000,1094.111626
20.000000,51.000000,1171.411184
21.000000,51.000000,1249.349591
22.000000,51.000000,1329.512844
23.000000,51.000000,1411.900941
24.000000,51.000000,1495.100396
25.000000,51.000000,1580.088247
26.000000,51.000000,1667.165479
12.000000,51.500000,608.946165
13.000000,51.500000,672.123874
14.000000,51.500000,738.018245
15.000000,51.500000,806.629278
16.000000,51.500000,877.439939
17.000000,51.500000,948.523717
18.000000,51.500000,1022.038362
19.000000,51.500000,1097.983875
20.000000,51.500000,1175.352915
21.000000,51.500000,1253.494137
22.000000,51.500000,1333.863595
23.000000,51.500000,1416.461290
24.000000,51.500000,1499.739966
25.000000,51.500000,1584.897827
26.000000,51.500000,1672.147377
12.000000,52.000000,611.447036
13.000000,52.000000,674.853896
14.000000,52.000000,740.984188
15.000000,52.000000,809.837909
16.000000,52.000000,880.754079
17.000000,52.000000,952.023087
18.000000,52.000000,1025.726043
19.000000,52.000000,1101.862946
20.000000,52.000000,1179.301227
21.000000,52.000000,1257.645498
22.000000,52.000000,1338.221398
23.000000,52.000000,1421.028928
24.000000,52.000000,1504.386633
25.000000,52.000000,1589.714638
26.000000,52.000000,1677.136640
12.000000,52.500000,614.008812
13.000000,52.500000,677.651505
14.000000,52.500000,744.024970
15.000000,52.500000,813.129206
16.000000,52.500000,884.137406
17.000000,52.500000,955.574191
18.000000,52.500000,1029.447297
19.000000,52.500000,1105.756724
20.000000,52.500000,1183.261717
21.000000,52.500000,1261.814557
22.000000,52.500000,1342.602054
23.000000,52.500000,1425.588103
24.000000,52.500000,1509.049565
25.000000,52.500000,1594.545286
26.000000,52.500000,1682.137225
12.000000,53.000000,616.575943
13.000000,53.000000,680.454900
14.000000,53.000000,747.071977
15.000000,53.000000,816.427174
16.000000,53.000000,887.527193
17.000000,53.000000,959.131888
18.000000,53.000000,1033.175277
19.000000,53.000000,1109.657362
20.000000,53.000000,1187.228823
21.000000,53.000000,1265.990479
22.000000,53.000000,1346.989818
23.000000,53.000000,1430.154501
24.000000,53.000000,1513.719624
25.000000,53.000000,1599.383187
26.000000,53.000000,1687.145189
12.000000,53.500000,619.319917
13.000000,53.500000,683.409084
14.000000,53.500000,750.240903
15.000000,53.500000,819.815374
16.000000,53.500000,890.965419
17.000000,53.500000,962.726847
18.000000,53.500000,1036.928594
19.000000,53.500000,1113.570660
20.000000,53.500000,1191.216482
21.000000,53.500000,1270.194775
22.000000,53.500000,1351.414981
23.000000,53.500000,1434.693274
24.000000,53.500000,1518.417667
25.000000,53.500000,1604.241407
26.000000,53.500000,1692.164494
12.000000,54.000000,622.069982
13.000000,54.000000,686.369663
14.000000,54.000000,753.416529
15.000000,54.000000,823.210581
16.000000,54.000000,894.410263
17.000000,54.000000,966.328512
18.000000,54.000000,1040.688704
19.000000,54.000000,1117.490839
20.000000,54.000000,1195.210807
21.000000,54.000000,1274.406017
22.000000,54.000000,1355.847373
23.000000,54.000000,1439.239183
24.000000,54.000000,1523.122933
25.000000,54.000000,1609.106937
26.000000,54.000000,1697.191195
12.000000,54.500000,624.844546
13.000000,54.500000,689.343817
14.000000,54.500000,756.594390
15.000000,54.500000,826.596263
16.000000,54.500000,897.833561
17.000000,54.500000,969.915313
18.000000,54.500000,1044.440661
19.000000,54.500000,1121.409606
20.000000,54.500000,1199.218897
21.000000,54.500000,1278.632920
22.000000,54.500000,1360.297295
23.000000,54.500000,1443.790666
24.000000,54.500000,1527.834899
25.000000,54.500000,1613.980368
26.000000,54.500000,1702.227072
12.000000,55.000000,627.625281
13.000000,55.000000,692.324399
14.000000,55.000000,759.778936
15.000000,55.000000,829.988892
16.000000,55.000000,901.263385
17.000000,55.000000,973.508749
18.000000,55.000000,1048.199364
19.000000,55.000000,1125.335229
20.000000,55.000000,1203.233678
21.000000,55.000000,1282.866797
22.000000,55.000000,1364.754480
23.000000,55.000000,1448.349281
24.000000,55.000000,1532.554088
25.000000,55.000000,1618.861111
26.000000,55.000000,1707.270351
12.000000,55.500000,630.430573
13.000000,55.500000,695.327670
14.000000,55.500000,762.984307
15.000000,55.500000,833.400484
16.000000,55.500000,904.703436
17.000000,55.500000,977.111328
18.000000,55.500000,1051.965848
19.000000,55.500000,1129.266998
20.000000,55.500000,1207.271924
21.000000,55.500000,1287.132226
22.000000,55.500000,1369.251589
23.000000,55.500000,1452.936682
24.000000,55.500000,1537.295898
25.000000,55.500000,1623.758111
12.000000,56.000000,633.242116
13.000000,56.000000,698.337438
14.000000,56.000000,766.196423
15.000000,56.000000,836.819072
16.000000,56.000000,908.150032
17.000000,56.000000,980.720554
18.000000,56.000000,1055.739083
19.000000,56.000000,1133.205620
20.000000,56.000000,1211.316915
21.000000,56.000000,1291.404709
22.000000,56.000000,1373.756062
23.000000,56.000000,1457.531278
24.000000,56.000000,1542.044976
25.000000,56.000000,1628.662450
12.000000,56.500000,636.049189
13.000000,56.500000,701.360953
14.000000,56.500000,769.441402
15.000000,56.500000,840.290537
16.000000,56.500000,911.654866
17.000000,56.500000,984.400685
18.000000,56.500000,1059.596739
19.000000,56.500000,1137.243026
20.000000,56.500000,1215.456527
21.000000,56.500000,1295.754933
22.000000,56.500000,1378.320313
23.000000,56.500000,1462.199249
24.000000,56.500000,1546.955091
25.000000,56.500000,1633.819721
12.000000,57.000000,638.862469
13.000000,57.000000,704.390998
14.000000,57.000000,772.693237
15.000000,57.000000,843.769185
16.000000,57.000000,915.166436
17.000000,57.000000,988.087698
18.000000,57.000000,1063.461420
19.000000,57.000000,1141.287604
20.000000,57.000000,1219.603174
21.000000,57.000000,1300.112438
22.000000,57.000000,1382.892095
23.000000,57.000000,1466.874615
24.000000,57.000000,1551.872937
25.000000,57.000000,1638.985063
12.000000,57.500000,641.561465
13.000000,57.500000,707.293486
14.000000,57.500000,775.803179
15.000000,57.500000,847.090545
16.000000,57.500000,918.607404
17.000000,57.500000,991.822027
18.000000,57.500000,1067.498037
19.000000,57.500000,1145.554132
20.000000,57.500000,1223.972506
21.000000,57.500000,1304.622011
22.000000,57.500000,1387.541074
23.000000,57.500000,1471.629992
24.000000,57.500000,1556.921222
25.000000,57.500000,1644.333653
12.000000,58.000000,644.266131
13.000000,58.000000,710.201926
14.000000,58.000000,778.919356
15.000000,58.000000,850.418421
16.000000,58.000000,922.054829
17.000000,58.000000,995.563396
18.000000,58.000000,1071.542288
19.000000,58.000000,1149.828581
20.000000,58.000000,1228.349603
21.000000,58.000000,1309.139345
22.000000,58.000000,1392.197807
23.000000,58.000000,1476.392987
24.000000,58.000000,1561.977615
25.000000,58.000000,1649.690854
12.000000,58.500000,647.004116
13.000000,58.500000,713.141948
14.000000,58.500000,782.065289
15.000000,58.500000,853.774140
16.000000,58.500000,925.556381
17.000000,58.500000,999.372816
18.000000,58.500000,1075.668773
19.000000,58.500000,1154.119030
20.000000,58.500000,1232.773732
21.000000,58.500000,1313.696751
22.000000,58.500000,1396.888085
12.000000,59.000000,649.747892
13.000000,59.000000,716.088031
14.000000,59.000000,785.217553
15.000000,59.000000,857.136458
16.000000,59.000000,929.064569
17.000000,59.000000,1003.189500
18.000000,59.000000,1079.803162
19.000000,59.000000,1158.417390
20.000000,59.000000,1237.205753
21.000000,59.000000,1318.262027
22.000000,59.000000,1401.586213
12.000000,59.500000,652.546797
13.000000,59.500000,719.110244
14.000000,59.500000,788.468665
15.000000,59.500000,860.622059
16.000000,59.500000,932.687575
17.000000,59.500000,1007.097035
18.000000,59.500000,1084.002511
19.000000,59.500000,1162.721707
20.000000,59.500000,1241.651059
21.000000,59.500000,1322.848695
22.000000,59.500000,1406.314613
11.000000,60.000000,591.365169
12.000000,60.000000,655.351708
13.000000,60.000000,722.138815
14.000000,60.000000,791.726489
15.000000,60.000000,864.114730
16.000000,60.000000,936.317629
17.000000,60.000000,1011.012150
18.000000,60.000000,1088.209978
19.000000,60.000000,1167.033934
20.000000,60.000000,1246.104285
21.000000,60.000000,1327.443291
22.000000,60.000000,1411.050952
11.000000,60.500000,593.924508
12.000000,60.500000,658.135131
13.000000,60.500000,725.151855
14.000000,60.500000,794.974679
15.000000,60.500000,867.479225
16.000000,60.500000,939.962471
17.000000,60.500000,1014.950946
18.000000,60.500000,1092.450504
19.000000,60.500000,1171.354686
20.000000,60.500000,1250.574121
21.000000,60.500000,1332.063065
22.000000,60.500000,1415.821517
11.000000,61.000000,596.489346
12.000000,61.000000,660.924432
13.000000,61.000000,728.171153
14.000000,61.000000,798.229510
15.000000,61.000000,870.850257
16.000000,61.000000,943.614390
17.000000,61.000000,1018.897384
18.000000,61.000000,1096.699240
19.000000,61.000000,1175.683354
20.000000,61.000000,1255.051911
21.000000,61.000000,1336.690830
22.000000,61.000000,1420.600111
11.000000,61.500000,599.122608
12.000000,61.500000,663.776984
13.000000,61.500000,731.247575
14.000000,61.500000,801.534380
15.000000,61.500000,874.265440
16.000000,61.500000,947.304401
17.000000,61.500000,1022.869192
18.000000,61.500000,1100.959814
19.000000,61.500000,1179.993550
20.000000,61.500000,1259.528756
21.000000,61.500000,1341.335947
11.000000,62.000000,601.761643
12.000000,62.000000,666.635659
13.000000,62.000000,734.330468
14.000000,62.000000,804.846070
15.000000,62.000000,877.687306
16.000000,62.000000,951.001608
17.000000,62.000000,1026.848711
18.000000,62.000000,1105.228615
19.000000,62.000000,1184.311580
20.000000,62.000000,1264.013532
21.000000,62.000000,1345.989092
11.000000,62.500000,604.409347
12.000000,62.500000,669.536572
13.000000,62.500000,737.491915
14.000000,62.500000,808.275375
15.000000,62.500000,881.228887
16.000000,62.500000,954.701556
17.000000,62.500000,1030.707597
18.000000,62.500000,1109.247010
19.000000,62.500000,1188.376168
20.000000,62.500000,1268.344315
21.000000,62.500000,1350.591604
11.000000,63.000000,607.062835
12.000000,63.000000,672.443766
13.000000,63.000000,740.660143
14.000000,63.000000,811.711967
15.000000,63.000000,884.777598
16.000000,63.000000,958.408687
17.000000,63.000000,1034.573720
18.000000,63.000000,1113.272695
19.000000,63.000000,1192.447719
20.000000,63.000000,1272.682501
21.000000,63.000000,1355.201958
11.000000,63.500000,609.714802
12.000000,63.500000,675.339413
13.000000,63.500000,743.806247
14.000000,63.500000,815.115306
15.000000,63.500000,888.278058
16.000000,63.500000,962.096314
17.000000,63.500000,1038.450420
18.000000,63.500000,1117.340376
19.000000,63.500000,1196.588913
20.000000,63.500000,1277.087052
21.000000,63.500000,1359.875347
11.000000,64.000000,612.372516
12.000000,64.000000,678.241256
13.000000,64.000000,746.959002
14.000000,64.000000,818.525753
15.000000,64.000000,891.785429
16.000000,64.000000,965.791021
17.000000,64.000000,1042.334369
18.000000,64.000000,1121.415474
19.000000,64.000000,1200.737283
20.000000,64.000000,1281.499204
21.000000,64.000000,1364.556763
11.000000,64.500000,615.095390
12.000000,64.500000,681.196232
13.000000,64.500000,750.151582
14.000000,64.500000,821.961439
15.000000,64.500000,895.292373
16.000000,64.500000,969.474888
17.000000,64.500000,1046.196574
18.000000,64.500000,1125.457430
19.000000,64.500000,1204.882171
20.000000,64.500000,1285.926791
21.000000,64.500000,1369.273707
11.000000,65.000000,617.824277
12.000000,65.000000,684.157609
13.000000,65.000000,753.350953
14.000000,65.000000,825.404309
15.000000,65.000000,898.806198
16.000000,65.000000,973.165765
17.000000,65.000000,1050.065917
18.000000,65.000000,1129.506654
19.000000,65.000000,1209.034201
20.000000,65.000000,1290.362010
21.000000,65.000000,1373.998780
11.000000,65.500000,620.609725
12.000000,65.500000,687.184870
13.000000,65.500000,756.625341
14.000000,65.500000,828.931139
15.000000,65.500000,902.381214
16.000000,65.500000,976.896092
17.000000,65.500000,1053.951874
18.000000,65.500000,1133.548562
19.000000,65.500000,1213.200918
20.000000,65.500000,1294.814443
21.000000,65.500000,1378.743623
11.000000,66.000000,623.401408
12.000000,66.000000,690.218795
13.000000,66.000000,759.906820
14.000000,66.000000,832.465482
15.000000,66.000000,905.963327
16.000000,66.000000,980.633553
17.000000,66.000000,1057.845005
18.000000,66.000000,1137.597682
19.000000,66.000000,1217.374802
20.000000,66.000000,1299.274542
21.000000,66.000000,1383.496637
11.000000,66.500000,626.238707
12.000000,66.500000,693.290526
13.000000,66.500000,763.218039
14.000000,66.500000,836.021246
15.000000,66.500000,909.548678
16.000000,66.500000,984.376899
17.000000,66.500000,1061.746371
18.000000,66.500000,1141.627261
19.000000,66.500000,1221.554890
20.000000,66.500000,1303.710421
21.000000,66.500000,1388.193895
11.000000,67.000000,629.082425
12.000000,67.000000,696.369058
13.000000,67.000000,766.536443
14.000000,67.000000,839.584579
15.000000,67.000000,913.141108
16.000000,67.000000,988.127372
17.000000,67.000000,1065.654913
18.000000,67.000000,1145.663959
19.000000,67.000000,1225.742142
20.000000,67.000000,1308.153860
21.000000,67.000000,1392.899113
11.000000,67.500000,631.971306
12.000000,67.500000,699.481369
13.000000,67.500000,769.876795
14.000000,67.500000,843.157584
15.000000,67.500000,916.721702
16.000000,67.500000,991.860422
17.000000,67.500000,1069.540246
18.000000,67.500000,1149.594270
19.000000,67.500000,1229.934755
20.000000,67.500000,1312.614250
21.000000,67.500000,1397.632754
11.000000,68.000000,634.866789
12.000000,68.000000,702.600601
13.000000,68.000000,773.224391
14.000000,68.000000,846.738158
15.000000,68.000000,920.309293
16.000000,68.000000,995.600495
17.000000,68.000000,1073.432628
18.000000,68.000000,1153.531300
19.000000,68.000000,1234.134523
20.000000,68.000000,1317.082232
21.000000,68.000000,1402.374425
11.000000,68.500000,637.742646
12.000000,68.500000,705.692233
13.000000,68.500000,776.535715
14.000000,68.500000,850.273090
15.000000,68.500000,923.854645
16.000000,68.500000,999.317328
17.000000,68.500000,1077.322385
18.000000,68.500000,1157.505327
19.000000,68.500000,1238.370299
20.000000,68.500000,1321.585175
21.000000,68.500000,1407.149955
11.000000,69.000000,640.624988
12.000000,69.000000,708.790637
13.000000,69.000000,779.854098
14.000000,69.000000,853.815371
15.000000,69.000000,927.406804
16.000000,69.000000,1003.041072
17.000000,69.000000,1081.219159
18.000000,69.000000,1161.486181
19.000000,69.000000,1242.613330
20.000000,69.000000,1326.095803
21.000000,69.000000,1411.933601
11.000000,69.500000,643.408211
12.000000,69.500000,711.821627
13.000000,69.500000,783.138500
14.000000,69.500000,857.358831
15.000000,69.500000,930.957400
16.000000,69.500000,1006.766843
17.000000,69.500000,1085.121874
18.000000,69.500000,1165.493343
19.000000,69.500000,1246.880906
20.000000,69.500000,1330.629262
21.000000,69.500000,1416.738409
11.000000,70.000000,646.197408
12.000000,70.000000,714.859040
13.000000,70.000000,786.429775
14.000000,70.000000,860.909612
15.000000,70.000000,934.514768
16.000000,70.000000,1010.499503
17.000000,70.000000,1089.031596
18.000000,70.000000,1169.507395
19.000000,70.000000,1251.155795
20.000000,70.000000,1335.170456
21.000000,70.000000,1421.551378
11.000000,70.500000,649.023709
12.000000,70.500000,717.913016
13.000000,70.500000,789.715712
14.000000,70.500000,864.338528
15.000000,70.500000,938.042993
16.000000,70.500000,1014.213342
17.000000,70.500000,1092.933626
18.000000,70.500000,1173.539810
19.000000,70.500000,1255.454323
20.000000,70.500000,1339.740334
11.000000,71.000000,651.856128
12.000000,71.000000,720.973459
13.000000,71.000000,793.008464
14.000000,71.000000,867.774237
15.000000,71.000000,941.577841
16.000000,71.000000,1017.933961
17.000000,71.000000,1096.842595
18.000000,71.000000,1177.579149
19.000000,71.000000,1259.760215
20.000000,71.000000,1344.318019
11.000000,71.500000,654.699608
12.000000,71.500000,724.003189
13.000000,71.500000,796.226574
14.000000,71.500000,871.015338
15.000000,71.500000,945.037696
16.000000,71.500000,1021.616507
17.000000,71.500000,1100.751770
18.000000,71.500000,1181.650598
19.000000,71.500000,1264.094663
20.000000,71.500000,1348.921031
10.000000,72.000000,590.981180
11.000000,72.000000,657.549222
12.000000,72.000000,727.039202
13.000000,72.000000,799.451120
14.000000,72.000000,874.262410
15.000000,72.000000,948.503833
16.000000,72.000000,1025.305646
17.000000,72.000000,1104.667850
18.000000,72.000000,1185.729057
19.000000,72.000000,1268.436546
20.000000,72.000000,1353.531904
10.000000,72.500000,593.654947
11.000000,72.500000,660.394830
12.000000,72.500000,730.057811
13.000000,72.500000,802.643889
14.000000,72.500000,877.477726
15.000000,72.500000,951.949235
16.000000,72.500000,1028.985781
17.000000,72.500000,1108.587362
18.000000,72.500000,1189.825493
19.000000,72.500000,1272.801032
20.000000,72.500000,1358.170034
10.000000,73.000000,596.334700
11.000000,73.000000,663.246513
12.000000,73.000000,733.082584
13.000000,73.000000,805.842915
14.000000,73.000000,880.698849
15.000000,73.000000,955.400800
16.000000,73.000000,1032.672435
17.000000,73.000000,1112.513754
18.000000,73.000000,1193.928971
19.000000,73.000000,1277.173001
20.000000,73.000000,1362.816090
10.000000,73.500000,598.916065
11.000000,73.500000,666.020945
12.000000,73.500000,736.051915
13.000000,73.500000,809.008974
14.000000,73.500000,883.918276
15.000000,73.500000,958.860835
16.000000,73.500000,1036.378287
17.000000,73.500000,1116.470633
18.000000,73.500000,1198.069935
19.000000,73.500000,1281.581149
20.000000,73.500000,1367.496925
10.000000,74.000000,601.502868
11.000000,74.000000,668.801030
12.000000,74.000000,739.027110
13.000000,74.000000,812.181108
14.000000,74.000000,887.143478
15.000000,74.000000,962.327039
16.000000,74.000000,1040.090707
17.000000,74.000000,1120.434480
18.000000,74.000000,1202.218050
19.000000,74.000000,1285.996880
20.000000,74.000000,1372.185780
10.000000,74.500000,604.142405
11.000000,74.500000,671.664780
12.000000,74.500000,742.119009
13.000000,74.500000,815.505091
14.000000,74.500000,890.532042
15.000000,74.500000,965.925339
16.000000,74.500000,1043.901768
17.000000,74.500000,1124.461332
18.000000,74.500000,1206.411619
19.000000,74.500000,1290.442022
20.000000,74.500000,1376.887335
10.000000,75.000000,606.787606
11.000000,75.000000,674.534542
12.000000,75.000000,745.217267
13.000000,75.000000,818.835778
14.000000,75.000000,893.927010
15.000000,75.000000,969.530301
16.000000,75.000000,1047.719751
17.000000,75.000000,1128.495362
18.000000,75.000000,1210.612476
19.000000,75.000000,1294.894823
20.000000,75.000000,1381.596925
10.000000,75.500000,609.502393
11.000000,75.500000,677.499968
12.000000,75.500000,748.439057
13.000000,75.500000,822.319659
14.000000,75.500000,897.500544
15.000000,75.500000,973.355622
16.000000,75.500000,1051.802570
17.000000,75.500000,1132.841387
18.000000,75.500000,1215.058919
19.000000,75.500000,1299.511377
20.000000,75.500000,1386.383478
10.000000,76.000000,612.223153
11.000000,76.000000,680.471825
12.000000,76.000000,751.667737
13.000000,76.000000,825.810890
14.000000,76.000000,901.081183
15.000000,76.000000,977.188454
16.000000,76.000000,1055.893309
17.000000,76.000000,1137.195749
18.000000,76.000000,1219.513510
19.000000,76.000000,1304.136143
20.000000,76.000000,1391.178305
10.000000,76.500000,614.991766
11.000000,76.500000,683.482243
12.000000,76.500000,754.925326
13.000000,76.500000,829.321013
14.000000,76.500000,904.686644
15.000000,76.500000,981.065594
16.000000,76.500000,1060.048369
17.000000,76.500000,1141.600839
18.000000,76.500000,1224.027281
19.000000,76.500000,1308.815714
20.000000,76.500000,1396.023575
10.000000,77.000000,617.766550
11.000000,77.000000,686.499235
12.000000,77.000000,758.189893
13.000000,77.000000,832.838521
14.000000,77.000000,908.299271
15.000000,77.000000,984.950387
16.000000,77.000000,1064.211571
17.000000,77.000000,1146.014440
18.000000,77.000000,1228.549389
19.000000,77.000000,1313.503663
20.000000,77.000000,1400.877263
10.000000,77.500000,620.517336
11.000000,77.500000,689.531160
12.000000,77.500000,761.509961
13.000000,77.500000,836.453741
14.000000,77.500000,912.010357
15.000000,77.500000,988.913692
16.000000,77.500000,1068.431740
17.000000,77.500000,1150.380346
18.000000,77.500000,1233.061594
19.000000,77.500000,1318.161873
20.000000,77.500000,1405.681183
10.000000,78.000000,623.274110
11.000000,78.000000,692.569675
12.000000,78.000000,764.837222
13.000000,78.000000,840.076753
14.000000,78.000000,915.728995
15.000000,78.000000,992.884945
16.000000,78.000000,1072.660254
17.000000,78.000000,1154.754552
18.000000,78.000000,1237.582069
19.000000,78.000000,1322.828323
20.000000,78.000000,1410.493313
10.000000,78.500000,626.075614
11.000000,78.500000,695.674459
12.000000,78.500000,768.253354
13.000000,78.500000,843.812300
14.000000,78.500000,919.529725
15.000000,78.500000,996.906226
16.000000,78.500000,1076.904805
17.000000,78.500000,1159.101617
18.000000,78.500000,1242.099995
19.000000,78.500000,1327.518067
20.000000,78.500000,1415.355832
10.000000,79.000000,628.883289
11.000000,79.000000,698.786117
12.000000,79.000000,771.677061
13.000000,79.000000,847.556119
14.000000,79.000000,923.338322
15.000000,79.000000,1000.935629
16.000000,79.000000,1081.157733
17.000000,79.000000,1163.456849
18.000000,79.000000,1246.626152
19.000000,79.000000,1332.216105
20.000000,79.000000,1420.226708
10.000000,79.500000,631.677450
11.000000,79.500000,701.838154
12.000000,79.500000,774.992465
13.000000,79.500000,851.140383
14.000000,79.500000,927.012535
15.000000,79.500000,1004.877970
16.000000,79.500000,1085.372939
17.000000,79.500000,1167.798173
18.000000,79.500000,1251.140724
19.000000,79.500000,1336.905077
10.000000,80.000000,634.477676
11.000000,80.000000,704.896731
12.000000,80.000000,778.314885
13.000000,80.000000,854.732137
14.000000,80.000000,930.694005
15.000000,80.000000,1008.828038
16.000000,80.000000,1089.596335
17.000000,80.000000,1172.147580
18.000000,80.000000,1255.663453
19.000000,80.000000,1341.602279
10.000000,80.500000,637.251528
11.000000,80.500000,707.908578
12.000000,80.500000,781.569542
13.000000,80.500000,858.234420
14.000000,80.500000,934.257640
15.000000,80.500000,1012.623797
16.000000,80.500000,1093.627390
17.000000,80.500000,1176.302098
18.000000,80.500000,1260.063510
19.000000,80.500000,1346.251682
10.000000,81.000000,640.031286
11.000000,81.000000,710.926704
12.000000,81.000000,784.830852
13.000000,81.000000,861.743730
14.000000,81.000000,937.827986
15.000000,81.000000,1016.426599
16.000000,81.000000,1097.665817
17.000000,81.000000,1180.463929
18.000000,81.000000,1264.471236
19.000000,81.000000,1350.909110
10.000000,81.500000,642.882187
11.000000,81.500000,714.005388
12.000000,81.500000,788.141656
13.000000,81.500000,865.182886
14.000000,81.500000,941.414626
15.000000,81.500000,1020.225931
16.000000,81.500000,1101.680046
17.000000,81.500000,1184.606083
18.000000,81.500000,1268.878130
19.000000,81.500000,1355.585154
10.000000,82.000000,645.739320
11.000000,82.000000,717.090609
12.000000,82.000000,791.459308
13.000000,82.000000,868.628776
14.000000,82.000000,945.008009
15.000000,82.000000,1024.032253
16.000000,82.000000,1105.701510
17.000000,82.000000,1188.755442
18.000000,82.000000,1273.292657
19.000000,82.000000,1360.269258
10.000000,82.500000,648.671300
11.000000,82.500000,720.213933
12.000000,82.500000,794.774836
13.000000,82.500000,871.976952
14.000000,82.500000,948.601124
15.000000,82.500000,1027.874872
16.000000,82.500000,1109.798195
17.000000,82.500000,1192.936781
18.000000,82.500000,1277.636279
19.000000,82.500000,1364.775486
10.000000,83.000000,651.609837
11.000000,83.000000,723.343942
12.000000,83.000000,798.097179
13.000000,83.000000,875.331464
14.000000,83.000000,952.200965
15.000000,83.000000,1031.724606
16.000000,83.000000,1113.902387
17.000000,83.000000,1197.125413
18.000000,83.000000,1281.987235
19.000000,83.000000,1369.289091
10.000000,83.500000,654.562593
11.000000,83.500000,726.462183
12.000000,83.500000,801.379679
13.000000,83.500000,878.646142
14.000000,83.500000,955.800310
15.000000,83.500000,1035.615652
16.000000,83.500000,1118.092167
17.000000,83.500000,1201.381886
18.000000,83.500000,1286.393660
19.000000,83.500000,1373.845183
10.000000,84.000000,657.521945
11.000000,84.000000,729.587027
12.000000,84.000000,804.668789
13.000000,84.000000,881.966971
14.000000,84.000000,959.406357
15.000000,84.000000,1039.513954
16.000000,84.000000,1122.289763
17.000000,84.000000,1205.645876
18.000000,84.000000,1290.807593
19.000000,84.000000,1378.408773
10.000000,84.500000,660.485654
11.000000,84.500000,732.687091
12.000000,84.500000,807.902741
13.000000,84.500000,885.250319
14.000000,84.500000,963.018851
15.000000,84.500000,1043.464155
16.000000,84.500000,1126.586233
17.000000,84.500000,1209.980904
18.000000,84.500000,1295.289731
19.000000,84.500000,1383.037746
9.000000,85.000000,594.130030
10.000000,85.000000,663.455936
11.000000,85.000000,735.793588
12.000000,85.000000,811.142987
13.000000,85.000000,888.539593
14.000000,85.000000,966.638019
15.000000,85.000000,1047.421781
16.000000,85.000000,1130.890880
17.000000,85.000000,1214.323684
18.000000,85.000000,1299.779594
19.000000,85.000000,1387.674417
9.000000,85.500000,596.984872
10.000000,85.500000,666.444591
11.000000,85.500000,738.913380
12.000000,85.500000,814.391237
13.000000,85.500000,891.847675
14.000000,85.500000,970.224610
15.000000,85.500000,1051.293108
16.000000,85.500000,1135.053168
17.000000,85.500000,1218.556348
18.000000,85.500000,1304.231989
19.000000,85.500000,1392.349121
9.000000,86.000000,599.846509
10.000000,86.000000,669.439869
11.000000,86.000000,742.039624
12.000000,86.000000,817.645771
13.000000,86.000000,895.161718
14.000000,86.000000,973.817688
15.000000,86.000000,1055.171449
16.000000,86.000000,1139.223002
17.000000,86.000000,1222.796297
18.000000,86.000000,1308.691921
19.000000,86.000000,1397.031615
9.000000,86.500000,602.562056
10.000000,86.500000,672.340547
11.000000,86.500000,745.125343
12.000000,86.500000,820.916444
13.000000,86.500000,898.535897
14.000000,86.500000,977.446772
15.000000,86.500000,1059.060768
16.000000,86.500000,1143.283085
17.000000,86.500000,1227.046098
18.000000,86.500000,1313.195856
19.000000,86.500000,1401.793336
9.000000,87.000000,605.283573
10.000000,87.000000,675.247313
11.000000,87.000000,748.217266
12.000000,87.000000,824.193434
13.000000,87.000000,901.916261
14.000000,87.000000,981.082453
15.000000,87.000000,1062.957098
16.000000,87.000000,1147.350267
17.000000,87.000000,1231.303175
18.000000,87.000000,1317.707452
19.000000,87.000000,1406.563099
9.000000,87.500000,608.040649
10.000000,87.500000,678.203810
11.000000,87.500000,751.373897
12.000000,87.500000,827.550911
13.000000,87.500000,905.386267
14.000000,87.500000,984.792549
15.000000,87.500000,1066.911546
16.000000,87.500000,1151.401873
17.000000,87.500000,1235.633559
18.000000,87.500000,1322.321688
19.000000,87.500000,1411.466262
9.000000,88.000000,610.803839
10.000000,88.000000,681.166601
11.000000,88.000000,754.537000
12.000000,88.000000,830.915035
13.000000,88.000000,908.862804
14.000000,88.000000,988.509516
15.000000,88.000000,1070.873209
16.000000,88.000000,1155.460516
17.000000,88.000000,1239.971465
18.000000,88.000000,1326.943932
19.000000,88.000000,1416.377917
9.000000,88.500000,613.622101
10.000000,88.500000,684.212618
11.000000,88.500000,757.813505
12.000000,88.500000,834.424761
13.000000,88.500000,912.478490
14.000000,88.500000,992.331648
15.000000,88.500000,1074.903620
16.000000,88.500000,1159.571946
17.000000,88.500000,1244.387799
18.000000,88.500000,1331.671517
9.000000,89.000000,616.446719
10.000000,89.000000,687.265298
11.000000,89.000000,761.096977
12.000000,89.000000,837.941756
13.000000,89.000000,916.101261
14.000000,89.000000,996.161052
15.000000,89.000000,1078.941491
16.000000,89.000000,1163.690588
17.000000,89.000000,1248.811921
18.000000,89.000000,1336.407467
9.000000,89.500000,619.320417
10.000000,89.500000,690.367537
11.000000,89.500000,764.430751
12.000000,89.500000,841.510062
13.000000,89.500000,919.768333
14.000000,89.500000,1000.030857
15.000000,89.500000,1083.015085
16.000000,89.500000,1167.861691
17.000000,89.500000,1253.291781
18.000000,89.500000,1341.202411
9.000000,90.000000,622.200685
10.000000,90.000000,693.476639
11.000000,90.000000,767.771684
12.000000,90.000000,845.085818
13.000000,90.000000,923.442634
14.000000,90.000000,1003.908063
15.000000,90.000000,1087.096248
16.000000,90.000000,1172.040179
17.000000,90.000000,1257.779611
18.000000,90.000000,1346.005910
9.000000,90.500000,625.071272
10.000000,90.500000,696.613386
11.000000,90.500000,771.179549
12.000000,90.500000,848.769762
13.000000,90.500000,927.191736
14.000000,90.500000,1007.820387
15.000000,90.500000,1091.171178
16.000000,90.500000,1176.174731
17.000000,90.500000,1262.139409
18.000000,90.500000,1350.593695
9.000000,91.000000,627.948324
10.000000,91.000000,699.757083
11.000000,91.000000,774.594850
12.000000,91.000000,852.461623
13.000000,91.000000,930.948352
14.000000,91.000000,1011.740211
15.000000,91.000000,1095.253595
16.000000,91.000000,1180.316438
17.000000,91.000000,1266.506628
18.000000,91.000000,1355.189164
9.000000,91.500000,630.699574
10.000000,91.500000,702.856666
11.000000,91.500000,778.052891
12.000000,91.500000,856.288251
13.000000,91.500000,934.772550
14.000000,91.500000,1015.672718
15.000000,91.500000,1099.290914
16.000000,91.500000,1184.398045
17.000000,91.500000,1270.807278
18.000000,91.500000,1359.711570
9.000000,92.000000,633.456596
10.000000,92.000000,705.962936
11.000000,92.000000,781.518537
12.000000,92.000000,860.123398
13.000000,92.000000,938.604526
14.000000,92.000000,1019.612746
15.000000,92.000000,1103.335499
16.000000,92.000000,1188.486539
17.000000,92.000000,1275.115056
18.000000,92.000000,1364.241345
9.000000,92.500000,636.172664
10.000000,92.500000,709.069966
11.000000,92.500000,785.030115
12.000000,92.500000,863.980048
13.000000,92.500000,942.481008
14.000000,92.500000,1023.598557
15.000000,92.500000,1107.426617
9.000000,93.000000,638.894294
10.000000,93.000000,712.183668
11.000000,93.000000,788.549485
12.000000,93.000000,867.845296
13.000000,93.000000,946.365430
14.000000,93.000000,1027.592058
15.000000,93.000000,1111.525180
9.000000,93.500000,641.590972
10.000000,93.500000,715.188690
11.000000,93.500000,791.871916
12.000000,93.500000,871.310372
13.000000,93.500000,950.030072
14.000000,93.500000,1031.456231
15.000000,93.500000,1115.588847
9.000000,94.000000,644.293038
10.000000,94.000000,718.199785
11.000000,94.000000,795.201110
12.000000,94.000000,874.782177
13.000000,94.000000,953.701626
14.000000,94.000000,1035.327491
15.000000,94.000000,1119.659774
9.000000,94.500000,646.996176
10.000000,94.500000,721.176457
11.000000,94.500000,798.457353
12.000000,94.500000,878.143054
13.000000,94.500000,957.300929
14.000000,94.500000,1039.168075
15.000000,94.500000,1123.744492
9.000000,95.000000,649.704677
10.000000,95.000000,724.159013
11.000000,95.000000,801.720002
12.000000,95.000000,881.510166
13.000000,95.000000,960.906820
14.000000,95.000000,1043.015596
15.000000,95.000000,1127.836493
9.000000,95.500000,652.527529
10.000000,95.500000,727.208795
11.000000,95.500000,804.998174
12.000000,95.500000,884.857513
13.000000,95.500000,964.520074
14.000000,95.500000,1046.899735
15.000000,95.500000,1131.996497
9.000000,96.000000,655.356257
10.000000,96.000000,730.264747
11.000000,96.000000,808.282805
12.000000,96.000000,888.211001
13.000000,96.000000,968.139927
14.000000,96.000000,1050.790933
15.000000,96.000000,1136.164019
9.000000,96.500000,658.308213
10.000000,96.500000,733.417252
11.000000,96.500000,811.635377
12.000000,96.500000,891.628090
13.000000,96.500000,971.846134
14.000000,96.500000,1054.792615
9.000000,97.000000,661.266631
10.000000,97.000000,736.576359
11.000000,97.000000,814.994687
12.000000,97.000000,895.051556
13.000000,97.000000,975.559262
14.000000,97.000000,1058.801767
9.000000,97.500000,664.356867
10.000000,97.500000,739.829463
11.000000,97.500000,818.407787
12.000000,97.500000,898.516822
13.000000,97.500000,979.302556
14.000000,97.500000,1062.828440
8.000000,98.000000,594.921666
9.000000,98.000000,667.454201
10.000000,98.000000,743.089591
11.000000,98.000000,821.827834
12.000000,98.000000,901.988603
13.000000,98.000000,983.052861
14.000000,98.000000,1066.862620
8.000000,98.500000,598.003495
9.000000,98.500000,670.642168
10.000000,98.500000,746.377507
11.000000,98.500000,825.209512
12.000000,98.500000,905.418899
13.000000,98.500000,986.767221
14.000000,98.500000,1070.866147
8.000000,99.000000,601.093263
9.000000,99.000000,673.837653
10.000000,99.000000,749.672527
11.000000,99.000000,828.597885
12.000000,99.000000,908.855454
13.000000,99.000000,990.488372
14.000000,99.000000,1074.876995
8.000000,99.500000,604.197094
9.000000,99.500000,677.059148
10.000000,99.500000,753.005931
11.000000,99.500000,832.037443
12.000000,99.500000,912.355007
13.000000,99.500000,994.232485
14.000000,99.500000,1078.869127
8.000000,100.000000,607.308891
9.000000,100.000000,680.288248
10.000000,100.000000,756.346584
11.000000,100.000000,835.483901
12.000000,100.000000,915.861061
13.000000,100.000000,997.983441
14.000000,100.000000,1082.868443
8.000000,100.500000,610.152853
9.000000,100.500000,683.343235
10.000000,100.500000,759.612177
11.000000,100.500000,838.959679
12.000000,100.500000,919.427550
13.000000,100.500000,1001.761701
14.000000,100.500000,1086.860324
8.000000,101.000000,613.003271
9.000000,101.000000,686.404863
10.000000,101.000000,762.884591
11.000000,101.000000,842.442455
12.000000,101.000000,923.000772
13.000000,101.000000,1005.546882
14.000000,101.000000,1090.859316
8.000000,101.500000,615.613866
9.000000,101.500000,689.308568
10.000000,101.500000,766.088215
11.000000,101.500000,845.952806
12.000000,101.500000,926.590264
13.000000,101.500000,1009.306790
14.000000,101.500000,1094.789380
8.000000,102.000000,618.229691
9.000000,102.000000,692.218121
10.000000,102.000000,769.298305
11.000000,102.000000,849.470244
12.000000,102.000000,930.186513
13.000000,102.000000,1013.073459
14.000000,102.000000,1098.726210
8.000000,102.500000,620.934618
9.000000,102.500000,695.189031
10.000000,102.500000,772.540791
11.000000,102.500000,852.989897
12.000000,102.500000,933.779309
13.000000,102.500000,1016.858090
14.000000,102.500000,1102.702647
8.000000,103.000000,623.645192
9.000000,103.000000,698.166041
10.000000,103.000000,775.789833
11.000000,103.000000,856.516566
12.000000,103.000000,937.378779
13.000000,103.000000,1020.649504
14.000000,103.000000,1106.685975
8.000000,103.500000,626.459768
9.000000,103.500000,701.237364
10.000000,103.500000,779.122862
11.000000,103.500000,860.116262
12.000000,103.500000,941.086126
13.000000,103.500000,1024.601530
14.000000,103.500000,1110.883835
8.000000,104.000000,629.280484
9.000000,104.000000,704.315214
10.000000,104.000000,782.462808
11.000000,104.000000,863.723266
12.000000,104.000000,944.800602
13.000000,104.000000,1028.561030
14.000000,104.000000,1115.089505
8.000000,104.500000,632.062284
9.000000,104.500000,707.379335
10.000000,104.500000,785.814551
11.000000,104.500000,867.273212
12.000000,104.500000,948.618732
13.000000,104.500000,1032.695547
14.000000,104.500000,1119.546216
8.000000,105.000000,634.849958
9.000000,105.000000,710.449863
10.000000,105.000000,789.173233
11.000000,105.000000,870.830255
12.000000,105.000000,952.444425
13.000000,105.000000,1036.838253
14.000000,105.000000,1124.011740
8.000000,105.500000,637.676102
9.000000,105.500000,713.567464
10.000000,105.500000,792.586555
11.000000,105.500000,874.406014
12.000000,105.500000,956.318847
13.000000,105.500000,1041.017412
14.000000,105.500000,1128.501710
8.000000,106.000000,640.508274
9.000000,106.000000,716.691683
10.000000,106.000000,796.007075
11.000000,106.000000,877.988990
12.000000,106.000000,960.201038
13.000000,106.000000,1045.204895
14.000000,106.000000,1133.000561
8.000000,106.500000,643.446003
9.000000,106.500000,719.896676
10.000000,106.500000,799.481879
11.000000,106.500000,881.604464
12.000000,106.500000,964.110717
13.000000,106.500000,1049.414268
14.000000,106.500000,1137.515115
8.000000,107.000000,646.390270
9.000000,107.000000,723.108652
10.000000,107.000000,802.964101
11.000000,107.000000,885.227257
12.000000,107.000000,968.028245
13.000000,107.000000,1053.632018
14.000000,107.000000,1142.038578
8.000000,107.500000,649.404388
9.000000,107.500000,726.325941
10.000000,107.500000,806.383791
11.000000,107.500000,888.755755
12.000000,107.500000,971.872337
13.000000,107.500000,1057.797735
8.000000,108.000000,652.425362
9.000000,108.000000,729.550181
10.000000,108.000000,809.810524
11.000000,108.000000,892.291069
12.000000,108.000000,975.723882
13.000000,108.000000,1061.971541
8.000000,108.500000,655.537733
9.000000,108.500000,732.844546
10.000000,108.500000,813.284670
11.000000,108.500000,895.872130
12.000000,108.500000,979.603618
13.000000,108.500000,1066.155040
8.000000,109.000000,658.657397
9.000000,109.000000,736.146172
10.000000,109.000000,816.766047
11.000000,109.000000,899.460174
12.000000,109.000000,983.490888
13.000000,109.000000,1070.346625
8.000000,109.500000,661.629642
9.000000,109.500000,739.371595
10.000000,109.500000,820.246485
11.000000,109.500000,903.082475
12.000000,109.500000,987.357846
13.000000,109.500000,1074.460810
8.000000,110.000000,664.608352
9.000000,110.000000,742.603844
10.000000,110.000000,823.734105
11.000000,110.000000,906.711873
12.000000,110.000000,991.232201
13.000000,110.000000,1078.582693
8.000000,110.500000,667.474620
9.000000,110.500000,745.788040
10.000000,110.500000,827.243237
11.000000,110.500000,910.375722
12.000000,110.500000,995.110474
13.000000,110.500000,1082.676531
7.000000,111.000000,594.863527
8.000000,111.000000,670.346774
9.000000,111.000000,748.978805
10.000000,111.000000,830.759621
11.000000,111.000000,914.046783
12.000000,111.000000,998.996118
13.000000,111.000000,1086.777897
7.000000,111.500000,597.468567
8.000000,111.500000,673.258556
9.000000,111.500000,752.203973
10.000000,111.500000,834.304818
11.000000,111.500000,917.741091
12.000000,111.500000,1002.927851
13.000000,111.500000,1090.948973
7.000000,112.000000,600.079000
8.000000,112.000000,676.176379
9.000000,112.000000,755.435831
10.000000,112.000000,837.857354
11.000000,112.000000,921.442670
12.000000,112.000000,1006.867115
13.000000,112.000000,1095.127838
7.000000,112.500000,602.729824
8.000000,112.500000,679.104391
9.000000,112.500000,758.646366
10.000000,112.500000,841.355747
11.000000,112.500000,925.096350
12.000000,112.500000,1010.793363
13.000000,112.500000,1099.329675
7.000000,113.000000,605.386209
8.000000,113.000000,682.038441
9.000000,113.000000,761.863416
10.000000,113.000000,844.861136
11.000000,113.000000,928.757006
12.000000,113.000000,1014.727017
13.000000,113.000000,1103.539344
7.000000,113.500000,608.106532
8.000000,113.500000,685.016668
9.000000,113.500000,765.103365
10.000000,113.500000,848.366623
7.000000,114.000000,610.832698
8.000000,114.000000,688.001104
9.000000,114.000000,768.349888
10.000000,114.000000,851.879050
7.000000,114.500000,613.549404
8.000000,114.500000,690.987328
9.000000,114.500000,771.607741
10.000000,114.500000,855.410641
7.000000,115.000000,616.271841
8.000000,115.000000,693.979740
9.000000,115.000000,774.872228
10.000000,115.000000,858.949303
7.000000,115.500000,619.126092
8.000000,115.500000,697.081665
9.000000,115.500000,778.222076
10.000000,115.500000,862.547324
7.000000,116.000000,621.986733
8.000000,116.000000,700.190297
9.000000,116.000000,781.578940
10.000000,116.000000,866.152662
7.000000,116.500000,624.976125
8.000000,116.500000,703.403698
9.000000,116.500000,785.014935
7.000000,117.000000,627.972550
8.000000,117.000000,706.624301
9.000000,117.000000,788.458292
7.000000,117.500000,631.082528
8.000000,117.500000,709.963733
9.000000,117.500000,792.027165
7.000000,118.000000,634.200117
8.000000,118.000000,713.310940
9.000000,118.000000,795.603972
7.000000,118.500000,637.241001
8.000000,118.500000,716.614497
9.000000,118.500000,799.173507
7.000000,119.000000,640.289072
8.000000,119.000000,719.925577
9.000000,119.000000,802.750903
7.000000,119.500000,643.241173
8.000000,119.500000,723.183598
9.000000,119.500000,806.320038
7.000000,120.000000,646.199897
8.000000,120.000000,726.448816
9.000000,120.000000,809.896943
7.000000,120.500000,649.195927
8.000000,120.500000,729.716502
9.000000,120.500000,813.439561
7.000000,121.000000,652.198726
8.000000,121.000000,732.991344
9.000000,121.000000,816.989719
7.000000,121.500000,655.226445
8.000000,121.500000,736.248066
9.000000,121.500000,820.476501
7.000000,122.000000,658.261012
8.000000,122.000000,739.511792
9.000000,122.000000,823.970443
7.000000,122.500000,661.327804
8.000000,122.500000,742.783551
9.000000,122.500000,827.446585
7.000000,123.000000,664.401563
8.000000,123.000000,746.062304
9.000000,123.000000,830.929749
7.000000,123.500000,667.387374
8.000000,123.500000,749.330261
9.000000,123.500000,834.481089
7.000000,124.000000,670.379649
8.000000,124.000000,752.605147
9.000000,124.000000,838.039813
7.000000,124.500000,673.366447
8.000000,124.500000,755.907415
9.000000,124.500000,841.660278
7.000000,125.000000,676.359624
8.000000,125.000000,759.216698
9.000000,125.000000,845.288377
7.000000,125.500000,679.334802
8.000000,125.500000,762.553114
9.000000,125.500000,848.993126
6.000000,126.000000,601.964672
7.000000,126.000000,682.316268
8.000000,126.000000,765.896656
9.000000,126.000000,852.705835
6.000000,126.500000,604.607016
7.000000,126.500000,685.352795
8.000000,126.500000,769.338100
9.000000,126.500000,856.562930
6.000000,127.000000,607.254881
7.000000,127.000000,688.395864
8.000000,127.000000,772.787114
9.000000,127.000000,860.428631
6.000000,127.500000,610.003526
7.000000,127.500000,691.529921
8.000000,127.500000,776.316262
9.000000,127.500000,864.362550
6.000000,128.000000,612.758169
7.000000,128.000000,694.670936
8.000000,128.000000,779.853333
9.000000,128.000000,868.305359
6.000000,128.500000,615.631300
7.000000,128.500000,697.914092
8.000000,128.500000,783.474613
6.000000,129.000000,618.511001
7.000000,129.000000,701.164682
8.000000,129.000000,787.104190
6.000000,129.500000,621.489554
7.000000,129.500000,704.470880
8.000000,129.500000,790.743347
6.000000,130.000000,624.475149
7.000000,130.000000,707.784745
8.000000,130.000000,794.390793
