weight_g,47.000000
thrust_N,velocity_m_s,power_W
16.000000,0.000000,610.398374
17.000000,0.000000,674.968310
18.000000,0.000000,742.252577
19.000000,0.000000,812.251174
20.000000,0.000000,887.988148
21.000000,0.000000,982.568484
22.000000,0.000000,1080.831531
16.000000,0.500000,612.501465
17.000000,0.500000,677.147967
18.000000,0.500000,744.509126
19.000000,0.500000,814.584941
20.000000,0.500000,891.001994
21.000000,0.500000,985.663940
22.000000,0.500000,1084.007201
16.000000,1.000000,614.607128
17.000000,1.000000,679.330219
18.000000,1.000000,746.768290
19.000000,1.000000,816.921343
20.000000,1.000000,894.019358
21.000000,1.000000,988.762877
22.000000,1.000000,1087.186313
16.000000,1.500000,616.713641
17.000000,1.500000,681.513427
18.000000,1.500000,749.028526
19.000000,1.500000,819.258940
20.000000,1.500000,897.035653
21.000000,1.500000,991.860864
22.000000,1.500000,1090.364614
16.000000,2.000000,618.822726
17.000000,2.000000,683.699230
18.000000,2.000000,751.291378
19.000000,2.000000,821.599173
20.000000,2.000000,900.055459
21.000000,2.000000,994.962326
22.000000,2.000000,1093.546353
16.000000,2.500000,620.932681
17.000000,2.500000,685.886010
18.000000,2.500000,753.555325
19.000000,2.500000,823.940625
20.000000,2.500000,903.074236
21.000000,2.500000,998.062878
22.000000,2.500000,1096.727323
16.000000,3.000000,623.045209
17.000000,3.000000,688.075387
18.000000,3.000000,755.821889
19.000000,3.000000,826.284714
20.000000,3.000000,906.096518
21.000000,3.000000,1001.166901
22.000000,3.000000,1099.911727
16.000000,3.500000,625.158627
17.000000,3.500000,690.265763
18.000000,3.500000,758.089569
19.000000,3.500000,828.630044
20.000000,3.500000,909.117808
21.000000,3.500000,1004.270055
22.000000,3.500000,1103.095404
16.000000,4.000000,627.274619
17.000000,4.000000,692.458736
18.000000,4.000000,760.359868
19.000000,4.000000,830.978014
20.000000,4.000000,912.142599
21.000000,4.000000,1007.376674
22.000000,4.000000,1106.282511
16.000000,4.500000,629.698270
17.000000,4.500000,694.883919
18.000000,4.500000,762.781212
19.000000,4.500000,833.390148
20.000000,4.500000,915.183535
21.000000,4.500000,1010.492827
22.000000,4.500000,1109.472098
16.000000,5.000000,632.125122
17.000000,5.000000,697.312157
18.000000,5.000000,765.205463
19.000000,5.000000,835.805041
20.000000,5.000000,918.227998
21.000000,5.000000,1013.612459
22.000000,5.000000,1112.665115
16.000000,5.500000,634.876387
17.000000,5.500000,700.059357
18.000000,5.500000,767.942653
19.000000,5.500000,838.526275
20.000000,5.500000,921.576516
21.000000,5.500000,1016.871807
22.000000,5.500000,1115.822880
16.000000,6.000000,637.631598
17.000000,6.000000,702.810341
18.000000,6.000000,770.683460
19.000000,6.000000,841.250954
20.000000,6.000000,924.929268
21.000000,6.000000,1020.134998
22.000000,6.000000,1118.984108
16.000000,6.500000,640.374278
17.000000,6.500000,705.553581
18.000000,6.500000,773.421677
19.000000,6.500000,843.978567
20.000000,6.500000,928.263048
21.000000,6.500000,1023.351861
22.000000,6.500000,1122.070652
16.000000,7.000000,643.120877
17.000000,7.000000,708.300591
18.000000,7.000000,776.163510
19.000000,7.000000,846.709636
20.000000,7.000000,931.601035
21.000000,7.000000,1026.572513
22.000000,7.000000,1125.160575
16.000000,7.500000,645.855401
17.000000,7.500000,711.039266
18.000000,7.500000,778.901029
19.000000,7.500000,849.440691
20.000000,7.500000,934.923837
21.000000,7.500000,1029.773009
22.000000,7.500000,1128.225154
16.000000,8.000000,648.593820
17.000000,8.000000,713.781694
18.000000,8.000000,781.642155
19.000000,8.000000,852.175202
20.000000,8.000000,938.250811
21.000000,8.000000,1032.977253
22.000000,8.000000,1131.293065
16.000000,8.500000,651.289912
17.000000,8.500000,716.494788
18.000000,8.500000,784.367785
19.000000,8.500000,854.908904
20.000000,8.500000,941.562002
21.000000,8.500000,1036.160635
22.000000,8.500000,1134.334813
16.000000,9.000000,653.989825
17.000000,9.000000,719.211585
18.000000,9.000000,787.096997
19.000000,9.000000,857.646062
20.000000,9.000000,944.877332
21.000000,9.000000,1039.347724
22.000000,9.000000,1137.379845
16.000000,9.500000,656.405531
17.000000,9.500000,721.725337
18.000000,9.500000,789.709381
19.000000,9.500000,860.357664
20.000000,9.500000,948.160200
21.000000,9.500000,1042.504539
22.000000,9.500000,1140.396918
15.000000,10.000000,596.071523
16.000000,10.000000,658.824577
17.000000,10.000000,724.242456
18.000000,10.000000,792.325158
19.000000,10.000000,863.072684
20.000000,10.000000,951.447148
21.000000,10.000000,1045.665006
22.000000,10.000000,1143.417225
15.000000,10.500000,598.382389
16.000000,10.500000,661.242124
17.000000,10.500000,726.768512
18.000000,10.500000,794.961554
19.000000,10.500000,865.821249
20.000000,10.500000,954.752907
21.000000,10.500000,1048.857117
22.000000,10.500000,1146.481721
15.000000,11.000000,600.696550
16.000000,11.000000,663.663041
17.000000,11.000000,729.298016
18.000000,11.000000,797.601473
19.000000,11.000000,868.573413
20.000000,11.000000,958.062905
21.000000,11.000000,1052.053009
22.000000,11.000000,1149.549557
15.000000,11.500000,603.014837
16.000000,11.500000,666.090927
17.000000,11.500000,731.837552
18.000000,11.500000,800.254711
19.000000,11.500000,871.472013
20.000000,11.500000,961.424924
21.000000,11.500000,1055.372963
15.000000,12.000000,605.336428
16.000000,12.000000,668.522201
17.000000,12.000000,734.380560
18.000000,12.000000,802.911505
19.000000,12.000000,874.374475
20.000000,12.000000,964.791330
21.000000,12.000000,1058.697009
15.000000,12.500000,607.662102
16.000000,12.500000,670.957927
17.000000,12.500000,736.928407
18.000000,12.500000,805.573543
19.000000,12.500000,877.754188
20.000000,12.500000,968.137945
21.000000,12.500000,1062.001808
15.000000,13.000000,609.991087
16.000000,13.000000,673.397049
17.000000,13.000000,739.479736
18.000000,13.000000,808.239147
19.000000,13.000000,881.138537
20.000000,13.000000,971.488902
21.000000,13.000000,1065.310658
15.000000,13.500000,612.418668
16.000000,13.500000,675.913485
17.000000,13.500000,742.084993
18.000000,13.500000,810.933192
19.000000,13.500000,884.502878
20.000000,13.500000,974.820302
21.000000,13.500000,1068.600491
15.000000,14.000000,614.849864
16.000000,14.000000,678.433546
17.000000,14.000000,744.693885
18.000000,14.000000,813.630878
19.000000,14.000000,887.871807
20.000000,14.000000,978.156000
21.000000,14.000000,1071.894335
15.000000,14.500000,617.336531
16.000000,14.500000,680.988548
17.000000,14.500000,747.315494
18.000000,14.500000,816.317372
19.000000,14.500000,891.185515
20.000000,14.500000,981.449077
21.000000,14.500000,1075.158836
15.000000,15.000000,619.826991
16.000000,15.000000,683.547289
17.000000,15.000000,749.940792
18.000000,15.000000,819.007498
19.000000,15.000000,894.503711
20.000000,15.000000,984.746374
21.000000,15.000000,1078.427291
15.000000,15.500000,622.314847
16.000000,15.500000,686.103707
17.000000,15.500000,752.564654
18.000000,15.500000,821.697690
19.000000,15.500000,897.809301
20.000000,15.500000,988.030796
21.000000,15.500000,1081.681331
15.000000,16.000000,624.806499
16.000000,16.000000,688.663897
17.000000,16.000000,755.192263
18.000000,16.000000,824.391597
19.000000,16.000000,901.119486
20.000000,16.000000,991.319487
21.000000,16.000000,1084.939325
15.000000,16.500000,627.296750
16.000000,16.500000,691.224768
17.000000,16.500000,757.822829
18.000000,16.500000,827.090934
19.000000,16.500000,904.454451
20.000000,16.500000,994.715649
21.000000,16.500000,1088.393532
15.000000,17.000000,629.790794
16.000000,17.000000,693.789415
17.000000,17.000000,760.457152
18.000000,17.000000,829.794005
19.000000,17.000000,907.794084
20.000000,17.000000,998.116367
21.000000,17.000000,1091.852184
15.000000,17.500000,632.313515
16.000000,17.500000,696.373509
17.000000,17.500000,763.100857
18.000000,17.500000,832.495559
19.000000,17.500000,911.128425
20.000000,17.500000,1001.528286
21.000000,17.500000,1095.339730
15.000000,18.000000,634.840123
16.000000,18.000000,698.961441
17.000000,18.000000,765.748348
18.000000,18.000000,835.200844
19.000000,18.000000,914.467420
20.000000,18.000000,1004.944792
21.000000,18.000000,1098.831793
15.000000,18.500000,637.457012
16.000000,18.500000,701.613802
17.000000,18.500000,768.432022
18.000000,18.500000,837.911672
19.000000,18.500000,917.797621
20.000000,18.500000,1008.354781
21.000000,18.500000,1102.319770
15.000000,19.000000,640.078088
16.000000,19.000000,704.270206
17.000000,19.000000,771.119593
18.000000,19.000000,840.626250
19.000000,19.000000,921.132453
20.000000,19.000000,1011.769338
21.000000,19.000000,1105.812253
15.000000,19.500000,642.713732
16.000000,19.500000,706.962619
17.000000,19.500000,773.866098
18.000000,19.500000,843.424168
19.000000,19.500000,924.564076
20.000000,19.500000,1015.241953
21.000000,19.500000,1109.321432
15.000000,20.000000,645.353603
16.000000,20.000000,709.659170
17.000000,20.000000,776.616648
18.000000,20.000000,846.226038
19.000000,20.000000,928.000556
20.000000,20.000000,1018.719266
21.000000,20.000000,1112.835149
15.000000,20.500000,648.012305
16.000000,20.500000,712.402976
17.000000,20.500000,779.445245
18.000000,20.500000,849.139111
19.000000,20.500000,931.549053
20.000000,20.500000,1022.260457
21.000000,20.500000,1116.360475
15.000000,21.000000,650.675302
16.000000,21.000000,715.151083
17.000000,21.000000,782.278144
18.000000,21.000000,852.056484
19.000000,21.000000,935.102764
20.000000,21.000000,1025.806536
21.000000,21.000000,1119.890371
15.000000,21.500000,653.334473
16.000000,21.500000,717.892478
17.000000,21.500000,785.101328
18.000000,21.500000,854.961024
19.000000,21.500000,938.655804
20.000000,21.500000,1029.396133
21.000000,21.500000,1123.511191
14.000000,22.000000,594.008113
15.000000,22.000000,655.997932
16.000000,22.000000,720.638160
17.000000,22.000000,787.928797
18.000000,22.000000,857.869842
19.000000,22.000000,942.214081
20.000000,22.000000,1032.990762
21.000000,22.000000,1127.136840
14.000000,22.500000,596.331141
15.000000,22.500000,658.461626
16.000000,22.500000,723.245673
17.000000,22.500000,790.683279
18.000000,22.500000,860.774446
19.000000,22.500000,945.790525
20.000000,22.500000,1036.630971
21.000000,22.500000,1130.837872
14.000000,23.000000,598.657950
15.000000,23.000000,660.929222
16.000000,23.000000,725.857208
17.000000,23.000000,793.441907
18.000000,23.000000,863.683319
19.000000,23.000000,949.372268
20.000000,23.000000,1040.276366
21.000000,23.000000,1134.543974
14.000000,23.500000,600.977810
15.000000,23.500000,663.395416
16.000000,23.500000,728.473082
17.000000,23.500000,796.210806
18.000000,23.500000,866.608590
19.000000,23.500000,952.952005
20.000000,23.500000,1043.917060
21.000000,23.500000,1138.242541
14.000000,24.000000,603.301456
15.000000,24.000000,665.865522
16.000000,24.000000,731.092996
17.000000,24.000000,798.983876
18.000000,24.000000,869.538163
19.000000,24.000000,956.537031
20.000000,24.000000,1047.562924
21.000000,24.000000,1141.946158
14.000000,24.500000,605.630770
15.000000,24.500000,668.332684
16.000000,24.500000,733.700928
17.000000,24.500000,801.735501
18.000000,24.500000,872.667219
19.000000,24.500000,960.079944
20.000000,24.500000,1051.182696
21.000000,24.500000,1145.640323
14.000000,25.000000,607.963878
15.000000,25.000000,670.803751
16.000000,25.000000,736.312877
17.000000,25.000000,804.491256
18.000000,25.000000,875.800970
19.000000,25.000000,963.628076
20.000000,25.000000,1054.807590
21.000000,25.000000,1149.339513
14.000000,25.500000,610.305097
15.000000,25.500000,673.288655
16.000000,25.500000,738.945312
17.000000,25.500000,807.275067
18.000000,25.500000,879.295056
19.000000,25.500000,967.192781
20.000000,25.500000,1058.438682
14.000000,26.000000,612.650130
15.000000,26.000000,675.777522
16.000000,26.000000,741.581859
17.000000,26.000000,810.063143
18.000000,26.000000,882.794650
19.000000,26.000000,970.762825
20.000000,26.000000,1062.074945
14.000000,26.500000,615.253645
15.000000,26.500000,678.472581
16.000000,26.500000,744.368093
17.000000,26.500000,812.940181
18.000000,26.500000,886.316452
19.000000,26.500000,974.341266
20.000000,26.500000,1065.704994
14.000000,27.000000,617.861692
15.000000,27.000000,681.172164
16.000000,27.000000,747.158840
17.000000,27.000000,815.821720
18.000000,27.000000,889.843823
19.000000,27.000000,977.925070
20.000000,27.000000,1069.340207
14.000000,27.500000,620.728159
15.000000,27.500000,684.067992
16.000000,27.500000,750.078586
17.000000,27.500000,818.759941
18.000000,27.500000,893.367517
19.000000,27.500000,981.518388
20.000000,27.500000,1073.000306
14.000000,28.000000,623.599941
15.000000,28.000000,686.968913
16.000000,28.000000,753.003203
17.000000,28.000000,821.702811
18.000000,28.000000,896.896770
19.000000,28.000000,985.117147
20.000000,28.000000,1076.665725
14.000000,28.500000,626.464422
15.000000,28.500000,689.861448
16.000000,28.500000,755.918295
17.000000,28.500000,824.634962
18.000000,28.500000,900.421982
19.000000,28.500000,988.714675
20.000000,28.500000,1080.332946
14.000000,29.000000,629.334190
15.000000,29.000000,692.759046
16.000000,29.000000,758.838226
17.000000,29.000000,827.571728
18.000000,29.000000,903.952738
19.000000,29.000000,992.317638
20.000000,29.000000,1084.005490
14.000000,29.500000,632.214128
15.000000,29.500000,695.677506
16.000000,29.500000,761.790645
17.000000,29.500000,830.553543
18.000000,29.500000,907.545674
19.000000,29.500000,995.959492
20.000000,29.500000,1087.691747
14.000000,30.000000,635.099378
15.000000,30.000000,698.601095
16.000000,30.000000,764.748007
17.000000,30.000000,833.540112
18.000000,30.000000,911.144346
19.000000,30.000000,999.606893
20.000000,30.000000,1091.383362
14.000000,30.500000,637.988128
15.000000,30.500000,701.567352
16.000000,30.500000,767.790282
17.000000,30.500000,836.656918
18.000000,30.500000,914.898438
19.000000,30.500000,1003.350418
20.000000,30.500000,1095.107028
14.000000,31.000000,640.882224
15.000000,31.000000,704.538905
16.000000,31.000000,770.837799
17.000000,31.000000,839.778905
18.000000,31.000000,918.658765
19.000000,31.000000,1007.099779
20.000000,31.000000,1098.836138
14.000000,31.500000,643.187648
15.000000,31.500000,707.091790
16.000000,31.500000,773.647942
17.000000,31.500000,842.856104
18.000000,31.500000,922.432381
19.000000,31.500000,1010.850180
20.000000,31.500000,1102.553138
14.000000,32.000000,645.496916
15.000000,32.000000,709.648924
16.000000,32.000000,776.462750
17.000000,32.000000,845.938393
18.000000,32.000000,926.212271
19.000000,32.000000,1014.606414
20.000000,32.000000,1106.275544
14.000000,32.500000,647.855565
15.000000,32.500000,712.251086
16.000000,32.500000,779.317784
17.000000,32.500000,849.055659
18.000000,32.500000,930.010561
19.000000,32.500000,1018.441581
20.000000,32.500000,1110.142145
14.000000,33.000000,650.218190
15.000000,33.000000,714.857614
16.000000,33.000000,782.177583
17.000000,33.000000,852.178099
18.000000,33.000000,933.815194
19.000000,33.000000,1022.282847
20.000000,33.000000,1114.014603
14.000000,33.500000,652.620780
15.000000,33.500000,717.501937
16.000000,33.500000,785.072770
17.000000,33.500000,855.333277
18.000000,33.500000,937.615062
19.000000,33.500000,1026.129102
20.000000,33.500000,1117.902906
14.000000,34.000000,655.027447
15.000000,34.000000,720.150721
16.000000,34.000000,787.972807
17.000000,34.000000,858.493706
18.000000,34.000000,941.421267
19.000000,34.000000,1029.981496
20.000000,34.000000,1121.797147
14.000000,34.500000,657.491231
15.000000,34.500000,722.873436
16.000000,34.500000,790.964830
17.000000,34.500000,861.765413
18.000000,34.500000,945.285234
19.000000,34.500000,1033.859122
20.000000,34.500000,1125.681630
13.000000,35.000000,597.037260
14.000000,35.000000,659.959253
15.000000,35.000000,725.600826
16.000000,35.000000,793.961979
17.000000,35.000000,865.042711
18.000000,35.000000,949.155732
19.000000,35.000000,1037.742968
20.000000,35.000000,1129.572025
13.000000,35.500000,599.659817
14.000000,35.500000,662.749277
15.000000,35.500000,728.562349
16.000000,35.500000,797.099034
17.000000,35.500000,868.359331
18.000000,35.500000,953.010055
19.000000,35.500000,1041.606911
20.000000,35.500000,1133.437585
13.000000,36.000000,602.287431
14.000000,36.000000,665.544534
15.000000,36.000000,731.529285
16.000000,36.000000,800.241684
17.000000,36.000000,871.681731
18.000000,36.000000,956.870947
19.000000,36.000000,1045.477058
20.000000,36.000000,1137.308991
13.000000,36.500000,605.127423
14.000000,36.500000,668.501053
15.000000,36.500000,734.602193
16.000000,36.500000,803.430845
17.000000,36.500000,875.381372
18.000000,36.500000,960.690025
19.000000,36.500000,1049.312351
20.000000,36.500000,1141.152714
13.000000,37.000000,607.973189
14.000000,37.000000,671.463337
15.000000,37.000000,737.680859
16.000000,37.000000,806.625756
17.000000,37.000000,879.087635
18.000000,37.000000,964.515563
19.000000,37.000000,1053.153752
20.000000,37.000000,1145.002202
13.000000,37.500000,610.810100
14.000000,37.500000,674.418794
15.000000,37.500000,740.754833
16.000000,37.500000,809.818217
17.000000,37.500000,882.874489
18.000000,37.500000,968.358834
19.000000,37.500000,1057.048160
20.000000,37.500000,1148.942469
13.000000,38.000000,613.652751
14.000000,38.000000,677.379988
15.000000,38.000000,743.834541
16.000000,38.000000,813.016408
17.000000,38.000000,886.668103
18.000000,38.000000,972.208618
19.000000,38.000000,1060.948837
20.000000,38.000000,1152.888762
13.000000,38.500000,616.497800
14.000000,38.500000,680.342934
15.000000,38.500000,746.915316
16.000000,38.500000,816.214943
17.000000,38.500000,890.466793
18.000000,38.500000,976.144324
19.000000,38.500000,1065.022224
13.000000,39.000000,619.348582
14.000000,39.000000,683.311609
15.000000,39.000000,750.001814
16.000000,39.000000,819.419197
17.000000,39.000000,894.272253
18.000000,39.000000,980.086825
19.000000,39.000000,1069.102426
13.000000,39.500000,622.150854
14.000000,39.500000,686.228152
15.000000,39.500000,753.032521
16.000000,39.500000,822.563962
17.000000,39.500000,898.013397
18.000000,39.500000,983.985385
19.000000,39.500000,1073.159671
13.000000,40.000000,624.958728
14.000000,40.000000,689.150288
15.000000,40.000000,756.068813
16.000000,40.000000,825.714302
17.000000,40.000000,901.761195
18.000000,40.000000,987.890654
19.000000,40.000000,1077.223680
13.000000,40.500000,627.606970
14.000000,40.500000,691.972950
15.000000,40.500000,759.069784
16.000000,40.500000,828.897471
17.000000,40.500000,905.586381
18.000000,40.500000,991.847137
19.000000,40.500000,1081.310110
13.000000,41.000000,630.260401
14.000000,41.000000,694.800982
15.000000,41.000000,762.076307
16.000000,41.000000,832.086377
17.000000,41.000000,909.418528
18.000000,41.000000,995.810518
19.000000,41.000000,1085.403377
13.000000,41.500000,632.965722
14.000000,41.500000,697.686598
15.000000,41.500000,765.146404
16.000000,41.500000,835.345141
17.000000,41.500000,913.307562
18.000000,41.500000,999.808225
19.000000,41.500000,1089.506692
13.000000,42.000000,635.676408
14.000000,42.000000,700.577775
15.000000,42.000000,768.222261
16.000000,42.000000,838.609866
17.000000,42.000000,917.203735
18.000000,42.000000,1003.812927
19.000000,42.000000,1093.616857
13.000000,42.500000,638.406045
14.000000,42.500000,703.488414
15.000000,42.500000,771.318074
16.000000,42.500000,841.895025
17.000000,42.500000,921.096360
18.000000,42.500000,1007.803087
19.000000,42.500000,1097.700956
13.000000,43.000000,641.141094
14.000000,43.000000,706.404661
15.000000,43.000000,774.419694
16.000000,43.000000,845.186194
17.000000,43.000000,924.996092
18.000000,43.000000,1011.800184
19.000000,43.000000,1101.791821
13.000000,43.500000,643.895155
14.000000,43.500000,709.340426
15.000000,43.500000,777.541322
16.000000,43.500000,848.497842
17.000000,43.500000,928.843849
18.000000,43.500000,1015.668155
19.000000,43.500000,1105.673584
13.000000,44.000000,646.654677
14.000000,44.000000,712.281848
15.000000,44.000000,780.668805
16.000000,44.000000,851.815548
17.000000,44.000000,932.698581
18.000000,44.000000,1019.542768
19.000000,44.000000,1109.561657
13.000000,44.500000,649.280360
14.000000,44.500000,715.117861
15.000000,44.500000,783.721057
16.000000,44.500000,855.089950
17.000000,44.500000,936.491297
18.000000,44.500000,1023.375013
19.000000,44.500000,1113.427930
13.000000,45.000000,651.911116
14.000000,45.000000,717.959235
15.000000,45.000000,786.778964
16.000000,45.000000,858.370302
17.000000,45.000000,940.290856
18.000000,45.000000,1027.213815
19.000000,45.000000,1117.300474
13.000000,45.500000,654.493294
14.000000,45.500000,720.752703
15.000000,45.500000,789.789903
16.000000,45.500000,861.604894
17.000000,45.500000,944.022892
18.000000,45.500000,1031.010177
19.000000,45.500000,1121.156280
13.000000,46.000000,657.080401
14.000000,46.000000,723.551399
15.000000,46.000000,792.806375
16.000000,46.000000,864.845329
17.000000,46.000000,947.761628
18.000000,46.000000,1034.812998
19.000000,46.000000,1125.018305
13.000000,46.500000,659.663229
14.000000,46.500000,726.345522
15.000000,46.500000,795.818036
16.000000,46.500000,868.080772
17.000000,46.500000,951.472056
18.000000,46.500000,1038.598323
19.000000,46.500000,1128.873857
12.000000,47.000000,598.153549
13.000000,47.000000,662.250970
14.000000,47.000000,729.144861
15.000000,47.000000,798.835221
16.000000,47.000000,871.322050
17.000000,47.000000,955.189113
18.000000,47.000000,1042.390054
19.000000,47.000000,1132.735596
12.000000,47.500000,600.563127
13.000000,47.500000,664.866692
14.000000,47.500000,731.972943
15.000000,47.500000,801.881880
16.000000,47.500000,874.868024
17.000000,47.500000,958.907564
18.000000,47.500000,1046.181720
19.000000,47.500000,1136.595740
12.000000,48.000000,602.977400
13.000000,48.000000,667.487407
14.000000,48.000000,734.806322
15.000000,48.000000,804.934143
16.000000,48.000000,878.420615
17.000000,48.000000,962.632628
18.000000,48.000000,1049.979773
19.000000,48.000000,1140.462050
12.000000,48.500000,605.560716
13.000000,48.500000,670.244968
14.000000,48.500000,737.741591
15.000000,48.500000,808.050586
16.000000,48.500000,882.083577
17.000000,48.500000,966.460432
18.000000,48.500000,1053.973506
19.000000,48.500000,1144.622800
12.000000,49.000000,608.149309
13.000000,49.000000,673.007978
14.000000,49.000000,740.682484
15.000000,49.000000,811.172826
16.000000,49.000000,885.753411
17.000000,49.000000,970.295160
18.000000,49.000000,1057.974217
19.000000,49.000000,1148.790582
12.000000,49.500000,610.999042
13.000000,49.500000,675.992248
14.000000,49.500000,743.801451
15.000000,49.500000,814.426651
16.000000,49.500000,889.533056
17.000000,49.500000,974.294779
18.000000,49.500000,1062.198495
12.000000,50.000000,613.854994
13.000000,50.000000,678.982743
14.000000,50.000000,746.926650
15.000000,50.000000,817.686713
16.000000,50.000000,893.319942
17.000000,50.000000,978.301873
18.000000,50.000000,1066.430484
12.000000,50.500000,616.786205
13.000000,50.500000,682.066005
14.000000,50.500000,750.163189
15.000000,50.500000,821.077758
16.000000,50.500000,897.263549
17.000000,50.500000,982.415955
18.000000,50.500000,1070.715793
12.000000,51.000000,619.723944
13.000000,51.000000,685.155855
14.000000,51.000000,753.406377
15.000000,51.000000,824.475512
16.000000,51.000000,901.214953
17.000000,51.000000,986.537874
18.000000,51.000000,1075.008978
12.000000,51.500000,622.664325
13.000000,51.500000,688.276103
14.000000,51.500000,756.709911
15.000000,51.500000,827.965748
16.000000,51.500000,905.273291
17.000000,51.500000,990.727734
18.000000,51.500000,1079.328123
12.000000,52.000000,625.611231
13.000000,52.000000,691.403048
14.000000,52.000000,760.020314
15.000000,52.000000,831.463029
16.000000,52.000000,909.339805
17.000000,52.000000,994.925656
18.000000,52.000000,1083.655216
12.000000,52.500000,628.554290
13.000000,52.500000,694.533500
14.000000,52.500000,763.342054
15.000000,52.500000,834.979951
16.000000,52.500000,913.412710
17.000000,52.500000,999.121280
18.000000,52.500000,1087.970819
12.000000,53.000000,631.503845
13.000000,53.000000,697.670644
14.000000,53.000000,766.670685
15.000000,53.000000,838.503967
16.000000,53.000000,917.493785
17.000000,53.000000,1003.324933
18.000000,53.000000,1092.294308
12.000000,53.500000,634.122526
13.000000,53.500000,700.574854
14.000000,53.500000,769.870899
15.000000,53.500000,842.010659
16.000000,53.500000,921.570272
17.000000,53.500000,1007.501179
18.000000,53.500000,1096.566436
12.000000,54.000000,636.746517
13.000000,54.000000,703.484936
14.000000,54.000000,773.077554
15.000000,54.000000,845.524371
16.000000,54.000000,925.654891
17.000000,54.000000,1011.685349
18.000000,54.000000,1100.846282
12.000000,54.500000,639.462530
13.000000,54.500000,706.486114
14.000000,54.500000,776.374026
15.000000,54.500000,849.126265
16.000000,54.500000,929.753178
17.000000,54.500000,1015.834135
18.000000,54.500000,1105.040142
12.000000,55.000000,642.184185
13.000000,55.000000,709.493486
14.000000,55.000000,779.677251
15.000000,55.000000,852.735480
16.000000,55.000000,933.859672
17.000000,55.000000,1019.990800
18.000000,55.000000,1109.241552
12.000000,55.500000,645.014566
13.000000,55.500000,712.562994
14.000000,55.500000,782.992810
15.000000,55.500000,856.304014
16.000000,55.500000,937.879814
17.000000,55.500000,1024.091922
18.000000,55.500000,1113.419530
12.000000,56.000000,647.850993
13.000000,56.000000,715.638928
14.000000,56.000000,786.315179
15.000000,56.000000,859.879748
16.000000,56.000000,941.907930
17.000000,56.000000,1028.200772
18.000000,56.000000,1117.604994
12.000000,56.500000,650.736293
13.000000,56.500000,718.727511
14.000000,56.500000,789.611862
15.000000,56.500000,863.389345
16.000000,56.500000,945.854073
17.000000,56.500000,1032.262277
18.000000,56.500000,1121.779055
12.000000,57.000000,653.627811
13.000000,57.000000,721.822563
14.000000,57.000000,792.915266
15.000000,57.000000,866.905921
16.000000,57.000000,949.807947
17.000000,57.000000,1036.331364
18.000000,57.000000,1125.960553
12.000000,57.500000,656.592415
13.000000,57.500000,724.966841
14.000000,57.500000,796.242188
15.000000,57.500000,870.458869
16.000000,57.500000,953.745826
17.000000,57.500000,1040.394470
18.000000,57.500000,1130.146637
11.000000,58.000000,593.913136
12.000000,58.000000,659.563500
13.000000,58.000000,728.117754
14.000000,58.000000,799.575898
15.000000,58.000000,874.018883
16.000000,58.000000,957.691361
17.000000,58.000000,1044.465117
18.000000,58.000000,1134.340150
11.000000,58.500000,596.783074
12.000000,58.500000,662.590555
13.000000,58.500000,731.303321
14.000000,58.500000,802.921372
15.000000,58.500000,877.813343
16.000000,58.500000,961.623042
17.000000,58.500000,1048.532340
18.000000,58.500000,1138.541237
11.000000,59.000000,599.659623
12.000000,59.000000,665.624288
13.000000,59.000000,734.495633
14.000000,59.000000,806.273657
15.000000,59.000000,881.615473
16.000000,59.000000,965.562311
17.000000,59.000000,1052.607072
18.000000,59.000000,1142.749754
11.000000,59.500000,602.378518
12.000000,59.500000,668.541299
13.000000,59.500000,737.614356
14.000000,59.500000,809.597688
15.000000,59.500000,885.431032
16.000000,59.500000,969.566907
17.000000,59.500000,1056.802900
18.000000,59.500000,1147.139009
11.000000,60.000000,605.103436
12.000000,60.000000,671.464557
13.000000,60.000000,740.739549
14.000000,60.000000,812.928412
15.000000,60.000000,889.254270
16.000000,60.000000,973.579296
17.000000,60.000000,1061.006636
18.000000,60.000000,1151.536289
11.000000,60.500000,607.835369
12.000000,60.500000,674.379534
13.000000,60.500000,743.840310
14.000000,60.500000,816.217695
15.000000,60.500000,893.041605
16.000000,60.500000,977.663758
17.000000,60.500000,1065.396790
11.000000,61.000000,610.573337
12.000000,61.000000,677.300715
13.000000,61.000000,746.947441
14.000000,61.000000,819.513517
15.000000,61.000000,896.836529
16.000000,61.000000,981.756290
17.000000,61.000000,1069.795503
11.000000,61.500000,613.336263
12.000000,61.500000,680.225740
13.000000,61.500000,750.036190
14.000000,61.500000,822.767613
15.000000,61.500000,900.599000
16.000000,61.500000,985.855898
17.000000,61.500000,1074.242193
11.000000,62.000000,616.105303
12.000000,62.000000,683.156970
13.000000,62.000000,753.131233
14.000000,62.000000,826.028092
15.000000,62.000000,904.368975
16.000000,62.000000,989.963606
17.000000,62.000000,1078.697584
11.000000,62.500000,618.903294
12.000000,62.500000,686.114551
13.000000,62.500000,756.249819
14.000000,62.500000,829.309097
15.000000,62.500000,908.184664
16.000000,62.500000,994.115566
17.000000,62.500000,1083.195492
11.000000,63.000000,621.707496
12.000000,63.000000,689.078418
13.000000,63.000000,759.374767
14.000000,63.000000,832.596542
15.000000,63.000000,912.007999
16.000000,63.000000,998.275756
17.000000,63.000000,1087.702221
11.000000,63.500000,624.364768
12.000000,63.500000,691.942148
13.000000,63.500000,762.449624
14.000000,63.500000,835.887196
15.000000,63.500000,915.884757
16.000000,63.500000,1002.482974
17.000000,63.500000,1092.249082
11.000000,64.000000,627.027659
12.000000,64.000000,694.811765
13.000000,64.000000,765.530639
14.000000,64.000000,839.184282
15.000000,64.000000,919.769322
16.000000,64.000000,1006.698557
17.000000,64.000000,1096.804874
11.000000,64.500000,629.442384
12.000000,64.500000,697.512526
13.000000,64.500000,768.527434
14.000000,64.500000,842.487109
15.000000,64.500000,923.705516
16.000000,64.500000,1010.957163
17.000000,64.500000,1101.394485
11.000000,65.000000,631.861750
12.000000,65.000000,700.218521
13.000000,65.000000,771.530061
14.000000,65.000000,845.796370
15.000000,65.000000,927.649671
16.000000,65.000000,1015.224256
17.000000,65.000000,1105.993114
11.000000,65.500000,634.385913
12.000000,65.500000,703.035913
13.000000,65.500000,774.651167
14.000000,65.500000,849.231674
15.000000,65.500000,931.610499
16.000000,65.500000,1019.340717
17.000000,65.500000,1110.265115
11.000000,66.000000,636.915104
12.000000,66.000000,705.858944
13.000000,66.000000,777.778531
14.000000,66.000000,852.673863
15.000000,66.000000,935.579367
16.000000,66.000000,1023.465194
17.000000,66.000000,1114.545107
11.000000,66.500000,639.589582
12.000000,66.500000,708.822957
13.000000,66.500000,781.042197
14.000000,66.500000,856.247304
15.000000,66.500000,939.638623
16.000000,66.500000,1027.660453
17.000000,66.500000,1118.874474
11.000000,67.000000,642.269641
12.000000,67.000000,711.793134
13.000000,67.000000,784.312623
14.000000,67.000000,859.828109
15.000000,67.000000,943.706234
16.000000,67.000000,1031.863954
17.000000,67.000000,1123.211970
11.000000,67.500000,645.039402
12.000000,67.500000,714.816191
13.000000,67.500000,787.596650
14.000000,67.500000,863.380779
15.000000,67.500000,947.700041
16.000000,67.500000,1035.992067
17.000000,67.500000,1127.472359
11.000000,68.000000,647.815080
12.000000,68.000000,717.845601
13.000000,68.000000,790.887472
14.000000,68.000000,866.940692
15.000000,68.000000,951.701944
16.000000,68.000000,1040.128162
17.000000,68.000000,1131.740615
11.000000,68.500000,650.734334
12.000000,68.500000,720.969974
13.000000,68.500000,794.220777
14.000000,68.500000,870.524164
15.000000,68.500000,955.662018
16.000000,68.500000,1044.223901
17.000000,68.500000,1135.970073
11.000000,69.000000,653.660072
12.000000,69.000000,724.101059
13.000000,69.000000,797.561024
14.000000,69.000000,874.114935
15.000000,69.000000,959.630028
16.000000,69.000000,1048.327468
17.000000,69.000000,1140.207255
11.000000,69.500000,656.659932
12.000000,69.500000,727.279499
13.000000,69.500000,800.919938
14.000000,69.500000,877.919620
15.000000,69.500000,963.576622
16.000000,69.500000,1052.414303
17.000000,69.500000,1144.432663
11.000000,70.000000,659.666554
12.000000,70.000000,730.464814
13.000000,70.000000,804.285842
14.000000,70.000000,881.732234
15.000000,70.000000,967.531056
16.000000,70.000000,1056.508889
17.000000,70.000000,1148.665735
11.000000,70.500000,662.440062
12.000000,70.500000,733.475305
13.000000,70.500000,807.539143
14.000000,70.500000,885.489063
15.000000,70.500000,971.526450
16.000000,70.500000,1060.746989
10.000000,71.000000,596.981210
11.000000,71.000000,665.219378
12.000000,71.000000,736.491970
13.000000,71.000000,810.798987
14.000000,71.000000,889.253616
15.000000,71.000000,975.529828
16.000000,71.000000,1064.993331
10.000000,71.500000,599.489953
11.000000,71.500000,667.956624
12.000000,71.500000,739.463464
13.000000,71.500000,814.010473
14.000000,71.500000,892.972912
15.000000,71.500000,979.544549
16.000000,71.500000,1069.310774
10.000000,72.000000,602.003955
11.000000,72.000000,670.699487
12.000000,72.000000,742.440935
13.000000,72.000000,817.228298
14.000000,72.000000,896.699765
15.000000,72.000000,983.567287
16.000000,72.000000,1073.636698
10.000000,72.500000,604.460395
11.000000,72.500000,673.377448
12.000000,72.500000,745.345846
13.000000,72.500000,820.365588
14.000000,72.500000,900.350173
15.000000,72.500000,987.547210
16.000000,72.500000,1077.954903
10.000000,73.000000,606.921835
11.000000,73.000000,676.060745
12.000000,73.000000,748.256429
13.000000,73.000000,823.508888
14.000000,73.000000,904.007860
15.000000,73.000000,991.534990
16.000000,73.000000,1082.281546
10.000000,73.500000,609.302686
11.000000,73.500000,678.663898
12.000000,73.500000,751.087458
13.000000,73.500000,826.573366
14.000000,73.500000,907.651093
15.000000,73.500000,995.648243
16.000000,73.500000,1086.881754
10.000000,74.000000,611.688182
11.000000,74.000000,681.272042
12.000000,74.000000,753.923825
13.000000,74.000000,829.643531
14.000000,74.000000,911.301548
15.000000,74.000000,999.769802
16.000000,74.000000,1091.491376
10.000000,74.500000,614.130944
11.000000,74.500000,683.917967
12.000000,74.500000,756.776920
13.000000,74.500000,832.707804
14.000000,74.500000,914.972546
15.000000,74.500000,1003.927614
16.000000,74.500000,1096.153699
10.000000,75.000000,616.578565
11.000000,75.000000,686.569011
12.000000,75.000000,759.635396
13.000000,75.000000,835.777719
14.000000,75.000000,918.650820
15.000000,75.000000,1008.093838
16.000000,75.000000,1100.825597
10.000000,75.500000,619.141455
11.000000,75.500000,689.295887
12.000000,75.500000,762.526858
13.000000,75.500000,838.834369
14.000000,75.500000,922.335633
15.000000,75.500000,1012.275240
16.000000,75.500000,1105.521685
10.000000,76.000000,621.709658
11.000000,76.000000,692.028162
12.000000,76.000000,765.423805
13.000000,76.000000,841.896587
14.000000,76.000000,926.027726
15.000000,76.000000,1016.465087
16.000000,76.000000,1110.227411
10.000000,76.500000,624.320436
11.000000,76.500000,694.786755
12.000000,76.500000,768.329619
13.000000,76.500000,844.949029
14.000000,76.500000,929.730160
15.000000,76.500000,1020.637509
16.000000,76.500000,1114.886553
10.000000,77.000000,626.936683
11.000000,77.000000,697.550832
12.000000,77.000000,771.240931
13.000000,77.000000,848.006981
14.000000,77.000000,933.439889
15.000000,77.000000,1024.818294
16.000000,77.000000,1119.555151
10.000000,77.500000,629.690398
11.000000,77.500000,700.564902
12.000000,77.500000,774.522694
13.000000,77.500000,851.563772
14.000000,77.500000,937.662792
15.000000,77.500000,1029.348831
16.000000,77.500000,1124.400200
10.000000,78.000000,632.450133
11.000000,78.000000,703.585451
12.000000,78.000000,777.811396
13.000000,78.000000,855.127967
14.000000,78.000000,941.894838
15.000000,78.000000,1033.888961
16.000000,78.000000,1129.255298
10.000000,78.500000,635.318618
11.000000,78.500000,706.801886
12.000000,78.500000,781.389073
13.000000,78.500000,859.080181
14.000000,78.500000,946.387641
15.000000,78.500000,1038.472516
16.000000,78.500000,1133.923931
10.000000,79.000000,638.193562
11.000000,79.000000,710.025592
12.000000,79.000000,784.974854
13.000000,79.000000,863.041348
14.000000,79.000000,950.890583
15.000000,79.000000,1043.065834
16.000000,79.000000,1138.601952
10.000000,79.500000,641.182600
11.000000,79.500000,713.331334
12.000000,79.500000,788.607667
13.000000,79.500000,867.011597
14.000000,79.500000,955.281918
15.000000,79.500000,1047.487751
16.000000,79.500000,1143.046300
10.000000,80.000000,644.178567
11.000000,80.000000,716.644673
12.000000,80.000000,792.248751
13.000000,80.000000,870.990801
14.000000,80.000000,959.682945
15.000000,80.000000,1051.918788
16.000000,80.000000,1147.499201
10.000000,80.500000,647.241606
11.000000,80.500000,719.993587
12.000000,80.500000,795.891463
10.000000,81.000000,650.311842
11.000000,81.000000,723.350224
12.000000,81.000000,799.542424
10.000000,81.500000,653.348762
11.000000,81.500000,726.663200
12.000000,81.500000,803.138656
10.000000,82.000000,656.392712
11.000000,82.000000,729.983688
12.000000,82.000000,806.742884
10.000000,82.500000,659.341674
11.000000,82.500000,733.175060
12.000000,82.500000,810.181618
10.000000,83.000000,662.297232
11.000000,83.000000,736.373378
12.000000,83.000000,813.627645
10.000000,83.500000,665.141539
11.000000,83.500000,739.367143
12.000000,83.500000,816.770071
9.000000,84.000000,596.793422
10.000000,84.000000,667.991939
11.000000,84.000000,742.366980
12.000000,84.000000,819.918546
9.000000,84.500000,599.348336
10.000000,84.500000,670.742784
11.000000,84.500000,745.315775
12.000000,84.500000,823.067307
9.000000,85.000000,601.908700
10.000000,85.000000,673.499274
11.000000,85.000000,748.270405
12.000000,85.000000,826.222093
9.000000,85.500000,604.497706
10.000000,85.500000,676.293374
11.000000,85.500000,751.272199
12.000000,85.500000,829.434179
9.000000,86.000000,607.092263
10.000000,86.000000,679.093254
11.000000,86.000000,754.279996
12.000000,86.000000,832.652492
9.000000,86.500000,609.521938
10.000000,86.500000,681.821504
11.000000,86.500000,757.315933
12.000000,86.500000,836.005224
9.000000,87.000000,611.956406
10.000000,87.000000,684.555194
11.000000,87.000000,760.357955
12.000000,87.000000,839.364691
9.000000,87.500000,614.301393
10.000000,87.500000,687.253093
11.000000,87.500000,763.421260
12.000000,87.500000,842.805895
9.000000,88.000000,616.650744
10.000000,88.000000,689.956246
11.000000,88.000000,766.490711
12.000000,88.000000,846.254138
9.000000,88.500000,619.033381
10.000000,88.500000,692.719513
11.000000,88.500000,769.650067
12.000000,88.500000,849.825044
9.000000,89.000000,621.420539
10.000000,89.000000,695.488277
11.000000,89.000000,772.815919
12.000000,89.000000,853.403465
9.000000,89.500000,623.898856
10.000000,89.500000,698.346346
11.000000,89.500000,776.068699
12.000000,89.500000,857.065914
9.000000,90.000000,626.382060
10.000000,90.000000,701.210266
11.000000,90.000000,779.328310
12.000000,90.000000,860.736195
9.000000,90.500000,628.958246
10.000000,90.500000,704.167883
11.000000,90.500000,782.681727
12.000000,90.500000,864.499777
9.000000,91.000000,631.539695
10.000000,91.000000,707.131723
11.000000,91.000000,786.042338
12.000000,91.000000,868.271540
9.000000,91.500000,634.245387
10.000000,91.500000,710.134666
11.000000,91.500000,789.350375
9.000000,92.000000,636.956853
10.000000,92.000000,713.143969
11.000000,92.000000,792.665357
9.000000,92.500000,639.707221
10.000000,92.500000,716.154492
11.000000,92.500000,795.941443
9.000000,93.000000,642.463507
10.000000,93.000000,719.171353
11.000000,93.000000,799.224284
9.000000,93.500000,645.295206
10.000000,93.500000,722.228481
11.000000,93.500000,802.509505
9.000000,94.000000,648.133130
10.000000,94.000000,725.292091
11.000000,94.000000,805.801461
9.000000,94.500000,651.047468
10.000000,94.500000,728.393163
11.000000,94.500000,809.088892
9.000000,95.000000,653.968344
10.000000,95.000000,731.500848
11.000000,95.000000,812.383011
9.000000,95.500000,656.926392
10.000000,95.500000,734.615927
11.000000,95.500000,815.652599
9.000000,96.000000,659.891115
10.000000,96.000000,737.737622
11.000000,96.000000,818.928744
9.000000,96.500000,662.874291
10.000000,96.500000,740.828827
11.000000,96.500000,822.122311
9.000000,97.000000,665.864194
10.000000,97.000000,743.926489
11.000000,97.000000,825.322068
9.000000,97.500000,668.802276
10.000000,97.500000,747.048879
11.000000,97.500000,828.629297
9.000000,98.000000,671.746826
10.000000,98.000000,750.177802
11.000000,98.000000,831.943126
9.000000,98.500000,674.523025
10.000000,98.500000,753.344035
11.000000,98.500000,835.513365
8.000000,99.000000,601.455210
9.000000,99.000000,677.304915
10.000000,99.000000,756.516928
11.000000,99.000000,839.091249
8.000000,99.500000,603.814361
9.000000,99.500000,680.105660
10.000000,99.500000,759.777237
11.000000,99.500000,842.829093
8.000000,100.000000,606.178007
9.000000,100.000000,682.912146
10.000000,100.000000,763.044554
11.000000,100.000000,846.575232
8.000000,100.500000,608.637231
9.000000,100.500000,685.843351
10.000000,100.500000,766.467399
11.000000,100.500000,850.509378
8.000000,101.000000,611.101353
9.000000,101.000000,688.780820
10.000000,101.000000,769.897902
11.000000,101.000000,854.452599
8.000000,101.500000,613.718461
9.000000,101.500000,691.873297
10.000000,101.500000,773.484356
11.000000,101.500000,858.551640
8.000000,102.000000,616.341126
9.000000,102.000000,694.972701
10.000000,102.000000,777.079122
11.000000,102.000000,862.660391
8.000000,102.500000,619.071976
9.000000,102.500000,698.136573
10.000000,102.500000,780.690743
11.000000,102.500000,866.734487
8.000000,103.000000,621.808848
9.000000,103.000000,701.307629
10.000000,103.000000,784.310709
11.000000,103.000000,870.818087
8.000000,103.500000,624.550448
9.000000,103.500000,704.322927
10.000000,103.500000,787.604086
8.000000,104.000000,627.298059
9.000000,104.000000,707.344678
10.000000,104.000000,790.904355
8.000000,104.500000,630.205799
9.000000,104.500000,710.530520
10.000000,104.500000,794.372552
8.000000,105.000000,633.120262
9.000000,105.000000,713.723520
10.000000,105.000000,797.848336
8.000000,105.500000,636.200470
9.000000,105.500000,717.082525
10.000000,105.500000,801.490644
8.000000,106.000000,639.288138
9.000000,106.000000,720.449400
10.000000,106.000000,805.141229
8.000000,106.500000,642.236220
9.000000,106.500000,723.756563
10.000000,106.500000,808.817640
8.000000,107.000000,645.191085
9.000000,107.000000,727.071295
10.000000,107.000000,812.502411
8.000000,107.500000,648.228847
9.000000,107.500000,730.470345
10.000000,107.500000,816.273162
8.000000,108.000000,651.273742
9.000000,108.000000,733.877312
10.000000,108.000000,820.052620
8.000000,108.500000,654.391040
9.000000,108.500000,737.426902
10.000000,108.500000,824.049372
8.000000,109.000000,657.515774
9.000000,109.000000,740.985024
10.000000,109.000000,828.055768
8.000000,109.500000,660.625992
9.000000,109.500000,744.573316
10.000000,109.500000,832.139324
8.000000,110.000000,663.743546
9.000000,110.000000,748.170246
10.000000,110.000000,836.232835
8.000000,110.500000,666.870894
9.000000,110.500000,751.783878
10.000000,110.500000,840.349812
8.000000,111.000000,670.005591
9.000000,111.000000,755.406190
10.000000,111.000000,844.476809
