weight_g,550.000000
thrust_N,velocity_m_s,power_W
22.000000,0.000000,2650.415117
23.000000,0.000000,2778.244324
24.000000,0.000000,2909.038577
25.000000,0.000000,3042.797878
26.000000,0.000000,3179.522225
27.000000,0.000000,3319.211620
28.000000,0.000000,3463.382594
29.000000,0.000000,3610.720397
30.000000,0.000000,3761.005588
31.000000,0.000000,3914.238169
32.000000,0.000000,4079.705976
33.000000,0.000000,4251.616730
34.000000,0.000000,4426.795775
35.000000,0.000000,4616.234164
36.000000,0.000000,4812.130812
22.000000,0.500000,2655.355231
23.000000,0.500000,2783.275019
24.000000,0.500000,2914.159260
25.000000,0.500000,3048.007954
26.000000,0.500000,3184.821102
27.000000,0.500000,3324.598703
28.000000,0.500000,3468.886726
29.000000,0.500000,3616.242007
30.000000,0.500000,3766.541781
31.000000,0.500000,3919.786048
32.000000,0.500000,4085.746507
33.000000,0.500000,4257.540042
34.000000,0.500000,4432.594531
35.000000,0.500000,4622.531424
36.000000,0.500000,4818.384491
22.000000,1.000000,2660.299337
23.000000,1.000000,2788.309715
24.000000,1.000000,2919.283950
25.000000,1.000000,3053.222044
26.000000,1.000000,3190.123994
27.000000,1.000000,3329.989803
28.000000,1.000000,3474.394527
29.000000,1.000000,3621.767207
30.000000,1.000000,3772.081483
31.000000,1.000000,3925.337355
32.000000,1.000000,4091.790589
33.000000,1.000000,4263.466689
34.000000,1.000000,4438.396412
35.000000,1.000000,4628.831951
36.000000,1.000000,4824.641274
22.000000,1.500000,2665.233017
23.000000,1.500000,2793.339815
24.000000,1.500000,2924.410121
25.000000,1.500000,3058.443936
26.000000,1.500000,3195.441258
27.000000,1.500000,3335.470865
28.000000,1.500000,3479.906433
29.000000,1.500000,3627.293774
30.000000,1.500000,3777.619735
31.000000,1.500000,3930.884315
32.000000,1.500000,4097.807583
33.000000,1.500000,4269.366814
34.000000,1.500000,4444.172379
35.000000,1.500000,4635.120706
36.000000,1.500000,4830.886274
21.000000,2.000000,2544.930608
22.000000,2.000000,2670.170684
23.000000,2.000000,2798.373917
24.000000,2.000000,2929.540307
25.000000,2.000000,3063.669854
26.000000,2.000000,3200.762559
27.000000,2.000000,3340.955733
28.000000,2.000000,3485.422012
29.000000,2.000000,3632.823932
30.000000,2.000000,3783.161495
31.000000,2.000000,3936.434699
32.000000,2.000000,4103.828100
33.000000,2.000000,4275.270247
34.000000,2.000000,4449.951446
35.000000,2.000000,4641.412711
36.000000,2.000000,4837.134364
21.000000,2.500000,2549.946226
22.000000,2.500000,2675.261817
23.000000,2.500000,2803.538972
24.000000,2.500000,2934.777689
25.000000,2.500000,3068.977969
26.000000,2.500000,3206.139812
27.000000,2.500000,3346.471078
28.000000,2.500000,3490.949602
29.000000,2.500000,3638.360571
30.000000,2.500000,3788.703982
31.000000,2.500000,3942.132875
32.000000,2.500000,4109.821739
33.000000,2.500000,4281.147362
34.000000,2.500000,4455.935568
35.000000,2.500000,4647.692973
36.000000,2.500000,4843.370701
21.000000,3.000000,2554.966170
22.000000,3.000000,2680.357240
23.000000,3.000000,2808.708277
24.000000,3.000000,2940.019282
25.000000,3.000000,3074.290255
26.000000,3.000000,3211.521194
27.000000,3.000000,3351.990204
28.000000,3.000000,3496.480885
29.000000,3.000000,3643.900811
30.000000,3.000000,3794.249982
31.000000,3.000000,3947.834562
32.000000,3.000000,4115.818872
33.000000,3.000000,4287.027761
34.000000,3.000000,4461.922903
35.000000,3.000000,4653.976470
36.000000,3.000000,4849.610111
21.000000,3.500000,2560.359535
22.000000,3.500000,2685.912383
23.000000,3.500000,2814.427002
24.000000,3.500000,2945.903391
25.000000,3.500000,3080.341550
26.000000,3.500000,3217.741480
27.000000,3.500000,3358.401887
28.000000,3.500000,3502.859344
29.000000,3.500000,3650.240605
30.000000,3.500000,3800.545671
31.000000,3.500000,3954.673069
32.000000,3.500000,4122.516379
33.000000,3.500000,4293.575303
34.000000,3.500000,4468.944105
35.000000,3.500000,4660.911708
36.000000,3.500000,4856.451759
21.000000,4.000000,2565.758020
22.000000,4.000000,2691.472732
23.000000,4.000000,2820.151018
24.000000,4.000000,2951.792877
25.000000,4.000000,3086.398310
26.000000,4.000000,3223.967316
27.000000,4.000000,3364.818721
28.000000,4.000000,3509.242764
29.000000,4.000000,3656.585173
30.000000,4.000000,3806.845948
31.000000,4.000000,3961.516343
32.000000,4.000000,4129.218338
33.000000,4.000000,4300.126990
34.000000,4.000000,4475.969574
35.000000,4.000000,4667.850954
36.000000,4.000000,4863.297161
21.000000,4.500000,2571.172747
22.000000,4.500000,2697.054567
23.000000,4.500000,2825.901995
24.000000,4.500000,2957.715031
25.000000,4.500000,3092.493675
26.000000,4.500000,3230.237927
27.000000,4.500000,3371.252576
28.000000,4.500000,3515.685942
29.000000,4.500000,3663.033923
30.000000,4.500000,3813.296521
31.000000,4.500000,3968.554474
32.000000,4.500000,4136.165699
33.000000,4.500000,4306.976406
34.000000,4.500000,4483.389042
35.000000,4.500000,4675.229648
36.000000,4.500000,4870.628881
21.000000,5.000000,2576.592620
22.000000,5.000000,2702.641643
23.000000,5.000000,2831.658309
24.000000,5.000000,2963.642619
25.000000,5.000000,3098.594571
26.000000,5.000000,3236.514166
27.000000,5.000000,3377.691624
28.000000,5.000000,3522.134193
29.000000,5.000000,3669.487627
30.000000,5.000000,3819.751924
31.000000,5.000000,3975.597680
32.000000,5.000000,4143.117876
33.000000,5.000000,4313.830386
34.000000,5.000000,4490.813306
35.000000,5.000000,4682.612913
36.000000,5.000000,4877.964951
21.000000,5.500000,2582.320494
22.000000,5.500000,2708.503952
23.000000,5.500000,2837.655003
24.000000,5.500000,2969.773647
25.000000,5.500000,3104.859883
26.000000,5.500000,3242.913712
27.000000,5.500000,3384.185540
28.000000,5.500000,3528.619946
29.000000,5.500000,3675.960748
30.000000,5.500000,3826.207948
31.000000,5.500000,3982.610148
32.000000,5.500000,4150.040167
33.000000,5.500000,4320.655389
34.000000,5.500000,4498.221101
35.000000,5.500000,4689.979651
36.000000,5.500000,4885.284462
21.000000,6.000000,2588.054261
22.000000,6.000000,2714.372147
23.000000,6.000000,2843.657576
24.000000,6.000000,2975.910547
25.000000,6.000000,3111.131060
26.000000,6.000000,3249.319115
27.000000,6.000000,3390.684749
28.000000,6.000000,3535.110839
29.000000,6.000000,3682.438859
30.000000,6.000000,3832.668809
31.000000,6.000000,3989.627651
32.000000,6.000000,4156.967237
33.000000,6.000000,4327.484921
34.000000,6.000000,4505.633662
35.000000,6.000000,4697.350932
36.000000,6.000000,4892.608298
21.000000,6.500000,2594.023046
22.000000,6.500000,2720.561979
23.000000,6.500000,2850.072174
24.000000,6.500000,2982.553629
25.000000,6.500000,3118.006345
26.000000,6.500000,3256.430323
27.000000,6.500000,3397.839742
28.000000,6.500000,3542.194698
29.000000,6.500000,3689.444101
30.000000,6.500000,3839.587953
31.000000,6.500000,3997.038587
32.000000,6.500000,4164.231328
33.000000,6.500000,4334.592276
34.000000,6.500000,4513.282274
35.000000,6.500000,4704.877148
21.000000,7.000000,2599.998259
22.000000,7.000000,2726.758412
23.000000,7.000000,2856.493546
24.000000,7.000000,2989.203663
25.000000,7.000000,3124.888761
26.000000,7.000000,3263.548842
27.000000,7.000000,3405.001341
28.000000,7.000000,3549.284843
29.000000,7.000000,3696.455317
30.000000,7.000000,3846.512763
31.000000,7.000000,4004.455298
32.000000,7.000000,4171.500793
33.000000,7.000000,4341.704615
34.000000,7.000000,4520.936024
35.000000,7.000000,4712.408140
21.000000,7.500000,2606.099886
22.000000,7.500000,2733.075265
23.000000,7.500000,2863.028924
24.000000,7.500000,2995.960863
25.000000,7.500000,3131.871081
26.000000,7.500000,3270.759580
27.000000,7.500000,3412.228682
28.000000,7.500000,3556.508213
29.000000,7.500000,3703.670016
30.000000,7.500000,3853.714091
31.000000,7.500000,4012.240652
32.000000,7.500000,4179.248140
33.000000,7.500000,4349.407976
34.000000,7.500000,4529.338520
35.000000,7.500000,4720.795087
21.000000,8.000000,2612.208216
22.000000,8.000000,2739.398975
23.000000,8.000000,2869.571315
24.000000,8.000000,3002.725234
25.000000,8.000000,3138.860733
26.000000,8.000000,3277.977812
27.000000,8.000000,3419.462786
28.000000,8.000000,3563.738160
29.000000,8.000000,3710.891104
30.000000,8.000000,3860.921618
31.000000,8.000000,4020.032499
32.000000,8.000000,4187.001724
33.000000,8.000000,4357.117323
34.000000,8.000000,4537.747414
35.000000,8.000000,4729.188183
21.000000,8.500000,2618.876839
22.000000,8.500000,2746.196568
23.000000,8.500000,2876.496551
24.000000,8.500000,3009.776787
25.000000,8.500000,3146.037278
26.000000,8.500000,3285.276378
27.000000,8.500000,3426.709526
28.000000,8.500000,3570.971104
29.000000,8.500000,3718.105001
30.000000,8.500000,3868.111217
31.000000,8.500000,4027.798314
32.000000,8.500000,4194.729760
33.000000,8.500000,4364.801649
34.000000,8.500000,4546.137565
35.000000,8.500000,4737.562356
21.000000,9.000000,2625.553513
22.000000,9.000000,2753.002138
23.000000,9.000000,2883.429691
24.000000,9.000000,3016.836172
25.000000,9.000000,3153.221580
26.000000,9.000000,3292.582615
27.000000,9.000000,3433.963108
28.000000,9.000000,3578.210669
29.000000,9.000000,3725.325297
30.000000,9.000000,3875.306992
31.000000,9.000000,4035.570575
32.000000,9.000000,4202.463989
33.000000,9.000000,4372.491921
34.000000,9.000000,4554.534076
35.000000,9.000000,4745.942640
21.000000,9.500000,2632.386409
22.000000,9.500000,2760.059213
23.000000,9.500000,2890.713964
24.000000,9.500000,3024.350660
25.000000,9.500000,3160.969303
26.000000,9.500000,3300.463747
27.000000,9.500000,3441.796929
28.000000,9.500000,3585.989481
29.000000,9.500000,3733.041403
30.000000,9.500000,3882.952696
31.000000,9.500000,4043.692258
32.000000,9.500000,4210.389075
33.000000,9.500000,4380.208360
34.000000,9.500000,4562.911884
35.000000,9.500000,4754.304045
20.000000,10.000000,2514.315572
21.000000,10.000000,2639.227753
22.000000,10.000000,2767.124900
23.000000,10.000000,2898.007014
24.000000,10.000000,3031.874094
25.000000,10.000000,3168.726140
26.000000,10.000000,3308.353432
27.000000,10.000000,3449.638902
28.000000,10.000000,3593.776054
29.000000,10.000000,3740.764889
30.000000,10.000000,3890.605405
31.000000,10.000000,4051.821006
32.000000,10.000000,4218.320676
33.000000,10.000000,4387.930787
34.000000,10.000000,4571.296014
35.000000,10.000000,4762.671525
20.000000,10.500000,2521.370387
21.000000,10.500000,2646.456678
22.000000,10.500000,2774.528243
23.000000,10.500000,2905.585081
24.000000,10.500000,3039.627193
25.000000,10.500000,3176.654580
26.000000,10.500000,3316.337461
27.000000,10.500000,3457.731928
28.000000,10.500000,3601.976604
29.000000,10.500000,3749.071488
30.000000,10.500000,3899.016583
31.000000,10.500000,4060.815567
32.000000,10.500000,4227.194072
33.000000,10.500000,4396.673763
34.000000,10.500000,4580.719877
35.000000,10.500000,4771.940389
20.000000,11.000000,2528.434616
21.000000,11.000000,2653.695036
22.000000,11.000000,2781.941037
23.000000,11.000000,2913.172620
24.000000,11.000000,3047.389784
25.000000,11.000000,3184.592529
26.000000,11.000000,3324.330259
27.000000,11.000000,3465.833658
28.000000,11.000000,3610.185792
29.000000,11.000000,3757.386661
30.000000,11.000000,3907.436266
31.000000,11.000000,4069.818899
32.000000,11.000000,4236.075773
33.000000,11.000000,4405.424589
34.000000,11.000000,4590.151955
35.000000,11.000000,4781.216891
20.000000,11.500000,2535.988509
21.000000,11.500000,2661.396229
22.000000,11.500000,2789.787989
23.000000,11.500000,2921.163792
24.000000,11.500000,3055.523636
25.000000,11.500000,3192.867521
26.000000,11.500000,3332.592304
27.000000,11.500000,3474.142540
28.000000,11.500000,3618.537458
29.000000,11.500000,3765.777059
30.000000,11.500000,3916.115674
31.000000,11.500000,4078.800948
32.000000,11.500000,4244.961264
33.000000,11.500000,4414.205289
34.000000,11.500000,4599.764605
35.000000,11.500000,4790.839420
20.000000,12.000000,2543.553165
21.000000,12.000000,2669.108091
22.000000,12.000000,2797.645519
23.000000,12.000000,2929.165450
24.000000,12.000000,3063.667882
25.000000,12.000000,3201.152816
26.000000,12.000000,3340.863691
27.000000,12.000000,3482.460555
28.000000,12.000000,3626.898048
29.000000,12.000000,3774.176172
30.000000,12.000000,3924.803871
31.000000,12.000000,4087.791731
32.000000,12.000000,4253.855076
33.000000,12.000000,4422.993905
34.000000,12.000000,4609.385812
35.000000,12.000000,4800.470220
20.000000,12.500000,2551.217937
21.000000,12.500000,2677.068692
22.000000,12.500000,2805.907223
23.000000,12.500000,2937.733529
24.000000,12.500000,3072.547611
25.000000,12.500000,3210.349468
26.000000,12.500000,3349.986701
27.000000,12.500000,3491.468122
28.000000,12.500000,3635.779249
29.000000,12.500000,3782.920081
30.000000,12.500000,3934.043998
31.000000,12.500000,4096.876198
32.000000,12.500000,4262.772888
33.000000,12.500000,4431.957846
34.000000,12.500000,4618.985645
35.000000,12.500000,4810.079344
20.000000,13.000000,2558.893728
21.000000,13.000000,2685.040632
22.000000,13.000000,2814.180591
23.000000,13.000000,2946.313603
24.000000,13.000000,3081.439670
25.000000,13.000000,3219.558791
26.000000,13.000000,3359.121086
27.000000,13.000000,3500.486410
28.000000,13.000000,3644.670533
29.000000,13.000000,3791.673454
30.000000,13.000000,3943.293660
31.000000,13.000000,4105.969615
32.000000,13.000000,4271.699083
33.000000,13.000000,4440.929882
34.000000,13.000000,4628.593981
35.000000,13.000000,4819.696689
20.000000,13.500000,2567.145026
21.000000,13.500000,2693.524693
22.000000,13.500000,2822.898767
23.000000,13.500000,2955.267249
24.000000,13.500000,3090.630137
25.000000,13.500000,3228.987432
26.000000,13.500000,3368.440975
27.000000,13.500000,3509.860731
28.000000,13.500000,3654.095237
29.000000,13.500000,3801.144494
30.000000,13.500000,3953.435542
31.000000,13.500000,4115.981325
32.000000,13.500000,4281.569302
33.000000,13.500000,4451.580043
34.000000,13.500000,4638.940943
35.000000,13.500000,4829.722654
20.000000,14.000000,2575.409206
21.000000,14.000000,2702.021714
22.000000,14.000000,2831.629980
23.000000,14.000000,2964.234005
24.000000,14.000000,3099.833790
25.000000,14.000000,3238.429333
26.000000,14.000000,3377.772739
27.000000,14.000000,3519.246702
28.000000,14.000000,3663.531365
29.000000,14.000000,3810.626726
30.000000,14.000000,3963.589104
31.000000,14.000000,4126.004030
32.000000,14.000000,4291.449853
33.000000,14.000000,4462.241068
34.000000,14.000000,4649.297790
35.000000,14.000000,4839.757572
20.000000,14.500000,2583.869334
21.000000,14.500000,2710.708254
22.000000,14.500000,2840.543901
23.000000,14.500000,2973.376274
24.000000,14.500000,3109.205373
25.000000,14.500000,3248.031198
26.000000,14.500000,3387.197835
27.000000,14.500000,3528.707331
28.000000,14.500000,3673.022326
29.000000,14.500000,3820.142820
30.000000,14.500000,3973.812043
31.000000,14.500000,4136.302955
32.000000,14.500000,4301.821156
33.000000,14.500000,4473.641982
34.000000,14.500000,4660.634747
35.000000,14.500000,4851.021920
20.000000,15.000000,2592.342929
21.000000,15.000000,2719.408321
22.000000,15.000000,2849.471406
23.000000,15.000000,2982.532184
24.000000,15.000000,3118.590655
25.000000,15.000000,3257.646820
26.000000,15.000000,3396.635171
27.000000,15.000000,3538.179880
28.000000,15.000000,3682.524889
29.000000,15.000000,3829.670198
30.000000,15.000000,3984.046810
31.000000,15.000000,4146.613491
32.000000,15.000000,4312.203854
33.000000,15.000000,4485.055366
34.000000,15.000000,4671.983662
35.000000,15.000000,4862.297725
20.000000,15.500000,2601.193708
21.000000,15.500000,2728.488297
22.000000,15.500000,2858.781550
23.000000,15.500000,2992.073465
24.000000,15.500000,3128.364044
25.000000,15.500000,3267.505644
26.000000,15.500000,3406.335472
27.000000,15.500000,3547.834045
28.000000,15.500000,3692.123633
29.000000,15.500000,3839.204235
30.000000,15.500000,3994.265589
31.000000,15.500000,4156.909332
32.000000,15.500000,4322.573214
33.000000,15.500000,4496.419639
34.000000,15.500000,4683.282803
35.000000,15.500000,4873.523128
19.000000,16.000000,2485.534946
20.000000,16.000000,2610.059170
21.000000,16.000000,2737.583027
22.000000,16.000000,2868.106517
23.000000,16.000000,3001.629640
24.000000,16.000000,3138.152396
25.000000,16.000000,3277.378861
26.000000,16.000000,3416.048925
27.000000,16.000000,3557.500733
28.000000,16.000000,3701.734286
29.000000,16.000000,3848.749583
30.000000,16.000000,4004.496143
31.000000,16.000000,4167.216735
32.000000,16.000000,4332.953925
33.000000,16.000000,4507.796262
34.000000,16.000000,4694.593787
35.000000,16.000000,4884.759876
19.000000,16.500000,2494.794898
20.000000,16.500000,2619.468452
21.000000,16.500000,2747.138188
22.000000,16.500000,2877.804107
23.000000,16.500000,3011.466210
24.000000,16.500000,3148.124495
25.000000,16.500000,3287.218054
26.000000,16.500000,3426.102694
27.000000,16.500000,3567.769949
28.000000,16.500000,3712.219821
29.000000,16.500000,3859.452309
30.000000,16.500000,4015.837812
31.000000,16.500000,4178.334300
32.000000,16.500000,4343.831508
33.000000,16.500000,4519.433724
34.000000,16.500000,4706.036052
19.000000,17.000000,2504.071620
20.000000,17.000000,2628.894249
21.000000,17.000000,2756.709612
22.000000,17.000000,2887.517710
23.000000,17.000000,3021.318543
24.000000,17.000000,3158.112110
25.000000,17.000000,3297.071319
26.000000,17.000000,3436.170599
27.000000,17.000000,3578.053366
28.000000,17.000000,3722.719622
29.000000,17.000000,3870.169366
30.000000,17.000000,4027.194173
31.000000,17.000000,4189.465469
32.000000,17.000000,4354.721648
33.000000,17.000000,4531.084208
34.000000,17.000000,4717.490485
19.000000,17.500000,2513.450543
20.000000,17.500000,2638.484143
21.000000,17.500000,2766.509833
22.000000,17.500000,2897.527612
23.000000,17.500000,3031.537481
24.000000,17.500000,3168.539440
25.000000,17.500000,3307.393809
26.000000,17.500000,3446.619522
27.000000,17.500000,3588.625767
28.000000,17.500000,3733.412543
29.000000,17.500000,3880.979851
30.000000,17.500000,4038.739679
31.000000,17.500000,4201.057641
32.000000,17.500000,4366.355280
33.000000,17.500000,4543.653874
34.000000,17.500000,4729.901980
19.000000,18.000000,2522.846571
20.000000,18.000000,2648.091095
21.000000,18.000000,2776.327064
22.000000,18.000000,2907.554477
23.000000,18.000000,3041.773336
24.000000,18.000000,3178.983640
25.000000,18.000000,3317.731715
26.000000,18.000000,3457.083645
27.000000,18.000000,3599.213151
28.000000,18.000000,3744.120234
29.000000,18.000000,3891.804894
30.000000,18.000000,4050.300412
31.000000,18.000000,4212.664673
32.000000,18.000000,4378.003408
33.000000,18.000000,4556.239006
34.000000,18.000000,4742.328042
19.000000,18.500000,2532.813031
20.000000,18.500000,2658.308319
21.000000,18.500000,2786.795402
22.000000,18.500000,2918.274279
23.000000,18.500000,3052.744951
24.000000,18.500000,3190.207417
25.000000,18.500000,3328.738052
26.000000,18.500000,3468.054918
27.000000,18.500000,3610.139546
28.000000,18.500000,3754.991934
29.000000,18.500000,3902.837781
30.000000,18.500000,4061.847152
31.000000,18.500000,4224.273905
32.000000,18.500000,4389.670586
33.000000,18.500000,4568.944008
34.000000,18.500000,4755.062937
19.000000,19.000000,2542.798799
20.000000,19.000000,2668.544878
21.000000,19.000000,2797.283101
22.000000,19.000000,2929.013468
23.000000,19.000000,3063.735978
24.000000,19.000000,3201.450632
25.000000,19.000000,3339.761831
26.000000,19.000000,3479.042867
27.000000,19.000000,3621.081865
28.000000,19.000000,3765.878826
29.000000,19.000000,3913.885528
30.000000,19.000000,4073.409064
31.000000,19.000000,4235.897987
32.000000,19.000000,4401.352297
33.000000,19.000000,4581.664793
34.000000,19.000000,4767.813197
19.000000,19.500000,2553.004960
20.000000,19.500000,2679.006834
21.000000,19.500000,2808.001090
22.000000,19.500000,2939.987728
23.000000,19.500000,3074.966749
24.000000,19.500000,3212.938152
25.000000,19.500000,3351.069391
26.000000,19.500000,3490.504875
27.000000,19.500000,3632.696041
28.000000,19.500000,3777.642888
29.000000,19.500000,3926.441593
30.000000,19.500000,4085.687712
31.000000,19.500000,4247.880629
32.000000,19.500000,4413.020344
33.000000,19.500000,4594.346838
34.000000,19.500000,4780.523826
19.000000,20.000000,2563.231257
20.000000,20.000000,2689.488944
21.000000,20.000000,2818.739252
22.000000,20.000000,2950.982179
23.000000,20.000000,3086.217726
24.000000,20.000000,3224.445894
25.000000,20.000000,3362.395275
26.000000,20.000000,3501.985027
27.000000,20.000000,3644.328179
28.000000,20.000000,3789.424733
29.000000,20.000000,3939.016306
30.000000,20.000000,4097.983559
31.000000,20.000000,4259.879082
32.000000,20.000000,4424.702873
33.000000,20.000000,4607.044549
34.000000,20.000000,4793.249706
19.000000,20.500000,2573.703819
20.000000,20.500000,2700.261526
21.000000,20.500000,2829.813901
22.000000,20.500000,2962.360944
23.000000,20.500000,3097.902655
24.000000,20.500000,3236.439034
25.000000,20.500000,3374.163357
26.000000,20.500000,3513.892598
27.000000,20.500000,3656.371882
28.000000,20.500000,3801.601208
29.000000,20.500000,3952.017220
30.000000,20.500000,4111.153062
31.000000,20.500000,4273.214585
32.000000,20.500000,4439.042339
33.000000,20.500000,4621.144492
34.000000,20.500000,4806.796499
19.000000,21.000000,2584.197456
20.000000,21.000000,2711.055355
21.000000,21.000000,2840.909971
22.000000,21.000000,2973.761302
23.000000,21.000000,3109.609350
24.000000,21.000000,3248.454114
25.000000,21.000000,3385.951265
26.000000,21.000000,3525.819713
27.000000,21.000000,3668.434847
28.000000,21.000000,3813.796667
29.000000,21.000000,3965.038057
30.000000,21.000000,4124.342274
31.000000,21.000000,4286.569587
32.000000,21.000000,4453.402693
33.000000,21.000000,4635.263731
34.000000,21.000000,4820.360568
19.000000,21.500000,2595.344676
20.000000,21.500000,2722.471592
21.000000,21.500000,2852.595011
22.000000,21.500000,2985.714935
23.000000,21.500000,3121.831361
24.000000,21.500000,3260.706868
25.000000,21.500000,3398.070250
26.000000,21.500000,3537.984559
27.000000,21.500000,3680.637949
28.000000,21.500000,3826.030421
29.000000,21.500000,3978.097221
30.000000,21.500000,4137.641420
31.000000,21.500000,4300.108775
32.000000,21.500000,4468.230999
33.000000,21.500000,4650.098971
34.000000,21.500000,4835.195486
19.000000,22.000000,2606.515675
20.000000,22.000000,2733.911595
21.000000,22.000000,2864.303804
22.000000,22.000000,2997.692303
23.000000,22.000000,3134.077092
24.000000,22.000000,3272.982227
25.000000,22.000000,3410.210249
26.000000,22.000000,3550.169758
27.000000,22.000000,3692.860755
28.000000,22.000000,3838.283240
29.000000,22.000000,3991.176368
30.000000,22.000000,4150.960555
31.000000,22.000000,4313.667956
32.000000,22.000000,4483.081270
33.000000,22.000000,4664.955576
34.000000,22.000000,4850.051172
19.000000,22.500000,2617.852128
20.000000,22.500000,2745.521755
21.000000,22.500000,2876.187603
22.000000,22.500000,3009.849671
23.000000,22.500000,3146.507960
24.000000,22.500000,3285.232852
25.000000,22.500000,3422.664473
26.000000,22.500000,3562.825828
27.000000,22.500000,3705.716918
28.000000,22.500000,3851.337741
29.000000,22.500000,4005.017979
30.000000,22.500000,4164.758907
31.000000,22.500000,4327.411867
32.000000,22.500000,4497.868379
33.000000,22.500000,4679.747431
34.000000,22.500000,4864.840528
18.000000,23.000000,2504.265782
19.000000,23.000000,2629.212964
20.000000,23.000000,2757.156296
21.000000,23.000000,2888.095779
22.000000,23.000000,3022.031414
23.000000,23.000000,3158.963199
24.000000,23.000000,3297.505742
25.000000,23.000000,3435.140804
26.000000,23.000000,3575.503848
27.000000,23.000000,3718.594873
28.000000,23.000000,3864.413880
29.000000,23.000000,4018.882012
30.000000,23.000000,4178.578712
31.000000,23.000000,4341.176283
32.000000,23.000000,4512.677254
33.000000,23.000000,4694.560453
34.000000,23.000000,4879.650455
18.000000,23.500000,2515.876602
19.000000,23.500000,2641.101834
20.000000,23.500000,2769.322708
21.000000,23.500000,2900.539224
22.000000,23.500000,3034.751382
23.000000,23.500000,3171.959182
24.000000,23.500000,3310.310163
25.000000,23.500000,3448.180078
26.000000,23.500000,3588.776941
27.000000,23.500000,3732.100751
28.000000,23.500000,3878.151508
29.000000,23.500000,4033.383535
30.000000,23.500000,4193.074045
31.000000,23.500000,4355.655877
32.000000,23.500000,4528.087013
33.000000,23.500000,4709.691702
18.000000,24.000000,2527.514099
19.000000,24.000000,2653.017342
20.000000,24.000000,2781.515717
21.000000,24.000000,2913.009225
22.000000,24.000000,3047.497865
23.000000,24.000000,3184.981638
24.000000,24.000000,3323.138820
25.000000,24.000000,3461.243492
26.000000,24.000000,3602.074078
27.000000,24.000000,3745.630577
28.000000,24.000000,3891.912990
29.000000,24.000000,4047.909661
30.000000,24.000000,4207.593106
31.000000,24.000000,4370.158340
32.000000,24.000000,4543.520657
33.000000,24.000000,4724.845195
18.000000,24.500000,2539.511240
19.000000,24.500000,2665.331785
20.000000,24.500000,2794.148316
21.000000,24.500000,2925.960833
22.000000,24.500000,3060.769337
23.000000,24.500000,3198.573827
24.000000,24.500000,3336.460739
25.000000,24.500000,3474.690677
26.000000,24.500000,3615.640846
27.000000,24.500000,3759.311246
28.000000,24.500000,3905.999035
29.000000,24.500000,4062.576168
30.000000,24.500000,4222.435567
31.000000,24.500000,4385.174358
32.000000,24.500000,4559.660046
33.000000,24.500000,4740.989887
18.000000,25.000000,2551.536628
19.000000,25.000000,2677.674572
20.000000,25.000000,2806.809355
21.000000,25.000000,2938.940976
22.000000,25.000000,3074.069436
23.000000,25.000000,3212.194734
24.000000,25.000000,3349.808696
25.000000,25.000000,3488.163350
26.000000,25.000000,3629.232557
27.000000,25.000000,3773.016318
28.000000,25.000000,3920.109628
29.000000,25.000000,4077.267753
30.000000,25.000000,4237.302872
31.000000,25.000000,4400.214985
32.000000,25.000000,4575.825757
33.000000,25.000000,4757.160031
18.000000,25.500000,2563.821884
19.000000,25.500000,2690.302182
20.000000,25.500000,2819.781016
21.000000,25.500000,2952.258387
22.000000,25.500000,3087.734295
23.000000,25.500000,3226.208741
24.000000,25.500000,3363.502078
25.000000,25.500000,3502.013119
26.000000,25.500000,3643.234287
27.000000,25.500000,3787.165581
28.000000,25.500000,3935.091543
29.000000,25.500000,4092.295926
30.000000,25.500000,4252.369205
31.000000,25.500000,4415.311381
32.000000,25.500000,4592.165411
33.000000,25.500000,4773.698976
18.000000,26.000000,2576.136486
19.000000,26.000000,2702.959323
20.000000,26.000000,2832.782393
21.000000,26.000000,2965.605696
22.000000,26.000000,3101.429234
23.000000,26.000000,3240.253005
24.000000,26.000000,3377.222761
25.000000,26.000000,3515.889747
26.000000,26.000000,3657.262435
27.000000,26.000000,3801.340826
28.000000,26.000000,3950.100528
29.000000,26.000000,4107.350383
30.000000,26.000000,4267.461047
31.000000,26.000000,4430.432522
32.000000,26.000000,4608.531927
33.000000,26.000000,4790.264551
18.000000,26.500000,2589.258022
19.000000,26.500000,2716.404787
20.000000,26.500000,2846.551563
21.000000,26.500000,2979.698349
22.000000,26.500000,3115.845147
23.000000,26.500000,3254.936131
24.000000,26.500000,3391.597371
25.000000,26.500000,3530.455325
26.000000,26.500000,3672.015536
27.000000,26.500000,3816.278006
28.000000,26.500000,3965.832393
29.000000,26.500000,4123.042128
30.000000,26.500000,4283.100208
31.000000,26.500000,4446.882200
32.000000,26.500000,4625.235493
33.000000,26.500000,4806.968241
18.000000,27.000000,2602.412773
19.000000,27.000000,2729.883475
20.000000,27.000000,2860.353960
21.000000,27.000000,2993.824230
22.000000,27.000000,3130.294284
23.000000,27.000000,3269.652194
24.000000,27.000000,3406.001934
25.000000,27.000000,3545.050489
26.000000,27.000000,3686.797860
27.000000,27.000000,3831.244046
28.000000,27.000000,3981.594128
29.000000,27.000000,4138.762489
30.000000,27.000000,4298.766760
31.000000,27.000000,4463.360185
32.000000,27.000000,4641.966993
33.000000,27.000000,4823.698953
18.000000,27.500000,2615.697369
19.000000,27.500000,2743.528504
20.000000,27.500000,2874.360914
21.000000,27.500000,3008.194599
22.000000,27.500000,3145.029559
23.000000,27.500000,3284.137589
24.000000,27.500000,3420.640584
25.000000,27.500000,3559.836904
26.000000,27.500000,3701.726548
27.000000,27.500000,3846.309516
28.000000,27.500000,3997.578548
29.000000,27.500000,4155.065802
30.000000,27.500000,4315.389697
31.000000,27.500000,4481.297828
32.000000,27.500000,4659.575559
33.000000,27.500000,4840.956387
18.000000,28.000000,2629.015664
19.000000,28.000000,2757.207416
20.000000,28.000000,2888.401931
21.000000,28.000000,3022.599211
22.000000,28.000000,3159.799255
23.000000,28.000000,3298.654455
24.000000,28.000000,3435.310117
25.000000,28.000000,3574.653619
26.000000,28.000000,3716.684958
27.000000,28.000000,3861.404136
28.000000,28.000000,4013.593582
29.000000,28.000000,4171.399806
30.000000,28.000000,4332.043406
31.000000,28.000000,4499.268702
32.000000,28.000000,4677.215103
33.000000,28.000000,4858.242624
18.000000,28.500000,2642.902852
19.000000,28.500000,2771.406923
20.000000,28.500000,2902.912502
21.000000,28.500000,3037.419591
22.000000,28.500000,3174.928188
23.000000,28.500000,3313.430303
24.000000,28.500000,3450.242185
25.000000,28.500000,3589.736162
26.000000,28.500000,3731.912236
27.000000,28.500000,3876.770404
28.000000,28.500000,4029.921679
29.000000,28.500000,4188.001766
30.000000,28.500000,4348.918214
31.000000,28.500000,4517.407403
32.000000,28.500000,4695.450505
33.000000,28.500000,4876.569478
17.000000,29.000000,2531.010472
18.000000,29.000000,2656.826493
19.000000,29.000000,2785.642767
20.000000,29.000000,2917.459292
21.000000,29.000000,3052.276070
22.000000,29.000000,3190.093101
23.000000,29.000000,3328.238700
24.000000,29.000000,3465.206182
25.000000,29.000000,3604.850023
26.000000,29.000000,3747.170222
27.000000,29.000000,3892.166779
28.000000,29.000000,4046.281508
29.000000,29.000000,4204.635352
30.000000,29.000000,4365.824540
31.000000,29.000000,4535.580023
32.000000,29.000000,4713.719213
33.000000,29.000000,4894.929018
17.000000,29.500000,2545.199941
18.000000,29.500000,2671.299447
19.000000,29.500000,2800.396191
20.000000,29.500000,2932.490174
21.000000,29.500000,3067.581396
22.000000,29.500000,3205.669856
23.000000,29.500000,3343.511996
24.000000,29.500000,3480.812217
25.000000,29.500000,3620.789315
26.000000,29.500000,3763.443290
27.000000,29.500000,3908.847383
28.000000,29.500000,4063.563626
29.000000,29.500000,4221.802141
30.000000,29.500000,4382.860049
31.000000,29.500000,4553.684686
32.000000,29.500000,4731.917731
17.000000,30.000000,2559.428925
18.000000,30.000000,2685.811577
19.000000,30.000000,2815.188455
20.000000,30.000000,2947.559559
21.000000,30.000000,3082.924890
22.000000,30.000000,3221.284446
23.000000,30.000000,3358.819889
24.000000,30.000000,3496.452935
25.000000,30.000000,3636.763374
26.000000,30.000000,3779.751207
27.000000,30.000000,3925.563142
28.000000,30.000000,4080.881095
29.000000,30.000000,4239.002534
30.000000,30.000000,4399.927459
31.000000,30.000000,4571.822991
32.000000,30.000000,4750.149276
17.000000,30.500000,2573.805864
18.000000,30.500000,2700.490088
19.000000,30.500000,2830.166367
20.000000,30.500000,2962.834703
21.000000,30.500000,3098.495094
22.000000,30.500000,3237.147541
23.000000,30.500000,3374.403206
24.000000,30.500000,3512.348812
25.000000,30.500000,3652.971167
26.000000,30.500000,3796.270271
27.000000,30.500000,3943.079894
28.000000,30.500000,4098.665604
29.000000,30.500000,4257.052929
30.000000,30.500000,4418.241868
31.000000,30.500000,4590.914521
32.000000,30.500000,4768.783501
17.000000,31.000000,2588.222931
18.000000,31.000000,2715.208477
19.000000,31.000000,2845.183909
20.000000,31.000000,2978.149227
21.000000,31.000000,3114.104431
22.000000,31.000000,3253.049521
23.000000,31.000000,3390.022258
24.000000,31.000000,3528.280389
25.000000,31.000000,3669.214621
26.000000,31.000000,3812.824953
27.000000,31.000000,3960.634093
28.000000,31.000000,4116.487339
29.000000,31.000000,4275.140329
30.000000,31.000000,4436.593061
31.000000,31.000000,4610.043487
32.000000,31.000000,4787.452273
17.000000,31.500000,2603.118399
18.000000,31.500000,2730.393699
19.000000,31.500000,2860.655384
20.000000,31.500000,2993.903454
21.000000,31.500000,3130.137909
22.000000,31.500000,3269.358750
23.000000,31.500000,3405.993699
24.000000,31.500000,3544.483007
25.000000,31.500000,3685.644061
26.000000,31.500000,3829.476860
27.000000,31.500000,3978.252759
28.000000,31.500000,4134.475185
29.000000,31.500000,4293.499180
30.000000,31.500000,4455.843907
31.000000,31.500000,4629.908163
32.000000,31.500000,4807.450154
17.000000,32.000000,2618.056555
18.000000,32.000000,2745.621216
19.000000,32.000000,2876.168762
20.000000,32.000000,3009.699194
21.000000,32.000000,3146.212510
22.000000,32.000000,3285.708712
23.000000,32.000000,3422.002382
24.000000,32.000000,3560.722418
25.000000,32.000000,3702.109839
26.000000,32.000000,3846.164647
27.000000,32.000000,3995.909010
28.000000,32.000000,4152.500819
29.000000,32.000000,4311.896025
30.000000,32.000000,4475.134460
31.000000,32.000000,4649.813134
32.000000,32.000000,4827.487595
17.000000,32.500000,2633.152760
18.000000,32.500000,2761.054861
19.000000,32.500000,2891.938467
20.000000,32.500000,3025.803580
21.000000,32.500000,3162.650200
22.000000,32.500000,3302.034199
23.000000,32.500000,3438.661670
24.000000,32.500000,3577.839614
25.000000,32.500000,3719.688870
26.000000,32.500000,3864.209438
27.000000,32.500000,4014.864065
28.000000,32.500000,4171.414345
29.000000,32.500000,4330.753760
30.000000,32.500000,4495.019899
31.000000,32.500000,4670.026615
32.000000,32.500000,4848.029790
17.000000,33.000000,2648.292322
18.000000,33.000000,2776.531720
19.000000,33.000000,2907.751245
20.000000,33.000000,3041.950897
21.000000,33.000000,3179.130677
22.000000,33.000000,3318.399943
23.000000,33.000000,3455.361110
24.000000,33.000000,3594.997511
25.000000,33.000000,3737.309147
26.000000,33.000000,3882.296017
27.000000,33.000000,4033.862370
28.000000,33.000000,4190.369375
29.000000,33.000000,4349.651291
30.000000,33.000000,4514.946764
31.000000,33.000000,4690.281552
32.000000,33.000000,4868.613464
17.000000,33.500000,2663.797953
18.000000,33.500000,2792.402143
19.000000,33.500000,2923.985791
20.000000,33.500000,3058.548897
21.000000,33.500000,3196.091460
22.000000,33.500000,3335.157850
23.000000,33.500000,3472.508241
24.000000,33.500000,3612.534976
25.000000,33.500000,3755.238054
26.000000,33.500000,3900.617475
27.000000,33.500000,4053.047423
28.000000,33.500000,4209.729947
29.000000,33.500000,4369.181220
16.000000,34.000000,2553.358658
17.000000,34.000000,2679.348816
18.000000,34.000000,2808.317762
19.000000,34.000000,2940.265494
20.000000,34.000000,3075.192013
21.000000,34.000000,3213.097318
22.000000,34.000000,3351.957649
23.000000,34.000000,3489.697466
24.000000,34.000000,3630.114732
25.000000,34.000000,3773.209444
26.000000,34.000000,3918.981605
27.000000,34.000000,4072.276445
28.000000,34.000000,4229.133714
29.000000,34.000000,4388.753576
16.000000,34.500000,2569.185575
17.000000,34.500000,2695.582904
18.000000,34.500000,2824.959322
19.000000,34.500000,2957.314828
20.000000,34.500000,3092.649422
21.000000,34.500000,3230.963104
22.000000,34.500000,3369.546287
23.000000,34.500000,3507.524430
24.000000,34.500000,3648.174777
25.000000,34.500000,3791.497330
26.000000,34.500000,3937.705069
27.000000,34.500000,4091.730977
28.000000,34.500000,4248.919449
29.000000,34.500000,4408.870020
16.000000,35.000000,2585.061383
17.000000,35.000000,2711.866009
18.000000,35.000000,2841.650019
19.000000,35.000000,2974.413414
20.000000,35.000000,3110.156194
21.000000,35.000000,3248.878358
22.000000,35.000000,3387.180567
23.000000,35.000000,3525.396410
24.000000,35.000000,3666.279216
25.000000,35.000000,3809.828986
26.000000,35.000000,3956.472385
27.000000,35.000000,4111.230380
28.000000,35.000000,4268.749980
29.000000,35.000000,4429.031184
16.000000,35.500000,2601.025304
17.000000,35.500000,2728.280611
18.000000,35.500000,2858.517620
19.000000,35.500000,2991.736331
20.000000,35.500000,3127.936743
21.000000,35.500000,3267.118857
22.000000,35.500000,3405.133221
23.000000,35.500000,3543.647944
24.000000,35.500000,3684.827160
25.000000,35.500000,3828.670869
26.000000,35.500000,3976.207075
27.000000,35.500000,4131.217073
28.000000,35.500000,4288.983595
29.000000,35.500000,4449.506640
16.000000,36.000000,2617.038351
17.000000,36.000000,2744.744719
18.000000,36.000000,2875.435103
19.000000,36.000000,3009.109502
20.000000,36.000000,3145.767917
21.000000,36.000000,3285.410347
22.000000,36.000000,3423.132957
23.000000,36.000000,3561.946251
24.000000,36.000000,3703.421569
25.000000,36.000000,3847.558911
26.000000,36.000000,3995.989607
27.000000,36.000000,4151.250996
28.000000,36.000000,4309.263830
29.000000,36.000000,4470.028107
16.000000,36.500000,2633.797266
17.000000,36.500000,2761.880140
18.000000,36.500000,2892.945080
19.000000,36.500000,3026.992089
20.000000,36.500000,3164.021164
21.000000,36.500000,3304.032308
22.000000,36.500000,3441.401640
23.000000,36.500000,3580.506748
24.000000,36.500000,3722.270927
25.000000,36.500000,3866.694179
26.000000,36.500000,4016.018509
27.000000,36.500000,4171.580607
28.000000,36.500000,4329.890379
16.000000,37.000000,2650.609657
17.000000,37.000000,2779.068862
18.000000,37.000000,2910.508182
19.000000,37.000000,3044.927617
20.000000,37.000000,3182.327168
21.000000,37.000000,3322.706835
22.000000,37.000000,3459.718619
23.000000,37.000000,3599.115168
24.000000,37.000000,3741.167838
25.000000,37.000000,3885.876629
26.000000,37.000000,4036.096277
27.000000,37.000000,4191.958658
28.000000,37.000000,4350.564942
16.000000,37.500000,2667.796929
17.000000,37.500000,2796.675448
18.000000,37.500000,2928.534003
19.000000,37.500000,3063.372593
20.000000,37.500000,3201.191219
21.000000,37.500000,3341.446966
22.000000,37.500000,3478.572068
23.000000,37.500000,3618.211532
24.000000,37.500000,3760.501452
25.000000,37.500000,3905.441826
26.000000,37.500000,4056.687861
27.000000,37.500000,4213.043299
28.000000,37.500000,4372.145514
16.000000,38.000000,2685.039730
17.000000,38.000000,2814.337614
18.000000,38.000000,2946.615452
19.000000,38.000000,3081.873244
20.000000,38.000000,3220.110990
21.000000,38.000000,3360.239612
22.000000,38.000000,3497.476492
23.000000,38.000000,3637.358161
24.000000,38.000000,3779.884620
25.000000,38.000000,3925.055868
26.000000,38.000000,4077.330561
27.000000,38.000000,4234.179522
28.000000,38.000000,4393.778128
16.000000,38.500000,2702.401622
17.000000,38.500000,2832.141308
18.000000,38.500000,2964.861812
19.000000,38.500000,3100.563134
20.000000,38.500000,3239.245274
21.000000,38.500000,3379.105264
22.000000,38.500000,3516.697412
23.000000,38.500000,3656.932768
24.000000,38.500000,3799.811330
25.000000,38.500000,3945.333100
26.000000,38.500000,4098.733803
27.000000,38.500000,4256.030430
28.000000,38.500000,4416.077333
16.000000,39.000000,2719.819451
17.000000,39.000000,2850.001121
18.000000,39.000000,2983.164471
19.000000,39.000000,3119.309502
20.000000,39.000000,3258.436212
21.000000,39.000000,3398.023473
22.000000,39.000000,3535.970739
23.000000,39.000000,3676.559627
24.000000,39.000000,3819.790137
25.000000,39.000000,3965.662269
26.000000,39.000000,4120.191708
27.000000,39.000000,4277.936173
28.000000,39.000000,4438.431542
16.000000,39.500000,2737.827810
17.000000,39.500000,2868.389979
18.000000,39.500000,3001.930929
19.000000,39.500000,3138.450659
20.000000,39.500000,3277.949169
21.000000,39.500000,3417.235339
22.000000,39.500000,3555.577165
23.000000,39.500000,3696.560116
24.000000,39.500000,3840.184194
25.000000,39.500000,3986.930360
26.000000,39.500000,4142.056024
27.000000,39.500000,4300.162363
28.000000,39.500000,4461.016910
15.000000,40.000000,2627.929086
16.000000,40.000000,2755.895590
17.000000,40.000000,2886.837970
18.000000,40.000000,3020.756225
19.000000,40.000000,3157.650356
20.000000,40.000000,3297.520362
21.000000,40.000000,3436.501139
22.000000,40.000000,3575.237551
23.000000,40.000000,3716.614588
24.000000,40.000000,3860.632250
25.000000,40.000000,4008.254357
26.000000,40.000000,4163.976771
27.000000,40.000000,4322.444691
28.000000,40.000000,4483.658115
15.000000,40.500000,2645.757872
16.000000,40.500000,2774.188303
17.000000,40.500000,2905.595774
18.000000,40.500000,3039.980287
19.000000,40.500000,3177.341841
20.000000,40.500000,3317.680436
21.000000,40.500000,3456.394165
22.000000,40.500000,3595.492267
23.000000,40.500000,3737.228237
24.000000,40.500000,3881.602075
25.000000,40.500000,4030.346416
26.000000,40.500000,4186.571245
27.000000,40.500000,4345.543621
15.000000,41.000000,2663.646933
16.000000,41.000000,2792.541525
17.000000,41.000000,2924.414323
18.000000,41.000000,3059.265325
19.000000,41.000000,3197.094534
20.000000,41.000000,3337.901947
21.000000,41.000000,3476.344457
22.000000,41.000000,3615.804012
23.000000,41.000000,3757.898667
24.000000,41.000000,3902.628424
25.000000,41.000000,4052.497801
26.000000,41.000000,4209.225439
27.000000,41.000000,4368.702659
15.000000,41.500000,2681.930647
16.000000,41.500000,2811.239687
17.000000,41.500000,2943.525538
18.000000,41.500000,3078.788201
19.000000,41.500000,3217.027677
20.000000,41.500000,3358.243964
21.000000,41.500000,3496.458788
22.000000,41.500000,3636.359171
23.000000,41.500000,3778.894830
24.000000,41.500000,3924.065765
25.000000,41.500000,4075.129620
26.000000,41.500000,4232.298871
27.000000,41.500000,4392.217339
15.000000,42.000000,2700.276897
16.000000,42.000000,2830.000237
17.000000,42.000000,2962.698996
18.000000,42.000000,3098.373172
19.000000,42.000000,3237.022765
20.000000,42.000000,3378.647776
21.000000,42.000000,3516.630985
22.000000,42.000000,3656.972392
23.000000,42.000000,3799.949239
24.000000,42.000000,3945.561526
25.000000,42.000000,4097.823038
26.000000,42.000000,4255.433939
27.000000,42.000000,4415.793689
15.000000,42.500000,2719.396261
16.000000,42.500000,2849.437110
17.000000,42.500000,2982.446881
18.000000,42.500000,3118.425574
19.000000,42.500000,3257.373190
20.000000,42.500000,3398.797102
21.000000,42.500000,3537.147600
22.000000,42.500000,3677.997112
23.000000,42.500000,3821.484696
24.000000,42.500000,3967.610352
25.000000,42.500000,4121.060187
26.000000,42.500000,4279.078458
27.000000,42.500000,4439.843975
15.000000,43.000000,2738.583064
16.000000,43.000000,2868.940494
17.000000,43.000000,3002.260356
18.000000,43.000000,3138.542651
19.000000,43.000000,3277.787379
20.000000,43.000000,3419.006222
21.000000,43.000000,3557.723694
22.000000,43.000000,3699.081861
23.000000,43.000000,3843.080724
24.000000,43.000000,3989.720283
25.000000,43.000000,4144.361594
26.000000,43.000000,4302.787063
27.000000,43.000000,4463.958177
15.000000,43.500000,2757.959071
16.000000,43.500000,2888.721639
17.000000,43.500000,3022.443998
18.000000,43.500000,3159.126148
19.000000,43.500000,3298.768090
20.000000,43.500000,3439.751784
21.000000,43.500000,3578.914247
22.000000,43.500000,3720.717674
23.000000,43.500000,3865.162065
24.000000,43.500000,4012.464441
25.000000,43.500000,4168.073651
26.000000,43.500000,4326.948450
27.000000,43.500000,4488.568507
15.000000,44.000000,2777.403363
16.000000,44.000000,2908.570728
17.000000,44.000000,3042.695243
18.000000,44.000000,3179.776906
19.000000,44.000000,3319.815719
20.000000,44.000000,3460.559849
21.000000,44.000000,3600.167458
22.000000,44.000000,3742.416294
23.000000,44.000000,3887.306358
24.000000,44.000000,4035.272677
25.000000,44.000000,4191.851958
26.000000,44.000000,4351.176108
27.000000,44.000000,4513.245126
15.000000,44.500000,2796.746557
16.000000,44.500000,2928.354209
17.000000,44.500000,3062.917818
18.000000,44.500000,3200.437382
19.000000,44.500000,3340.912903
20.000000,44.500000,3481.507892
21.000000,44.500000,3621.634384
22.000000,44.500000,3764.405388
23.000000,44.500000,3909.820906
24.000000,44.500000,4059.013334
25.000000,44.500000,4216.005615
26.000000,44.500000,4375.740517
14.000000,45.000000,2687.063764
15.000000,45.000000,2816.156872
16.000000,45.000000,2948.204739
17.000000,45.000000,3083.207365
18.000000,45.000000,3221.164750
19.000000,45.000000,3362.076894
20.000000,45.000000,3502.518887
21.000000,45.000000,3643.164852
22.000000,45.000000,3786.458616
23.000000,45.000000,3932.400178
24.000000,45.000000,4082.822285
25.000000,45.000000,4240.227325
26.000000,45.000000,4400.372736
14.000000,45.500000,2706.002654
15.000000,45.500000,2835.600467
16.000000,45.500000,2968.154536
17.000000,45.500000,3103.664861
18.000000,45.500000,3242.131441
19.000000,45.500000,3383.554276
20.000000,45.500000,3523.912737
21.000000,45.500000,3665.088962
22.000000,45.500000,3808.916537
23.000000,45.500000,3955.395462
24.000000,45.500000,4107.058197
25.000000,45.500000,4265.010690
26.000000,45.500000,4425.705612
14.000000,46.000000,2725.008049
15.000000,46.000000,2855.110953
16.000000,46.000000,2988.171603
17.000000,46.000000,3124.189999
18.000000,46.000000,3263.166141
19.000000,46.000000,3405.100028
20.000000,46.000000,3545.371487
21.000000,46.000000,3687.078600
22.000000,46.000000,3831.440616
23.000000,46.000000,3978.457536
24.000000,46.000000,4131.364583
25.000000,46.000000,4289.864996
26.000000,46.000000,4451.109894
14.000000,46.500000,2744.266316
15.000000,46.500000,2874.953842
16.000000,46.500000,3008.604159
17.000000,46.500000,3145.217268
18.000000,46.500000,3284.793168
19.000000,46.500000,3427.331860
20.000000,46.500000,3567.431355
21.000000,46.500000,3709.566321
22.000000,46.500000,3854.355189
23.000000,46.500000,4001.797958
24.000000,46.500000,4155.944835
25.000000,46.500000,4315.032395
26.000000,46.500000,4476.867759
14.000000,47.000000,2763.592394
15.000000,47.000000,2894.865445
16.000000,47.000000,3029.106334
17.000000,47.000000,3166.315060
18.000000,47.000000,3306.491622
19.000000,47.000000,3449.636022
20.000000,47.000000,3589.559426
21.000000,47.000000,3732.122190
22.000000,47.000000,3877.337851
23.000000,47.000000,4025.206410
24.000000,47.000000,4180.596754
25.000000,47.000000,4340.272136
26.000000,47.000000,4502.698637
14.000000,47.500000,2783.388644
15.000000,47.500000,2915.182169
16.000000,47.500000,3049.944910
17.000000,47.500000,3187.676866
18.000000,47.500000,3328.378038
19.000000,47.500000,3471.430052
20.000000,47.500000,3611.898384
21.000000,47.500000,3755.016899
22.000000,47.500000,3900.792386
23.000000,47.500000,4049.224846
24.000000,47.500000,4205.863182
25.000000,47.500000,4366.059080
26.000000,47.500000,4529.006171
14.000000,48.000000,2803.255539
15.000000,48.000000,2935.569936
16.000000,48.000000,3070.854920
17.000000,48.000000,3209.110489
18.000000,48.000000,3350.336645
19.000000,48.000000,3493.292498
20.000000,48.000000,3634.306429
21.000000,48.000000,3777.981412
22.000000,48.000000,3924.317447
23.000000,48.000000,4073.314533
24.000000,48.000000,4231.204562
25.000000,48.000000,4391.921183
26.000000,48.000000,4555.389060
14.000000,48.500000,2823.433907
15.000000,48.500000,2956.307714
16.000000,48.500000,3092.154981
17.000000,48.500000,3230.975708
18.000000,48.500000,3372.769893
19.000000,48.500000,3515.663175
20.000000,48.500000,3657.222367
21.000000,48.500000,3801.446006
22.000000,48.500000,3948.334093
23.000000,48.500000,4098.561324
24.000000,48.500000,4257.023344
25.000000,48.500000,4418.274348
14.000000,49.000000,2843.684634
15.000000,49.000000,2977.118483
16.000000,49.000000,3113.528658
17.000000,49.000000,3252.915161
18.000000,49.000000,3395.277991
19.000000,49.000000,3538.105052
20.000000,49.000000,3680.210130
21.000000,49.000000,3824.983052
22.000000,49.000000,3972.423819
23.000000,49.000000,4123.885044
24.000000,49.000000,4282.919456
25.000000,49.000000,4444.705064
14.000000,49.500000,2864.337077
15.000000,49.500000,2998.366544
16.000000,49.500000,3135.376493
17.000000,49.500000,3275.366925
18.000000,49.500000,3418.337840
19.000000,49.500000,3561.044526
20.000000,49.500000,3703.584039
21.000000,49.500000,3848.789951
22.000000,49.500000,3996.662263
23.000000,49.500000,4149.410547
24.000000,49.500000,4309.223232
25.000000,49.500000,4471.795603
14.000000,50.000000,2885.064240
15.000000,50.000000,3019.690159
16.000000,50.000000,3157.300714
17.000000,50.000000,3297.895904
18.000000,50.000000,3441.475730
19.000000,50.000000,3584.057949
20.000000,50.000000,3727.031764
21.000000,50.000000,3872.670532
22.000000,50.000000,4020.974252
23.000000,50.000000,4175.013634
24.000000,50.000000,4335.606262
25.000000,50.000000,4498.967068
14.000000,50.500000,2906.222283
15.000000,50.500000,3041.386614
16.000000,50.500000,3179.536483
17.000000,50.500000,3320.671892
18.000000,50.500000,3464.792839
19.000000,50.500000,3607.327627
20.000000,50.500000,3750.921086
21.000000,50.500000,3897.185167
22.000000,50.500000,4046.119872
23.000000,50.500000,4201.576114
24.000000,50.500000,4362.785412
25.000000,50.500000,4526.764471
13.000000,51.000000,2794.740937
14.000000,51.000000,2927.457618
15.000000,51.000000,3063.160732
16.000000,51.000000,3201.850277
17.000000,51.000000,3343.526255
18.000000,51.000000,3488.188665
19.000000,51.000000,3630.672419
20.000000,51.000000,3774.886547
21.000000,51.000000,3921.776975
22.000000,51.000000,4071.343702
23.000000,51.000000,4228.221592
24.000000,51.000000,4390.048141
25.000000,51.000000,4554.646019
13.000000,51.500000,2815.682246
14.000000,51.500000,2948.944194
15.000000,51.500000,3085.193974
16.000000,51.500000,3224.431585
17.000000,51.500000,3366.657029
18.000000,51.500000,3511.734592
19.000000,51.500000,3654.364486
20.000000,51.500000,3799.201185
21.000000,51.500000,3946.719284
22.000000,51.500000,4096.918783
23.000000,51.500000,4255.138211
24.000000,51.500000,4417.513166
25.000000,51.500000,4582.658027
13.000000,52.000000,2836.701712
14.000000,52.000000,2970.509329
15.000000,52.000000,3107.306172
16.000000,52.000000,3247.092242
17.000000,52.000000,3389.867537
18.000000,52.000000,3535.359712
19.000000,52.000000,3678.133477
20.000000,52.000000,3823.593744
21.000000,52.000000,3971.740514
22.000000,52.000000,4122.573787
23.000000,52.000000,4282.138975
24.000000,52.000000,4445.062446
25.000000,52.000000,4610.754376
13.000000,52.500000,2858.337159
14.000000,52.500000,2992.623298
15.000000,52.500000,3129.897045
16.000000,52.500000,3270.158401
17.000000,52.500000,3413.407366
18.000000,52.500000,3558.834813
19.000000,52.500000,3702.198227
20.000000,52.500000,3848.251104
21.000000,52.500000,3996.993445
22.000000,52.500000,4148.911474
23.000000,52.500000,4309.513935
24.000000,52.500000,4473.187710
13.000000,53.000000,2880.054799
14.000000,53.000000,3014.819273
15.000000,53.000000,3152.569738
16.000000,53.000000,3293.306194
17.000000,53.000000,3437.028640
18.000000,53.000000,3582.387537
19.000000,53.000000,3726.341365
20.000000,53.000000,3872.987609
21.000000,53.000000,4022.326269
22.000000,53.000000,4175.332339
23.000000,53.000000,4336.974895
24.000000,53.000000,4501.400424
13.000000,53.500000,2902.151412
14.000000,53.500000,3037.347897
15.000000,53.500000,3175.526411
16.000000,53.500000,3316.686953
17.000000,53.500000,3460.829525
18.000000,53.500000,3606.220648
19.000000,53.500000,3750.945578
20.000000,53.500000,3898.371775
21.000000,53.500000,4048.499240
22.000000,53.500000,4203.035394
23.000000,53.500000,4365.179067
24.000000,53.500000,4530.105999
13.000000,54.000000,2924.332467
14.000000,54.000000,3059.960381
15.000000,54.000000,3198.566363
16.000000,54.000000,3340.150412
17.000000,54.000000,3484.712529
18.000000,54.000000,3630.132694
19.000000,54.000000,3775.630616
20.000000,54.000000,3923.838654
21.000000,54.000000,4074.756807
22.000000,54.000000,4230.828383
23.000000,54.000000,4393.473165
24.000000,54.000000,4558.901493
13.000000,54.500000,2946.807285
14.000000,54.500000,3082.933423
15.000000,54.500000,3222.036523
16.000000,54.500000,3364.116585
17.000000,54.500000,3509.173610
18.000000,54.500000,3654.814594
19.000000,54.500000,3801.135441
20.000000,54.500000,3950.175554
21.000000,54.500000,4101.934933
13.000000,55.000000,2969.368137
14.000000,55.000000,3105.992378
15.000000,55.000000,3245.592476
16.000000,55.000000,3388.168431
17.000000,55.000000,3533.720243
18.000000,55.000000,3679.579958
19.000000,55.000000,3826.725846
20.000000,55.000000,3976.600126
21.000000,55.000000,4129.202800
13.000000,55.500000,2992.468611
14.000000,55.500000,3129.627509
15.000000,55.500000,3269.761493
16.000000,55.500000,3412.870561
17.000000,55.500000,3558.954714
18.000000,55.500000,3705.055658
19.000000,55.500000,3852.891052
20.000000,55.500000,4003.458371
21.000000,55.500000,4156.757616
13.000000,56.000000,3015.658583
14.000000,56.000000,3153.352220
15.000000,56.000000,3294.020162
16.000000,56.000000,3437.662411
17.000000,56.000000,3584.278965
18.000000,56.000000,3730.619008
19.000000,56.000000,3879.145046
20.000000,56.000000,4030.406502
21.000000,56.000000,4184.403376
13.000000,56.500000,3038.850667
14.000000,56.500000,3177.144753
15.000000,56.500000,3318.415233
16.000000,56.500000,3462.662108
17.000000,56.500000,3609.774573
18.000000,56.500000,3756.542948
19.000000,56.500000,3905.775118
20.000000,56.500000,4057.746857
12.000000,57.000000,2926.214941
13.000000,57.000000,3062.131585
14.000000,57.000000,3201.026706
15.000000,57.000000,3342.900304
16.000000,57.000000,3487.752379
17.000000,57.000000,3635.360509
18.000000,57.000000,3782.556330
19.000000,57.000000,3932.495842
20.000000,57.000000,4085.179045
12.000000,57.500000,2948.465873
13.000000,57.500000,3085.135709
14.000000,57.500000,3224.793629
15.000000,57.500000,3367.439634
16.000000,57.500000,3513.073723
17.000000,57.500000,3661.095210
18.000000,57.500000,3809.025295
19.000000,57.500000,3959.704158
20.000000,57.500000,4113.131799
12.000000,58.000000,2970.801074
13.000000,58.000000,3108.225913
14.000000,58.000000,3248.648456
15.000000,58.000000,3392.068703
16.000000,58.000000,3538.486653
17.000000,58.000000,3686.920462
18.000000,58.000000,3835.586234
19.000000,58.000000,3987.005845
20.000000,58.000000,4141.179296
12.000000,58.500000,2993.718944
13.000000,58.500000,3131.842727
14.000000,58.500000,3272.969953
15.000000,58.500000,3417.100624
16.000000,58.500000,3564.234738
17.000000,58.500000,3713.007038
18.000000,58.500000,3862.400109
19.000000,58.500000,4014.552399
20.000000,58.500000,4169.463907
12.000000,59.000000,3016.724854
13.000000,59.000000,3155.548916
14.000000,59.000000,3297.382153
15.000000,59.000000,3442.224566
16.000000,59.000000,3590.076154
17.000000,59.000000,3739.185190
18.000000,59.000000,3889.306914
19.000000,59.000000,4042.193221
20.000000,59.000000,4197.844112
12.000000,59.500000,3040.057093
13.000000,59.500000,3179.551385
14.000000,59.500000,3322.058753
15.000000,59.500000,3467.579195
16.000000,59.500000,3616.112714
17.000000,59.500000,3765.596197
18.000000,59.500000,3916.513498
19.000000,59.500000,4070.203888
20.000000,59.500000,4226.667366
12.000000,60.000000,3063.479206
13.000000,60.000000,3203.644795
14.000000,60.000000,3346.827342
15.000000,60.000000,3493.026849
16.000000,60.000000,3642.243314
17.000000,60.000000,3792.099655
18.000000,60.000000,3943.814354
19.000000,60.000000,4098.310653
20.000000,60.000000,4255.588551
12.000000,60.500000,3087.282205
13.000000,60.500000,3228.124310
14.000000,60.500000,3371.987187
15.000000,60.500000,3518.870837
16.000000,60.500000,3668.775258
17.000000,60.500000,3819.125457
18.000000,60.500000,3971.710518
19.000000,60.500000,4127.088083
12.000000,61.000000,3111.177316
13.000000,61.000000,3252.696995
14.000000,61.000000,3397.241244
15.000000,61.000000,3544.810062
16.000000,61.000000,3695.403450
17.000000,61.000000,3846.246717
18.000000,61.000000,3999.704430
19.000000,61.000000,4155.965564
12.000000,61.500000,3135.695800
13.000000,61.500000,3277.893096
14.000000,61.500000,3423.118003
15.000000,61.500000,3571.370518
16.000000,61.500000,3722.445305
17.000000,61.500000,3873.963801
18.000000,61.500000,4028.197218
19.000000,61.500000,4185.240470
12.000000,62.000000,3160.310508
13.000000,62.000000,3303.186408
14.000000,62.000000,3449.092937
15.000000,62.000000,3598.030095
16.000000,62.000000,3749.585477
17.000000,62.000000,3901.779899
18.000000,62.000000,4056.790564
19.000000,62.000000,4214.617473
12.000000,62.500000,3185.278950
13.000000,62.500000,3328.801917
14.000000,62.500000,3475.356921
15.000000,62.500000,3624.943964
16.000000,62.500000,3776.915213
17.000000,62.500000,3929.907815
18.000000,62.500000,4085.724213
19.000000,62.500000,4244.364406
11.000000,63.000000,3069.208335
12.000000,63.000000,3210.345636
13.000000,63.000000,3354.516363
14.000000,63.000000,3501.720515
15.000000,63.000000,3651.958094
16.000000,63.000000,3804.343727
17.000000,63.000000,3958.136240
18.000000,63.000000,4114.760101
19.000000,63.000000,4274.215308
11.000000,63.500000,3094.014754
12.000000,63.500000,3235.773261
13.000000,63.500000,3380.565377
14.000000,63.500000,3528.391102
15.000000,63.500000,3679.250435
16.000000,63.500000,3832.134855
17.000000,63.500000,3986.769153
18.000000,63.500000,4144.243934
19.000000,63.500000,4304.559196
11.000000,64.000000,3118.921013
12.000000,64.000000,3261.301190
13.000000,64.000000,3406.715139
14.000000,64.000000,3555.162861
15.000000,64.000000,3706.644354
16.000000,64.000000,3860.026701
17.000000,64.000000,4015.504796
18.000000,64.000000,4173.832515
19.000000,64.000000,4335.009860
11.000000,64.500000,3144.451629
12.000000,64.500000,3287.378745
13.000000,64.500000,3433.336371
14.000000,64.500000,3582.324506
15.000000,64.500000,3734.343149
16.000000,64.500000,3888.304494
17.000000,64.500000,4044.616698
18.000000,64.500000,4203.785804
11.000000,65.000000,3170.086302
12.000000,65.000000,3313.560140
13.000000,65.000000,3460.061211
14.000000,65.000000,3609.589514
15.000000,65.000000,3762.145049
16.000000,65.000000,3916.685204
17.000000,65.000000,4073.833388
18.000000,65.000000,4233.845742
11.000000,65.500000,3196.116574
12.000000,65.500000,3340.094028
13.000000,65.500000,3487.093387
14.000000,65.500000,3637.114651
15.000000,65.500000,3790.157820
16.000000,65.500000,3945.399567
17.000000,65.500000,4103.382625
18.000000,65.500000,4264.236794
11.000000,66.000000,3222.253276
12.000000,66.000000,3366.733728
13.000000,66.000000,3514.230748
14.000000,66.000000,3664.744336
15.000000,66.000000,3818.274491
16.000000,66.000000,3974.218481
17.000000,66.000000,4133.038239
18.000000,66.000000,4294.736037
11.000000,66.500000,3248.022788
12.000000,66.500000,3393.177377
13.000000,66.500000,3541.351815
14.000000,66.500000,3692.546101
15.000000,66.500000,3846.777698
16.000000,66.500000,4003.760769
17.000000,66.500000,4163.634946
18.000000,66.500000,4326.401375
11.000000,67.000000,3273.894928
12.000000,67.000000,3419.724463
13.000000,67.000000,3568.577126
14.000000,67.000000,3720.452916
15.000000,67.000000,3875.386601
16.000000,67.000000,4033.412041
17.000000,67.000000,4194.343959
18.000000,67.000000,4358.182353
11.000000,67.500000,3300.161191
12.000000,67.500000,3446.816191
13.000000,67.500000,3596.503294
14.000000,67.500000,3749.222501
15.000000,67.500000,3905.046300
16.000000,67.500000,4063.972963
17.000000,67.500000,4225.814196
11.000000,68.000000,3326.532397
12.000000,68.000000,3474.014803
13.000000,68.000000,3624.538296
14.000000,68.000000,3778.102876
15.000000,68.000000,3934.818645
16.000000,68.000000,4094.648704
17.000000,68.000000,4257.401413
11.000000,68.500000,3353.347285
12.000000,68.500000,3501.665252
13.000000,68.500000,3653.033006
14.000000,68.500000,3807.450547
10.000000,69.000000,3234.172822
11.000000,69.000000,3380.269811
12.000000,69.000000,3529.425293
13.000000,69.000000,3681.639268
14.000000,69.000000,3836.911735
10.000000,69.500000,3260.671432
11.000000,69.500000,3407.608529
12.000000,69.500000,3557.612720
13.000000,69.500000,3710.684006
14.000000,69.500000,3866.822385
10.000000,70.000000,3287.278150
11.000000,70.000000,3435.057347
12.000000,70.000000,3585.912241
13.000000,70.000000,3739.842832
14.000000,70.000000,3896.849121
10.000000,70.500000,3314.554779
11.000000,70.500000,3463.210733
12.000000,70.500000,3614.949323
13.000000,70.500000,3769.770551
10.000000,71.000000,3341.944104
11.000000,71.000000,3491.478989
12.000000,71.000000,3644.103404
13.000000,71.000000,3799.817349
10.000000,71.500000,3370.023404
11.000000,71.500000,3520.353746
12.000000,71.500000,3673.776615
13.000000,71.500000,3830.292011
10.000000,72.000000,3398.220153
11.000000,72.000000,3549.347343
12.000000,72.000000,3703.570007
13.000000,72.000000,3860.888144
10.000000,72.500000,3426.950795
11.000000,72.500000,3578.813610
12.000000,72.500000,3733.772195
13.000000,72.500000,3891.826551
10.000000,73.000000,3455.802315
11.000000,73.000000,3608.401558
12.000000,73.000000,3764.096822
13.000000,73.000000,3922.888108
10.000000,73.500000,3485.202288
11.000000,73.500000,3638.571709
12.000000,73.500000,3795.038090
13.000000,73.500000,3954.601431
10.000000,74.000000,3514.726723
11.000000,74.000000,3668.867328
12.000000,74.000000,3826.105781
13.000000,74.000000,3986.442081
10.000000,74.500000,3544.437443
11.000000,74.500000,3699.450508
12.000000,74.500000,3857.565174
9.000000,75.000000,3421.491118
10.000000,75.000000,3574.273177
11.000000,75.000000,3730.160518
12.000000,75.000000,3889.153141
9.000000,75.500000,3450.078197
10.000000,75.500000,3603.914198
11.000000,75.500000,3760.869239
12.000000,75.500000,3920.943320
9.000000,76.000000,3478.784104
10.000000,76.000000,3633.677449
11.000000,76.000000,3791.703595
12.000000,76.000000,3952.862543
9.000000,76.500000,3508.194464
10.000000,76.500000,3664.150607
11.000000,76.500000,3823.253329
12.000000,76.500000,3985.502633
9.000000,77.000000,3537.728460
10.000000,77.000000,3694.750780
11.000000,77.000000,3854.933468
12.000000,77.000000,4018.276524
9.000000,77.500000,3568.254152
10.000000,77.500000,3726.275892
11.000000,77.500000,3887.468593
12.000000,77.500000,4051.832252
9.000000,78.000000,3598.910738
10.000000,78.000000,3757.934631
11.000000,78.000000,3920.140075
12.000000,78.000000,4085.527070
9.000000,78.500000,3630.099231
10.000000,78.500000,3790.105403
11.000000,78.500000,3953.302480
12.000000,78.500000,4119.690463
9.000000,79.000000,3661.422000
10.000000,79.000000,3822.412951
11.000000,79.000000,3986.604157
12.000000,79.000000,4153.995618
9.000000,79.500000,3693.276311
10.000000,79.500000,3855.235111
11.000000,79.500000,4020.402653
9.000000,80.000000,3725.268267
10.000000,80.000000,3888.197218
11.000000,80.000000,4054.343391
