weight_g,47.000000
thrust_N,velocity_m_s,power_W
17.000000,0.000000,611.625125
18.000000,0.000000,669.511247
19.000000,0.000000,729.754742
20.000000,0.000000,792.355610
21.000000,0.000000,857.313851
22.000000,0.000000,929.559709
23.000000,0.000000,1008.152106
24.000000,0.000000,1089.537193
25.000000,0.000000,1173.714970
17.000000,0.500000,613.759405
18.000000,0.500000,671.719395
19.000000,0.500000,732.037035
20.000000,0.500000,794.712325
21.000000,0.500000,859.745265
22.000000,0.500000,932.348276
23.000000,0.500000,1010.996121
24.000000,0.500000,1092.435104
25.000000,0.500000,1176.665224
17.000000,1.000000,615.895557
18.000000,1.000000,673.929449
19.000000,1.000000,734.321268
20.000000,1.000000,797.071014
21.000000,1.000000,862.178685
22.000000,1.000000,935.139065
23.000000,1.000000,1013.842335
24.000000,1.000000,1095.335190
25.000000,1.000000,1179.617632
17.000000,1.500000,618.039168
18.000000,1.500000,676.146954
19.000000,1.500000,736.612924
20.000000,1.500000,799.437078
21.000000,1.500000,864.619417
22.000000,1.500000,937.929803
23.000000,1.500000,1016.682512
24.000000,1.500000,1098.222906
25.000000,1.500000,1182.550987
17.000000,2.000000,620.184667
18.000000,2.000000,678.366380
19.000000,2.000000,738.906534
20.000000,2.000000,801.805130
21.000000,2.000000,867.062167
22.000000,2.000000,940.722762
23.000000,2.000000,1019.524879
24.000000,2.000000,1101.112782
25.000000,2.000000,1185.486470
17.000000,2.500000,622.337615
18.000000,2.500000,680.593243
19.000000,2.500000,741.207552
20.000000,2.500000,804.180540
21.000000,2.500000,869.512208
22.000000,2.500000,943.514537
23.000000,2.500000,1022.360111
24.000000,2.500000,1103.989228
17.000000,3.000000,624.492465
18.000000,3.000000,682.822042
19.000000,3.000000,743.510537
20.000000,3.000000,806.557950
21.000000,3.000000,871.964281
22.000000,3.000000,946.308531
23.000000,3.000000,1025.197524
24.000000,3.000000,1106.867817
17.000000,3.500000,626.661156
18.000000,3.500000,685.063211
19.000000,3.500000,745.824347
20.000000,3.500000,808.944565
21.000000,3.500000,874.423863
22.000000,3.500000,949.100222
23.000000,3.500000,1028.026724
24.000000,3.500000,1109.731944
17.000000,4.000000,628.831755
18.000000,4.000000,687.306324
19.000000,4.000000,748.140136
20.000000,4.000000,811.333191
21.000000,4.000000,876.885490
22.000000,4.000000,951.894130
23.000000,4.000000,1030.858093
24.000000,4.000000,1112.598194
17.000000,4.500000,631.011081
18.000000,4.500000,689.557574
19.000000,4.500000,750.463581
20.000000,4.500000,813.729103
21.000000,4.500000,879.354139
22.000000,4.500000,954.684635
23.000000,4.500000,1033.680194
24.000000,4.500000,1115.448977
17.000000,5.000000,633.192279
18.000000,5.000000,691.810744
19.000000,5.000000,752.788994
20.000000,5.000000,816.127028
21.000000,5.000000,881.824846
22.000000,5.000000,957.477353
23.000000,5.000000,1036.504452
24.000000,5.000000,1118.301863
17.000000,5.500000,635.402570
18.000000,5.500000,694.092446
19.000000,5.500000,755.142122
20.000000,5.500000,818.551599
21.000000,5.500000,884.320877
22.000000,5.500000,960.281183
23.000000,5.500000,1039.328715
24.000000,5.500000,1121.142935
17.000000,6.000000,637.614844
18.000000,6.000000,696.376163
19.000000,6.000000,757.497299
20.000000,6.000000,820.978251
21.000000,6.000000,886.819020
22.000000,6.000000,963.087250
23.000000,6.000000,1042.155140
24.000000,6.000000,1123.986095
17.000000,6.500000,639.839884
18.000000,6.500000,698.708611
19.000000,6.500000,759.939664
20.000000,6.500000,823.533044
21.000000,6.500000,889.760953
22.000000,6.500000,966.054820
23.000000,6.500000,1045.125044
24.000000,6.500000,1126.953322
17.000000,7.000000,642.066953
18.000000,7.000000,701.043191
19.000000,7.000000,762.384265
20.000000,7.000000,826.090176
21.000000,7.000000,892.705528
22.000000,7.000000,969.024924
23.000000,7.000000,1048.097365
24.000000,7.000000,1129.922851
17.000000,7.500000,644.275237
18.000000,7.500000,703.360444
19.000000,7.500000,764.813129
20.000000,7.500000,828.633291
21.000000,7.500000,895.638734
22.000000,7.500000,971.982032
23.000000,7.500000,1051.074501
24.000000,7.500000,1132.916142
17.000000,8.000000,646.485527
18.000000,8.000000,705.679807
19.000000,8.000000,767.244208
20.000000,8.000000,831.178729
21.000000,8.000000,898.574546
22.000000,8.000000,974.941659
23.000000,8.000000,1054.054072
24.000000,8.000000,1135.911785
17.000000,8.500000,648.677906
18.000000,8.500000,707.982681
19.000000,8.500000,769.660346
20.000000,8.500000,833.710899
21.000000,8.500000,901.482781
22.000000,8.500000,977.880399
23.000000,8.500000,1057.019901
24.000000,8.500000,1138.901287
17.000000,9.000000,650.872268
18.000000,9.000000,710.287644
19.000000,9.000000,772.078680
20.000000,9.000000,836.245375
21.000000,9.000000,904.393579
22.000000,9.000000,980.821629
23.000000,9.000000,1059.988146
24.000000,9.000000,1141.893132
17.000000,9.500000,653.057299
18.000000,9.500000,712.582772
19.000000,9.500000,774.486649
20.000000,9.500000,838.768931
21.000000,9.500000,907.278775
22.000000,9.500000,983.743865
23.000000,9.500000,1062.944452
24.000000,9.500000,1144.880537
16.000000,10.000000,597.989782
17.000000,10.000000,655.244305
18.000000,10.000000,714.879979
19.000000,10.000000,776.896803
20.000000,10.000000,841.294778
21.000000,10.000000,910.166494
22.000000,10.000000,986.668562
23.000000,10.000000,1065.903157
24.000000,10.000000,1147.870280
16.000000,10.500000,600.215307
17.000000,10.500000,657.548029
18.000000,10.500000,717.262082
19.000000,10.500000,779.357466
20.000000,10.500000,843.834181
21.000000,10.500000,913.030519
22.000000,10.500000,989.576100
23.000000,10.500000,1068.851675
24.000000,10.500000,1150.857244
16.000000,11.000000,602.443020
17.000000,11.000000,659.853977
18.000000,11.000000,719.646443
19.000000,11.000000,781.820421
20.000000,11.000000,846.375908
21.000000,11.000000,915.897030
22.000000,11.000000,992.486074
23.000000,11.000000,1071.802578
24.000000,11.000000,1153.846543
16.000000,11.500000,604.702628
17.000000,11.500000,662.219033
18.000000,11.500000,722.118993
19.000000,11.500000,784.402507
20.000000,11.500000,849.069576
21.000000,11.500000,918.926174
22.000000,11.500000,995.514507
23.000000,11.500000,1074.824706
24.000000,11.500000,1156.856773
16.000000,12.000000,606.964505
17.000000,12.000000,664.586447
18.000000,12.000000,724.593989
19.000000,12.000000,786.987129
20.000000,12.000000,851.765868
21.000000,12.000000,921.958105
22.000000,12.000000,998.545583
23.000000,12.000000,1077.849338
24.000000,12.000000,1159.869370
16.000000,12.500000,609.248905
17.000000,12.500000,667.016175
18.000000,12.500000,727.173938
19.000000,12.500000,789.722194
20.000000,12.500000,854.660944
21.000000,12.500000,925.205739
22.000000,12.500000,1001.775723
23.000000,12.500000,1081.054995
24.000000,12.500000,1163.043555
16.000000,13.000000,611.535622
17.000000,13.000000,669.448393
18.000000,13.000000,729.756557
19.000000,13.000000,792.460114
20.000000,13.000000,857.559063
21.000000,13.000000,928.456587
22.000000,13.000000,1005.008880
23.000000,13.000000,1084.263480
24.000000,13.000000,1166.220386
16.000000,13.500000,613.839981
17.000000,13.500000,671.899445
18.000000,13.500000,732.359240
19.000000,13.500000,795.219369
20.000000,13.500000,860.479830
21.000000,13.500000,931.719811
22.000000,13.500000,1008.287802
23.000000,13.500000,1087.553260
24.000000,13.500000,1169.516185
16.000000,14.000000,616.146696
17.000000,14.000000,674.353027
18.000000,14.000000,734.964637
19.000000,14.000000,797.981524
20.000000,14.000000,863.403688
21.000000,14.000000,934.986277
22.000000,14.000000,1011.569842
23.000000,14.000000,1090.846036
24.000000,14.000000,1172.814858
16.000000,14.500000,618.482237
17.000000,14.500000,676.847908
18.000000,14.500000,737.624500
19.000000,14.500000,800.812013
20.000000,14.500000,866.410446
21.000000,14.500000,938.312162
22.000000,14.500000,1014.899736
23.000000,14.500000,1094.174482
24.000000,14.500000,1176.136399
16.000000,15.000000,620.820197
17.000000,15.000000,679.345397
18.000000,15.000000,740.287169
19.000000,15.000000,803.645511
20.000000,15.000000,869.420424
21.000000,15.000000,941.641358
22.000000,15.000000,1018.232805
23.000000,15.000000,1097.505969
24.000000,15.000000,1179.460849
16.000000,15.500000,623.322583
17.000000,15.500000,681.987408
18.000000,15.500000,743.072378
19.000000,15.500000,806.577493
20.000000,15.500000,872.502754
21.000000,15.500000,945.005973
22.000000,15.500000,1021.596233
23.000000,15.500000,1100.862560
24.000000,15.500000,1182.804954
16.000000,16.000000,625.827780
17.000000,16.000000,684.632354
18.000000,16.000000,745.860651
19.000000,16.000000,809.512670
20.000000,16.000000,875.588412
21.000000,16.000000,948.373925
22.000000,16.000000,1024.962864
23.000000,16.000000,1104.222223
24.000000,16.000000,1186.152000
16.000000,16.500000,628.411820
17.000000,16.500000,687.337480
18.000000,16.500000,748.688900
19.000000,16.500000,812.466080
20.000000,16.500000,878.669021
21.000000,16.500000,951.716851
22.000000,16.500000,1028.318237
23.000000,16.500000,1107.585233
16.000000,17.000000,630.998854
17.000000,17.000000,690.045681
18.000000,17.000000,751.520306
19.000000,17.000000,815.422730
20.000000,17.000000,881.752953
21.000000,17.000000,955.063079
22.000000,17.000000,1031.676801
23.000000,17.000000,1110.951328
16.000000,17.500000,633.579190
17.000000,17.500000,692.767087
18.000000,17.500000,754.386419
19.000000,17.500000,818.437186
20.000000,17.500000,884.919387
21.000000,17.500000,958.467962
22.000000,17.500000,1035.082332
23.000000,17.500000,1114.351604
16.000000,18.000000,636.162522
17.000000,18.000000,695.491634
18.000000,18.000000,757.255819
19.000000,18.000000,821.455077
20.000000,18.000000,888.089408
21.000000,18.000000,961.876339
22.000000,18.000000,1038.491192
23.000000,18.000000,1117.755047
16.000000,18.500000,638.735074
17.000000,18.500000,698.212628
18.000000,18.500000,760.129480
19.000000,18.500000,824.485631
20.000000,18.500000,891.396549
21.000000,18.500000,965.270593
22.000000,18.500000,1041.876728
23.000000,18.500000,1121.125489
16.000000,19.000000,641.310611
17.000000,19.000000,700.936771
18.000000,19.000000,763.006459
19.000000,19.000000,827.519676
20.000000,19.000000,894.707369
21.000000,19.000000,968.668354
22.000000,19.000000,1045.265592
23.000000,19.000000,1124.499082
16.000000,19.500000,643.885527
17.000000,19.500000,703.658064
18.000000,19.500000,765.878153
19.000000,19.500000,830.545795
20.000000,19.500000,898.070415
21.000000,19.500000,972.061042
22.000000,19.500000,1048.683813
23.000000,19.500000,1127.938727
16.000000,20.000000,646.463448
17.000000,20.000000,706.382518
18.000000,20.000000,768.753167
19.000000,20.000000,833.575395
20.000000,20.000000,901.437080
21.000000,20.000000,975.457254
22.000000,20.000000,1052.105462
23.000000,20.000000,1131.381704
16.000000,20.500000,649.089691
17.000000,20.500000,709.141576
18.000000,20.500000,771.647701
19.000000,20.500000,836.608067
20.000000,20.500000,904.769563
21.000000,20.500000,978.824272
22.000000,20.500000,1055.503277
23.000000,20.500000,1134.806580
16.000000,21.000000,651.719144
17.000000,21.000000,711.903943
18.000000,21.000000,774.545644
19.000000,21.000000,839.644249
20.000000,21.000000,908.105603
21.000000,21.000000,982.194763
22.000000,21.000000,1058.904482
23.000000,21.000000,1138.234761
16.000000,21.500000,654.331571
17.000000,21.500000,714.650218
18.000000,21.500000,777.428465
19.000000,21.500000,842.666311
20.000000,21.500000,911.408595
21.000000,21.500000,985.534262
22.000000,21.500000,1062.276936
23.000000,21.500000,1141.636619
15.000000,22.000000,598.956901
16.000000,22.000000,656.947194
17.000000,22.000000,717.399783
18.000000,22.000000,780.314671
19.000000,22.000000,845.691855
20.000000,22.000000,914.715085
21.000000,22.000000,988.877181
22.000000,22.000000,1065.652732
23.000000,22.000000,1145.041740
15.000000,22.500000,601.455230
16.000000,22.500000,659.581239
17.000000,22.500000,720.172639
18.000000,22.500000,783.229431
19.000000,22.500000,848.751615
20.000000,22.500000,918.038261
21.000000,22.500000,992.226275
22.000000,22.500000,1069.023388
23.000000,22.500000,1148.429598
15.000000,23.000000,603.956687
16.000000,23.000000,662.218526
17.000000,23.000000,722.948852
18.000000,23.000000,786.147666
19.000000,23.000000,851.814968
20.000000,23.000000,921.365018
21.000000,23.000000,995.578838
22.000000,23.000000,1072.397398
23.000000,23.000000,1151.820698
15.000000,23.500000,606.468702
16.000000,23.500000,664.848245
17.000000,23.500000,725.698296
18.000000,23.500000,789.018855
19.000000,23.500000,854.809923
20.000000,23.500000,924.596019
21.000000,23.500000,998.854856
22.000000,23.500000,1075.715000
23.000000,23.500000,1155.176451
15.000000,24.000000,608.983870
16.000000,24.000000,667.481215
17.000000,24.000000,728.451089
18.000000,24.000000,791.893493
19.000000,24.000000,857.808426
20.000000,24.000000,927.830533
21.000000,24.000000,1002.134279
22.000000,24.000000,1079.035902
23.000000,24.000000,1158.535401
15.000000,24.500000,611.475776
16.000000,24.500000,670.097686
17.000000,24.500000,731.194597
18.000000,24.500000,794.766510
19.000000,24.500000,860.813424
20.000000,24.500000,931.067425
21.000000,24.500000,1005.427014
22.000000,24.500000,1082.381837
23.000000,24.500000,1161.931891
15.000000,25.000000,613.970826
16.000000,25.000000,672.717405
17.000000,25.000000,733.941459
18.000000,25.000000,797.642988
19.000000,25.000000,863.821991
20.000000,25.000000,934.307839
21.000000,25.000000,1008.723197
22.000000,25.000000,1085.731145
23.000000,25.000000,1165.331682
15.000000,25.500000,616.335194
16.000000,25.500000,675.236752
17.000000,25.500000,736.620324
18.000000,25.500000,800.485910
19.000000,25.500000,866.833510
20.000000,25.500000,937.567072
21.000000,25.500000,1012.064033
22.000000,25.500000,1089.152729
23.000000,25.500000,1168.833160
15.000000,26.000000,618.702571
16.000000,26.000000,677.759248
17.000000,26.000000,739.302482
18.000000,26.000000,803.332272
19.000000,26.000000,869.848617
20.000000,26.000000,940.829877
21.000000,26.000000,1015.408440
22.000000,26.000000,1092.577882
23.000000,26.000000,1172.338203
15.000000,26.500000,621.088580
16.000000,26.500000,680.300982
17.000000,26.500000,742.004651
18.000000,26.500000,806.199588
19.000000,26.500000,872.885794
20.000000,26.500000,944.097728
21.000000,26.500000,1018.755335
22.000000,26.500000,1096.002834
23.000000,26.500000,1175.840227
15.000000,27.000000,623.477578
16.000000,27.000000,682.845856
17.000000,27.000000,744.710119
18.000000,27.000000,809.070366
19.000000,27.000000,875.926596
20.000000,27.000000,947.369164
21.000000,27.000000,1022.105810
22.000000,27.000000,1099.431362
23.000000,27.000000,1179.345820
15.000000,27.500000,625.884877
16.000000,27.500000,685.415086
17.000000,27.500000,747.446437
18.000000,27.500000,811.978932
19.000000,27.500000,879.012571
20.000000,27.500000,950.663018
21.000000,27.500000,1025.467319
22.000000,27.500000,1102.858767
23.000000,27.500000,1182.837361
15.000000,28.000000,628.295201
16.000000,28.000000,687.987510
17.000000,28.000000,750.186127
18.000000,28.000000,814.891052
19.000000,28.000000,882.102284
20.000000,28.000000,953.960518
21.000000,28.000000,1028.832442
22.000000,28.000000,1106.289752
23.000000,28.000000,1186.332447
24.000000,28.000000,1279.028755
25.000000,28.000000,1376.268637
26.000000,28.000000,1476.664886
15.000000,28.500000,630.746460
16.000000,28.500000,690.629714
17.000000,28.500000,753.026618
18.000000,28.500000,817.937173
19.000000,28.500000,885.361379
20.000000,28.500000,957.380494
21.000000,28.500000,1032.278758
22.000000,28.500000,1109.757676
23.000000,28.500000,1189.817246
24.000000,28.500000,1283.065928
25.000000,28.500000,1380.405458
26.000000,28.500000,1480.900273
15.000000,29.000000,633.200851
16.000000,29.000000,693.275306
17.000000,29.000000,755.870764
18.000000,29.000000,820.987226
19.000000,29.000000,888.624692
20.000000,29.000000,960.804449
21.000000,29.000000,1035.728901
22.000000,29.000000,1113.229275
23.000000,29.000000,1193.305573
24.000000,29.000000,1287.107211
25.000000,29.000000,1384.546356
26.000000,29.000000,1485.139704
15.000000,29.500000,635.811881
16.000000,29.500000,696.085637
17.000000,29.500000,758.887929
18.000000,29.500000,824.218755
19.000000,29.500000,892.093787
20.000000,29.500000,964.393840
21.000000,29.500000,1039.349073
22.000000,29.500000,1116.875173
23.000000,29.500000,1197.215531
24.000000,29.500000,1291.298999
25.000000,29.500000,1388.773985
26.000000,29.500000,1489.398667
15.000000,30.000000,638.426455
16.000000,30.000000,698.899794
17.000000,30.000000,761.909210
18.000000,30.000000,827.454703
19.000000,30.000000,895.567577
20.000000,30.000000,967.987585
21.000000,30.000000,1042.973408
22.000000,30.000000,1120.525046
23.000000,30.000000,1201.129619
24.000000,30.000000,1295.495122
25.000000,30.000000,1393.005815
26.000000,30.000000,1493.661699
15.000000,30.500000,641.347898
16.000000,30.500000,701.951140
17.000000,30.500000,765.091941
18.000000,30.500000,830.770302
19.000000,30.500000,899.095668
20.000000,30.500000,971.590615
21.000000,30.500000,1046.648917
22.000000,30.500000,1124.270573
23.000000,30.500000,1205.436971
24.000000,30.500000,1299.796012
25.000000,30.500000,1397.292640
26.000000,30.500000,1497.926855
15.000000,31.000000,644.273746
16.000000,31.000000,705.006966
17.000000,31.000000,768.279228
18.000000,31.000000,834.090531
19.000000,31.000000,902.628229
20.000000,31.000000,975.198023
21.000000,31.000000,1050.328712
22.000000,31.000000,1128.020295
23.000000,31.000000,1209.749144
24.000000,31.000000,1304.101468
25.000000,31.000000,1401.583781
26.000000,31.000000,1502.196083
15.000000,31.500000,647.179485
16.000000,31.500000,708.043869
17.000000,31.500000,771.448912
18.000000,31.500000,837.394615
19.000000,31.500000,906.156222
20.000000,31.500000,978.910885
21.000000,31.500000,1054.231016
22.000000,31.500000,1132.116616
23.000000,31.500000,1214.518445
24.000000,31.500000,1308.716891
25.000000,31.500000,1406.028148
15.000000,32.000000,650.089572
16.000000,32.000000,711.085198
17.000000,32.000000,774.623102
18.000000,32.000000,840.703285
19.000000,32.000000,909.688673
20.000000,32.000000,982.628394
21.000000,32.000000,1058.138161
22.000000,32.000000,1136.217974
23.000000,32.000000,1219.293695
24.000000,32.000000,1313.337591
25.000000,32.000000,1410.477160
15.000000,32.500000,652.980563
16.000000,32.500000,714.108582
17.000000,32.500000,777.780630
18.000000,32.500000,843.996706
19.000000,32.500000,913.215270
20.000000,32.500000,986.341203
21.000000,32.500000,1062.041838
22.000000,32.500000,1140.317175
23.000000,32.500000,1224.002006
24.000000,32.500000,1317.918009
25.000000,32.500000,1414.914512
15.000000,33.000000,655.875847
16.000000,33.000000,717.136343
17.000000,33.000000,780.942617
18.000000,33.000000,847.294670
19.000000,33.000000,916.746310
20.000000,33.000000,990.058646
21.000000,33.000000,1065.950345
22.000000,33.000000,1144.421408
23.000000,33.000000,1228.716107
24.000000,33.000000,1322.503638
25.000000,33.000000,1419.356528
15.000000,33.500000,658.754369
16.000000,33.500000,720.182599
17.000000,33.500000,784.161012
18.000000,33.500000,850.689606
19.000000,33.500000,920.399890
20.000000,33.500000,993.867283
21.000000,33.500000,1069.916218
22.000000,33.500000,1148.546695
23.000000,33.500000,1233.388906
24.000000,33.500000,1327.115988
25.000000,33.500000,1423.897735
14.000000,34.000000,602.595658
15.000000,34.000000,661.637220
16.000000,34.000000,723.233370
17.000000,34.000000,787.384110
18.000000,34.000000,854.089440
19.000000,34.000000,924.058313
20.000000,34.000000,997.680846
21.000000,34.000000,1073.887100
22.000000,34.000000,1152.677075
23.000000,34.000000,1238.067413
24.000000,34.000000,1331.733662
25.000000,34.000000,1428.443894
14.000000,34.500000,605.261099
15.000000,34.500000,664.493014
16.000000,34.500000,726.286006
17.000000,34.500000,790.640077
18.000000,34.500000,857.555226
19.000000,34.500000,927.786876
20.000000,34.500000,1001.544010
21.000000,34.500000,1077.885394
22.000000,34.500000,1156.811026
23.000000,34.500000,1242.691972
24.000000,34.500000,1336.300337
25.000000,34.500000,1432.942281
14.000000,35.000000,607.930642
15.000000,35.000000,667.353164
16.000000,35.000000,729.343261
17.000000,35.000000,793.900932
18.000000,35.000000,861.026177
19.000000,35.000000,931.520532
20.000000,35.000000,1005.412272
21.000000,35.000000,1081.888788
22.000000,35.000000,1160.950082
23.000000,35.000000,1247.322119
24.000000,35.000000,1340.872228
25.000000,35.000000,1437.445524
14.000000,35.500000,610.539149
15.000000,35.500000,670.169019
16.000000,35.500000,732.374042
17.000000,35.500000,797.154217
18.000000,35.500000,864.509545
19.000000,35.500000,935.256016
20.000000,35.500000,1009.277349
21.000000,35.500000,1085.883673
22.000000,35.500000,1165.074988
23.000000,35.500000,1251.897197
24.000000,35.500000,1345.392987
25.000000,35.500000,1441.901829
14.000000,36.000000,613.151720
15.000000,36.000000,672.989215
16.000000,36.000000,735.409449
17.000000,36.000000,800.412424
18.000000,36.000000,867.998138
19.000000,36.000000,938.996605
20.000000,36.000000,1013.147521
21.000000,36.000000,1089.883644
22.000000,36.000000,1169.204972
23.000000,36.000000,1256.477759
24.000000,36.000000,1349.918867
25.000000,36.000000,1446.362903
14.000000,36.500000,615.766232
15.000000,36.500000,675.817841
16.000000,36.500000,738.460246
17.000000,36.500000,803.693447
18.000000,36.500000,871.517444
19.000000,36.500000,942.743034
20.000000,36.500000,1017.013923
21.000000,36.500000,1093.869858
22.000000,36.500000,1173.310841
23.000000,36.500000,1260.997254
24.000000,36.500000,1354.390650
25.000000,36.500000,1450.777036
14.000000,37.000000,618.384806
15.000000,37.000000,678.650823
16.000000,37.000000,741.515701
17.000000,37.000000,806.979442
18.000000,37.000000,875.042044
19.000000,37.000000,946.494577
20.000000,37.000000,1020.885427
21.000000,37.000000,1097.861166
22.000000,37.000000,1177.421792
23.000000,37.000000,1265.522169
24.000000,37.000000,1358.867482
25.000000,37.000000,1455.195858
14.000000,37.500000,621.007146
15.000000,37.500000,681.494164
16.000000,37.500000,744.588581
17.000000,37.500000,810.290397
18.000000,37.500000,878.599613
19.000000,37.500000,950.248184
20.000000,37.500000,1024.748233
21.000000,37.500000,1101.832835
22.000000,37.500000,1181.501990
23.000000,37.500000,1269.986598
24.000000,37.500000,1363.291784
25.000000,37.500000,1459.569929
14.000000,38.000000,623.633550
15.000000,38.000000,684.341879
16.000000,38.000000,747.666155
17.000000,38.000000,813.606379
18.000000,38.000000,882.162550
19.000000,38.000000,954.006934
20.000000,38.000000,1028.616193
21.000000,38.000000,1105.809668
22.000000,38.000000,1185.587360
23.000000,38.000000,1274.456459
24.000000,38.000000,1367.721107
25.000000,38.000000,1463.948625
14.000000,38.500000,626.360019
15.000000,38.500000,687.275246
16.000000,38.500000,750.813270
17.000000,38.500000,816.974092
18.000000,38.500000,885.757711
19.000000,38.500000,957.763993
20.000000,38.500000,1032.478018
21.000000,38.500000,1109.775742
22.000000,38.500000,1189.657168
23.000000,38.500000,1278.942470
24.000000,38.500000,1372.238928
25.000000,38.500000,1468.492409
14.000000,39.000000,629.090905
15.000000,39.000000,690.213272
16.000000,39.000000,753.965292
17.000000,39.000000,820.346966
18.000000,39.000000,889.358293
19.000000,39.000000,961.526165
20.000000,39.000000,1036.344963
21.000000,39.000000,1113.746945
22.000000,39.000000,1193.732110
23.000000,39.000000,1283.433951
24.000000,39.000000,1376.761978
25.000000,39.000000,1473.041186
14.000000,39.500000,631.828153
15.000000,39.500000,693.149282
16.000000,39.500000,757.106612
17.000000,39.500000,823.700143
18.000000,39.500000,892.929876
19.000000,39.500000,965.244019
20.000000,39.500000,1040.176949
21.000000,39.500000,1117.692451
22.000000,39.500000,1197.816431
23.000000,39.500000,1287.923153
24.000000,39.500000,1381.315217
25.000000,39.500000,1477.654871
14.000000,40.000000,634.569907
15.000000,40.000000,696.090052
16.000000,40.000000,760.252952
17.000000,40.000000,827.058609
18.000000,40.000000,896.507023
19.000000,40.000000,968.967076
20.000000,40.000000,1044.014103
21.000000,40.000000,1121.643088
22.000000,40.000000,1201.905884
23.000000,40.000000,1292.417847
24.000000,40.000000,1385.873811
25.000000,40.000000,1482.273779
14.000000,40.500000,637.307028
15.000000,40.500000,699.033880
16.000000,40.500000,763.410329
17.000000,40.500000,830.436374
18.000000,40.500000,900.119280
19.000000,40.500000,972.691620
20.000000,40.500000,1047.847496
21.000000,40.500000,1125.584426
22.000000,40.500000,1206.308098
23.000000,40.500000,1296.903973
24.000000,40.500000,1390.441433
25.000000,40.500000,1486.920479
14.000000,41.000000,640.048713
15.000000,41.000000,701.982529
16.000000,41.000000,766.572787
17.000000,41.000000,833.819488
18.000000,41.000000,903.736822
19.000000,41.000000,976.421353
20.000000,41.000000,1051.686031
21.000000,41.000000,1129.530858
22.000000,41.000000,1210.715874
23.000000,41.000000,1301.395581
24.000000,41.000000,1395.014456
25.000000,41.000000,1491.572502
14.000000,41.500000,642.811106
15.000000,41.500000,704.953837
16.000000,41.500000,769.759947
17.000000,41.500000,837.229435
18.000000,41.500000,907.364008
19.000000,41.500000,980.165333
20.000000,41.500000,1055.546447
21.000000,41.500000,1133.507349
22.000000,41.500000,1215.157118
23.000000,41.500000,1305.917970
24.000000,41.500000,1399.615221
25.000000,41.500000,1496.248869
14.000000,42.000000,645.578107
15.000000,42.000000,707.930013
16.000000,42.000000,772.952240
17.000000,42.000000,840.644788
18.000000,42.000000,910.996431
19.000000,42.000000,983.914532
20.000000,42.000000,1059.412060
21.000000,42.000000,1137.489017
22.000000,42.000000,1219.604033
23.000000,42.000000,1310.445931
24.000000,42.000000,1404.221455
25.000000,42.000000,1500.930605
14.000000,42.500000,648.387857
15.000000,42.500000,710.945516
16.000000,42.500000,776.180010
17.000000,42.500000,844.091340
18.000000,42.500000,914.642755
19.000000,42.500000,987.706348
20.000000,42.500000,1063.351014
21.000000,42.500000,1141.576753
22.000000,42.500000,1224.175444
23.000000,42.500000,1315.067560
24.000000,42.500000,1408.888205
25.000000,42.500000,1505.637379
14.000000,43.000000,651.202341
15.000000,43.000000,713.965997
16.000000,43.000000,779.413008
17.000000,43.000000,847.543375
18.000000,43.000000,918.294348
19.000000,43.000000,991.503510
20.000000,43.000000,1067.295390
21.000000,43.000000,1145.669989
22.000000,43.000000,1228.752913
23.000000,43.000000,1319.695029
24.000000,43.000000,1413.560580
25.000000,43.000000,1510.349567
14.000000,43.500000,654.154934
15.000000,43.500000,717.095145
16.000000,43.500000,782.722411
17.000000,43.500000,851.036732
18.000000,43.500000,921.951042
19.000000,43.500000,995.312082
20.000000,43.500000,1071.258049
21.000000,43.500000,1149.788942
22.000000,43.500000,1233.343032
23.000000,43.500000,1324.337063
24.000000,43.500000,1418.248992
14.000000,44.000000,657.112767
15.000000,44.000000,720.229669
16.000000,44.000000,786.037324
17.000000,44.000000,854.535733
18.000000,44.000000,925.613072
19.000000,44.000000,999.126101
20.000000,44.000000,1075.226266
21.000000,44.000000,1153.913567
22.000000,44.000000,1237.939356
23.000000,44.000000,1328.985039
24.000000,44.000000,1422.943088
14.000000,44.500000,660.153896
15.000000,44.500000,723.466404
16.000000,44.500000,789.474702
17.000000,44.500000,858.178789
18.000000,44.500000,929.410067
19.000000,44.500000,1003.044807
20.000000,44.500000,1079.266443
21.000000,44.500000,1158.074973
22.000000,44.500000,1242.524837
23.000000,44.500000,1333.607849
24.000000,44.500000,1427.597200
13.000000,45.000000,602.393074
14.000000,45.000000,663.200564
15.000000,45.000000,726.708882
16.000000,45.000000,792.918028
17.000000,45.000000,861.828001
18.000000,45.000000,933.212866
19.000000,45.000000,1006.969309
20.000000,45.000000,1083.312408
21.000000,45.000000,1162.242162
22.000000,45.000000,1247.116496
23.000000,45.000000,1338.236565
24.000000,45.000000,1432.256953
13.000000,45.500000,605.337129
14.000000,45.500000,666.344677
15.000000,45.500000,730.058612
16.000000,45.500000,796.478933
17.000000,45.500000,865.605642
18.000000,45.500000,937.117209
19.000000,45.500000,1010.970525
20.000000,45.500000,1087.408248
21.000000,45.500000,1166.430379
22.000000,45.500000,1251.693129
23.000000,45.500000,1342.839385
24.000000,45.500000,1436.879797
13.000000,46.000000,608.286855
14.000000,46.000000,669.494693
15.000000,46.000000,733.414481
16.000000,46.000000,800.046220
17.000000,46.000000,869.389908
18.000000,46.000000,941.027711
19.000000,46.000000,1014.977790
20.000000,46.000000,1091.510028
21.000000,46.000000,1170.624426
22.000000,46.000000,1256.275900
23.000000,46.000000,1347.448085
24.000000,46.000000,1441.508266
13.000000,46.500000,611.254106
14.000000,46.500000,672.659002
15.000000,46.500000,736.781124
16.000000,46.500000,803.620471
17.000000,46.500000,873.177043
18.000000,46.500000,944.919450
19.000000,46.500000,1018.972292
20.000000,46.500000,1095.605463
21.000000,46.500000,1174.818963
22.000000,46.500000,1260.881854
23.000000,46.500000,1352.131400
24.000000,46.500000,1446.266012
13.000000,47.000000,614.227063
14.000000,47.000000,675.829238
15.000000,47.000000,740.153918
16.000000,47.000000,807.201102
17.000000,47.000000,876.970790
18.000000,47.000000,948.817277
19.000000,47.000000,1022.972790
20.000000,47.000000,1099.706802
21.000000,47.000000,1179.019312
22.000000,47.000000,1265.494012
23.000000,47.000000,1356.820811
24.000000,47.000000,1451.029745
13.000000,47.500000,617.104632
14.000000,47.500000,678.924549
15.000000,47.500000,743.473748
16.000000,47.500000,810.752230
17.000000,47.500000,880.759993
18.000000,47.500000,952.701394
19.000000,47.500000,1026.969397
20.000000,47.500000,1103.814888
21.000000,47.500000,1183.237867
22.000000,47.500000,1270.115709
23.000000,47.500000,1361.509206
24.000000,47.500000,1455.781046
13.000000,48.000000,619.987673
14.000000,48.000000,682.025603
15.000000,48.000000,746.799597
16.000000,48.000000,814.309655
17.000000,48.000000,884.555777
18.000000,48.000000,956.591554
19.000000,48.000000,1030.972001
20.000000,48.000000,1107.928925
21.000000,48.000000,1187.462326
22.000000,48.000000,1274.743686
23.000000,48.000000,1366.203722
24.000000,48.000000,1460.538313
13.000000,48.500000,622.718600
14.000000,48.500000,685.009636
15.000000,48.500000,750.046304
16.000000,48.500000,817.828605
17.000000,48.500000,888.356539
18.000000,48.500000,960.477879
19.000000,48.500000,1034.984648
20.000000,48.500000,1112.067862
21.000000,48.500000,1191.727522
22.000000,48.500000,1279.394754
23.000000,48.500000,1370.904552
24.000000,48.500000,1465.283563
13.000000,49.000000,625.454625
14.000000,49.000000,687.999147
15.000000,49.000000,753.298877
16.000000,49.000000,821.353814
17.000000,49.000000,892.163960
18.000000,49.000000,964.370328
19.000000,49.000000,1039.003424
20.000000,49.000000,1116.212933
21.000000,49.000000,1195.998856
22.000000,49.000000,1284.052268
23.000000,49.000000,1375.611578
24.000000,49.000000,1470.034765
13.000000,49.500000,628.174027
14.000000,49.500000,690.980046
15.000000,49.500000,756.551450
16.000000,49.500000,824.888239
17.000000,49.500000,895.990411
18.000000,49.500000,968.260489
19.000000,49.500000,1043.030752
20.000000,49.500000,1120.378132
21.000000,49.500000,1200.302628
22.000000,49.500000,1288.716888
23.000000,49.500000,1380.313021
24.000000,49.500000,1474.766712
13.000000,50.000000,630.898488
14.000000,50.000000,693.966412
15.000000,50.000000,759.809903
16.000000,50.000000,828.428962
17.000000,50.000000,899.823589
18.000000,50.000000,972.156808
19.000000,50.000000,1047.064280
20.000000,50.000000,1124.549572
21.000000,50.000000,1204.612683
22.000000,50.000000,1293.388008
23.000000,50.000000,1385.020659
24.000000,50.000000,1479.504558
13.000000,50.500000,633.577953
14.000000,50.500000,696.881385
15.000000,50.500000,762.969060
16.000000,50.500000,831.840978
17.000000,50.500000,903.406035
18.000000,50.500000,975.920894
19.000000,50.500000,1051.015036
20.000000,50.500000,1128.690251
21.000000,50.500000,1209.235715
22.000000,50.500000,1298.055330
23.000000,50.500000,1389.722899
24.000000,50.500000,1484.235381
13.000000,51.000000,636.262371
14.000000,51.000000,699.801665
15.000000,51.000000,766.133884
16.000000,51.000000,835.259030
17.000000,51.000000,906.994315
18.000000,51.000000,979.690934
19.000000,51.000000,1054.971878
20.000000,51.000000,1132.837147
21.000000,51.000000,1213.865546
22.000000,51.000000,1302.729145
23.000000,51.000000,1394.431327
24.000000,51.000000,1488.972093
13.000000,51.500000,638.969125
14.000000,51.500000,702.744543
15.000000,51.500000,769.321541
16.000000,51.500000,838.700120
17.000000,51.500000,910.589923
18.000000,51.500000,983.473173
19.000000,51.500000,1058.944151
20.000000,51.500000,1137.002858
21.000000,51.500000,1218.493334
22.000000,51.500000,1307.427829
23.000000,51.500000,1399.197039
24.000000,51.500000,1493.800964
13.000000,52.000000,641.680886
14.000000,52.000000,705.692780
15.000000,52.000000,772.514917
16.000000,52.000000,842.147298
17.000000,52.000000,914.191363
18.000000,52.000000,987.261382
19.000000,52.000000,1062.922532
20.000000,52.000000,1141.174813
21.000000,52.000000,1223.127893
22.000000,52.000000,1312.133112
23.000000,52.000000,1403.969179
24.000000,52.000000,1498.636092
13.000000,52.500000,644.413491
14.000000,52.500000,708.665053
15.000000,52.500000,775.735129
16.000000,52.500000,845.623721
17.000000,52.500000,917.809787
18.000000,52.500000,991.067923
19.000000,52.500000,1066.920653
20.000000,52.500000,1145.367977
21.000000,52.500000,1227.755535
22.000000,52.500000,1316.825063
23.000000,52.500000,1408.721490
24.000000,52.500000,1503.444818
13.000000,53.000000,647.151251
14.000000,53.000000,711.642819
15.000000,53.000000,778.961176
16.000000,53.000000,849.106323
17.000000,53.000000,921.434065
18.000000,53.000000,994.880460
19.000000,53.000000,1070.924910
20.000000,53.000000,1149.567416
21.000000,53.000000,1232.389920
22.000000,53.000000,1321.523587
23.000000,53.000000,1413.480209
24.000000,53.000000,1508.259786
13.000000,53.500000,649.913484
14.000000,53.500000,714.649328
15.000000,53.500000,782.220304
16.000000,53.500000,852.626413
17.000000,53.500000,925.086970
18.000000,53.500000,998.729598
19.000000,53.500000,1074.974265
20.000000,53.500000,1153.820971
21.000000,53.500000,1237.052088
22.000000,53.500000,1326.234623
23.000000,53.500000,1418.235042
24.000000,53.500000,1513.053347
13.000000,54.000000,652.680992
14.000000,54.000000,717.661459
15.000000,54.000000,785.485403
16.000000,54.000000,856.152824
17.000000,54.000000,928.745847
18.000000,54.000000,1002.584878
19.000000,54.000000,1079.029932
20.000000,54.000000,1158.081011
21.000000,54.000000,1241.721161
22.000000,54.000000,1330.952332
23.000000,54.000000,1422.996321
24.000000,54.000000,1517.853129
13.000000,54.500000,655.505979
14.000000,54.500000,720.728355
15.000000,54.500000,788.802334
16.000000,54.500000,859.727917
17.000000,54.500000,932.443882
18.000000,54.500000,1006.493073
19.000000,54.500000,1083.153224
20.000000,54.500000,1162.424337
21.000000,54.500000,1246.442677
22.000000,54.500000,1335.702704
23.000000,54.500000,1427.768597
13.000000,55.000000,658.336437
14.000000,55.000000,723.801067
15.000000,55.000000,792.125431
16.000000,55.000000,863.309527
17.000000,55.000000,936.148078
18.000000,55.000000,1010.407654
19.000000,55.000000,1087.283131
20.000000,55.000000,1166.774510
21.000000,55.000000,1251.171383
22.000000,55.000000,1340.459919
23.000000,55.000000,1432.547376
13.000000,55.500000,661.231667
14.000000,55.500000,726.934595
15.000000,55.500000,795.504980
16.000000,55.500000,866.942824
17.000000,55.500000,939.891952
18.000000,55.500000,1014.363731
19.000000,55.500000,1091.456230
20.000000,55.500000,1171.169448
21.000000,55.500000,1255.901696
22.000000,55.500000,1345.213232
23.000000,55.500000,1437.316330
13.000000,56.000000,664.132594
14.000000,56.000000,730.074155
15.000000,56.000000,798.890903
16.000000,56.000000,870.582836
17.000000,56.000000,943.642149
18.000000,56.000000,1018.326351
19.000000,56.000000,1095.636093
20.000000,56.000000,1175.571375
21.000000,56.000000,1260.639206
22.000000,56.000000,1349.973371
23.000000,56.000000,1442.091749
13.000000,56.500000,667.062120
14.000000,56.500000,733.249555
15.000000,56.500000,802.320659
16.000000,56.500000,874.275433
17.000000,56.500000,947.436877
18.000000,56.500000,1022.331689
19.000000,56.500000,1099.856365
20.000000,56.500000,1180.010904
21.000000,56.500000,1265.369119
22.000000,56.500000,1354.722959
23.000000,56.500000,1446.853476
12.000000,57.000000,606.455910
13.000000,57.000000,669.997433
14.000000,57.000000,736.431118
15.000000,57.000000,805.756962
16.000000,57.000000,877.974968
17.000000,57.000000,951.238119
18.000000,57.000000,1026.343736
19.000000,57.000000,1104.083539
20.000000,57.000000,1184.457529
21.000000,57.000000,1270.106194
22.000000,57.000000,1359.479327
23.000000,57.000000,1451.621612
12.000000,57.500000,609.176691
13.000000,57.500000,672.958937
14.000000,57.500000,739.641128
15.000000,57.500000,809.223264
16.000000,57.500000,881.705344
17.000000,57.500000,955.060302
18.000000,57.500000,1030.377890
19.000000,57.500000,1108.334022
20.000000,57.500000,1188.928698
21.000000,57.500000,1274.917388
22.000000,57.500000,1364.425988
23.000000,57.500000,1456.703200
12.000000,58.000000,611.903090
13.000000,58.000000,675.926410
14.000000,58.000000,742.857459
15.000000,58.000000,812.696235
16.000000,58.000000,885.442740
17.000000,58.000000,958.889034
18.000000,58.000000,1034.418788
19.000000,58.000000,1112.591444
20.000000,58.000000,1193.407003
21.000000,58.000000,1279.735962
22.000000,58.000000,1369.380002
23.000000,58.000000,1461.792112
12.000000,58.500000,614.657662
13.000000,58.500000,678.923269
14.000000,58.500000,746.104283
15.000000,58.500000,816.200704
16.000000,58.500000,889.212533
17.000000,58.500000,962.740273
18.000000,58.500000,1038.482987
19.000000,58.500000,1116.872946
20.000000,58.500000,1197.910149
21.000000,58.500000,1284.593564
22.000000,58.500000,1374.411056
23.000000,58.500000,1466.998327
12.000000,59.000000,617.417943
13.000000,59.000000,681.926186
14.000000,59.000000,749.357513
15.000000,59.000000,819.711925
16.000000,59.000000,892.989422
17.000000,59.000000,966.598105
18.000000,59.000000,1042.553973
19.000000,59.000000,1121.161429
20.000000,59.000000,1202.420470
21.000000,59.000000,1289.458649
22.000000,59.000000,1379.449683
23.000000,59.000000,1472.212208
12.000000,59.500000,620.178799
13.000000,59.500000,684.945410
14.000000,59.500000,752.644377
15.000000,59.500000,823.275699
16.000000,59.500000,896.839378
17.000000,59.500000,970.525297
18.000000,59.500000,1046.703444
19.000000,59.500000,1125.537732
20.000000,59.500000,1207.110738
21.000000,59.500000,1294.409411
22.000000,59.500000,1384.571412
23.000000,59.500000,1477.506006
12.000000,60.000000,622.945370
13.000000,60.000000,687.970774
14.000000,60.000000,755.937811
15.000000,60.000000,826.846479
16.000000,60.000000,900.696779
17.000000,60.000000,974.459410
18.000000,60.000000,1050.860046
19.000000,60.000000,1129.921377
20.000000,60.000000,1211.808664
21.000000,60.000000,1299.367991
22.000000,60.000000,1389.701013
23.000000,60.000000,1482.807728
12.000000,60.500000,625.709650
13.000000,60.500000,691.003124
14.000000,60.500000,759.248037
15.000000,60.500000,830.444389
16.000000,60.500000,904.450276
17.000000,60.500000,978.444845
18.000000,60.500000,1055.095450
19.000000,60.500000,1134.413465
20.000000,60.500000,1216.717802
21.000000,60.500000,1304.421659
22.000000,60.500000,1394.897862
23.000000,60.500000,1488.146410
12.000000,61.000000,628.479637
13.000000,61.000000,694.041633
14.000000,61.000000,762.564880
15.000000,61.000000,834.049378
16.000000,61.000000,908.210599
17.000000,61.000000,982.437379
18.000000,61.000000,1059.338290
19.000000,61.000000,1138.913330
20.000000,61.000000,1221.635237
21.000000,61.000000,1309.483532
22.000000,61.000000,1400.102822
23.000000,61.000000,1493.493108
12.000000,61.500000,631.285701
13.000000,61.500000,697.127416
14.000000,61.500000,765.941269
15.000000,61.500000,837.727261
16.000000,61.500000,912.030069
17.000000,61.500000,986.494102
18.000000,61.500000,1063.637972
19.000000,61.500000,1143.461681
20.000000,61.500000,1226.567473
21.000000,61.500000,1314.562091
22.000000,61.500000,1405.326400
23.000000,61.500000,1498.860400
12.000000,62.000000,634.097599
13.000000,62.000000,700.219539
14.000000,62.000000,769.324516
15.000000,62.000000,841.412529
16.000000,62.000000,915.856620
17.000000,62.000000,990.558187
18.000000,62.000000,1067.945302
19.000000,62.000000,1148.017965
20.000000,62.000000,1231.508021
21.000000,62.000000,1319.648871
22.000000,62.000000,1410.558106
23.000000,62.000000,1504.235726
12.000000,62.500000,636.949604
13.000000,62.500000,703.355094
14.000000,62.500000,772.753861
15.000000,62.500000,845.145905
16.000000,62.500000,919.717379
17.000000,62.500000,994.657006
18.000000,62.500000,1072.287782
19.000000,62.500000,1152.609706
20.000000,62.500000,1236.460393
21.000000,62.500000,1324.750510
22.000000,62.500000,1415.807844
23.000000,62.500000,1509.632397
12.000000,63.000000,639.807668
13.000000,63.000000,706.497209
14.000000,63.000000,776.190268
15.000000,63.000000,848.886845
16.000000,63.000000,923.585320
17.000000,63.000000,998.763284
18.000000,63.000000,1076.637999
19.000000,63.000000,1157.209465
20.000000,63.000000,1241.421078
21.000000,63.000000,1329.860375
22.000000,63.000000,1421.065722
23.000000,63.000000,1515.037120
12.000000,63.500000,642.700255
13.000000,63.500000,709.675424
14.000000,63.500000,779.664371
15.000000,63.500000,852.667095
16.000000,63.500000,927.478853
17.000000,63.500000,1002.894981
18.000000,63.500000,1081.013351
19.000000,63.500000,1161.833965
20.000000,63.500000,1246.362279
21.000000,63.500000,1334.910636
22.000000,63.500000,1426.222421
12.000000,64.000000,645.598997
13.000000,64.000000,712.860295
14.000000,64.000000,783.145633
15.000000,64.000000,856.455009
16.000000,64.000000,931.379619
17.000000,64.000000,1007.034180
18.000000,64.000000,1085.396478
19.000000,64.000000,1166.466512
20.000000,64.000000,1251.311704
21.000000,64.000000,1339.968977
22.000000,64.000000,1431.387057
12.000000,64.500000,648.478606
13.000000,64.500000,716.013327
14.000000,64.500000,786.581666
15.000000,64.500000,860.183624
16.000000,64.500000,935.214843
17.000000,64.500000,1011.132125
18.000000,64.500000,1089.763682
19.000000,64.500000,1171.109513
20.000000,64.500000,1256.215252
21.000000,64.500000,1344.923914
22.000000,64.500000,1436.388566
12.000000,65.000000,651.364305
13.000000,65.000000,719.172917
14.000000,65.000000,790.024731
15.000000,65.000000,863.919748
16.000000,65.000000,939.057161
17.000000,65.000000,1015.237489
18.000000,65.000000,1094.138626
19.000000,65.000000,1175.760570
20.000000,65.000000,1261.126897
21.000000,65.000000,1349.886709
22.000000,65.000000,1441.397696
12.000000,65.500000,654.234951
13.000000,65.500000,722.318233
14.000000,65.500000,793.454372
15.000000,65.500000,867.643367
16.000000,65.500000,942.880910
17.000000,65.500000,1019.322124
18.000000,65.500000,1098.490906
19.000000,65.500000,1180.387254
20.000000,65.500000,1265.976405
21.000000,65.500000,1354.806646
22.000000,65.500000,1446.383656
12.000000,66.000000,657.111631
13.000000,66.000000,725.470059
14.000000,66.000000,796.891001
15.000000,66.000000,871.374460
16.000000,66.000000,946.711722
17.000000,66.000000,1023.414166
18.000000,66.000000,1102.850936
19.000000,66.000000,1185.022033
20.000000,66.000000,1270.833964
21.000000,66.000000,1359.734402
22.000000,66.000000,1451.377207
12.000000,66.500000,660.006552
13.000000,66.500000,728.638836
14.000000,66.500000,800.342960
15.000000,66.500000,875.118922
16.000000,66.500000,950.541601
17.000000,66.500000,1027.495115
18.000000,66.500000,1107.189605
19.000000,66.500000,1189.625072
20.000000,66.500000,1275.629349
21.000000,66.500000,1364.620735
22.000000,66.500000,1456.350446
12.000000,67.000000,662.907581
13.000000,67.000000,731.814190
14.000000,67.000000,803.801963
15.000000,67.000000,878.870902
16.000000,67.000000,954.378564
17.000000,67.000000,1031.583491
18.000000,67.000000,1111.536048
19.000000,67.000000,1194.236236
20.000000,67.000000,1280.432730
21.000000,67.000000,1369.514842
22.000000,67.000000,1461.331238
12.000000,67.500000,665.815103
13.000000,67.500000,734.986329
14.000000,67.500000,807.247137
15.000000,67.500000,882.597525
16.000000,67.500000,958.194568
17.000000,67.500000,1035.668032
18.000000,67.500000,1115.896378
19.000000,67.500000,1198.879606
20.000000,67.500000,1285.229729
21.000000,67.500000,1374.400628
22.000000,67.500000,1466.301712
11.000000,68.000000,602.390501
12.000000,68.000000,668.728783
13.000000,68.000000,738.165063
14.000000,68.000000,810.699339
15.000000,68.000000,886.331613
16.000000,68.000000,962.017630
17.000000,68.000000,1039.760009
18.000000,68.000000,1120.264524
19.000000,68.000000,1203.531175
20.000000,68.000000,1290.034668
21.000000,68.000000,1379.294130
22.000000,68.000000,1471.279679
11.000000,68.500000,605.066722
12.000000,68.500000,671.665360
13.000000,68.500000,741.370665
14.000000,68.500000,814.182635
15.000000,68.500000,890.101270
16.000000,68.500000,965.874511
17.000000,68.500000,1043.886946
18.000000,68.500000,1124.668763
19.000000,68.500000,1208.223497
20.000000,68.500000,1294.832758
21.000000,68.500000,1384.178858
22.000000,68.500000,1476.246893
11.000000,69.000000,607.748712
12.000000,69.000000,674.608153
13.000000,69.000000,744.582928
14.000000,69.000000,817.673039
15.000000,69.000000,893.878484
16.000000,69.000000,969.738531
17.000000,69.000000,1048.021400
18.000000,69.000000,1129.080898
19.000000,69.000000,1212.924006
20.000000,69.000000,1299.638731
21.000000,69.000000,1389.071242
22.000000,69.000000,1481.221539
11.000000,69.500000,610.525765
12.000000,69.500000,677.623416
13.000000,69.500000,747.842967
14.000000,69.500000,821.184418
15.000000,69.500000,897.645722
16.000000,69.500000,973.602121
17.000000,69.500000,1052.165503
18.000000,69.500000,1133.513161
19.000000,69.500000,1217.627532
20.000000,69.500000,1304.440629
21.000000,69.500000,1393.967862
22.000000,69.500000,1486.209233
11.000000,70.000000,613.308955
12.000000,70.000000,680.645168
13.000000,70.000000,751.109843
14.000000,70.000000,824.702982
15.000000,70.000000,901.420482
16.000000,70.000000,977.472854
17.000000,70.000000,1056.317151
18.000000,70.000000,1137.953373
19.000000,70.000000,1222.339114
20.000000,70.000000,1309.250380
21.000000,70.000000,1398.872137
22.000000,70.000000,1491.204383
11.000000,70.500000,616.174673
12.000000,70.500000,683.716946
13.000000,70.500000,754.391696
14.000000,70.500000,828.198922
15.000000,70.500000,904.968333
16.000000,70.500000,981.315969
17.000000,70.500000,1060.464082
18.000000,70.500000,1142.412672
19.000000,70.500000,1227.070818
20.000000,70.500000,1314.179585
21.000000,70.500000,1404.001936
22.000000,70.500000,1496.537871
11.000000,71.000000,619.046853
12.000000,71.000000,686.795409
13.000000,71.000000,757.680455
14.000000,71.000000,831.701988
15.000000,71.000000,908.522807
16.000000,71.000000,985.166169
17.000000,71.000000,1064.618556
18.000000,71.000000,1146.879968
19.000000,71.000000,1231.810629
20.000000,71.000000,1319.117066
21.000000,71.000000,1409.140184
22.000000,71.000000,1501.879983
11.000000,71.500000,621.826418
12.000000,71.500000,689.810750
13.000000,71.500000,760.937645
14.000000,71.500000,835.207104
15.000000,71.500000,912.113067
16.000000,71.500000,988.997101
17.000000,71.500000,1068.695899
18.000000,71.500000,1151.209460
19.000000,71.500000,1236.371689
20.000000,71.500000,1323.941246
21.000000,71.500000,1414.233498
22.000000,71.500000,1507.248446
11.000000,72.000000,624.612079
12.000000,72.000000,692.832527
13.000000,72.000000,764.201611
14.000000,72.000000,838.719330
15.000000,72.000000,915.710038
16.000000,72.000000,992.835051
17.000000,72.000000,1072.780566
18.000000,72.000000,1155.546584
19.000000,72.000000,1240.940448
20.000000,72.000000,1328.773449
21.000000,72.000000,1419.335164
22.000000,72.000000,1512.625594
11.000000,72.500000,627.361215
12.000000,72.500000,695.818562
13.000000,72.500000,767.430984
14.000000,72.500000,842.198479
15.000000,72.500000,919.263942
16.000000,72.500000,996.587772
17.000000,72.500000,1076.735447
18.000000,72.500000,1159.706967
19.000000,72.500000,1245.340683
20.000000,72.500000,1333.506365
21.000000,72.500000,1424.409828
11.000000,73.000000,630.116293
12.000000,73.000000,698.810895
13.000000,73.000000,770.667008
14.000000,73.000000,845.684633
15.000000,73.000000,922.824454
16.000000,73.000000,1000.347286
17.000000,73.000000,1080.697304
18.000000,73.000000,1163.874507
19.000000,73.000000,1249.748212
20.000000,73.000000,1338.247073
21.000000,73.000000,1429.492781
11.000000,73.500000,632.923400
12.000000,73.500000,701.844153
13.000000,73.500000,773.932095
14.000000,73.500000,849.187225
15.000000,73.500000,926.386014
16.000000,73.500000,1004.112242
17.000000,73.500000,1084.669035
18.000000,73.500000,1168.056393
19.000000,73.500000,1254.197901
20.000000,73.500000,1343.033631
21.000000,73.500000,1434.625384
11.000000,74.000000,635.736628
12.000000,74.000000,704.883843
13.000000,74.000000,777.203923
14.000000,74.000000,852.696869
15.000000,74.000000,929.954183
16.000000,74.000000,1007.883999
17.000000,74.000000,1088.647758
18.000000,74.000000,1172.245459
19.000000,74.000000,1258.654977
20.000000,74.000000,1347.828079
21.000000,74.000000,1439.766382
11.000000,74.500000,638.408732
12.000000,74.500000,707.827322
13.000000,74.500000,780.427847
14.000000,74.500000,856.210306
15.000000,74.500000,933.547097
16.000000,74.500000,1011.678225
17.000000,74.500000,1092.646480
18.000000,74.500000,1176.451861
19.000000,74.500000,1263.153520
20.000000,74.500000,1352.666322
21.000000,74.500000,1444.953556
11.000000,75.000000,641.086396
12.000000,75.000000,710.776856
13.000000,75.000000,783.658319
14.000000,75.000000,859.730787
15.000000,75.000000,937.146679
16.000000,75.000000,1015.479300
17.000000,75.000000,1096.652231
18.000000,75.000000,1180.665473
19.000000,75.000000,1267.659540
20.000000,75.000000,1357.512550
21.000000,75.000000,1450.149222
11.000000,75.500000,643.672813
12.000000,75.500000,713.682105
13.000000,75.500000,786.895487
14.000000,75.500000,863.312961
15.000000,75.500000,940.806122
16.000000,75.500000,1019.327691
17.000000,75.500000,1100.691261
18.000000,75.500000,1184.896831
19.000000,75.500000,1272.206761
20.000000,75.500000,1362.403598
21.000000,75.500000,1455.393423
11.000000,76.000000,646.264426
12.000000,76.000000,716.593236
13.000000,76.000000,790.139236
14.000000,76.000000,866.902426
15.000000,76.000000,944.472461
16.000000,76.000000,1023.183098
17.000000,76.000000,1104.737422
18.000000,76.000000,1189.135433
19.000000,76.000000,1276.761552
20.000000,76.000000,1367.302727
21.000000,76.000000,1460.646218
11.000000,76.500000,648.862809
12.000000,76.500000,719.524289
13.000000,76.500000,793.416583
14.000000,76.500000,870.539692
15.000000,76.500000,948.159849
16.000000,76.500000,1027.058145
17.000000,76.500000,1108.801683
18.000000,76.500000,1193.390464
19.000000,76.500000,1281.306719
20.000000,76.500000,1372.128922
21.000000,76.500000,1465.760652
11.000000,77.000000,651.466398
12.000000,77.000000,722.461284
13.000000,77.000000,796.700617
14.000000,77.000000,874.184396
15.000000,77.000000,951.854172
16.000000,77.000000,1030.940241
17.000000,77.000000,1112.873101
18.000000,77.000000,1197.652754
19.000000,77.000000,1285.859438
20.000000,77.000000,1376.963060
21.000000,77.000000,1470.883426
11.000000,77.500000,654.097927
12.000000,77.500000,725.427376
13.000000,77.500000,800.014915
14.000000,77.500000,877.860544
15.000000,77.500000,955.579166
16.000000,77.500000,1034.896704
17.000000,77.500000,1117.065841
18.000000,77.500000,1202.086575
19.000000,77.500000,1290.537798
20.000000,77.500000,1381.853184
21.000000,77.500000,1475.988264
11.000000,78.000000,656.734750
12.000000,78.000000,728.399500
13.000000,78.000000,803.335991
14.000000,78.000000,881.544222
15.000000,78.000000,959.311193
16.000000,78.000000,1038.860477
17.000000,78.000000,1121.266165
18.000000,78.000000,1206.528257
19.000000,78.000000,1295.224166
20.000000,78.000000,1386.751486
21.000000,78.000000,1481.101449
11.000000,78.500000,659.383964
12.000000,78.500000,731.360103
13.000000,78.500000,806.620488
14.000000,78.500000,885.165116
15.000000,78.500000,963.010318
16.000000,78.500000,1042.857058
17.000000,78.500000,1125.568922
18.000000,78.500000,1211.160656
19.000000,78.500000,1300.035131
20.000000,78.500000,1391.736643
21.000000,78.500000,1486.260811
11.000000,79.000000,662.038501
12.000000,79.000000,734.326682
13.000000,79.000000,809.911625
14.000000,79.000000,888.793328
15.000000,79.000000,966.716405
16.000000,79.000000,1046.861104
17.000000,79.000000,1129.879652
18.000000,79.000000,1215.801469
19.000000,79.000000,1304.854526
20.000000,79.000000,1396.730247
21.000000,79.000000,1491.428635
11.000000,79.500000,664.831576
12.000000,79.500000,737.401428
13.000000,79.500000,813.277328
14.000000,79.500000,892.459278
15.000000,79.500000,970.453561
16.000000,79.500000,1050.899411
17.000000,79.500000,1134.227889
18.000000,79.500000,1220.457184
19.000000,79.500000,1309.690958
20.000000,79.500000,1401.747757
21.000000,79.500000,1496.627580
11.000000,80.000000,667.630510
12.000000,80.000000,740.482554
13.000000,80.000000,816.649937
14.000000,80.000000,896.132660
15.000000,80.000000,974.197760
16.000000,80.000000,1054.945269
17.000000,80.000000,1138.584190
18.000000,80.000000,1225.121300
19.000000,80.000000,1314.535832
20.000000,80.000000,1406.773745
21.000000,80.000000,1501.835038
11.000000,80.500000,670.512814
12.000000,80.500000,743.608624
13.000000,80.500000,820.025777
14.000000,80.500000,899.653155
15.000000,80.500000,977.929751
16.000000,80.500000,1059.003051
17.000000,80.500000,1142.977759
18.000000,80.500000,1229.810168
19.000000,80.500000,1319.402998
20.000000,80.500000,1411.819366
21.000000,80.500000,1507.059272
10.000000,81.000000,603.388704
11.000000,81.000000,673.401297
12.000000,81.000000,746.741236
13.000000,81.000000,823.408520
14.000000,81.000000,903.180467
15.000000,81.000000,981.668733
16.000000,81.000000,1063.068408
17.000000,81.000000,1147.379493
18.000000,81.000000,1234.507485
19.000000,81.000000,1324.278642
20.000000,81.000000,1416.873491
21.000000,81.000000,1512.292033
10.000000,81.500000,606.066477
11.000000,81.500000,676.308880
12.000000,81.500000,749.883811
13.000000,81.500000,826.791272
14.000000,81.500000,906.609549
15.000000,81.500000,985.427240
16.000000,81.500000,1067.166981
17.000000,81.500000,1151.828770
18.000000,81.500000,1239.224388
19.000000,81.500000,1329.172701
20.000000,81.500000,1421.944771
10.000000,82.000000,608.750161
11.000000,82.000000,679.222699
12.000000,82.000000,753.032946
13.000000,82.000000,830.180905
14.000000,82.000000,910.045045
15.000000,82.000000,989.192785
16.000000,82.000000,1071.273217
17.000000,82.000000,1156.286341
18.000000,82.000000,1243.949769
19.000000,82.000000,1334.075262
20.000000,82.000000,1427.024573
10.000000,82.500000,611.489276
11.000000,82.500000,682.188008
12.000000,82.500000,756.229121
13.000000,82.500000,833.612617
14.000000,82.500000,913.534533
15.000000,82.500000,993.013616
16.000000,82.500000,1075.436041
17.000000,82.500000,1160.801809
18.000000,82.500000,1248.696572
19.000000,82.500000,1339.004257
20.000000,82.500000,1432.136661
10.000000,83.000000,614.234510
11.000000,83.000000,685.159736
12.000000,83.000000,759.432013
13.000000,83.000000,837.051341
14.000000,83.000000,917.030595
15.000000,83.000000,996.841642
16.000000,83.000000,1079.606687
17.000000,83.000000,1165.325730
18.000000,83.000000,1253.451899
19.000000,83.000000,1343.941836
20.000000,83.000000,1437.257395
10.000000,83.500000,617.035717
11.000000,83.500000,688.191668
12.000000,83.500000,762.700125
13.000000,83.500000,840.561089
14.000000,83.500000,920.608641
15.000000,83.500000,1000.725959
16.000000,83.500000,1083.806290
17.000000,83.500000,1169.849631
18.000000,83.500000,1258.176474
19.000000,83.500000,1348.878864
20.000000,83.500000,1442.409566
10.000000,84.000000,619.843253
11.000000,84.000000,691.230245
12.000000,84.000000,765.975199
13.000000,84.000000,844.078115
14.000000,84.000000,924.193558
15.000000,84.000000,1004.617688
16.000000,84.000000,1088.013847
17.000000,84.000000,1174.382034
18.000000,84.000000,1262.909556
19.000000,84.000000,1353.824564
20.000000,84.000000,1447.570575
10.000000,84.500000,622.435368
11.000000,84.500000,694.125458
12.000000,84.500000,769.184822
13.000000,84.500000,847.613461
14.000000,84.500000,927.850161
15.000000,84.500000,1008.562445
16.000000,84.500000,1092.254517
17.000000,84.500000,1178.926378
18.000000,84.500000,1267.633274
19.000000,84.500000,1358.773585
20.000000,84.500000,1452.747603
10.000000,85.000000,625.032891
11.000000,85.000000,697.026717
12.000000,85.000000,772.401136
13.000000,85.000000,851.156150
14.000000,85.000000,931.513892
15.000000,85.000000,1012.514805
16.000000,85.000000,1096.503269
17.000000,85.000000,1183.479283
18.000000,85.000000,1272.365489
19.000000,85.000000,1363.731290
20.000000,85.000000,1457.933499
10.000000,85.500000,627.463549
11.000000,85.500000,699.816264
12.000000,85.500000,775.565860
13.000000,85.500000,854.712337
14.000000,85.500000,935.218312
15.000000,85.500000,1016.512489
16.000000,85.500000,1100.802026
17.000000,85.500000,1188.086924
18.000000,85.500000,1277.129967
19.000000,85.500000,1368.714684
20.000000,85.500000,1463.138245
10.000000,86.000000,629.898911
11.000000,86.000000,702.611381
12.000000,86.000000,778.737042
13.000000,86.000000,858.275894
14.000000,86.000000,938.929983
15.000000,86.000000,1020.517910
16.000000,86.000000,1105.109007
17.000000,86.000000,1192.703276
18.000000,86.000000,1281.903010
19.000000,86.000000,1373.706811
20.000000,86.000000,1468.351888
10.000000,86.500000,632.377543
11.000000,86.500000,705.450360
12.000000,86.500000,781.952705
13.000000,86.500000,861.884580
14.000000,86.500000,942.663428
15.000000,86.500000,1024.539160
16.000000,86.500000,1109.425453
17.000000,86.500000,1197.322308
18.000000,86.500000,1286.668150
19.000000,86.500000,1378.700814
20.000000,86.500000,1473.577581
10.000000,87.000000,634.861036
11.000000,87.000000,708.295062
12.000000,87.000000,785.174979
13.000000,87.000000,865.500787
14.000000,87.000000,946.404182
15.000000,87.000000,1028.568183
16.000000,87.000000,1113.750135
17.000000,87.000000,1201.950039
18.000000,87.000000,1291.441810
19.000000,87.000000,1383.703533
20.000000,87.000000,1478.812181
10.000000,87.500000,637.406363
11.000000,87.500000,711.213725
12.000000,87.500000,788.483988
13.000000,87.500000,869.217151
14.000000,87.500000,950.214853
15.000000,87.500000,1032.651805
16.000000,87.500000,1118.113122
17.000000,87.500000,1206.542413
18.000000,87.500000,1296.226415
19.000000,87.500000,1388.721744
20.000000,87.500000,1484.066972
10.000000,88.000000,639.956780
11.000000,88.000000,714.138386
12.000000,88.000000,791.799926
13.000000,88.000000,872.941400
14.000000,88.000000,954.033055
15.000000,88.000000,1036.743363
16.000000,88.000000,1122.484449
17.000000,88.000000,1211.143281
18.000000,88.000000,1301.019549
19.000000,88.000000,1393.748689
20.000000,88.000000,1489.330700
10.000000,88.500000,642.598640
11.000000,88.500000,717.151177
12.000000,88.500000,795.199923
13.000000,88.500000,876.744877
14.000000,88.500000,957.897619
15.000000,88.500000,1040.876270
16.000000,88.500000,1126.891715
17.000000,88.500000,1215.725639
18.000000,88.500000,1305.833563
19.000000,88.500000,1398.797327
20.000000,88.500000,1494.616932
10.000000,89.000000,645.245941
11.000000,89.000000,720.170299
12.000000,89.000000,798.607160
13.000000,89.000000,880.556524
14.000000,89.000000,961.769854
15.000000,89.000000,1045.017230
16.000000,89.000000,1131.307416
17.000000,89.000000,1220.316351
18.000000,89.000000,1310.656140
19.000000,89.000000,1403.854735
20.000000,89.000000,1499.912135
10.000000,89.500000,647.790195
11.000000,89.500000,722.944503
12.000000,89.500000,801.617465
13.000000,89.500000,883.809081
14.000000,89.500000,965.146469
15.000000,89.500000,1048.750681
16.000000,89.500000,1135.409360
17.000000,89.500000,1224.682773
18.000000,89.500000,1315.339373
19.000000,89.500000,1408.863353
20.000000,89.500000,1505.254713
10.000000,90.000000,650.339441
11.000000,90.000000,725.724028
12.000000,90.000000,804.633423
13.000000,90.000000,887.067626
14.000000,90.000000,968.529000
15.000000,90.000000,1052.490775
16.000000,90.000000,1139.518675
17.000000,90.000000,1229.056855
18.000000,90.000000,1320.030783
19.000000,90.000000,1413.880674
20.000000,90.000000,1510.606529
10.000000,90.500000,652.918111
11.000000,90.500000,728.516856
12.000000,90.500000,807.644555
13.000000,90.500000,890.301211
14.000000,90.500000,971.883558
15.000000,90.500000,1056.178129
16.000000,90.500000,1143.549809
17.000000,90.500000,1233.341043
18.000000,90.500000,1324.674516
19.000000,90.500000,1418.894407
10.000000,91.000000,655.501873
11.000000,91.000000,731.315038
12.000000,91.000000,810.661305
13.000000,91.000000,893.540674
14.000000,91.000000,975.243914
15.000000,91.000000,1059.871921
16.000000,91.000000,1147.588030
17.000000,91.000000,1237.632596
18.000000,91.000000,1329.326262
19.000000,91.000000,1423.916809
10.000000,91.500000,658.158872
11.000000,91.500000,734.189460
12.000000,91.500000,813.757256
13.000000,91.500000,896.756094
14.000000,91.500000,978.696423
15.000000,91.500000,1063.653578
16.000000,91.500000,1151.709374
17.000000,91.500000,1242.001005
18.000000,91.500000,1334.047926
19.000000,91.500000,1429.001776
10.000000,92.000000,660.821243
11.000000,92.000000,737.069517
12.000000,92.000000,816.859106
13.000000,92.000000,899.977289
14.000000,92.000000,982.155026
15.000000,92.000000,1067.441950
16.000000,92.000000,1155.838059
17.000000,92.000000,1246.376996
18.000000,92.000000,1338.777796
19.000000,92.000000,1434.095580
10.000000,92.500000,663.529327
11.000000,92.500000,739.995538
12.000000,92.500000,820.007098
13.000000,92.500000,903.177620
14.000000,92.500000,985.672323
15.000000,92.500000,1071.286636
16.000000,92.500000,1160.020559
17.000000,92.500000,1250.807793
18.000000,92.500000,1343.566896
19.000000,92.500000,1439.253145
10.000000,93.000000,666.242947
11.000000,93.000000,742.927354
12.000000,93.000000,823.161143
13.000000,93.000000,906.383631
14.000000,93.000000,989.195898
15.000000,93.000000,1075.138209
16.000000,93.000000,1164.210566
17.000000,93.000000,1255.246339
18.000000,93.000000,1348.364382
19.000000,93.000000,1444.419741
10.000000,93.500000,668.864117
11.000000,93.500000,745.814759
12.000000,93.500000,826.322266
13.000000,93.500000,909.653698
14.000000,93.500000,992.781452
15.000000,93.500000,1079.049549
16.000000,93.500000,1168.457989
17.000000,93.500000,1259.742210
18.000000,93.500000,1353.218487
19.000000,93.500000,1449.641866
9.000000,94.000000,597.837424
10.000000,94.000000,671.490418
11.000000,94.000000,748.707758
12.000000,94.000000,829.489446
13.000000,94.000000,912.929651
14.000000,94.000000,996.373481
15.000000,94.000000,1082.967963
16.000000,94.000000,1172.713096
17.000000,94.000000,1264.246001
18.000000,94.000000,1358.081140
19.000000,94.000000,1454.873173
9.000000,94.500000,600.178763
10.000000,94.500000,674.109947
11.000000,94.500000,751.614526
12.000000,94.500000,832.692500
13.000000,94.500000,916.264099
14.000000,94.500000,1000.028160
15.000000,94.500000,1086.952823
16.000000,94.500000,1177.038087
17.000000,94.500000,1268.817930
18.000000,94.500000,1363.006632
19.000000,94.500000,1460.161585
9.000000,95.000000,602.524629
10.000000,95.000000,676.734549
11.000000,95.000000,754.526914
12.000000,95.000000,835.901724
13.000000,95.000000,919.604623
14.000000,95.000000,1003.689517
15.000000,95.000000,1090.944969
16.000000,95.000000,1181.370980
17.000000,95.000000,1273.397976
18.000000,95.000000,1367.940845
19.000000,95.000000,1465.459329
9.000000,95.500000,604.900180
10.000000,95.500000,679.396129
11.000000,95.500000,757.484331
12.000000,95.500000,839.164786
13.000000,95.500000,922.997154
14.000000,95.500000,1007.378011
15.000000,95.500000,1094.937715
16.000000,95.500000,1185.676265
17.000000,95.500000,1277.918416
18.000000,95.500000,1372.779743
19.000000,95.500000,1470.624404
9.000000,96.000000,607.280360
10.000000,96.000000,682.062908
11.000000,96.000000,760.447522
12.000000,96.000000,842.434202
13.000000,96.000000,926.395929
14.000000,96.000000,1011.073264
15.000000,96.000000,1098.937736
16.000000,96.000000,1189.989346
17.000000,96.000000,1282.446778
18.000000,96.000000,1377.627066
19.000000,96.000000,1475.798407
9.000000,96.500000,609.711482
10.000000,96.500000,684.786964
11.000000,96.500000,763.474574
12.000000,96.500000,845.774313
13.000000,96.500000,929.859931
14.000000,96.500000,1014.823090
15.000000,96.500000,1102.981118
16.000000,96.500000,1194.334018
17.000000,96.500000,1286.983641
18.000000,96.500000,1382.458775
19.000000,96.500000,1480.931496
9.000000,97.000000,612.147428
10.000000,97.000000,687.516434
11.000000,97.000000,766.507635
12.000000,97.000000,849.121032
13.000000,97.000000,933.330393
14.000000,97.000000,1018.579845
15.000000,97.000000,1107.031905
16.000000,97.000000,1198.686573
17.000000,97.000000,1291.528439
18.000000,97.000000,1387.298845
19.000000,97.000000,1486.073374
9.000000,97.500000,614.634638
10.000000,97.500000,690.300400
11.000000,97.500000,769.598471
12.000000,97.500000,852.528850
13.000000,97.500000,936.861433
14.000000,97.500000,1022.405980
15.000000,97.500000,1111.161234
16.000000,97.500000,1203.063847
17.000000,97.500000,1296.150689
18.000000,97.500000,1392.209841
19.000000,97.500000,1491.279169
9.000000,98.000000,617.126869
10.000000,98.000000,693.089983
11.000000,98.000000,772.695524
12.000000,98.000000,855.943492
13.000000,98.000000,940.399131
14.000000,98.000000,1026.239268
15.000000,98.000000,1115.298217
16.000000,98.000000,1207.449031
17.000000,98.000000,1300.781098
18.000000,98.000000,1397.129395
19.000000,98.000000,1496.493923
9.000000,98.500000,619.553713
10.000000,98.500000,695.813286
11.000000,98.500000,775.725014
12.000000,98.500000,859.288897
13.000000,98.500000,943.866727
14.000000,98.500000,1030.002119
15.000000,98.500000,1119.364319
16.000000,98.500000,1211.723318
17.000000,98.500000,1305.350587
18.000000,98.500000,1402.000901
19.000000,98.500000,1501.674261
9.000000,99.000000,621.985259
10.000000,99.000000,698.541896
11.000000,99.000000,778.760418
12.000000,99.000000,862.640825
13.000000,99.000000,947.340704
14.000000,99.000000,1033.771851
15.000000,99.000000,1123.437805
16.000000,99.000000,1216.005111
17.000000,99.000000,1309.928022
18.000000,99.000000,1406.880798
19.000000,99.000000,1506.863439
9.000000,99.500000,624.417583
10.000000,99.500000,701.282357
11.000000,99.500000,781.819368
12.000000,99.500000,866.028614
13.000000,99.500000,950.818192
14.000000,99.500000,1037.499842
15.000000,99.500000,1127.421792
16.000000,99.500000,1220.169052
17.000000,99.500000,1314.423833
18.000000,99.500000,1411.717147
9.000000,100.000000,626.854586
10.000000,100.000000,704.028149
11.000000,100.000000,784.884301
12.000000,100.000000,869.423041
13.000000,100.000000,954.302049
14.000000,100.000000,1041.234542
15.000000,100.000000,1131.412828
16.000000,100.000000,1224.340096
17.000000,100.000000,1318.927311
18.000000,100.000000,1416.561732
9.000000,100.500000,629.374853
10.000000,100.500000,706.834464
11.000000,100.500000,787.985409
12.000000,100.500000,872.827688
13.000000,100.500000,957.787573
14.000000,100.500000,1044.981929
15.000000,100.500000,1135.427764
16.000000,100.500000,1228.555932
17.000000,100.500000,1323.476969
18.000000,100.500000,1421.453833
9.000000,101.000000,631.900132
10.000000,101.000000,709.646333
11.000000,101.000000,791.092617
12.000000,101.000000,876.238984
13.000000,101.000000,961.279449
14.000000,101.000000,1048.736048
15.000000,101.000000,1139.449809
16.000000,101.000000,1232.778996
17.000000,101.000000,1328.034421
18.000000,101.000000,1426.354297
9.000000,101.500000,634.419140
10.000000,101.500000,712.465537
11.000000,101.500000,794.222928
12.000000,101.500000,879.691313
13.000000,101.500000,964.808011
14.000000,101.500000,1052.528441
15.000000,101.500000,1143.512007
16.000000,101.500000,1237.043210
17.000000,101.500000,1332.607065
18.000000,101.500000,1431.242403
9.000000,102.000000,636.943133
10.000000,102.000000,715.290314
11.000000,102.000000,797.359412
12.000000,102.000000,883.150427
13.000000,102.000000,968.343037
14.000000,102.000000,1056.327678
15.000000,102.000000,1147.581431
16.000000,102.000000,1241.314769
17.000000,102.000000,1337.187533
18.000000,102.000000,1436.138814
9.000000,102.500000,639.502671
10.000000,102.500000,718.155264
11.000000,102.500000,800.540757
12.000000,102.500000,886.659149
13.000000,102.500000,971.915788
14.000000,102.500000,1060.163239
15.000000,102.500000,1151.685700
16.000000,102.500000,1245.599144
17.000000,102.500000,1341.728183
18.000000,102.500000,1440.940283
9.000000,103.000000,642.067319
10.000000,103.000000,721.025930
11.000000,103.000000,803.728432
12.000000,103.000000,890.174826
13.000000,103.000000,975.495117
14.000000,103.000000,1064.005750
15.000000,103.000000,1155.797293
16.000000,103.000000,1249.890883
17.000000,103.000000,1346.276508
18.000000,103.000000,1445.749737
9.000000,103.500000,644.388125
10.000000,103.500000,723.714816
11.000000,103.500000,806.801250
12.000000,103.500000,893.488942
13.000000,103.500000,979.044429
14.000000,103.500000,1067.842580
15.000000,103.500000,1159.928761
16.000000,103.500000,1254.217953
17.000000,103.500000,1350.874794
18.000000,103.500000,1450.624490
9.000000,104.000000,646.712989
10.000000,104.000000,726.408641
11.000000,104.000000,809.879907
12.000000,104.000000,896.809212
13.000000,104.000000,982.600186
14.000000,104.000000,1071.686314
15.000000,104.000000,1164.067597
16.000000,104.000000,1258.552478
17.000000,104.000000,1355.480889
18.000000,104.000000,1455.507409
9.000000,104.500000,649.031473
10.000000,104.500000,729.041513
11.000000,104.500000,812.839192
12.000000,104.500000,899.909170
13.000000,104.500000,986.018526
14.000000,104.500000,1075.432446
15.000000,104.500000,1168.150930
16.000000,104.500000,1262.859960
17.000000,104.500000,1360.089675
18.000000,104.500000,1460.424060
9.000000,105.000000,651.353959
10.000000,105.000000,731.679044
11.000000,105.000000,815.803805
12.000000,105.000000,903.014435
13.000000,105.000000,989.442783
14.000000,105.000000,1079.185109
15.000000,105.000000,1172.241411
16.000000,105.000000,1267.174787
17.000000,105.000000,1364.706257
18.000000,105.000000,1465.348959
9.000000,105.500000,653.756785
10.000000,105.500000,734.353208
11.000000,105.500000,818.757853
12.000000,105.500000,906.065379
13.000000,105.500000,992.782820
14.000000,105.500000,1082.822455
15.000000,105.500000,1176.184285
16.000000,105.500000,1271.323386
17.000000,105.500000,1369.146962
18.000000,105.500000,1470.088002
9.000000,106.000000,656.163922
10.000000,106.000000,737.032155
11.000000,106.000000,821.717161
12.000000,106.000000,909.121406
13.000000,106.000000,996.128442
14.000000,106.000000,1086.465895
15.000000,106.000000,1180.133765
16.000000,106.000000,1275.478765
17.000000,106.000000,1373.594880
18.000000,106.000000,1474.834692
9.000000,106.500000,658.651161
10.000000,106.500000,739.757856
11.000000,106.500000,824.687168
12.000000,106.500000,912.165504
13.000000,106.500000,999.466422
14.000000,106.500000,1090.106176
15.000000,106.500000,1184.084767
16.000000,106.500000,1279.645471
17.000000,106.500000,1378.068604
18.000000,106.500000,1479.622365
9.000000,107.000000,661.143023
10.000000,107.000000,742.488506
11.000000,107.000000,827.662451
12.000000,107.000000,915.214618
13.000000,107.000000,1002.809936
14.000000,107.000000,1093.752515
15.000000,107.000000,1188.042355
16.000000,107.000000,1283.818972
17.000000,107.000000,1382.549601
18.000000,107.000000,1484.417790
9.000000,107.500000,663.590657
10.000000,107.500000,745.226905
11.000000,107.500000,830.701045
12.000000,107.500000,918.360551
13.000000,107.500000,1006.230685
14.000000,107.500000,1097.454781
15.000000,107.500000,1192.032839
16.000000,107.500000,1288.028129
17.000000,107.500000,1387.071717
18.000000,107.500000,1489.260373
9.000000,108.000000,666.042697
10.000000,108.000000,747.970255
11.000000,108.000000,833.745141
12.000000,108.000000,921.511836
13.000000,108.000000,1009.657228
14.000000,108.000000,1101.163284
15.000000,108.000000,1196.030005
16.000000,108.000000,1292.244175
17.000000,108.000000,1391.601213
18.000000,108.000000,1494.110833
9.000000,108.500000,668.540218
10.000000,108.500000,750.773213
11.000000,108.500000,836.862725
12.000000,108.500000,924.737158
13.000000,108.500000,1013.156672
14.000000,108.500000,1104.943627
15.000000,108.500000,1200.016375
16.000000,108.500000,1296.508814
17.000000,108.500000,1396.155892
18.000000,108.500000,1498.962473
8.000000,109.000000,592.368977
9.000000,109.000000,671.042310
10.000000,109.000000,753.581349
11.000000,109.000000,839.986093
12.000000,109.000000,927.968097
13.000000,109.000000,1016.662159
14.000000,109.000000,1108.730444
15.000000,109.000000,1204.009377
16.000000,109.000000,1300.780478
17.000000,109.000000,1400.718010
18.000000,109.000000,1503.821972
8.000000,109.500000,594.615135
9.000000,109.500000,673.573709
10.000000,109.500000,756.406218
11.000000,109.500000,843.112663
12.000000,109.500000,931.198020
13.000000,109.500000,1020.181146
14.000000,109.500000,1112.545852
15.000000,109.500000,1208.039199
16.000000,109.500000,1305.101523
17.000000,109.500000,1405.337420
8.000000,110.000000,596.865406
9.000000,110.000000,676.109774
10.000000,110.000000,759.236305
11.000000,110.000000,846.244999
12.000000,110.000000,934.433531
13.000000,110.000000,1023.706201
14.000000,110.000000,1116.367809
15.000000,110.000000,1212.075754
16.000000,110.000000,1309.429731
17.000000,110.000000,1409.964430
8.000000,110.500000,599.133014
9.000000,110.500000,678.663181
10.000000,110.500000,762.083961
11.000000,110.500000,849.395355
12.000000,110.500000,937.690354
13.000000,110.500000,1027.260698
14.000000,110.500000,1120.227559
15.000000,110.500000,1216.156167
16.000000,110.500000,1313.811145
17.000000,110.500000,1414.654116
8.000000,111.000000,601.404789
9.000000,111.000000,681.221302
10.000000,111.000000,764.936877
11.000000,111.000000,852.551516
12.000000,111.000000,940.952814
13.000000,111.000000,1030.821342
14.000000,111.000000,1124.093965
15.000000,111.000000,1220.243436
16.000000,111.000000,1318.199874
17.000000,111.000000,1419.351579
8.000000,111.500000,603.695840
9.000000,111.500000,683.809702
10.000000,111.500000,767.831726
11.000000,111.500000,855.761911
12.000000,111.500000,944.268122
13.000000,111.500000,1034.430822
14.000000,111.500000,1128.005619
15.000000,111.500000,1224.363120
16.000000,111.500000,1322.597392
17.000000,111.500000,1424.032640
8.000000,112.000000,605.991120
9.000000,112.000000,686.402921
10.000000,112.000000,770.731982
11.000000,112.000000,858.978303
12.000000,112.000000,947.589237
13.000000,112.000000,1038.046597
14.000000,112.000000,1131.924059
15.000000,112.000000,1228.489747
16.000000,112.000000,1327.002233
17.000000,112.000000,1428.721405
8.000000,112.500000,608.242234
9.000000,112.500000,688.982098
10.000000,112.500000,773.650195
11.000000,112.500000,862.246524
12.000000,112.500000,950.963825
13.000000,112.500000,1041.713480
14.000000,112.500000,1135.890933
15.000000,112.500000,1232.646483
16.000000,112.500000,1331.412610
17.000000,112.500000,1433.390451
8.000000,113.000000,610.497351
9.000000,113.000000,691.566005
10.000000,113.000000,776.573862
11.000000,113.000000,865.520924
12.000000,113.000000,954.344396
13.000000,113.000000,1045.386820
14.000000,113.000000,1139.864743
15.000000,113.000000,1236.810239
16.000000,113.000000,1335.830304
17.000000,113.000000,1438.067113
8.000000,113.500000,612.665284
9.000000,113.500000,694.100673
10.000000,113.500000,779.489459
11.000000,113.500000,868.831644
12.000000,113.500000,957.762076
13.000000,113.500000,1049.101095
14.000000,113.500000,1143.883089
8.000000,114.000000,614.836824
9.000000,114.000000,696.639837
10.000000,114.000000,782.410449
11.000000,114.000000,872.148659
12.000000,114.000000,961.185850
13.000000,114.000000,1052.821949
14.000000,114.000000,1147.908504
8.000000,114.500000,617.076277
9.000000,114.500000,699.242815
10.000000,114.500000,785.391966
11.000000,114.500000,875.523727
12.000000,114.500000,964.654678
13.000000,114.500000,1056.592597
14.000000,114.500000,1151.988661
8.000000,115.000000,619.319648
9.000000,115.000000,701.850555
10.000000,115.000000,788.379104
11.000000,115.000000,878.905294
12.000000,115.000000,968.129741
13.000000,115.000000,1060.369980
14.000000,115.000000,1156.076056
8.000000,115.500000,621.666624
9.000000,115.500000,704.487584
10.000000,115.500000,791.315505
11.000000,115.500000,882.150388
12.000000,115.500000,971.519864
13.000000,115.500000,1064.123316
14.000000,115.500000,1160.203959
8.000000,116.000000,624.017933
9.000000,116.000000,707.129467
10.000000,116.000000,794.257290
11.000000,116.000000,885.401402
12.000000,116.000000,974.915875
13.000000,116.000000,1067.883270
14.000000,116.000000,1164.339217
8.000000,116.500000,626.459778
9.000000,116.500000,709.855505
10.000000,116.500000,797.276039
11.000000,116.500000,888.537065
12.000000,116.500000,978.383864
13.000000,116.500000,1071.712360
14.000000,116.500000,1168.540399
8.000000,117.000000,628.906317
9.000000,117.000000,712.586722
10.000000,117.000000,800.300458
11.000000,117.000000,891.678218
12.000000,117.000000,981.857984
13.000000,117.000000,1075.548294
14.000000,117.000000,1172.749147
8.000000,117.500000,631.342378
9.000000,117.500000,715.350868
10.000000,117.500000,803.404124
11.000000,117.500000,894.909959
12.000000,117.500000,985.327930
13.000000,117.500000,1079.260518
14.000000,117.500000,1176.707722
8.000000,118.000000,633.783057
9.000000,118.000000,718.120302
10.000000,118.000000,806.513756
11.000000,118.000000,898.147515
12.000000,118.000000,988.803966
13.000000,118.000000,1082.979107
14.000000,118.000000,1180.672937
8.000000,118.500000,636.204633
9.000000,118.500000,720.920708
10.000000,118.500000,809.707648
11.000000,118.500000,901.493587
12.000000,118.500000,992.398798
13.000000,118.500000,1086.827182
14.000000,118.500000,1184.778738
8.000000,119.000000,638.630709
9.000000,119.000000,723.726500
10.000000,119.000000,812.907824
11.000000,119.000000,904.845867
12.000000,119.000000,996.000139
13.000000,119.000000,1090.682068
14.000000,119.000000,1188.891654
8.000000,119.500000,641.063762
9.000000,119.500000,726.402219
10.000000,119.500000,815.830836
11.000000,119.500000,907.858566
12.000000,119.500000,999.417934
13.000000,119.500000,1094.519097
8.000000,120.000000,643.501318
9.000000,120.000000,729.082747
10.000000,120.000000,818.758964
11.000000,120.000000,910.876148
12.000000,120.000000,1002.841523
13.000000,120.000000,1098.362843
8.000000,120.500000,645.978631
9.000000,120.500000,731.746368
10.000000,120.500000,821.609278
11.000000,120.500000,913.819529
12.000000,120.500000,1006.233939
13.000000,120.500000,1102.221010
8.000000,121.000000,648.460591
9.000000,121.000000,734.414698
10.000000,121.000000,824.464364
11.000000,121.000000,916.767487
12.000000,121.000000,1009.632006
13.000000,121.000000,1106.085919
8.000000,121.500000,650.995168
9.000000,121.500000,737.109445
10.000000,121.500000,827.317623
11.000000,121.500000,919.690717
12.000000,121.500000,1012.901979
13.000000,121.500000,1109.713370
8.000000,122.000000,653.534593
9.000000,122.000000,739.808983
10.000000,122.000000,830.175618
11.000000,122.000000,922.618403
12.000000,122.000000,1016.177098
13.000000,122.000000,1113.346668
8.000000,122.500000,655.909019
9.000000,122.500000,742.377512
10.000000,122.500000,832.937852
11.000000,122.500000,925.515154
12.000000,122.500000,1019.457180
13.000000,122.500000,1117.024356
8.000000,123.000000,658.287559
9.000000,123.000000,744.950289
10.000000,123.000000,835.704463
11.000000,123.000000,928.416269
12.000000,123.000000,1022.742425
13.000000,123.000000,1120.708029
8.000000,123.500000,660.576515
9.000000,123.500000,747.488636
10.000000,123.500000,838.495156
11.000000,123.500000,931.391890
12.000000,123.500000,1026.103726
13.000000,123.500000,1124.469784
8.000000,124.000000,662.869177
9.000000,124.000000,750.031075
10.000000,124.000000,841.290314
11.000000,124.000000,934.372136
12.000000,124.000000,1029.470447
13.000000,124.000000,1128.237779
8.000000,124.500000,665.197474
9.000000,124.500000,752.638532
10.000000,124.500000,844.182040
11.000000,124.500000,937.442157
12.000000,124.500000,1032.871898
13.000000,124.500000,1131.980411
8.000000,125.000000,667.529606
9.000000,125.000000,755.250320
10.000000,125.000000,847.078579
11.000000,125.000000,940.517111
12.000000,125.000000,1036.278887
13.000000,125.000000,1135.729193
8.000000,125.500000,669.801494
9.000000,125.500000,757.836052
10.000000,125.500000,849.988572
11.000000,125.500000,943.628294
12.000000,125.500000,1039.727998
13.000000,125.500000,1139.525459
7.000000,126.000000,587.856381
8.000000,126.000000,672.077002
9.000000,126.000000,760.426006
10.000000,126.000000,852.903395
11.000000,126.000000,946.744504
12.000000,126.000000,1043.182769
13.000000,126.000000,1143.328019
7.000000,126.500000,589.950726
8.000000,126.500000,674.477822
9.000000,126.500000,763.143494
10.000000,126.500000,855.947740
11.000000,126.500000,949.974692
12.000000,126.500000,1046.733599
13.000000,126.500000,1147.207313
7.000000,127.000000,592.048590
8.000000,127.000000,676.882751
9.000000,127.000000,765.865687
10.000000,127.000000,858.997397
11.000000,127.000000,953.210305
12.000000,127.000000,1050.290412
13.000000,127.000000,1151.093147
7.000000,127.500000,594.160874
8.000000,127.500000,679.340810
9.000000,127.500000,768.682211
10.000000,127.500000,862.185076
11.000000,127.500000,956.493477
12.000000,127.500000,1053.780520
13.000000,127.500000,1154.791390
7.000000,128.000000,596.276704
8.000000,128.000000,681.803167
9.000000,128.000000,771.503795
10.000000,128.000000,865.378588
11.000000,128.000000,959.782224
12.000000,128.000000,1057.276336
13.000000,128.000000,1158.495476
7.000000,128.500000,598.364352
8.000000,128.500000,684.291695
9.000000,128.500000,774.409381
10.000000,128.500000,868.717410
11.000000,128.500000,963.176870
12.000000,128.500000,1060.859413
13.000000,128.500000,1162.266893
7.000000,129.000000,600.455381
8.000000,129.000000,686.784594
9.000000,129.000000,777.320342
10.000000,129.000000,872.062625
11.000000,129.000000,966.577463
12.000000,129.000000,1064.448491
13.000000,129.000000,1166.044364
7.000000,129.500000,602.640015
8.000000,129.500000,689.291151
9.000000,129.500000,780.158795
10.000000,129.500000,875.242947
11.000000,129.500000,969.877780
12.000000,129.500000,1068.034970
13.000000,129.500000,1169.922631
7.000000,130.000000,604.828407
8.000000,130.000000,691.802107
9.000000,130.000000,783.002293
10.000000,130.000000,878.428964
11.000000,130.000000,973.183638
12.000000,130.000000,1071.627413
13.000000,130.000000,1173.807283
