weight_g,350.000000
thrust_N,velocity_m_s,power_W
16.000000,0.000000,1564.927286
17.000000,0.000000,1672.855185
18.000000,0.000000,1784.295593
19.000000,0.000000,1899.248510
20.000000,0.000000,2017.713936
21.000000,0.000000,2136.629562
22.000000,0.000000,2252.839939
23.000000,0.000000,2372.035013
24.000000,0.000000,2494.214781
25.000000,0.000000,2618.366980
26.000000,0.000000,2738.761985
27.000000,0.000000,2861.774983
28.000000,0.000000,2987.405975
16.000000,0.500000,1568.219553
17.000000,0.500000,1676.411630
18.000000,0.500000,1788.126130
19.000000,0.500000,1903.363054
20.000000,0.500000,2022.122401
21.000000,0.500000,2140.865727
22.000000,0.500000,2257.241190
23.000000,0.500000,2376.604603
24.000000,0.500000,2498.955968
25.000000,0.500000,2622.930770
26.000000,0.500000,2743.505980
27.000000,0.500000,2866.702942
28.000000,0.500000,2992.521656
16.000000,1.000000,1571.514891
17.000000,1.000000,1679.971442
18.000000,1.000000,1791.960345
19.000000,1.000000,1907.481599
20.000000,1.000000,2026.535205
21.000000,1.000000,2145.105501
22.000000,1.000000,2261.646177
23.000000,1.000000,2381.178060
24.000000,1.000000,2503.701151
25.000000,1.000000,2627.498007
26.000000,1.000000,2748.253569
27.000000,1.000000,2871.634645
28.000000,1.000000,2997.641234
16.000000,1.500000,1574.831881
17.000000,1.500000,1683.546366
18.000000,1.500000,1795.802611
19.000000,1.500000,1911.600618
20.000000,1.500000,2030.940385
21.000000,1.500000,2149.316193
22.000000,1.500000,2266.032814
23.000000,1.500000,2385.744554
24.000000,1.500000,2508.451411
25.000000,1.500000,2632.079620
26.000000,1.500000,2753.009297
27.000000,1.500000,2876.567981
28.000000,1.500000,3002.755673
16.000000,2.000000,1578.151975
17.000000,2.000000,1687.124673
18.000000,2.000000,1799.648552
19.000000,2.000000,1915.723614
20.000000,2.000000,2035.349857
21.000000,2.000000,2153.530417
22.000000,2.000000,2270.423137
23.000000,2.000000,2390.314888
24.000000,2.000000,2513.205669
25.000000,2.000000,2636.664699
26.000000,2.000000,2757.768629
27.000000,2.000000,2881.505062
28.000000,2.000000,3007.873998
29.000000,2.000000,3134.296854
30.000000,2.000000,3259.699611
31.000000,2.000000,3387.474895
32.000000,2.000000,3517.622705
16.000000,2.500000,1581.494930
17.000000,2.500000,1690.727517
18.000000,2.500000,1803.520766
19.000000,2.500000,1919.874679
20.000000,2.500000,2039.789255
21.000000,2.500000,2157.756669
22.000000,2.500000,2274.826538
23.000000,2.500000,2394.899381
24.000000,2.500000,2517.975199
25.000000,2.500000,2641.259942
26.000000,2.500000,2762.525863
27.000000,2.500000,2886.427242
28.000000,2.500000,3012.964080
29.000000,2.500000,3139.303488
30.000000,2.500000,3264.940415
31.000000,2.500000,3392.954864
32.000000,2.500000,3523.346832
16.000000,3.000000,1584.841026
17.000000,3.000000,1694.333783
18.000000,3.000000,1807.396697
19.000000,3.000000,1924.029767
20.000000,3.000000,2044.232994
21.000000,3.000000,2161.986472
22.000000,3.000000,2279.233645
23.000000,3.000000,2399.487738
24.000000,3.000000,2522.748753
25.000000,3.000000,2645.858665
26.000000,3.000000,2767.286694
27.000000,3.000000,2891.353138
28.000000,3.000000,3018.057998
29.000000,3.000000,3144.313590
30.000000,3.000000,3270.184873
31.000000,3.000000,3398.438674
32.000000,3.000000,3529.074995
16.000000,3.500000,1588.210097
17.000000,3.500000,1697.964745
18.000000,3.500000,1811.299101
19.000000,3.500000,1928.213166
20.000000,3.500000,2048.706939
21.000000,3.500000,2166.228506
22.000000,3.500000,2283.654039
23.000000,3.500000,2404.090472
24.000000,3.500000,2527.537806
25.000000,3.500000,2650.470256
26.000000,3.500000,2772.060492
27.000000,3.500000,2896.292094
28.000000,3.500000,3023.165062
29.000000,3.500000,3149.351101
30.000000,3.500000,3275.458746
31.000000,3.500000,3403.953961
32.000000,3.500000,3534.836745
16.000000,4.000000,1591.582346
17.000000,4.000000,1701.599169
18.000000,4.000000,1815.205265
19.000000,4.000000,1932.400634
20.000000,4.000000,2053.185275
21.000000,4.000000,2170.474111
22.000000,4.000000,2288.078162
23.000000,4.000000,2408.697094
24.000000,4.000000,2532.330907
25.000000,4.000000,2655.085344
26.000000,4.000000,2776.837904
27.000000,4.000000,2901.234783
28.000000,4.000000,3028.275981
29.000000,4.000000,3154.392112
30.000000,4.000000,3280.736306
31.000000,4.000000,3409.473125
32.000000,4.000000,3540.602570
16.000000,4.500000,1594.964321
17.000000,4.500000,1705.247625
18.000000,4.500000,1819.129557
19.000000,4.500000,1936.610117
20.000000,4.500000,2057.689306
21.000000,4.500000,2174.741782
22.000000,4.500000,2292.523434
23.000000,4.500000,2413.323552
24.000000,4.500000,2537.142136
25.000000,4.500000,2659.714474
26.000000,4.500000,2781.629114
27.000000,4.500000,2906.190995
28.000000,4.500000,3033.400117
29.000000,4.500000,3159.460971
30.000000,4.500000,3286.043751
31.000000,4.500000,3415.024264
16.000000,5.000000,1598.349650
17.000000,5.000000,1708.899713
18.000000,5.000000,1823.057769
19.000000,5.000000,1940.823818
20.000000,5.000000,2062.197860
21.000000,5.000000,2179.013145
22.000000,5.000000,2296.972526
23.000000,5.000000,2417.953963
24.000000,5.000000,2541.957454
25.000000,5.000000,2664.347122
26.000000,5.000000,2786.423959
27.000000,5.000000,2911.150960
28.000000,5.000000,3038.528124
29.000000,5.000000,3164.533361
30.000000,5.000000,3291.354915
31.000000,5.000000,3420.579317
16.000000,5.500000,1601.756863
17.000000,5.500000,1712.574356
18.000000,5.500000,1827.009457
19.000000,5.500000,1945.062164
20.000000,5.500000,2066.732479
21.000000,5.500000,2183.360580
22.000000,5.500000,2301.557936
23.000000,5.500000,2422.783714
24.000000,5.500000,2547.037913
25.000000,5.500000,2669.305221
26.000000,5.500000,2791.619316
27.000000,5.500000,2916.588845
28.000000,5.500000,3044.213807
29.000000,5.500000,3170.090974
30.000000,5.500000,3297.065252
31.000000,5.500000,3426.444326
16.000000,6.000000,1605.167475
17.000000,6.000000,1716.252693
18.000000,6.000000,1830.965145
19.000000,6.000000,1949.304828
20.000000,6.000000,2071.271745
21.000000,6.000000,2187.711935
22.000000,6.000000,2306.147498
23.000000,6.000000,2427.617856
24.000000,6.000000,2552.123008
25.000000,6.000000,2674.267420
26.000000,6.000000,2796.818970
27.000000,6.000000,2922.031229
28.000000,6.000000,3049.904196
29.000000,6.000000,3175.652771
30.000000,6.000000,3302.779859
31.000000,6.000000,3432.313693
16.000000,6.500000,1608.601078
17.000000,6.500000,1719.955981
18.000000,6.500000,1834.947820
19.000000,6.500000,1953.576593
20.000000,6.500000,2075.842301
21.000000,6.500000,2192.094035
22.000000,6.500000,2310.777016
23.000000,6.500000,2432.501607
24.000000,6.500000,2557.267807
25.000000,6.500000,2679.334244
26.000000,6.500000,2802.183388
27.000000,6.500000,2927.700817
28.000000,6.500000,3055.886531
29.000000,6.500000,3181.494105
30.000000,6.500000,3308.795591
31.000000,6.500000,3438.506577
16.000000,7.000000,1612.038117
17.000000,7.000000,1723.663004
18.000000,7.000000,1838.934539
19.000000,7.000000,1957.852724
20.000000,7.000000,2080.417556
21.000000,7.000000,2196.480107
22.000000,7.000000,2315.410756
23.000000,7.000000,2437.389837
24.000000,7.000000,2562.417351
25.000000,7.000000,2684.405332
26.000000,7.000000,2807.552360
27.000000,7.000000,2933.375258
28.000000,7.000000,3061.874027
29.000000,7.000000,3187.340037
30.000000,7.000000,3314.816057
31.000000,7.000000,3444.704332
16.000000,7.500000,1615.505088
17.000000,7.500000,1727.400400
18.000000,7.500000,1842.952046
19.000000,7.500000,1962.160029
20.000000,7.500000,2084.676229
21.000000,7.500000,2200.888060
22.000000,7.500000,2320.064788
23.000000,7.500000,2442.296679
24.000000,7.500000,2567.583733
25.000000,7.500000,2689.505842
26.000000,7.500000,2812.955910
27.000000,7.500000,2939.089606
28.000000,7.500000,3067.763841
29.000000,7.500000,3193.201540
30.000000,7.500000,3320.852927
31.000000,7.500000,3450.919341
16.000000,8.000000,1618.975546
17.000000,8.000000,1731.141580
18.000000,8.000000,1846.973649
19.000000,8.000000,1966.471751
20.000000,8.000000,2088.938862
21.000000,8.000000,2205.300017
22.000000,8.000000,2324.723073
23.000000,8.000000,2447.208029
24.000000,8.000000,2572.754886
25.000000,8.000000,2694.610657
26.000000,8.000000,2818.364062
27.000000,8.000000,2944.808863
28.000000,8.000000,3073.658573
29.000000,8.000000,3199.067666
30.000000,8.000000,3326.894556
31.000000,8.000000,3457.139245
16.000000,8.500000,1622.982354
17.000000,8.500000,1735.299338
18.000000,8.500000,1851.283919
19.000000,8.500000,1970.936094
20.000000,8.500000,2093.134088
21.000000,8.500000,2209.733337
22.000000,8.500000,2329.401131
23.000000,8.500000,2452.137471
24.000000,8.500000,2577.942357
25.000000,8.500000,2699.746266
26.000000,8.500000,2823.808241
27.000000,8.500000,2950.569553
28.000000,8.500000,3079.366904
29.000000,8.500000,3204.949551
30.000000,8.500000,3332.952783
31.000000,8.500000,3463.376601
16.000000,9.000000,1626.993670
17.000000,9.000000,1739.461668
18.000000,9.000000,1855.598823
19.000000,9.000000,1975.405135
20.000000,9.000000,2097.333113
21.000000,9.000000,2214.170694
22.000000,9.000000,2334.083473
23.000000,9.000000,2457.071450
24.000000,9.000000,2583.134625
25.000000,9.000000,2704.886223
26.000000,9.000000,2829.257071
27.000000,9.000000,2956.335209
28.000000,9.000000,3085.079746
29.000000,9.000000,3210.836083
30.000000,9.000000,3339.015794
31.000000,9.000000,3469.618878
16.000000,9.500000,1631.112941
17.000000,9.500000,1743.812706
18.000000,9.500000,1860.188187
19.000000,9.500000,1980.239383
20.000000,9.500000,2101.932232
21.000000,9.500000,2218.925192
22.000000,9.500000,2338.995139
23.000000,9.500000,2462.142074
24.000000,9.500000,2588.073098
25.000000,9.500000,2710.079595
26.000000,9.500000,2834.757124
27.000000,9.500000,2962.149750
28.000000,9.500000,3090.807710
29.000000,9.500000,3216.738565
30.000000,9.500000,3345.095597
31.000000,9.500000,3475.878805
16.000000,10.000000,1635.236958
17.000000,10.000000,1748.168742
18.000000,10.000000,1864.782804
19.000000,10.000000,1985.079145
20.000000,10.000000,2106.535936
21.000000,10.000000,2223.684343
22.000000,10.000000,2343.911527
23.000000,10.000000,2467.217489
24.000000,10.000000,2593.015797
25.000000,10.000000,2715.277392
26.000000,10.000000,2840.261902
27.000000,10.000000,2967.969326
28.000000,10.000000,3096.540209
29.000000,10.000000,3222.645717
30.000000,10.000000,3351.180207
31.000000,10.000000,3482.143680
16.000000,10.500000,1639.384367
17.000000,10.500000,1752.555727
18.000000,10.500000,1869.416365
19.000000,10.500000,1989.966279
20.000000,10.500000,2111.205884
21.000000,10.500000,2228.600490
22.000000,10.500000,2349.080246
23.000000,10.500000,2472.645152
24.000000,10.500000,2598.335404
25.000000,10.500000,2720.784225
26.000000,10.500000,2845.958853
27.000000,10.500000,2973.859288
28.000000,10.500000,3102.253451
29.000000,10.500000,3228.545878
30.000000,10.500000,3357.270151
31.000000,10.500000,3488.426269
16.000000,11.000000,1643.536570
17.000000,11.000000,1756.947775
18.000000,11.000000,1874.055262
19.000000,11.000000,1994.859030
20.000000,11.000000,2115.880544
21.000000,11.000000,2233.521600
22.000000,11.000000,2354.254186
23.000000,11.000000,2478.078302
24.000000,11.000000,2603.659900
25.000000,11.000000,2726.296064
26.000000,11.000000,2851.660929
27.000000,11.000000,2979.754493
28.000000,11.000000,3107.971308
29.000000,11.000000,3234.450776
30.000000,11.000000,3363.364953
31.000000,11.000000,3494.713841
16.000000,11.500000,1647.708862
17.000000,11.500000,1761.360947
18.000000,11.500000,1878.716325
19.000000,11.500000,1999.774996
20.000000,11.500000,2120.583795
21.000000,11.500000,2238.482112
22.000000,11.500000,2359.478929
23.000000,11.500000,2483.574244
24.000000,11.500000,2609.032259
25.000000,11.500000,2731.820226
26.000000,11.500000,2857.338802
27.000000,11.500000,2985.587986
28.000000,11.500000,3113.668893
29.000000,11.500000,3240.408330
30.000000,11.500000,3369.587735
31.000000,11.500000,3501.207108
15.000000,12.000000,1541.703072
16.000000,12.000000,1651.885992
17.000000,12.000000,1765.779224
18.000000,12.000000,1883.382768
19.000000,12.000000,2004.696623
20.000000,12.000000,2125.291808
21.000000,12.000000,2243.447667
22.000000,12.000000,2364.709001
23.000000,12.000000,2489.075810
24.000000,12.000000,2614.409625
25.000000,12.000000,2737.349490
26.000000,12.000000,2863.021873
27.000000,12.000000,2991.426772
28.000000,12.000000,3119.371250
29.000000,12.000000,3246.370879
30.000000,12.000000,3375.815737
31.000000,12.000000,3507.705826
15.000000,12.500000,1545.724887
16.000000,12.500000,1656.132308
17.000000,12.500000,1770.255520
18.000000,12.500000,1888.094522
19.000000,12.500000,2009.649315
20.000000,12.500000,2130.027843
21.000000,12.500000,2248.445516
22.000000,12.500000,2369.975804
23.000000,12.500000,2494.618708
24.000000,12.500000,2619.805397
25.000000,12.500000,2742.895075
26.000000,12.500000,2868.719090
27.000000,12.500000,2997.277444
28.000000,12.500000,3125.115286
29.000000,12.500000,3252.391234
30.000000,12.500000,3382.118366
15.000000,13.000000,1549.751647
16.000000,13.000000,1660.383764
17.000000,13.000000,1774.737154
18.000000,13.000000,1892.811816
19.000000,13.000000,2014.607751
20.000000,13.000000,2134.768689
21.000000,13.000000,2253.448462
22.000000,13.000000,2375.247999
23.000000,13.000000,2500.167299
24.000000,13.000000,2625.206203
25.000000,13.000000,2748.445785
26.000000,13.000000,2874.421526
27.000000,13.000000,3003.133425
28.000000,13.000000,3130.864154
29.000000,13.000000,3258.416681
30.000000,13.000000,3388.426349
15.000000,13.500000,1553.800595
16.000000,13.500000,1664.665945
17.000000,13.500000,1779.258742
18.000000,13.500000,1897.578987
19.000000,13.500000,2019.626679
20.000000,13.500000,2139.584879
21.000000,13.500000,2258.519194
22.000000,13.500000,2380.579615
23.000000,13.500000,2505.766141
24.000000,13.500000,2630.624891
25.000000,13.500000,2754.012227
26.000000,13.500000,2880.137452
27.000000,13.500000,3009.000567
28.000000,13.500000,3136.649740
29.000000,13.500000,3264.480553
30.000000,13.500000,3394.774501
15.000000,14.000000,1557.854542
16.000000,14.000000,1668.953350
17.000000,14.000000,1783.785785
18.000000,14.000000,1902.351847
19.000000,14.000000,2024.651537
20.000000,14.000000,2144.406092
21.000000,14.000000,2263.595200
22.000000,14.000000,2385.916762
23.000000,14.000000,2511.370776
24.000000,14.000000,2636.048639
25.000000,14.000000,2759.583817
26.000000,14.000000,2885.858615
27.000000,14.000000,3014.873034
28.000000,14.000000,3142.440208
29.000000,14.000000,3270.549568
30.000000,14.000000,3401.128063
15.000000,14.500000,1561.930867
16.000000,14.500000,1673.276310
17.000000,14.500000,1788.362708
18.000000,14.500000,1907.190061
19.000000,14.500000,2029.758370
20.000000,14.500000,2149.318770
21.000000,14.500000,2268.745912
22.000000,14.500000,2391.310492
23.000000,14.500000,2517.012509
24.000000,14.500000,2641.480898
25.000000,14.500000,2765.164405
26.000000,14.500000,2891.589205
27.000000,14.500000,3020.755299
28.000000,14.500000,3148.267743
29.000000,14.500000,3276.657372
30.000000,14.500000,3407.522173
15.000000,15.000000,1566.012238
16.000000,15.000000,1677.604591
17.000000,15.000000,1792.945235
18.000000,15.000000,1912.034170
19.000000,15.000000,2034.871395
20.000000,15.000000,2154.236743
21.000000,15.000000,2273.902113
22.000000,15.000000,2396.709907
23.000000,15.000000,2522.660124
24.000000,15.000000,2646.918246
25.000000,15.000000,2770.750166
26.000000,15.000000,2897.325053
27.000000,15.000000,3026.642905
28.000000,15.000000,3154.100208
29.000000,15.000000,3282.770371
30.000000,15.000000,3413.921748
15.000000,15.500000,1570.116761
16.000000,15.500000,1681.956722
17.000000,15.500000,1797.552280
18.000000,15.500000,1916.903435
19.000000,15.500000,2040.010188
20.000000,15.500000,2159.185187
21.000000,15.500000,2279.100327
22.000000,15.500000,2402.163952
23.000000,15.500000,2528.376061
24.000000,15.500000,2652.421375
25.000000,15.500000,2776.390888
26.000000,15.500000,2903.103881
27.000000,15.500000,3032.560354
28.000000,15.500000,3159.983491
29.000000,15.500000,3288.931049
30.000000,15.500000,3420.365702
15.000000,16.000000,1574.226382
16.000000,16.000000,1686.314226
17.000000,16.000000,1802.164980
18.000000,16.000000,1921.778645
19.000000,16.000000,2045.155221
20.000000,16.000000,2164.139000
21.000000,16.000000,2284.304160
22.000000,16.000000,2407.623873
23.000000,16.000000,2534.098139
24.000000,16.000000,2657.929846
25.000000,16.000000,2782.036970
26.000000,16.000000,2908.888088
27.000000,16.000000,3038.483200
28.000000,16.000000,3165.871779
29.000000,16.000000,3295.096989
30.000000,16.000000,3426.815182
15.000000,16.500000,1578.436825
16.000000,16.500000,1690.757318
17.000000,16.500000,1806.846101
18.000000,16.500000,1926.703174
19.000000,16.500000,2050.328537
20.000000,16.500000,2169.141644
21.000000,16.500000,2289.586471
22.000000,16.500000,2413.193397
23.000000,16.500000,2539.962424
24.000000,16.500000,2663.650687
25.000000,16.500000,2788.017058
26.000000,16.500000,2915.133039
27.000000,16.500000,3044.998631
28.000000,16.500000,3172.235173
29.000000,16.500000,3301.607900
30.000000,16.500000,3433.474265
15.000000,17.000000,1582.652735
16.000000,17.000000,1695.206082
17.000000,17.000000,1811.533100
18.000000,17.000000,1931.633791
19.000000,17.000000,2055.508153
20.000000,17.000000,2174.149751
21.000000,17.000000,2294.874561
22.000000,17.000000,2418.769028
23.000000,17.000000,2545.833151
24.000000,17.000000,2669.377287
25.000000,17.000000,2794.003160
26.000000,17.000000,2921.384266
27.000000,17.000000,3051.520605
28.000000,17.000000,3178.604432
29.000000,17.000000,3308.124698
30.000000,17.000000,3440.139258
15.000000,17.500000,1586.895515
16.000000,17.500000,1699.680713
17.000000,17.500000,1816.244784
18.000000,17.500000,1936.587727
19.000000,17.500000,2060.709543
20.000000,17.500000,2179.186111
21.000000,17.500000,2300.190631
22.000000,17.500000,2424.372318
23.000000,17.500000,2551.731175
24.000000,17.500000,2675.130744
25.000000,17.500000,2800.022027
26.000000,17.500000,2927.674385
27.000000,17.500000,3057.802242
28.000000,17.500000,3185.123303
29.000000,17.500000,3314.915053
30.000000,17.500000,3447.206452
15.000000,18.000000,1591.143822
16.000000,18.000000,1704.161070
17.000000,18.000000,1820.962394
18.000000,18.000000,1941.547792
19.000000,18.000000,2065.917266
20.000000,18.000000,2184.227985
21.000000,18.000000,2305.512529
22.000000,18.000000,2429.981763
23.000000,18.000000,2557.635688
24.000000,18.000000,2680.890003
25.000000,18.000000,2806.046963
26.000000,18.000000,2933.970845
27.000000,18.000000,3064.089830
28.000000,18.000000,3191.648316
29.000000,18.000000,3321.711812
30.000000,18.000000,3454.280319
15.000000,18.500000,1595.470037
16.000000,18.500000,1708.819148
17.000000,18.500000,1825.963934
18.000000,18.500000,1946.904395
19.000000,18.500000,2071.260854
20.000000,18.500000,2189.637576
21.000000,18.500000,2311.094879
22.000000,18.500000,2435.738339
23.000000,18.500000,2563.567957
24.000000,18.500000,2686.675475
25.000000,18.500000,2812.101628
26.000000,18.500000,2940.300668
27.000000,18.500000,3070.383198
28.000000,18.500000,3198.206306
29.000000,18.500000,3328.539705
30.000000,18.500000,3461.383394
15.000000,19.000000,1599.801964
16.000000,19.000000,1713.483395
17.000000,19.000000,1830.972117
18.000000,19.000000,1952.268131
19.000000,19.000000,2076.611009
20.000000,19.000000,2195.053510
21.000000,19.000000,2316.683636
22.000000,19.000000,2441.501387
23.000000,19.000000,2569.506764
24.000000,19.000000,2692.466789
25.000000,19.000000,2818.162408
26.000000,19.000000,2946.636885
27.000000,19.000000,3076.682501
28.000000,19.000000,3204.770487
29.000000,19.000000,3335.374048
30.000000,19.000000,3468.493185
15.000000,19.500000,1604.190997
16.000000,19.500000,1718.218069
17.000000,19.500000,1836.064794
18.000000,19.500000,1957.731173
19.000000,19.500000,2081.927432
20.000000,19.500000,2200.540022
21.000000,19.500000,2322.341550
22.000000,19.500000,2447.332017
23.000000,19.500000,2575.137971
24.000000,19.500000,2698.328520
25.000000,19.500000,2824.281638
26.000000,19.500000,2953.018980
27.000000,19.500000,3083.015809
28.000000,19.500000,3211.366890
29.000000,19.500000,3342.238750
30.000000,19.500000,3475.631389
15.000000,20.000000,1608.585875
16.000000,20.000000,1722.959080
17.000000,20.000000,1841.164318
18.000000,20.000000,1963.201590
19.000000,20.000000,2087.250293
20.000000,20.000000,2206.033031
21.000000,20.000000,2328.006019
22.000000,20.000000,2453.169260
23.000000,20.000000,2580.774960
24.000000,20.000000,2704.196226
25.000000,20.000000,2830.407089
26.000000,20.000000,2959.407548
27.000000,20.000000,3089.355102
28.000000,20.000000,3217.969531
29.000000,20.000000,3349.109947
30.000000,20.000000,3482.776350
15.000000,20.500000,1613.343843
16.000000,20.500000,1727.986708
17.000000,20.500000,1846.468131
18.000000,20.500000,1968.788111
19.000000,20.500000,2092.604365
20.000000,20.500000,2211.638042
21.000000,20.500000,2333.867612
22.000000,20.500000,2459.293074
23.000000,20.500000,2586.736120
24.000000,20.500000,2710.327738
25.000000,20.500000,2836.710203
26.000000,20.500000,2965.883515
27.000000,20.500000,3095.727660
28.000000,20.500000,3224.603635
29.000000,20.500000,3356.010725
30.000000,20.500000,3489.948930
15.000000,21.000000,1618.108640
16.000000,21.000000,1733.021442
17.000000,21.000000,1851.779328
18.000000,21.000000,1974.382299
19.000000,21.000000,2097.964937
20.000000,21.000000,2217.249811
21.000000,21.000000,2339.736224
22.000000,21.000000,2465.424175
23.000000,21.000000,2592.703760
24.000000,21.000000,2716.465784
25.000000,21.000000,2843.019905
26.000000,21.000000,2972.366124
27.000000,21.000000,3102.106253
28.000000,21.000000,3231.244024
29.000000,21.000000,3362.918042
30.000000,21.000000,3497.128306
15.000000,21.500000,1622.931438
16.000000,21.500000,1738.107025
17.000000,21.500000,1857.133623
18.000000,21.500000,1980.011234
19.000000,21.500000,2103.357366
20.000000,21.500000,2222.912324
21.000000,21.500000,2345.675559
22.000000,21.500000,2471.647073
23.000000,21.500000,2598.784579
24.000000,21.500000,2722.795200
25.000000,21.500000,2849.602485
26.000000,21.500000,2979.206433
27.000000,21.500000,3108.836982
28.000000,21.500000,3238.135464
29.000000,21.500000,3369.971028
15.000000,22.000000,1627.761208
16.000000,22.000000,1743.199831
17.000000,22.000000,1862.495397
18.000000,22.000000,1985.647904
19.000000,22.000000,2108.756360
20.000000,22.000000,2228.581713
21.000000,22.000000,2351.622090
22.000000,22.000000,2477.877491
23.000000,22.000000,2604.872146
24.000000,22.000000,2729.131585
25.000000,22.000000,2856.192257
26.000000,22.000000,2986.054162
27.000000,22.000000,3115.574463
28.000000,22.000000,3245.033692
29.000000,22.000000,3377.030838
15.000000,22.500000,1632.626439
16.000000,22.500000,1748.342771
17.000000,22.500000,1867.923063
18.000000,22.500000,1991.367316
19.000000,22.500000,2114.248358
20.000000,22.500000,2234.328966
21.000000,22.500000,2357.630145
22.000000,22.500000,2484.151894
23.000000,22.500000,2611.003375
24.000000,22.500000,2735.554455
25.000000,22.500000,2862.913285
26.000000,22.500000,2993.079864
27.000000,22.500000,3122.476977
28.000000,22.500000,3252.091600
29.000000,22.500000,3384.245067
15.000000,23.000000,1637.498729
16.000000,23.000000,1753.493072
17.000000,23.000000,1873.358399
18.000000,23.000000,1997.094709
19.000000,23.000000,2119.747189
20.000000,23.000000,2240.083310
21.000000,23.000000,2363.645552
22.000000,23.000000,2490.433915
23.000000,23.000000,2617.141433
24.000000,23.000000,2741.984475
25.000000,23.000000,2869.641790
26.000000,23.000000,3000.113379
27.000000,23.000000,3129.386611
28.000000,23.000000,3259.156681
29.000000,23.000000,3391.466521
15.000000,23.500000,1642.426259
16.000000,23.500000,1758.723817
17.000000,23.500000,1878.901250
18.000000,23.500000,2002.958558
19.000000,23.500000,2125.386758
20.000000,23.500000,2245.949111
21.000000,23.500000,2369.740900
22.000000,23.500000,2496.762125
23.000000,23.500000,2623.314862
24.000000,23.500000,2748.450244
25.000000,23.500000,2876.406415
26.000000,23.500000,3007.183375
27.000000,23.500000,3136.304557
28.000000,23.500000,3266.236409
29.000000,23.500000,3398.709543
14.000000,24.000000,1534.648625
15.000000,24.000000,1647.361008
16.000000,24.000000,1763.962169
17.000000,24.000000,1884.452107
18.000000,24.000000,2008.830823
19.000000,24.000000,2131.033581
20.000000,24.000000,2251.822322
21.000000,24.000000,2375.843815
22.000000,24.000000,2503.098059
23.000000,24.000000,2629.495180
24.000000,24.000000,2754.923225
25.000000,24.000000,2883.178580
26.000000,24.000000,3014.261246
27.000000,24.000000,3143.229651
28.000000,24.000000,3273.323373
29.000000,24.000000,3405.959890
14.000000,24.500000,1539.489941
15.000000,24.500000,1652.464552
16.000000,24.500000,1769.333565
17.000000,24.500000,1890.096980
18.000000,24.500000,2014.754796
19.000000,24.500000,2136.706677
20.000000,24.500000,2257.731125
21.000000,24.500000,2381.992170
22.000000,24.500000,2509.489813
23.000000,24.500000,2635.743971
24.000000,24.500000,2761.455011
25.000000,24.500000,2889.999305
26.000000,24.500000,3021.376852
27.000000,24.500000,3150.161656
28.000000,24.500000,3280.419205
29.000000,24.500000,3413.221117
14.000000,25.000000,1544.338769
15.000000,25.000000,1657.575863
16.000000,25.000000,1774.712986
17.000000,25.000000,1895.750137
18.000000,25.000000,2020.687318
19.000000,25.000000,2142.387074
20.000000,25.000000,2263.647412
21.000000,25.000000,2388.148192
22.000000,25.000000,2515.889417
23.000000,25.000000,2641.999803
24.000000,25.000000,2767.994133
25.000000,25.000000,2896.827665
26.000000,25.000000,3028.500398
27.000000,25.000000,3157.100819
28.000000,25.000000,3287.522285
29.000000,25.000000,3420.489683
14.000000,25.500000,1549.266408
15.000000,25.500000,1662.755380
16.000000,25.500000,1780.149121
17.000000,25.500000,1901.447631
18.000000,25.500000,2026.650909
19.000000,25.500000,2148.118875
20.000000,25.500000,2269.656525
21.000000,25.500000,2394.440900
22.000000,25.500000,2522.472000
23.000000,25.500000,2648.432146
24.000000,25.500000,2774.664690
25.000000,25.500000,2903.739813
26.000000,25.500000,3035.644958
27.000000,25.500000,3164.047609
28.000000,25.500000,3294.634926
29.000000,25.500000,3427.769797
14.000000,26.000000,1554.201774
15.000000,26.000000,1667.942843
16.000000,26.000000,1785.593422
17.000000,26.000000,1907.153510
18.000000,26.000000,2032.623109
19.000000,26.000000,2153.858097
20.000000,26.000000,2275.673364
21.000000,26.000000,2400.741643
22.000000,26.000000,2529.062933
23.000000,26.000000,2654.871984
24.000000,26.000000,2781.342909
25.000000,26.000000,2910.659792
26.000000,26.000000,3042.797483
27.000000,26.000000,3171.001569
28.000000,26.000000,3301.754830
29.000000,26.000000,3435.057266
14.000000,26.500000,1559.164180
15.000000,26.500000,1673.156929
16.000000,26.500000,1791.063856
17.000000,26.500000,1912.884961
18.000000,26.500000,2038.620244
19.000000,26.500000,2159.646224
20.000000,26.500000,2281.763830
21.000000,26.500000,2407.142124
22.000000,26.500000,2535.781108
23.000000,26.500000,2661.424011
24.000000,26.500000,2788.119815
25.000000,26.500000,2917.664377
26.000000,26.500000,3049.648507
27.000000,26.500000,3178.003758
28.000000,26.500000,3308.908847
29.000000,26.500000,3442.363774
14.000000,27.000000,1564.134369
15.000000,27.000000,1678.379013
16.000000,27.000000,1796.542504
17.000000,27.000000,1918.624843
18.000000,27.000000,2044.626030
19.000000,27.000000,2165.441886
20.000000,27.000000,2287.862204
21.000000,27.000000,2413.550897
22.000000,27.000000,2542.507967
23.000000,27.000000,2667.983816
24.000000,27.000000,2794.904643
25.000000,27.000000,2924.677029
26.000000,27.000000,3056.506816
27.000000,27.000000,3185.013267
28.000000,27.000000,3316.070221
29.000000,27.000000,3449.677677
14.000000,27.500000,1569.183748
15.000000,27.500000,1683.760074
16.000000,27.500000,1802.265301
17.000000,27.500000,1924.699432
18.000000,27.500000,2051.062464
19.000000,27.500000,2171.577339
20.000000,27.500000,2294.208741
21.000000,27.500000,2420.110685
22.000000,27.500000,2549.283170
23.000000,27.500000,2674.599512
24.000000,27.500000,2801.783041
25.000000,27.500000,2931.823123
26.000000,27.500000,3063.527869
27.000000,27.500000,3192.197896
28.000000,27.500000,3323.418779
29.000000,27.500000,3457.190519
14.000000,28.000000,1574.241131
15.000000,28.000000,1689.149602
16.000000,28.000000,1807.997044
17.000000,28.000000,1930.783454
18.000000,28.000000,2057.508834
19.000000,28.000000,2177.721244
20.000000,28.000000,2300.563841
21.000000,28.000000,2426.679147
22.000000,28.000000,2556.067160
23.000000,28.000000,2681.223124
24.000000,28.000000,2808.669620
25.000000,28.000000,2938.977667
26.000000,28.000000,3070.556673
27.000000,28.000000,3199.390294
28.000000,28.000000,3330.775124
29.000000,28.000000,3464.711162
14.000000,28.500000,1579.662358
15.000000,28.500000,1694.853600
16.000000,28.500000,1813.989600
17.000000,28.500000,1937.070360
18.000000,28.500000,2063.873067
19.000000,28.500000,2183.952996
20.000000,28.500000,2306.984734
21.000000,28.500000,2433.290041
22.000000,28.500000,2562.747949
23.000000,28.500000,2687.877922
24.000000,28.500000,2815.588574
25.000000,28.500000,2946.165798
26.000000,28.500000,3077.629388
27.000000,28.500000,3206.721624
28.000000,28.500000,3338.369381
29.000000,28.500000,3472.572659
14.000000,29.000000,1585.092760
15.000000,29.000000,1700.567058
16.000000,29.000000,1819.991909
17.000000,29.000000,1943.367312
18.000000,29.000000,2070.246924
19.000000,29.000000,2190.193421
20.000000,29.000000,2313.414346
21.000000,29.000000,2439.909699
22.000000,29.000000,2569.437212
23.000000,29.000000,2694.540691
24.000000,29.000000,2822.515766
25.000000,29.000000,2953.362437
26.000000,29.000000,3084.709932
27.000000,29.000000,3214.061024
28.000000,29.000000,3345.971952
29.000000,29.000000,3480.442716
14.000000,29.500000,1590.574640
15.000000,29.500000,1706.327979
16.000000,29.500000,1826.037159
17.000000,29.500000,1949.702180
18.000000,29.500000,2076.315526
19.000000,29.500000,2196.462781
20.000000,29.500000,2319.886077
21.000000,29.500000,2446.585413
22.000000,29.500000,2575.924362
23.000000,29.500000,2701.274374
24.000000,29.500000,2829.500224
25.000000,29.500000,2960.601910
26.000000,29.500000,3091.829695
27.000000,29.500000,3221.454095
28.000000,29.500000,3353.643234
29.000000,29.500000,3488.397113
14.000000,30.000000,1596.065847
15.000000,30.000000,1712.098494
16.000000,30.000000,1832.092273
17.000000,30.000000,1956.047183
18.000000,30.000000,2082.392776
19.000000,30.000000,2202.740874
20.000000,30.000000,2326.366624
21.000000,30.000000,2453.270026
22.000000,30.000000,2582.419423
23.000000,30.000000,2708.016194
24.000000,30.000000,2836.493045
25.000000,30.000000,2967.849975
26.000000,30.000000,3098.957354
27.000000,30.000000,3228.855337
28.000000,30.000000,3361.322966
29.000000,30.000000,3496.360243
14.000000,30.500000,1601.584542
15.000000,30.500000,1717.897637
16.000000,30.500000,1838.177171
17.000000,30.500000,1962.423143
18.000000,30.500000,2088.496455
19.000000,30.500000,2209.085414
20.000000,30.500000,2332.956044
21.000000,30.500000,2460.108346
22.000000,30.500000,2589.104638
23.000000,30.500000,2714.904992
24.000000,30.500000,2843.587166
25.000000,30.500000,2975.151161
26.000000,30.500000,3106.121798
27.000000,30.500000,3236.295026
28.000000,30.500000,3369.042843
14.000000,31.000000,1607.112622
15.000000,31.000000,1723.706434
16.000000,31.000000,1844.271993
17.000000,31.000000,1968.809298
18.000000,31.000000,2094.608834
19.000000,31.000000,2215.438862
20.000000,31.000000,2339.554582
21.000000,31.000000,2466.955994
22.000000,31.000000,2595.798268
23.000000,31.000000,2721.802301
24.000000,31.000000,2850.689896
25.000000,31.000000,2982.461051
26.000000,31.000000,3113.294199
27.000000,31.000000,3243.742950
28.000000,31.000000,3376.771235
14.000000,31.500000,1612.678328
15.000000,31.500000,1729.554887
16.000000,31.500000,1850.408798
17.000000,31.500000,1975.240059
18.000000,31.500000,2100.783900
19.000000,31.500000,2221.882682
20.000000,31.500000,2346.272411
21.000000,31.500000,2473.953088
22.000000,31.500000,2602.642353
23.000000,31.500000,2728.818961
24.000000,31.500000,2857.879099
25.000000,31.500000,2989.822768
26.000000,31.500000,3120.520139
27.000000,31.500000,3251.240485
28.000000,31.500000,3384.545079
14.000000,32.000000,1618.253525
15.000000,32.000000,1735.413112
16.000000,32.000000,1856.555658
17.000000,32.000000,1981.681164
18.000000,32.000000,2106.967877
19.000000,32.000000,2228.335688
20.000000,32.000000,2352.999707
21.000000,32.000000,2480.959933
22.000000,32.000000,2609.495244
23.000000,32.000000,2735.844430
24.000000,32.000000,2865.077114
25.000000,32.000000,2997.193296
26.000000,32.000000,3127.754139
27.000000,32.000000,3258.746345
28.000000,32.000000,3392.327518
14.000000,32.500000,1623.978577
15.000000,32.500000,1741.395935
16.000000,32.500000,1862.799927
17.000000,32.500000,1988.190555
18.000000,32.500000,2113.233986
19.000000,32.500000,2234.859792
20.000000,32.500000,2359.785434
21.000000,32.500000,2488.010913
22.000000,32.500000,2616.405384
23.000000,32.500000,2743.024759
24.000000,32.500000,2872.532475
25.000000,32.500000,3004.928530
26.000000,32.500000,3135.319897
27.000000,32.500000,3266.481980
28.000000,32.500000,3400.232975
14.000000,33.000000,1629.713676
15.000000,33.000000,1747.388995
16.000000,33.000000,1869.054625
17.000000,33.000000,1994.710567
18.000000,33.000000,2119.509322
19.000000,33.000000,2241.393336
20.000000,33.000000,2366.580814
21.000000,33.000000,2495.071757
22.000000,33.000000,2623.324459
23.000000,33.000000,2750.214295
24.000000,33.000000,2879.997318
25.000000,33.000000,3012.673528
26.000000,33.000000,3142.894535
27.000000,33.000000,3274.226497
28.000000,33.000000,3408.147312
14.000000,33.500000,1635.507707
15.000000,33.500000,1753.432358
16.000000,33.500000,1875.350148
17.000000,33.500000,2001.261076
18.000000,33.500000,2125.812158
19.000000,33.500000,2247.955672
20.000000,33.500000,2373.406306
21.000000,33.500000,2502.164060
22.000000,33.500000,2630.281009
23.000000,33.500000,2757.446838
24.000000,33.500000,2887.510939
25.000000,33.500000,3020.473310
26.000000,33.500000,3150.531364
27.000000,33.500000,3282.067970
28.000000,33.500000,3416.195064
14.000000,34.000000,1641.311967
15.000000,34.000000,1759.486102
16.000000,34.000000,1881.656204
17.000000,34.000000,2007.822273
18.000000,34.000000,2132.124270
19.000000,34.000000,2254.527499
20.000000,34.000000,2380.241503
21.000000,34.000000,2509.266280
22.000000,34.000000,2637.246567
23.000000,34.000000,2764.688675
24.000000,34.000000,2895.034144
25.000000,34.000000,3028.282973
26.000000,34.000000,3158.177211
27.000000,34.000000,3289.918562
28.000000,34.000000,3424.252036
14.000000,34.500000,1647.141004
15.000000,34.500000,1765.564224
16.000000,34.500000,1887.986171
17.000000,34.500000,2014.406845
18.000000,34.500000,2138.473482
19.000000,34.500000,2261.153682
20.000000,34.500000,2387.149282
21.000000,34.500000,2516.460281
22.000000,34.500000,2644.302983
23.000000,34.500000,2772.004339
24.000000,34.500000,2902.613157
25.000000,34.500000,3036.118421
26.000000,34.500000,3165.954820
27.000000,34.500000,3298.016381
28.000000,34.500000,3432.676096
14.000000,35.000000,1652.980320
15.000000,35.000000,1771.652773
16.000000,35.000000,1894.326715
17.000000,35.000000,2021.002145
18.000000,35.000000,2144.832049
19.000000,35.000000,2267.789486
20.000000,35.000000,2394.066949
21.000000,35.000000,2523.664436
22.000000,35.000000,2651.368632
23.000000,35.000000,2779.329472
24.000000,35.000000,2910.201876
25.000000,35.000000,3043.963788
26.000000,35.000000,3173.741734
27.000000,35.000000,3306.123872
28.000000,35.000000,3441.110202
14.000000,35.500000,1658.849578
15.000000,35.500000,1777.769406
16.000000,35.500000,1900.693265
17.000000,35.500000,2027.621155
18.000000,35.500000,2151.246124
19.000000,35.500000,2274.519051
20.000000,35.500000,2401.118824
21.000000,35.500000,2531.045442
22.000000,35.500000,2658.587661
23.000000,35.500000,2786.768140
24.000000,35.500000,2917.862051
25.000000,35.500000,3051.481079
26.000000,35.500000,3181.576370
27.000000,35.500000,3314.281962
28.000000,35.500000,3449.597853
13.000000,36.000000,1549.568416
14.000000,36.000000,1664.729185
15.000000,36.000000,1783.896527
16.000000,36.000000,1907.070443
17.000000,36.000000,2034.250932
18.000000,36.000000,2157.669690
19.000000,36.000000,2281.258489
20.000000,36.000000,2408.180959
21.000000,36.000000,2538.437101
22.000000,36.000000,2665.816332
23.000000,36.000000,2794.216567
24.000000,36.000000,2925.532100
25.000000,36.000000,3059.007393
26.000000,36.000000,3189.420398
27.000000,36.000000,3322.449816
28.000000,36.000000,3458.095648
13.000000,36.500000,1555.331128
14.000000,36.500000,1670.803202
15.000000,36.500000,1790.288139
16.000000,36.500000,1913.785939
17.000000,36.500000,2041.296602
18.000000,36.500000,2164.470837
19.000000,36.500000,2288.322058
20.000000,36.500000,2415.510444
21.000000,36.500000,2546.035995
22.000000,36.500000,2673.186514
23.000000,36.500000,2801.765431
24.000000,36.500000,2933.259287
25.000000,36.500000,3066.579374
26.000000,36.500000,3197.312932
27.000000,36.500000,3330.669089
28.000000,36.500000,3466.647845
13.000000,37.000000,1561.104516
14.000000,37.000000,1676.888253
15.000000,37.000000,1796.691146
16.000000,37.000000,1920.513193
17.000000,37.000000,2048.354396
18.000000,37.000000,2171.282595
19.000000,37.000000,2295.396450
20.000000,37.000000,2422.850963
21.000000,37.000000,2553.646135
22.000000,37.000000,2680.566710
23.000000,37.000000,2809.324302
24.000000,37.000000,2940.996472
25.000000,37.000000,3074.160462
26.000000,37.000000,3205.214945
27.000000,37.000000,3338.898220
28.000000,37.000000,3475.210287
13.000000,37.500000,1566.965822
14.000000,37.500000,1683.083804
15.000000,37.500000,1803.228340
16.000000,37.500000,1927.399429
17.000000,37.500000,2055.597072
18.000000,37.500000,2178.236597
19.000000,37.500000,2302.586118
20.000000,37.500000,2430.278180
21.000000,37.500000,2561.312780
22.000000,37.500000,2688.062000
23.000000,37.500000,2817.080462
24.000000,37.500000,2949.017074
25.000000,37.500000,3082.083127
26.000000,37.500000,3213.369584
27.000000,37.500000,3347.286735
28.000000,37.500000,3483.834580
13.000000,38.000000,1572.838099
14.000000,38.000000,1689.290758
15.000000,38.000000,1809.777372
16.000000,38.000000,1934.297942
17.000000,38.000000,2062.852467
18.000000,38.000000,2185.201618
19.000000,38.000000,2309.786927
20.000000,38.000000,2437.716657
21.000000,38.000000,2568.990806
22.000000,38.000000,2695.567602
23.000000,38.000000,2824.847154
24.000000,38.000000,2957.048434
25.000000,38.000000,3090.015771
26.000000,38.000000,3221.534332
27.000000,38.000000,3355.685487
28.000000,38.000000,3492.469235
13.000000,38.500000,1578.754881
14.000000,38.500000,1695.545007
15.000000,38.500000,1816.376548
16.000000,38.500000,1941.249506
17.000000,38.500000,2070.163880
18.000000,38.500000,2192.199182
19.000000,38.500000,2317.019400
20.000000,38.500000,2445.185863
21.000000,38.500000,2576.387401
22.000000,38.500000,2703.152282
23.000000,38.500000,2832.734805
24.000000,38.500000,2965.244616
25.000000,38.500000,3098.128246
26.000000,38.500000,3229.875829
27.000000,38.500000,3364.257569
13.000000,39.000000,1584.682756
14.000000,39.000000,1701.810786
15.000000,39.000000,1822.987696
16.000000,39.000000,1948.213486
17.000000,39.000000,2077.488155
18.000000,39.000000,2199.207829
19.000000,39.000000,2324.263072
20.000000,39.000000,2452.666385
21.000000,39.000000,2583.794490
22.000000,39.000000,2710.747468
23.000000,39.000000,2840.633301
24.000000,39.000000,2973.451989
25.000000,39.000000,3106.251150
26.000000,39.000000,3238.227871
27.000000,39.000000,3372.840309
13.000000,39.500000,1590.672556
14.000000,39.500000,1708.137381
15.000000,39.500000,1829.658302
16.000000,39.500000,1955.235318
17.000000,39.500000,2084.304168
18.000000,39.500000,2206.266232
19.000000,39.500000,2331.572867
20.000000,39.500000,2460.230334
21.000000,39.500000,2591.201187
22.000000,39.500000,2718.433795
23.000000,39.500000,2848.603748
24.000000,39.500000,2981.711044
25.000000,39.500000,3114.403121
26.000000,39.500000,3246.615711
27.000000,39.500000,3381.466491
13.000000,40.000000,1596.673636
14.000000,40.000000,1714.475684
15.000000,40.000000,1836.341046
16.000000,40.000000,1962.269721
17.000000,40.000000,2091.131239
18.000000,40.000000,2213.335839
19.000000,40.000000,2338.894034
20.000000,40.000000,2467.805823
21.000000,40.000000,2598.618345
22.000000,40.000000,2726.130859
23.000000,40.000000,2856.585212
24.000000,40.000000,2989.981401
25.000000,40.000000,3122.565577
26.000000,40.000000,3255.014198
27.000000,40.000000,3390.103483
13.000000,40.500000,1602.947076
14.000000,40.500000,1721.037903
15.000000,40.500000,1843.195533
16.000000,40.500000,1969.419965
17.000000,40.500000,2098.014941
18.000000,40.500000,2220.492823
19.000000,40.500000,2346.328261
20.000000,40.500000,2475.521257
21.000000,40.500000,2606.191950
22.000000,40.500000,2733.950780
23.000000,40.500000,2864.653997
24.000000,40.500000,2998.301603
25.000000,40.500000,3130.748032
26.000000,40.500000,3263.422640
27.000000,40.500000,3398.740457
13.000000,41.000000,1609.232788
14.000000,41.000000,1727.612622
15.000000,41.000000,1850.062746
16.000000,41.000000,1976.583159
17.000000,41.000000,2104.909871
18.000000,41.000000,2227.661273
19.000000,41.000000,2353.774198
20.000000,41.000000,2483.248644
21.000000,41.000000,2613.776452
22.000000,41.000000,2741.781766
23.000000,41.000000,2872.734019
24.000000,41.000000,3006.633211
25.000000,41.000000,3138.941007
26.000000,41.000000,3271.841757
27.000000,41.000000,3407.388265
13.000000,41.500000,1615.696711
14.000000,41.500000,1734.329235
15.000000,41.500000,1857.033595
16.000000,41.500000,1983.809793
17.000000,41.500000,2111.889287
18.000000,41.500000,2234.941817
19.000000,41.500000,2361.360279
20.000000,41.500000,2491.144672
21.000000,41.500000,2621.523616
22.000000,41.500000,2749.735941
23.000000,41.500000,2880.895556
24.000000,41.500000,3015.002462
25.000000,41.500000,3147.158277
26.000000,41.500000,3280.284891
27.000000,41.500000,3416.059795
13.000000,42.000000,1622.173564
14.000000,42.000000,1741.058859
15.000000,42.000000,1864.017539
16.000000,42.000000,1991.049604
17.000000,42.000000,2118.880239
18.000000,42.000000,2242.234211
19.000000,42.000000,2368.958521
20.000000,42.000000,2499.053171
21.000000,42.000000,2629.282131
22.000000,42.000000,2757.701510
23.000000,42.000000,2889.068529
24.000000,42.000000,3023.383189
25.000000,42.000000,3155.386105
26.000000,42.000000,3288.738737
27.000000,42.000000,3424.742195
13.000000,42.500000,1628.676904
14.000000,42.500000,1747.809163
15.000000,42.500000,1871.015972
16.000000,42.500000,1998.297330
17.000000,42.500000,2125.897956
18.000000,42.500000,2249.574914
19.000000,42.500000,2376.627757
20.000000,42.500000,2507.056486
21.000000,42.500000,2637.137615
22.000000,42.500000,2765.787152
23.000000,42.500000,2897.385797
24.000000,42.500000,3031.933548
25.000000,42.500000,3163.751879
26.000000,42.500000,3297.285722
27.000000,42.500000,3433.470783
13.000000,43.000000,1635.193227
14.000000,43.000000,1754.572510
15.000000,43.000000,1878.027506
16.000000,43.000000,2005.558217
17.000000,43.000000,2132.927258
18.000000,43.000000,2256.927585
19.000000,43.000000,2384.309342
20.000000,43.000000,2515.072532
21.000000,43.000000,2645.004707
22.000000,43.000000,2773.884513
23.000000,43.000000,2905.714891
24.000000,43.000000,3040.495842
25.000000,43.000000,3172.128568
26.000000,43.000000,3305.843647
27.000000,43.000000,3442.210337
13.000000,43.500000,1641.736774
14.000000,43.500000,1761.356510
15.000000,43.500000,1885.052661
16.000000,43.500000,2012.825227
17.000000,43.500000,2139.982475
18.000000,43.500000,2264.314681
19.000000,43.500000,2392.034217
20.000000,43.500000,2523.141083
21.000000,43.500000,2652.942407
22.000000,43.500000,2782.112875
23.000000,43.500000,2914.238588
24.000000,43.500000,3049.226067
25.000000,43.500000,3180.691546
26.000000,43.500000,3314.520709
27.000000,43.500000,3450.998596
13.000000,44.000000,1648.293363
14.000000,44.000000,1768.153584
15.000000,44.000000,1892.090921
16.000000,44.000000,2020.105373
17.000000,44.000000,2147.049325
18.000000,44.000000,2271.713817
19.000000,44.000000,2399.771537
20.000000,44.000000,2531.222485
21.000000,44.000000,2660.891893
22.000000,44.000000,2790.353324
23.000000,44.000000,2922.774673
24.000000,44.000000,3057.968712
25.000000,44.000000,3189.265948
26.000000,44.000000,3323.209022
27.000000,44.000000,3459.797933
13.000000,44.500000,1654.908396
14.000000,44.500000,1774.993967
15.000000,44.500000,1899.155872
16.000000,44.500000,2027.394110
17.000000,44.500000,2154.151161
18.000000,44.500000,2279.170587
19.000000,44.500000,2407.590343
20.000000,44.500000,2539.410426
21.000000,44.500000,2668.934962
22.000000,44.500000,2798.673677
23.000000,44.500000,2931.376127
24.000000,44.500000,3066.439086
25.000000,44.500000,3197.859452
26.000000,44.500000,3331.923396
27.000000,44.500000,3468.630918
13.000000,45.000000,1661.536665
14.000000,45.000000,1781.847549
15.000000,45.000000,1906.233984
16.000000,45.000000,2034.695970
17.000000,45.000000,2161.264705
18.000000,45.000000,2286.639545
19.000000,45.000000,2415.421816
20.000000,45.000000,2547.611518
21.000000,45.000000,2676.990067
22.000000,45.000000,2807.006318
23.000000,45.000000,2939.990124
24.000000,45.000000,3074.921056
25.000000,45.000000,3206.464407
26.000000,45.000000,3340.649077
27.000000,45.000000,3477.475067
13.000000,45.500000,1668.305142
14.000000,45.500000,1788.906600
15.000000,45.500000,1913.586433
16.000000,45.500000,2042.344641
17.000000,45.500000,2168.714770
18.000000,45.500000,2294.388406
19.000000,45.500000,2423.473196
20.000000,45.500000,2555.969138
21.000000,45.500000,2685.154742
22.000000,45.500000,2815.427302
23.000000,45.500000,2948.669968
24.000000,45.500000,3083.457313
25.000000,45.500000,3215.288068
26.000000,45.500000,3349.764389
27.000000,45.500000,3486.886277
13.000000,46.000000,1675.087375
14.000000,46.000000,1795.979602
15.000000,46.000000,1920.953028
16.000000,46.000000,2050.007655
17.000000,46.000000,2176.177626
18.000000,46.000000,2302.150336
19.000000,46.000000,2431.537919
20.000000,46.000000,2564.340375
21.000000,46.000000,2693.331757
22.000000,46.000000,2823.860804
23.000000,46.000000,2957.362508
24.000000,46.000000,3092.005278
25.000000,46.000000,3224.123727
26.000000,46.000000,3358.891994
27.000000,46.000000,3496.310077
13.000000,46.500000,1681.942767
14.000000,46.500000,1803.159358
15.000000,46.500000,1928.461931
16.000000,46.500000,2057.850483
17.000000,46.500000,2183.792598
18.000000,46.500000,2310.032606
19.000000,46.500000,2439.689866
20.000000,46.500000,2572.764378
21.000000,46.500000,2701.560861
22.000000,46.500000,2832.343288
23.000000,46.500000,2966.100250
24.000000,46.500000,3100.609071
25.000000,46.500000,3233.032213
26.000000,46.500000,3368.110057
13.000000,47.000000,1688.812153
14.000000,47.000000,1810.353430
15.000000,47.000000,1935.985469
16.000000,47.000000,2065.708270
17.000000,47.000000,2191.420833
18.000000,47.000000,2317.928308
19.000000,47.000000,2447.855415
20.000000,47.000000,2581.202153
21.000000,47.000000,2709.802451
22.000000,47.000000,2840.838412
23.000000,47.000000,2974.850785
24.000000,47.000000,3109.224686
25.000000,47.000000,3241.952857
26.000000,47.000000,3377.340618
13.000000,47.500000,1695.730797
14.000000,47.500000,1817.592121
15.000000,47.500000,1943.548603
16.000000,47.500000,2073.600241
17.000000,47.500000,2199.076893
18.000000,47.500000,2325.855885
19.000000,47.500000,2456.057404
20.000000,47.500000,2589.512581
21.000000,47.500000,2718.095193
22.000000,47.500000,2849.384939
23.000000,47.500000,2983.652624
24.000000,47.500000,3117.906311
25.000000,47.500000,3250.940611
26.000000,47.500000,3386.639254
12.000000,48.000000,1584.581461
13.000000,48.000000,1702.663577
14.000000,48.000000,1824.845247
15.000000,48.000000,1951.126469
16.000000,48.000000,2081.507244
17.000000,48.000000,2206.746271
18.000000,48.000000,2333.796966
19.000000,48.000000,2464.273086
20.000000,48.000000,2597.836338
21.000000,48.000000,2726.400558
22.000000,48.000000,2857.944237
23.000000,48.000000,2992.467376
24.000000,48.000000,3126.599913
25.000000,48.000000,3259.940675
26.000000,48.000000,3395.950536
12.000000,48.500000,1591.298574
13.000000,48.500000,1709.684323
14.000000,48.500000,1832.172842
15.000000,48.500000,1958.764131
16.000000,48.500000,2089.458191
17.000000,48.500000,2214.451392
18.000000,48.500000,2341.772587
19.000000,48.500000,2472.521976
20.000000,48.500000,2605.925534
21.000000,48.500000,2734.781367
22.000000,48.500000,2866.620955
23.000000,48.500000,3001.444297
24.000000,48.500000,3135.481488
25.000000,48.500000,3269.087844
26.000000,48.500000,3405.365096
12.000000,49.000000,1598.029891
13.000000,49.000000,1716.719508
14.000000,49.000000,1839.515112
15.000000,49.000000,1966.416702
16.000000,49.000000,2097.424279
17.000000,49.000000,2222.169911
18.000000,49.000000,2349.761786
19.000000,49.000000,2480.784625
20.000000,49.000000,2614.027272
21.000000,49.000000,2743.175007
22.000000,49.000000,2875.310794
23.000000,49.000000,3010.434634
24.000000,49.000000,3144.375607
25.000000,49.000000,3278.247746
26.000000,49.000000,3414.792570
12.000000,49.500000,1604.849390
13.000000,49.500000,1723.836352
14.000000,49.500000,1846.931238
15.000000,49.500000,1974.134049
16.000000,49.500000,2105.220399
17.000000,49.500000,2229.946091
18.000000,49.500000,2357.812734
19.000000,49.500000,2489.113227
20.000000,49.500000,2622.204113
21.000000,49.500000,2751.637832
22.000000,49.500000,2884.063433
23.000000,49.500000,3019.480916
24.000000,49.500000,3153.336062
25.000000,49.500000,3287.501279
26.000000,49.500000,3424.342042
12.000000,50.000000,1611.683408
13.000000,50.000000,1730.967917
14.000000,50.000000,1854.362283
15.000000,50.000000,1981.866506
16.000000,50.000000,2113.030963
17.000000,50.000000,2237.735828
18.000000,50.000000,2365.877429
19.000000,50.000000,2497.455766
20.000000,50.000000,2630.393694
21.000000,50.000000,2760.113663
22.000000,50.000000,2892.829345
23.000000,50.000000,3028.540742
24.000000,50.000000,3162.309209
25.000000,50.000000,3296.767764
26.000000,50.000000,3433.904722
12.000000,50.500000,1618.546213
13.000000,50.500000,1738.155700
14.000000,50.500000,1861.879224
15.000000,50.500000,1989.716785
16.000000,50.500000,2120.704353
17.000000,50.500000,2245.660537
18.000000,50.500000,2374.054439
19.000000,50.500000,2505.886058
20.000000,50.500000,2638.655912
21.000000,50.500000,2768.652126
22.000000,50.500000,2901.647211
23.000000,50.500000,3037.641167
24.000000,50.500000,3171.322955
25.000000,50.500000,3306.076162
26.000000,50.500000,3443.511066
12.000000,51.000000,1625.423595
13.000000,51.000000,1745.358375
14.000000,51.000000,1869.411370
15.000000,51.000000,1997.582581
16.000000,51.000000,2128.391643
17.000000,51.000000,2253.599246
18.000000,51.000000,2382.245545
19.000000,51.000000,2514.330542
20.000000,51.000000,2646.931061
21.000000,51.000000,2777.203751
22.000000,51.000000,2910.478469
23.000000,51.000000,3046.755217
24.000000,51.000000,3180.349471
25.000000,51.000000,3315.397605
26.000000,51.000000,3453.130729
12.000000,51.500000,1632.280477
13.000000,51.500000,1752.552179
14.000000,51.500000,1876.947126
15.000000,51.500000,2005.465320
16.000000,51.500000,2136.099713
17.000000,51.500000,2261.580598
18.000000,51.500000,2390.502550
19.000000,51.500000,2522.865568
20.000000,51.500000,2655.310460
21.000000,51.500000,2785.838665
22.000000,51.500000,2919.370761
23.000000,51.500000,3055.906749
24.000000,51.500000,3189.393136
25.000000,51.500000,3324.711702
26.000000,51.500000,3462.718598
12.000000,52.000000,1639.151790
13.000000,52.000000,1759.760776
14.000000,52.000000,1884.498040
15.000000,52.000000,2013.363582
16.000000,52.000000,2143.821707
17.000000,52.000000,2269.576051
18.000000,52.000000,2398.773831
19.000000,52.000000,2531.415047
20.000000,52.000000,2663.703083
21.000000,52.000000,2794.486960
22.000000,52.000000,2928.276591
23.000000,52.000000,3065.071976
24.000000,52.000000,3198.449599
25.000000,52.000000,3334.038826
26.000000,52.000000,3472.319726
12.000000,52.500000,1646.076022
13.000000,52.500000,1767.043895
14.000000,52.500000,1892.146540
15.000000,52.500000,2021.383957
16.000000,52.500000,2151.667319
17.000000,52.500000,2277.706800
18.000000,52.500000,2407.192897
19.000000,52.500000,2540.125609
20.000000,52.500000,2672.242816
21.000000,52.500000,2803.245102
22.000000,52.500000,2937.252777
23.000000,52.500000,3074.135252
24.000000,52.500000,3207.540937
25.000000,52.500000,3343.401269
26.000000,52.500000,3481.956640
12.000000,53.000000,1653.014848
13.000000,53.000000,1774.342054
14.000000,53.000000,1899.810529
15.000000,53.000000,2029.420274
16.000000,53.000000,2159.527252
17.000000,53.000000,2285.852080
18.000000,53.000000,2415.626705
19.000000,53.000000,2548.851127
20.000000,53.000000,2680.796205
21.000000,53.000000,2812.016930
22.000000,53.000000,2946.242675
23.000000,53.000000,3083.211872
24.000000,53.000000,3216.645135
25.000000,53.000000,3352.776803
26.000000,53.000000,3491.606877
12.000000,53.500000,1660.269846
13.000000,53.500000,1781.903868
14.000000,53.500000,1907.681421
15.000000,53.500000,2037.602507
16.000000,53.500000,2167.471102
17.000000,53.500000,2294.067947
18.000000,53.500000,2424.116997
19.000000,53.500000,2557.618252
20.000000,53.500000,2689.423887
21.000000,53.500000,2820.940992
22.000000,53.500000,2955.466691
23.000000,53.500000,3092.354709
24.000000,53.500000,3225.974551
25.000000,53.500000,3362.292070
26.000000,53.500000,3501.307266
12.000000,54.000000,1667.540730
13.000000,54.000000,1789.481759
14.000000,54.000000,1915.568581
15.000000,54.000000,2045.801197
16.000000,54.000000,2175.429524
17.000000,54.000000,2302.298543
18.000000,54.000000,2432.622177
19.000000,54.000000,2566.400426
20.000000,54.000000,2698.065420
21.000000,54.000000,2829.879180
22.000000,54.000000,2964.705111
23.000000,54.000000,3101.511056
24.000000,54.000000,3235.317451
25.000000,54.000000,3371.820793
26.000000,54.000000,3511.021083
12.000000,54.500000,1674.858571
13.000000,54.500000,1797.120136
14.000000,54.500000,1923.530885
15.000000,54.500000,2054.090816
16.000000,54.500000,2183.482403
17.000000,54.500000,2310.609302
18.000000,54.500000,2441.192068
19.000000,54.500000,2575.230703
20.000000,54.500000,2706.755421
21.000000,54.500000,2838.861293
22.000000,54.500000,2973.982597
23.000000,54.500000,3110.681328
24.000000,54.500000,3244.677887
25.000000,54.500000,3381.370824
26.000000,54.500000,3520.760137
12.000000,55.000000,1682.192432
13.000000,55.000000,1804.774781
14.000000,55.000000,1931.509701
15.000000,55.000000,2062.397194
16.000000,55.000000,2191.550155
17.000000,55.000000,2318.935030
18.000000,55.000000,2449.777026
19.000000,55.000000,2584.076143
20.000000,55.000000,2715.459385
21.000000,55.000000,2847.857628
22.000000,55.000000,2983.274563
23.000000,55.000000,3119.865111
24.000000,55.000000,3254.051819
25.000000,55.000000,3390.934333
26.000000,55.000000,3530.512653
12.000000,55.500000,1689.576174
13.000000,55.500000,1812.489865
14.000000,55.500000,1939.560258
15.000000,55.500000,2070.787351
16.000000,55.500000,2199.690619
17.000000,55.500000,2327.320959
18.000000,55.500000,2458.408811
19.000000,55.500000,2592.954174
20.000000,55.500000,2724.206573
21.000000,55.500000,2856.900365
22.000000,55.500000,2992.616135
23.000000,55.500000,3129.078413
24.000000,55.500000,3263.455854
25.000000,55.500000,3400.528623
12.000000,56.000000,1696.976084
13.000000,56.000000,1820.221404
14.000000,56.000000,1947.627556
15.000000,56.000000,2079.194540
16.000000,56.000000,2207.846172
17.000000,56.000000,2335.722022
18.000000,56.000000,2467.055774
19.000000,56.000000,2601.847428
20.000000,56.000000,2732.967819
21.000000,56.000000,2865.957424
22.000000,56.000000,3001.972296
23.000000,56.000000,3138.305272
24.000000,56.000000,3272.873431
25.000000,56.000000,3410.136441
12.000000,56.500000,1704.442633
13.000000,56.500000,1828.020574
14.000000,56.500000,1955.763079
15.000000,56.500000,2087.670147
16.000000,56.500000,2216.070432
17.000000,56.500000,2344.220659
18.000000,56.500000,2475.830709
19.000000,56.500000,2610.900580
20.000000,56.500000,2741.868031
21.000000,56.500000,2875.124610
22.000000,56.500000,3011.408314
23.000000,56.500000,3147.637907
24.000000,56.500000,3282.535672
25.000000,56.500000,3420.133243
12.000000,57.000000,1711.925571
13.000000,57.000000,1835.836415
14.000000,57.000000,1963.915556
15.000000,57.000000,2096.162994
16.000000,57.000000,2224.309977
17.000000,57.000000,2352.734725
18.000000,57.000000,2484.621217
19.000000,57.000000,2619.969453
20.000000,57.000000,2750.782699
21.000000,57.000000,2884.306418
22.000000,57.000000,3020.859121
23.000000,57.000000,3156.984367
24.000000,57.000000,3292.212119
25.000000,57.000000,3430.144639
12.000000,57.500000,1719.477683
13.000000,57.500000,1843.694719
14.000000,57.500000,1972.081710
15.000000,57.500000,2104.638656
16.000000,57.500000,2232.647503
17.000000,57.500000,2361.477514
18.000000,57.500000,2493.777303
19.000000,57.500000,2629.240675
20.000000,57.500000,2760.047630
21.000000,57.500000,2893.720257
22.000000,57.500000,3030.418090
23.000000,57.500000,3166.446936
24.000000,57.500000,3302.083896
25.000000,57.500000,3440.433630
12.000000,58.000000,1727.046408
13.000000,58.000000,1851.569799
14.000000,58.000000,1980.264802
15.000000,58.000000,2113.131416
16.000000,58.000000,2241.000626
17.000000,58.000000,2370.236516
18.000000,58.000000,2502.950224
19.000000,58.000000,2638.528255
20.000000,58.000000,2769.328117
21.000000,58.000000,2903.149411
22.000000,58.000000,3039.992137
23.000000,58.000000,3175.923629
24.000000,58.000000,3311.970408
25.000000,58.000000,3450.737981
12.000000,58.500000,1734.662889
13.000000,58.500000,1859.497652
14.000000,58.500000,1988.506024
15.000000,58.500000,2121.688004
16.000000,58.500000,2249.425517
17.000000,58.500000,2379.052454
18.000000,58.500000,2512.164053
19.000000,58.500000,2647.631891
20.000000,58.500000,2778.636111
21.000000,58.500000,2912.660964
22.000000,58.500000,3049.706450
12.000000,59.000000,1742.296123
13.000000,59.000000,1867.442437
14.000000,59.000000,1996.764355
15.000000,59.000000,2130.261877
16.000000,59.000000,2257.866214
17.000000,59.000000,2387.884753
18.000000,59.000000,2521.394799
19.000000,59.000000,2656.751171
20.000000,59.000000,2787.959694
21.000000,59.000000,2922.188051
22.000000,59.000000,3059.436243
12.000000,59.500000,1750.021142
13.000000,59.500000,1875.527072
14.000000,59.500000,2005.213669
15.000000,59.500000,2139.080932
16.000000,59.500000,2266.509427
17.000000,59.500000,2396.871404
18.000000,59.500000,2530.728852
19.000000,59.500000,2665.907463
20.000000,59.500000,2797.360579
21.000000,59.500000,2931.834757
22.000000,59.500000,3069.329997
11.000000,60.000000,1636.083055
12.000000,60.000000,1757.763246
13.000000,60.000000,1883.629168
14.000000,60.000000,2013.680820
15.000000,60.000000,2147.918203
16.000000,60.000000,2275.169149
17.000000,60.000000,2405.874927
18.000000,60.000000,2540.080136
19.000000,60.000000,2675.079474
20.000000,60.000000,2806.777263
21.000000,60.000000,2941.497343
22.000000,60.000000,3079.239712
11.000000,60.500000,1643.556188
12.000000,60.500000,1765.574149
13.000000,60.500000,1891.781214
14.000000,60.500000,2022.177384
15.000000,60.500000,2156.273544
16.000000,60.500000,2283.852528
17.000000,60.500000,2414.913076
18.000000,60.500000,2549.477531
19.000000,60.500000,2684.292210
20.000000,60.500000,2816.251273
21.000000,60.500000,2951.234593
22.000000,60.500000,3089.242171
11.000000,61.000000,1651.046339
12.000000,61.000000,1773.402360
13.000000,61.000000,1899.950857
14.000000,61.000000,2030.691832
15.000000,61.000000,2164.645105
16.000000,61.000000,2292.552444
17.000000,61.000000,2423.968163
18.000000,61.000000,2558.892262
19.000000,61.000000,2693.520754
20.000000,61.000000,2825.741223
21.000000,61.000000,2960.987919
22.000000,61.000000,3099.260840
11.000000,61.500000,1658.722737
12.000000,61.500000,1781.395160
13.000000,61.500000,1908.261435
14.000000,61.500000,2039.321562
15.000000,61.500000,2173.087327
16.000000,61.500000,2301.332414
17.000000,61.500000,2433.089593
18.000000,61.500000,2568.358865
19.000000,61.500000,2702.786302
20.000000,61.500000,2835.280767
21.000000,61.500000,2970.803814
11.000000,62.000000,1666.416929
12.000000,62.000000,1789.405924
13.000000,62.000000,1916.590144
14.000000,62.000000,2047.969587
15.000000,62.000000,2181.545981
16.000000,62.000000,2310.129162
17.000000,62.000000,2442.228146
18.000000,62.000000,2577.842931
19.000000,62.000000,2712.067736
20.000000,62.000000,2844.836368
21.000000,62.000000,2980.635939
11.000000,62.500000,1674.151378
12.000000,62.500000,1797.517258
13.000000,62.500000,1925.083672
14.000000,62.500000,2056.850622
15.000000,62.500000,2190.255903
16.000000,62.500000,2319.091850
17.000000,62.500000,2451.443393
18.000000,62.500000,2587.310534
19.000000,62.500000,2721.339078
20.000000,62.500000,2854.407696
21.000000,62.500000,2990.509553
11.000000,63.000000,1681.903725
12.000000,63.000000,1805.646927
13.000000,63.000000,1933.595976
14.000000,63.000000,2065.750869
15.000000,63.000000,2198.983178
16.000000,63.000000,2328.071890
17.000000,63.000000,2460.675994
18.000000,63.000000,2596.795490
19.000000,63.000000,2730.626240
20.000000,63.000000,2863.995097
21.000000,63.000000,3000.399486
11.000000,63.500000,1689.685589
12.000000,63.500000,1813.805608
13.000000,63.500000,1942.136860
14.000000,63.500000,2074.679343
15.000000,63.500000,2207.730499
16.000000,63.500000,2337.080496
17.000000,63.500000,2469.945720
18.000000,63.500000,2606.326170
19.000000,63.500000,2739.977934
20.000000,63.500000,2873.657448
21.000000,63.500000,3010.375343
11.000000,64.000000,1697.485403
12.000000,64.000000,1821.982670
13.000000,64.000000,1950.696558
14.000000,64.000000,2083.627066
15.000000,64.000000,2216.495184
16.000000,64.000000,2346.106498
17.000000,64.000000,2479.232873
18.000000,64.000000,2615.874308
19.000000,64.000000,2749.345613
20.000000,64.000000,2883.336067
21.000000,64.000000,3020.367748
11.000000,64.500000,1705.435860
12.000000,64.500000,1830.287230
13.000000,64.500000,1959.358736
14.000000,64.500000,2092.650378
15.000000,64.500000,2225.301221
16.000000,64.500000,2355.170754
17.000000,64.500000,2488.555098
18.000000,64.500000,2625.454252
19.000000,64.500000,2758.798908
20.000000,64.500000,2893.144331
21.000000,64.500000,3030.535794
11.000000,65.000000,1713.404883
12.000000,65.000000,1838.610664
13.000000,65.000000,1968.040096
14.000000,65.000000,2101.693180
15.000000,65.000000,2234.124715
16.000000,65.000000,2364.252486
17.000000,65.000000,2497.894815
18.000000,65.000000,2635.051704
19.000000,65.000000,2768.268426
20.000000,65.000000,2902.969249
21.000000,65.000000,3040.720922
11.000000,65.500000,1721.550523
12.000000,65.500000,1847.089220
13.000000,65.500000,1976.852885
14.000000,65.500000,2110.841515
15.000000,65.500000,2243.013136
16.000000,65.500000,2373.390404
17.000000,65.500000,2507.281729
18.000000,65.500000,2644.687110
19.000000,65.500000,2777.800063
20.000000,65.500000,2912.855689
21.000000,65.500000,3050.966842
11.000000,66.000000,1729.715468
12.000000,66.000000,1855.587274
13.000000,66.000000,1985.685356
14.000000,66.000000,2120.009715
15.000000,66.000000,2251.919204
16.000000,66.000000,2382.545948
17.000000,66.000000,2516.686246
18.000000,66.000000,2654.340098
19.000000,66.000000,2787.348080
20.000000,66.000000,2922.758935
21.000000,66.000000,3061.229992
11.000000,66.500000,1737.957683
12.000000,66.500000,1864.177616
13.000000,66.500000,1994.626290
14.000000,66.500000,2129.303702
15.000000,66.500000,2260.933960
16.000000,66.500000,2391.788808
17.000000,66.500000,2526.155178
18.000000,66.500000,2663.930491
19.000000,66.500000,2796.957940
20.000000,66.500000,2932.721201
21.000000,66.500000,3071.549520
11.000000,67.000000,1746.219480
12.000000,67.000000,1872.787791
13.000000,67.000000,2003.587302
14.000000,67.000000,2138.618013
15.000000,67.000000,2269.966722
16.000000,67.000000,2401.049559
17.000000,67.000000,2535.641887
18.000000,67.000000,2673.538176
19.000000,67.000000,2806.584338
20.000000,67.000000,2942.700417
21.000000,67.000000,3081.886413
11.000000,67.500000,1754.561060
12.000000,67.500000,1881.491868
13.000000,67.500000,2012.657474
14.000000,67.500000,2148.057878
15.000000,67.500000,2279.118244
16.000000,67.500000,2410.435138
17.000000,67.500000,2545.259758
18.000000,67.500000,2682.982259
19.000000,67.500000,2816.346553
20.000000,67.500000,2952.783617
21.000000,67.500000,3092.293451
11.000000,68.000000,1762.922510
12.000000,68.000000,1890.216119
13.000000,68.000000,2021.748124
14.000000,68.000000,2157.518524
15.000000,68.000000,2288.288172
16.000000,68.000000,2419.839019
17.000000,68.000000,2554.895827
18.000000,68.000000,2692.442988
19.000000,68.000000,2826.125715
20.000000,68.000000,2962.884062
21.000000,68.000000,3102.718031
11.000000,68.500000,1771.216866
12.000000,68.500000,1898.850453
13.000000,68.500000,2030.724655
14.000000,68.500000,2166.839474
15.000000,68.500000,2297.344340
16.000000,68.500000,2429.176704
17.000000,68.500000,2564.516096
18.000000,68.500000,2701.950080
19.000000,68.500000,2835.953229
20.000000,68.500000,2973.034939
21.000000,68.500000,3113.195207
11.000000,69.000000,1779.530682
12.000000,69.000000,1907.504456
13.000000,69.000000,2039.721065
14.000000,69.000000,2176.180509
15.000000,69.000000,2306.418391
16.000000,69.000000,2438.532366
17.000000,69.000000,2574.154434
18.000000,69.000000,2711.473924
19.000000,69.000000,2845.797801
20.000000,69.000000,2983.203174
21.000000,69.000000,3123.690043
11.000000,69.500000,1787.864735
12.000000,69.500000,1916.182987
13.000000,69.500000,2048.745901
14.000000,69.500000,2185.553475
15.000000,69.500000,2315.532719
16.000000,69.500000,2447.941376
17.000000,69.500000,2583.859884
18.000000,69.500000,2721.089713
19.000000,69.500000,2855.747064
20.000000,69.500000,2993.489455
21.000000,69.500000,3134.316887
11.000000,70.000000,1796.218237
12.000000,70.000000,1924.881201
13.000000,70.000000,2057.790647
14.000000,70.000000,2194.946575
15.000000,70.000000,2324.665015
16.000000,70.000000,2457.368495
17.000000,70.000000,2593.583586
18.000000,70.000000,2730.722518
19.000000,70.000000,2865.713687
20.000000,70.000000,3003.793440
21.000000,70.000000,3144.961776
11.000000,70.500000,1804.630691
12.000000,70.500000,1933.624680
13.000000,70.500000,2066.866243
14.000000,70.500000,2204.070003
15.000000,70.500000,2333.844196
16.000000,70.500000,2466.869326
17.000000,70.500000,2603.409215
18.000000,70.500000,2740.476466
19.000000,70.500000,2875.778695
20.000000,70.500000,3014.171604
11.000000,71.000000,1813.062781
12.000000,71.000000,1942.387956
13.000000,71.000000,2075.961795
14.000000,71.000000,2213.212344
15.000000,71.000000,2343.041455
16.000000,71.000000,2476.388474
17.000000,71.000000,2613.253404
18.000000,71.000000,2750.247795
19.000000,71.000000,2885.861344
20.000000,71.000000,3024.567664
11.000000,71.500000,1821.560960
12.000000,71.500000,1951.214723
13.000000,71.500000,2085.118684
14.000000,71.500000,2222.173973
15.000000,71.500000,2352.316980
16.000000,71.500000,2485.979943
17.000000,71.500000,2623.162862
18.000000,71.500000,2760.098628
19.000000,71.500000,2896.059716
20.000000,71.500000,3035.117584
10.000000,72.000000,1704.348233
11.000000,72.000000,1830.078989
12.000000,72.000000,1960.061475
13.000000,72.000000,2094.295692
14.000000,72.000000,2231.153681
15.000000,72.000000,2361.610802
16.000000,72.000000,2495.589926
17.000000,72.000000,2633.091053
18.000000,72.000000,2769.967064
19.000000,72.000000,2906.276073
20.000000,72.000000,3045.685870
10.000000,72.500000,1712.617494
11.000000,72.500000,1838.661439
12.000000,72.500000,1968.957643
13.000000,72.500000,2103.506106
14.000000,72.500000,2240.168371
15.000000,72.500000,2370.956765
16.000000,72.500000,2505.270027
17.000000,72.500000,2643.108156
18.000000,72.500000,2779.939428
19.000000,72.500000,2916.592548
20.000000,72.500000,3056.350069
10.000000,73.000000,1720.906750
11.000000,73.000000,1847.263942
12.000000,73.000000,1977.873921
13.000000,73.000000,2112.736688
14.000000,73.000000,2249.201199
15.000000,73.000000,2380.321151
16.000000,73.000000,2514.968835
17.000000,73.000000,2653.144252
18.000000,73.000000,2789.929702
19.000000,73.000000,2926.927295
20.000000,73.000000,3067.032902
10.000000,73.500000,1729.283029
11.000000,73.500000,1855.933763
12.000000,73.500000,1986.835576
13.000000,73.500000,2121.988468
14.000000,73.500000,2258.252733
15.000000,73.500000,2389.715031
16.000000,73.500000,2524.708414
17.000000,73.500000,2663.232881
18.000000,73.500000,2799.979520
19.000000,73.500000,2937.322203
20.000000,73.500000,3077.776512
10.000000,74.000000,1737.679596
11.000000,74.000000,1864.623832
12.000000,74.000000,1995.817436
13.000000,74.000000,2131.260409
14.000000,74.000000,2267.322406
15.000000,74.000000,2399.127377
16.000000,74.000000,2534.466786
17.000000,74.000000,2673.340632
18.000000,74.000000,2810.047399
19.000000,74.000000,2947.735531
20.000000,74.000000,3088.538903
10.000000,74.500000,1746.162444
11.000000,74.500000,1873.438710
12.000000,74.500000,2004.964843
13.000000,74.500000,2140.740842
14.000000,74.500000,2276.601858
15.000000,74.500000,2408.707668
16.000000,74.500000,2544.348938
17.000000,74.500000,2683.525670
18.000000,74.500000,2820.179067
19.000000,74.500000,2958.207686
20.000000,74.500000,3099.355072
10.000000,75.000000,1754.665907
11.000000,75.000000,1882.274336
12.000000,75.000000,2014.133128
13.000000,75.000000,2150.242283
14.000000,75.000000,2285.900240
15.000000,75.000000,2418.307027
16.000000,75.000000,2554.250299
17.000000,75.000000,2693.730054
18.000000,75.000000,2830.328961
19.000000,75.000000,2968.698405
20.000000,75.000000,3110.190144
10.000000,75.500000,1763.262354
11.000000,75.500000,1891.239427
12.000000,75.500000,2023.469488
13.000000,75.500000,2159.952538
14.000000,75.500000,2295.446739
15.000000,75.500000,2428.239309
16.000000,75.500000,2564.573678
17.000000,75.500000,2704.449846
18.000000,75.500000,2840.867521
19.000000,75.500000,2979.445799
20.000000,75.500000,3121.143676
10.000000,76.000000,1771.879778
11.000000,76.000000,1900.225791
12.000000,76.000000,2032.827415
13.000000,76.000000,2169.684652
14.000000,76.000000,2305.013122
15.000000,76.000000,2438.191937
16.000000,76.000000,2574.917869
17.000000,76.000000,2715.190918
18.000000,76.000000,2851.425664
19.000000,76.000000,2990.212610
20.000000,76.000000,3132.116461
10.000000,76.500000,1780.589120
11.000000,76.500000,1909.316464
12.000000,76.500000,2042.303002
13.000000,76.500000,2179.548732
14.000000,76.500000,2314.723086
15.000000,76.500000,2448.281907
16.000000,76.500000,2585.392234
17.000000,76.500000,2725.901596
18.000000,76.500000,2862.080980
19.000000,76.500000,3001.092520
20.000000,76.500000,3143.219117
10.000000,77.000000,1789.319788
11.000000,77.000000,1918.428806
12.000000,77.000000,2051.800597
13.000000,77.000000,2189.435162
14.000000,77.000000,2324.453445
15.000000,77.000000,2458.392701
16.000000,77.000000,2595.887853
17.000000,77.000000,2736.633356
18.000000,77.000000,2872.756166
19.000000,77.000000,3011.992186
20.000000,77.000000,3154.341415
10.000000,77.500000,1798.192335
11.000000,77.500000,1927.679394
12.000000,77.500000,2061.431390
13.000000,77.500000,2199.448322
14.000000,77.500000,2334.270534
15.000000,77.500000,2468.547522
16.000000,77.500000,2606.382425
17.000000,77.500000,2747.013660
18.000000,77.500000,2883.389577
19.000000,77.500000,3022.878731
20.000000,77.500000,3165.481123
10.000000,78.000000,1807.086782
11.000000,78.000000,1936.952200
12.000000,78.000000,2071.084710
13.000000,78.000000,2209.484312
14.000000,78.000000,2344.108304
15.000000,78.000000,2478.723269
16.000000,78.000000,2616.898165
17.000000,78.000000,2757.413614
18.000000,78.000000,2894.042630
19.000000,78.000000,3033.784913
20.000000,78.000000,3176.640460
10.000000,78.500000,1816.068797
11.000000,78.500000,1946.322727
12.000000,78.500000,2080.846096
13.000000,78.500000,2219.638906
14.000000,78.500000,2354.024603
15.000000,78.500000,2488.941854
16.000000,78.500000,2627.419327
17.000000,78.500000,2767.785842
18.000000,78.500000,2904.694264
19.000000,78.500000,3044.717077
20.000000,78.500000,3187.854279
10.000000,79.000000,1825.073041
11.000000,79.000000,1955.715840
12.000000,79.000000,2090.630418
13.000000,79.000000,2229.816775
14.000000,79.000000,2363.961831
15.000000,79.000000,2499.181458
16.000000,79.000000,2637.961596
17.000000,79.000000,2778.177543
18.000000,79.000000,2915.365464
19.000000,79.000000,3055.668900
20.000000,79.000000,3199.087853
10.000000,79.500000,1834.112773
11.000000,79.500000,1965.125880
12.000000,79.500000,2100.412543
13.000000,79.500000,2239.972762
14.000000,79.500000,2373.900150
15.000000,79.500000,2509.429230
16.000000,79.500000,2648.518692
17.000000,79.500000,2788.592922
18.000000,79.500000,2926.068081
19.000000,79.500000,3066.660239
10.000000,80.000000,1843.174792
11.000000,80.000000,1974.558465
12.000000,80.000000,2110.217467
13.000000,80.000000,2250.151797
14.000000,80.000000,2383.859302
15.000000,80.000000,2519.697962
16.000000,80.000000,2659.096866
17.000000,80.000000,2799.027788
18.000000,80.000000,2936.790307
19.000000,80.000000,3077.671308
10.000000,80.500000,1852.222155
11.000000,80.500000,1983.987839
12.000000,80.500000,2120.031924
13.000000,80.500000,2260.354408
14.000000,80.500000,2393.841233
15.000000,80.500000,2529.975835
16.000000,80.500000,2669.670192
17.000000,80.500000,2809.480425
18.000000,80.500000,2947.543983
19.000000,80.500000,3088.727036
10.000000,81.000000,1861.291619
11.000000,81.000000,1993.439623
12.000000,81.000000,2129.869100
13.000000,81.000000,2270.580047
14.000000,81.000000,2403.843981
15.000000,81.000000,2540.274595
16.000000,81.000000,2680.264469
17.000000,81.000000,2819.952528
18.000000,81.000000,2958.317300
19.000000,81.000000,3099.802577
10.000000,81.500000,1870.427508
11.000000,81.500000,2002.965326
12.000000,81.500000,2139.788400
13.000000,81.500000,2280.558935
14.000000,81.500000,2413.914282
15.000000,81.500000,2550.631345
16.000000,81.500000,2690.906839
17.000000,81.500000,2830.479932
18.000000,81.500000,2969.147221
19.000000,81.500000,3110.935740
10.000000,82.000000,1879.585727
11.000000,82.000000,2012.513692
12.000000,82.000000,2149.730699
13.000000,82.000000,2290.559659
14.000000,82.000000,2424.005593
15.000000,82.000000,2561.009126
16.000000,82.000000,2701.570259
17.000000,82.000000,2841.026929
18.000000,82.000000,2979.996914
19.000000,82.000000,3122.088851
10.000000,82.500000,1888.886021
11.000000,82.500000,2022.125221
12.000000,82.500000,2159.651886
13.000000,82.500000,2300.269011
14.000000,82.500000,2434.057139
15.000000,82.500000,2571.405050
16.000000,82.500000,2712.312743
17.000000,82.500000,2851.645434
18.000000,82.500000,2990.871817
19.000000,82.500000,3133.219870
10.000000,83.000000,1898.209239
11.000000,83.000000,2031.759611
12.000000,83.000000,2169.595870
13.000000,83.000000,2309.998859
14.000000,83.000000,2444.129447
15.000000,83.000000,2581.821999
16.000000,83.000000,2723.076515
17.000000,83.000000,2862.283725
18.000000,83.000000,3001.766499
19.000000,83.000000,3144.370663
10.000000,83.500000,1907.562810
11.000000,83.500000,2041.379849
12.000000,83.500000,2179.478429
13.000000,83.500000,2319.663486
14.000000,83.500000,2454.188411
15.000000,83.500000,2592.280136
16.000000,83.500000,2733.938663
17.000000,83.500000,2873.006443
18.000000,83.500000,3012.736033
19.000000,83.500000,3155.586359
10.000000,84.000000,1916.939342
11.000000,84.000000,2051.022772
12.000000,84.000000,2189.383398
13.000000,84.000000,2329.348246
14.000000,84.000000,2464.267996
15.000000,84.000000,2602.759385
16.000000,84.000000,2744.822412
17.000000,84.000000,2883.749193
18.000000,84.000000,3023.725551
19.000000,84.000000,3166.821992
10.000000,84.500000,1926.387764
11.000000,84.500000,2060.744670
12.000000,84.500000,2199.375412
13.000000,84.500000,2339.166446
14.000000,84.500000,2474.479217
15.000000,84.500000,2613.367325
16.000000,84.500000,2755.830770
17.000000,84.500000,2894.590385
18.000000,84.500000,3034.825459
19.000000,84.500000,3178.180580
9.000000,85.000000,1805.499732
10.000000,85.000000,1935.859382
11.000000,85.000000,2070.489505
12.000000,85.000000,2209.390104
13.000000,85.000000,2349.005228
14.000000,85.000000,2484.711506
15.000000,85.000000,2623.996812
16.000000,85.000000,2766.861146
17.000000,85.000000,2905.451905
18.000000,85.000000,3045.945685
19.000000,85.000000,3189.559475
9.000000,85.500000,1814.760781
10.000000,85.500000,1945.400440
11.000000,85.500000,2080.307498
12.000000,85.500000,2219.481953
13.000000,85.500000,2358.942628
14.000000,85.500000,2495.025122
15.000000,85.500000,2634.690001
16.000000,85.500000,2777.937265
17.000000,85.500000,2916.386591
18.000000,85.500000,3057.174038
19.000000,85.500000,3201.082085
9.000000,86.000000,1824.045504
10.000000,86.000000,1954.964921
11.000000,86.000000,2090.148661
12.000000,86.000000,2229.596723
13.000000,86.000000,2368.900934
14.000000,86.000000,2505.360038
15.000000,86.000000,2645.404883
16.000000,86.000000,2789.035469
17.000000,86.000000,2927.341782
18.000000,86.000000,3068.423015
19.000000,86.000000,3212.625440
9.000000,86.500000,1833.383977
10.000000,86.500000,1964.589174
11.000000,86.500000,2100.054745
12.000000,86.500000,2239.780692
13.000000,86.500000,2378.949499
14.000000,86.500000,2515.791829
15.000000,86.500000,2656.223990
16.000000,86.500000,2799.973623
17.000000,86.500000,2938.404348
18.000000,86.500000,3079.782952
19.000000,86.500000,3224.282906
9.000000,87.000000,1842.746241
10.000000,87.000000,1974.236996
11.000000,87.000000,2109.984178
12.000000,87.000000,2249.987789
13.000000,87.000000,2389.019270
14.000000,87.000000,2526.245232
15.000000,87.000000,2667.065119
16.000000,87.000000,2810.933135
17.000000,87.000000,2949.487738
18.000000,87.000000,3091.163846
19.000000,87.000000,3235.961458
9.000000,87.500000,1852.190848
10.000000,87.500000,1983.979923
11.000000,87.500000,2120.022041
12.000000,87.500000,2260.317200
13.000000,87.500000,2399.219693
14.000000,87.500000,2536.809608
15.000000,87.500000,2677.996450
16.000000,87.500000,2821.781016
17.000000,87.500000,2960.671233
18.000000,87.500000,3102.684704
19.000000,87.500000,3247.821428
9.000000,88.000000,1861.659547
10.000000,88.000000,1993.746777
11.000000,88.000000,2130.083662
12.000000,88.000000,2270.670202
13.000000,88.000000,2409.441797
14.000000,88.000000,2547.395977
15.000000,88.000000,2688.950087
16.000000,88.000000,2832.649747
17.000000,88.000000,2971.875858
18.000000,88.000000,3114.226967
19.000000,88.000000,3259.703075
9.000000,88.500000,1871.225508
10.000000,88.500000,2003.654415
11.000000,88.500000,2140.332126
12.000000,88.500000,2281.258641
13.000000,88.500000,2419.882459
14.000000,88.500000,2558.148418
15.000000,88.500000,2700.014429
16.000000,88.500000,2843.590359
17.000000,88.500000,2983.186387
18.000000,88.500000,3125.910541
9.000000,89.000000,1880.815939
10.000000,89.000000,2013.586564
11.000000,89.000000,2150.605139
12.000000,89.000000,2291.871662
13.000000,89.000000,2430.345658
14.000000,89.000000,2568.923465
15.000000,89.000000,2711.101444
16.000000,89.000000,2854.552022
17.000000,89.000000,2994.518372
18.000000,89.000000,3137.615973
9.000000,89.500000,1890.502489
10.000000,89.500000,2023.633563
11.000000,89.500000,2161.012974
12.000000,89.500000,2302.640723
13.000000,89.500000,2440.946007
14.000000,89.500000,2579.806594
15.000000,89.500000,2722.265586
16.000000,89.500000,2865.582580
17.000000,89.500000,3005.915822
18.000000,89.500000,3149.383155
9.000000,90.000000,1900.213881
10.000000,90.000000,2033.705523
11.000000,90.000000,2171.445888
12.000000,90.000000,2313.434978
13.000000,90.000000,2451.569388
14.000000,90.000000,2590.712688
15.000000,90.000000,2733.452626
16.000000,90.000000,2876.634377
17.000000,90.000000,3017.334900
18.000000,90.000000,3161.172347
9.000000,90.500000,1910.018655
10.000000,90.500000,2043.890118
11.000000,90.500000,2182.011137
12.000000,90.500000,2324.381714
13.000000,90.500000,2462.322880
14.000000,90.500000,2601.743921
15.000000,90.500000,2744.760096
16.000000,90.500000,2887.805502
17.000000,90.500000,3028.817706
18.000000,90.500000,3172.967828
9.000000,91.000000,1919.848613
10.000000,91.000000,2054.100107
11.000000,91.000000,2192.601988
12.000000,91.000000,2335.354254
13.000000,91.000000,2473.099875
14.000000,91.000000,2612.798548
15.000000,91.000000,2756.090852
16.000000,91.000000,2898.998224
17.000000,91.000000,3040.322269
18.000000,91.000000,3184.785222
9.000000,91.500000,1929.616656
10.000000,91.500000,2064.315148
11.000000,91.500000,2203.268121
12.000000,91.500000,2346.475575
13.000000,91.500000,2483.958999
14.000000,91.500000,2623.888339
15.000000,91.500000,2767.407864
16.000000,91.500000,2910.178246
17.000000,91.500000,3051.822916
18.000000,91.500000,3196.608050
9.000000,92.000000,1939.409407
10.000000,92.000000,2074.555470
11.000000,92.000000,2213.960099
12.000000,92.000000,2357.623296
13.000000,92.000000,2494.841889
14.000000,92.000000,2635.001573
15.000000,92.000000,2778.747999
16.000000,92.000000,2921.379720
17.000000,92.000000,3063.345206
18.000000,92.000000,3208.452712
9.000000,92.500000,1949.105565
10.000000,92.500000,2084.771131
11.000000,92.500000,2224.703959
12.000000,92.500000,2368.680092
13.000000,92.500000,2505.780903
14.000000,92.500000,2646.139515
15.000000,92.500000,2790.079498
9.000000,93.000000,1958.825821
10.000000,93.000000,2095.011832
11.000000,93.000000,2235.473796
12.000000,93.000000,2379.762744
13.000000,93.000000,2516.743828
14.000000,93.000000,2657.300915
15.000000,93.000000,2801.434005
9.000000,93.500000,1968.600648
10.000000,93.500000,2105.267743
11.000000,93.500000,2246.218194
12.000000,93.500000,2390.456347
13.000000,93.500000,2527.673678
14.000000,93.500000,2668.461989
15.000000,93.500000,2812.821280
9.000000,94.000000,1978.399709
10.000000,94.000000,2115.548610
11.000000,94.000000,2256.988274
12.000000,94.000000,2401.173859
13.000000,94.000000,2538.627147
14.000000,94.000000,2679.646390
15.000000,94.000000,2824.231590
9.000000,94.500000,1988.227576
10.000000,94.500000,2125.788531
11.000000,94.500000,2267.643267
12.000000,94.500000,2411.710874
13.000000,94.500000,2549.470250
14.000000,94.500000,2690.794450
15.000000,94.500000,2835.683473
9.000000,95.000000,1998.079696
10.000000,95.000000,2136.053082
11.000000,95.000000,2278.323264
12.000000,95.000000,2422.270882
13.000000,95.000000,2560.336390
14.000000,95.000000,2701.965584
15.000000,95.000000,2847.158466
9.000000,95.500000,2008.156880
10.000000,95.500000,2146.438097
11.000000,95.500000,2289.012145
12.000000,95.500000,2432.768499
13.000000,95.500000,2571.200121
14.000000,95.500000,2713.197606
15.000000,95.500000,2858.760954
9.000000,96.000000,2018.259333
10.000000,96.000000,2156.848215
11.000000,96.000000,2299.725959
12.000000,96.000000,2443.288741
13.000000,96.000000,2582.086783
14.000000,96.000000,2724.452862
15.000000,96.000000,2870.386979
9.000000,96.500000,2028.527208
10.000000,96.500000,2167.398424
11.000000,96.500000,2310.553084
12.000000,96.500000,2453.931275
13.000000,96.500000,2593.134787
14.000000,96.500000,2735.910351
9.000000,97.000000,2038.821079
10.000000,97.000000,2177.974310
11.000000,97.000000,2321.405566
12.000000,97.000000,2464.596869
13.000000,97.000000,2604.206316
14.000000,97.000000,2747.391829
9.000000,97.500000,2049.277086
10.000000,97.500000,2188.686735
11.000000,97.500000,2332.367799
12.000000,97.500000,2475.370708
13.000000,97.500000,2615.359644
14.000000,97.500000,2758.927123
8.000000,98.000000,1924.359024
9.000000,98.000000,2059.759803
10.000000,98.000000,2199.425391
11.000000,98.000000,2343.355789
12.000000,98.000000,2486.167978
13.000000,98.000000,2626.536745
14.000000,98.000000,2770.486529
8.000000,98.500000,1934.753412
9.000000,98.500000,2070.393728
10.000000,98.500000,2210.291721
11.000000,98.500000,2354.447392
12.000000,98.500000,2497.086360
13.000000,98.500000,2637.815546
14.000000,98.500000,2782.126715
8.000000,99.000000,1945.175790
9.000000,99.000000,2081.055008
10.000000,99.000000,2221.184776
11.000000,99.000000,2365.565096
12.000000,99.000000,2508.028573
13.000000,99.000000,2649.118433
14.000000,99.000000,2793.791235
8.000000,99.500000,1955.691877
9.000000,99.500000,2091.808895
10.000000,99.500000,2232.168880
11.000000,99.500000,2376.771833
12.000000,99.500000,2519.074841
13.000000,99.500000,2660.518575
14.000000,99.500000,2805.546433
8.000000,100.000000,1966.236306
9.000000,100.000000,2102.590471
10.000000,100.000000,2243.180028
11.000000,100.000000,2388.004975
12.000000,100.000000,2530.145301
13.000000,100.000000,2671.943112
14.000000,100.000000,2817.326227
8.000000,100.500000,1976.703313
9.000000,100.500000,2113.343000
10.000000,100.500000,2254.211925
11.000000,100.500000,2399.310088
12.000000,100.500000,2541.308693
13.000000,100.500000,2683.440881
14.000000,100.500000,2829.158891
8.000000,101.000000,1987.198048
9.000000,101.000000,2124.122887
10.000000,101.000000,2265.270811
11.000000,101.000000,2410.641822
12.000000,101.000000,2552.496586
13.000000,101.000000,2694.963254
14.000000,101.000000,2841.016262
8.000000,101.500000,1997.306280
9.000000,101.500000,2134.660583
10.000000,101.500000,2276.241202
11.000000,101.500000,2422.048137
12.000000,101.500000,2563.778955
13.000000,101.500000,2706.547010
14.000000,101.500000,2852.900575
8.000000,102.000000,2007.440057
9.000000,102.000000,2145.224263
10.000000,102.000000,2287.238010
11.000000,102.000000,2433.481299
12.000000,102.000000,2575.086129
13.000000,102.000000,2718.155513
14.000000,102.000000,2864.809578
8.000000,102.500000,2017.715601
9.000000,102.500000,2155.937127
10.000000,102.500000,2298.392366
11.000000,102.500000,2445.081318
12.000000,102.500000,2586.529377
13.000000,102.500000,2729.877601
14.000000,102.500000,2876.807746
8.000000,103.000000,2028.017298
9.000000,103.000000,2166.676589
10.000000,103.000000,2309.573766
11.000000,103.000000,2456.708827
12.000000,103.000000,2597.997904
13.000000,103.000000,2741.624808
14.000000,103.000000,2888.830875
8.000000,103.500000,2038.478383
9.000000,103.500000,2177.576229
10.000000,103.500000,2320.916184
11.000000,103.500000,2468.498246
12.000000,103.500000,2609.575400
13.000000,103.500000,2753.454087
14.000000,103.500000,2900.906574
8.000000,104.000000,2048.966319
9.000000,104.000000,2188.503147
10.000000,104.000000,2332.286308
11.000000,104.000000,2480.315801
12.000000,104.000000,2621.178567
13.000000,104.000000,2765.308770
14.000000,104.000000,2913.007407
8.000000,104.500000,2059.547635
9.000000,104.500000,2199.495647
10.000000,104.500000,2343.691436
11.000000,104.500000,2491.794224
12.000000,104.500000,2632.888022
13.000000,104.500000,2777.400486
14.000000,104.500000,2925.482460
8.000000,105.000000,2070.156122
9.000000,105.000000,2210.515605
10.000000,105.000000,2355.124307
11.000000,105.000000,2503.299081
12.000000,105.000000,2644.623522
13.000000,105.000000,2789.518542
14.000000,105.000000,2937.984140
8.000000,105.500000,2080.867005
9.000000,105.500000,2221.581305
10.000000,105.500000,2366.541885
11.000000,105.500000,2514.582080
12.000000,105.500000,2656.322060
13.000000,105.500000,2801.636207
14.000000,105.500000,2950.524520
8.000000,106.000000,2091.605449
9.000000,106.000000,2232.674566
10.000000,106.000000,2377.987016
11.000000,106.000000,2525.890411
12.000000,106.000000,2668.046381
13.000000,106.000000,2813.780103
14.000000,106.000000,2963.091580
8.000000,106.500000,2102.490425
9.000000,106.500000,2243.892608
10.000000,106.500000,2389.534028
11.000000,106.500000,2537.295104
12.000000,106.500000,2679.850428
13.000000,106.500000,2825.986061
14.000000,106.500000,2975.702006
8.000000,107.000000,2113.403594
9.000000,107.000000,2255.138708
10.000000,107.000000,2401.108958
11.000000,107.000000,2548.725447
12.000000,107.000000,2691.680494
13.000000,107.000000,2838.218406
14.000000,107.000000,2988.339183
8.000000,107.500000,2124.454385
9.000000,107.500000,2266.497222
10.000000,107.500000,2412.770568
11.000000,107.500000,2560.259312
12.000000,107.500000,2703.609070
13.000000,107.500000,2850.543301
8.000000,108.000000,2135.533944
9.000000,108.000000,2277.884208
10.000000,108.000000,2424.460353
11.000000,108.000000,2571.819144
12.000000,108.000000,2715.563961
13.000000,108.000000,2862.894851
8.000000,108.500000,2146.749489
9.000000,108.500000,2289.387738
10.000000,108.500000,2436.246227
11.000000,108.500000,2583.475851
12.000000,108.500000,2727.602929
13.000000,108.500000,2875.317149
8.000000,109.000000,2157.994374
9.000000,109.000000,2300.920192
10.000000,109.000000,2448.060609
11.000000,109.000000,2595.158850
12.000000,109.000000,2739.668466
13.000000,109.000000,2887.766290
8.000000,109.500000,2169.191425
9.000000,109.500000,2312.454675
10.000000,109.500000,2459.928828
11.000000,109.500000,2606.926472
12.000000,109.500000,2751.785934
13.000000,109.500000,2900.233671
8.000000,110.000000,2180.417381
9.000000,110.000000,2324.017926
10.000000,110.000000,2471.825674
11.000000,110.000000,2618.720651
12.000000,110.000000,2763.930072
13.000000,110.000000,2912.727836
8.000000,110.500000,2191.458104
9.000000,110.500000,2335.504872
10.000000,110.500000,2483.761659
11.000000,110.500000,2630.599890
12.000000,110.500000,2776.140959
13.000000,110.500000,2925.269854
7.000000,111.000000,2062.246019
8.000000,111.000000,2202.526625
9.000000,111.000000,2347.020060
10.000000,111.000000,2495.726325
11.000000,111.000000,2642.505951
12.000000,111.000000,2788.378687
13.000000,111.000000,2937.838733
7.000000,111.500000,2072.979164
8.000000,111.500000,2213.703134
9.000000,111.500000,2358.642662
10.000000,111.500000,2507.797747
11.000000,111.500000,2654.508116
12.000000,111.500000,2800.718228
13.000000,111.500000,2950.514935
7.000000,112.000000,2083.740081
8.000000,112.000000,2224.907847
9.000000,112.000000,2370.293895
10.000000,112.000000,2519.898223
11.000000,112.000000,2666.537413
12.000000,112.000000,2813.084943
13.000000,112.000000,2963.218352
7.000000,112.500000,2094.610510
8.000000,112.500000,2236.222767
9.000000,112.500000,2382.056612
10.000000,112.500000,2532.112046
11.000000,112.500000,2678.681759
12.000000,112.500000,2825.569419
13.000000,112.500000,2976.041541
7.000000,113.000000,2105.509138
8.000000,113.000000,2247.566297
9.000000,113.000000,2393.848351
10.000000,113.000000,2544.355300
11.000000,113.000000,2690.853609
12.000000,113.000000,2838.081455
13.000000,113.000000,2988.892337
7.000000,113.500000,2116.564154
8.000000,113.500000,2259.042828
9.000000,113.500000,2405.748261
10.000000,113.500000,2556.680451
7.000000,114.000000,2127.648043
8.000000,114.000000,2270.548501
9.000000,114.000000,2417.677579
10.000000,114.000000,2569.035277
7.000000,114.500000,2138.842106
8.000000,114.500000,2282.077065
9.000000,114.500000,2429.535857
10.000000,114.500000,2581.218481
7.000000,115.000000,2150.065455
8.000000,115.000000,2293.634739
9.000000,115.000000,2441.423063
10.000000,115.000000,2593.430427
7.000000,115.500000,2161.472568
8.000000,115.500000,2305.344485
9.000000,115.500000,2453.428767
10.000000,115.500000,2605.725414
7.000000,116.000000,2172.909802
8.000000,116.000000,2317.083982
9.000000,116.000000,2465.463851
10.000000,116.000000,2618.049410
7.000000,116.500000,2184.528170
8.000000,116.500000,2328.982736
9.000000,116.500000,2477.635191
7.000000,117.000000,2196.177479
8.000000,117.000000,2340.911916
9.000000,117.000000,2489.836446
7.000000,117.500000,2207.912009
8.000000,117.500000,2352.983763
9.000000,117.500000,2502.241740
7.000000,118.000000,2219.677786
8.000000,118.000000,2365.086626
9.000000,118.000000,2514.677821
7.000000,118.500000,2231.282167
8.000000,118.500000,2377.108050
9.000000,118.500000,2527.117521
7.000000,119.000000,2242.916778
8.000000,119.000000,2389.159916
9.000000,119.000000,2539.587872
7.000000,119.500000,2254.591992
8.000000,119.500000,2401.266103
9.000000,119.500000,2552.126062
7.000000,120.000000,2266.297467
8.000000,120.000000,2413.402837
9.000000,120.000000,2564.695081
7.000000,120.500000,2278.125218
8.000000,120.500000,2425.639993
9.000000,120.500000,2577.341798
7.000000,121.000000,2289.983708
8.000000,121.000000,2437.908041
9.000000,121.000000,2590.019559
7.000000,121.500000,2301.960103
8.000000,121.500000,2450.270423
9.000000,121.500000,2602.767296
7.000000,122.000000,2313.967688
8.000000,122.000000,2462.664006
9.000000,122.000000,2615.546243
7.000000,122.500000,2326.085730
8.000000,122.500000,2475.139019
9.000000,122.500000,2628.376041
7.000000,123.000000,2338.235374
8.000000,123.000000,2487.645482
9.000000,123.000000,2641.237135
7.000000,123.500000,2350.354409
8.000000,123.500000,2500.076733
9.000000,123.500000,2653.973669
7.000000,124.000000,2362.504703
8.000000,124.000000,2512.538904
9.000000,124.000000,2666.740779
7.000000,124.500000,2374.749673
8.000000,124.500000,2525.115459
9.000000,124.500000,2679.642437
7.000000,125.000000,2387.026220
8.000000,125.000000,2537.723347
9.000000,125.000000,2692.575176
7.000000,125.500000,2399.193802
8.000000,125.500000,2550.339341
9.000000,125.500000,2705.640169
6.000000,126.000000,2263.953800
7.000000,126.000000,2411.392248
8.000000,126.000000,2562.986561
9.000000,126.000000,2718.736739
6.000000,126.500000,2275.671173
7.000000,126.500000,2423.650958
8.000000,126.500000,2575.792770
9.000000,126.500000,2732.096608
6.000000,127.000000,2287.418719
7.000000,127.000000,2435.940693
8.000000,127.000000,2588.630850
9.000000,127.000000,2745.489191
6.000000,127.500000,2299.358301
7.000000,127.500000,2448.404289
8.000000,127.500000,2601.623355
9.000000,127.500000,2759.015498
6.000000,128.000000,2311.328906
7.000000,128.000000,2460.899645
8.000000,128.000000,2614.648349
9.000000,128.000000,2772.575018
6.000000,128.500000,2323.520499
7.000000,128.500000,2473.586990
8.000000,128.500000,2627.834463
6.000000,129.000000,2335.744121
7.000000,129.000000,2486.306922
8.000000,129.000000,2641.053717
6.000000,129.500000,2348.164998
7.000000,129.500000,2499.181065
8.000000,129.500000,2654.382009
6.000000,130.000000,2360.618783
7.000000,130.000000,2512.088423
8.000000,130.000000,2667.743817
