weight_g,405.000000
thrust_N,velocity_m_s,power_W
20.000000,0.000000,2048.500725
21.000000,0.000000,2170.499668
22.000000,0.000000,2295.838196
23.000000,0.000000,2424.516308
24.000000,0.000000,2566.442298
25.000000,0.000000,2719.478711
26.000000,0.000000,2876.404421
27.000000,0.000000,3058.125836
28.000000,0.000000,3250.050583
29.000000,0.000000,3468.131959
30.000000,0.000000,3701.620214
31.000000,0.000000,3954.974348
32.000000,0.000000,4267.065243
33.000000,0.000000,4659.981901
20.000000,0.500000,2053.807639
21.000000,0.500000,2175.909622
22.000000,0.500000,2301.349902
23.000000,0.500000,2430.128480
24.000000,0.500000,2572.896722
25.000000,0.500000,2726.008700
26.000000,0.500000,2883.006621
27.000000,0.500000,3065.619053
28.000000,0.500000,3257.298427
29.000000,0.500000,3476.262820
30.000000,0.500000,3710.455814
31.000000,0.500000,3964.358720
32.000000,0.500000,4277.369527
33.000000,0.500000,4674.801933
20.000000,1.000000,2059.120797
21.000000,1.000000,2181.325776
22.000000,1.000000,2306.867762
23.000000,1.000000,2435.746756
24.000000,1.000000,2579.358128
25.000000,1.000000,2732.545533
26.000000,1.000000,2889.615525
27.000000,1.000000,3073.119785
28.000000,1.000000,3264.553141
29.000000,1.000000,3484.401337
30.000000,1.000000,3719.299755
31.000000,1.000000,3973.751937
32.000000,1.000000,4287.683410
33.000000,1.000000,4689.641004
20.000000,1.500000,2064.431039
21.000000,1.500000,2186.739976
22.000000,1.500000,2312.384683
23.000000,1.500000,2441.365159
24.000000,1.500000,2585.813109
25.000000,1.500000,2739.074974
26.000000,1.500000,2896.216053
27.000000,1.500000,3080.557494
28.000000,1.500000,3271.743013
29.000000,1.500000,3492.513053
30.000000,1.500000,3728.129008
31.000000,1.500000,3984.407626
32.000000,1.500000,4298.189833
33.000000,1.500000,4704.371497
19.000000,2.000000,1950.669190
20.000000,2.000000,2069.747513
21.000000,2.000000,2192.160366
22.000000,2.000000,2317.907749
23.000000,2.000000,2446.989662
24.000000,2.000000,2592.275051
25.000000,2.000000,2745.611237
26.000000,2.000000,2902.823263
27.000000,2.000000,3088.002609
28.000000,2.000000,3278.939650
29.000000,2.000000,3500.632363
30.000000,2.000000,3736.966549
31.000000,2.000000,3995.074552
32.000000,2.000000,4308.706183
33.000000,2.000000,4719.120703
19.000000,2.500000,1955.890488
20.000000,2.500000,2075.073001
21.000000,2.500000,2197.588397
22.000000,2.500000,2323.436677
23.000000,2.500000,2452.617841
24.000000,2.500000,2598.732193
25.000000,2.500000,2752.140842
26.000000,2.500000,2909.881270
27.000000,2.500000,3095.384521
28.000000,2.500000,3286.677396
29.000000,2.500000,3508.725905
30.000000,2.500000,3745.788956
31.000000,2.500000,4005.647737
32.000000,2.500000,4321.144431
33.000000,2.500000,4733.762351
19.000000,3.000000,1961.118153
20.000000,3.000000,2080.404791
21.000000,3.000000,2203.022665
22.000000,3.000000,2328.971776
23.000000,3.000000,2458.252124
24.000000,3.000000,2605.196281
25.000000,3.000000,2758.677248
26.000000,3.000000,2916.946537
27.000000,3.000000,3102.773733
28.000000,3.000000,3294.422597
29.000000,3.000000,3516.826979
30.000000,3.000000,3754.619595
31.000000,3.000000,4016.231880
32.000000,3.000000,4333.596832
33.000000,3.000000,4748.422392
19.000000,3.500000,1966.405074
20.000000,3.500000,2085.846601
21.000000,3.500000,2208.620026
22.000000,3.500000,2334.725349
23.000000,3.500000,2464.162568
24.000000,3.500000,2611.859581
25.000000,3.500000,2765.346210
26.000000,3.500000,2924.566419
27.000000,3.500000,3110.483071
28.000000,3.500000,3303.233103
29.000000,3.500000,3525.663116
30.000000,3.500000,3764.190055
31.000000,3.500000,4027.445505
32.000000,3.500000,4346.512694
33.000000,3.500000,4763.686426
19.000000,4.000000,1971.698721
20.000000,4.000000,2091.295168
21.000000,4.000000,2214.224173
22.000000,4.000000,2340.485735
23.000000,4.000000,2470.079856
24.000000,4.000000,2618.530556
25.000000,4.000000,2772.022536
26.000000,4.000000,2932.194741
27.000000,4.000000,3118.200606
28.000000,4.000000,3312.053021
29.000000,4.000000,3534.508224
30.000000,4.000000,3773.770214
31.000000,4.000000,4038.671485
32.000000,4.000000,4359.443933
33.000000,4.000000,4778.970552
19.000000,4.500000,1977.000915
20.000000,4.500000,2096.755050
21.000000,4.500000,2219.842590
22.000000,4.500000,2346.263533
23.000000,4.500000,2476.137649
24.000000,4.500000,2625.192110
25.000000,4.500000,2778.689066
26.000000,4.500000,2939.837587
27.000000,4.500000,3126.098242
28.000000,4.500000,3321.232407
29.000000,4.500000,3543.770626
30.000000,4.500000,3783.842169
31.000000,4.500000,4050.381479
32.000000,4.500000,4372.943592
33.000000,4.500000,4795.382002
19.000000,5.000000,1982.309843
20.000000,5.000000,2102.221705
21.000000,5.000000,2225.467816
22.000000,5.000000,2352.048178
23.000000,5.000000,2482.202528
24.000000,5.000000,2631.861349
25.000000,5.000000,2785.362986
26.000000,5.000000,2947.488996
27.000000,5.000000,3134.004492
28.000000,5.000000,3330.421963
29.000000,5.000000,3553.042860
30.000000,5.000000,3793.924882
31.000000,5.000000,4062.104981
32.000000,5.000000,4386.460207
33.000000,5.000000,4811.816848
19.000000,5.500000,1988.060958
20.000000,5.500000,2108.030386
21.000000,5.500000,2231.329427
22.000000,5.500000,2357.958081
23.000000,5.500000,2488.853650
24.000000,5.500000,2638.516951
25.000000,5.500000,2792.016516
26.000000,5.500000,2955.149793
27.000000,5.500000,3141.924353
28.000000,5.500000,3339.595491
29.000000,5.500000,3562.292350
30.000000,5.500000,3803.965901
31.000000,5.500000,4073.665423
32.000000,5.500000,4399.876028
33.000000,5.500000,4828.148379
19.000000,6.000000,1993.819834
20.000000,6.000000,2113.846611
21.000000,6.000000,2237.198364
22.000000,6.000000,2363.875095
23.000000,6.000000,2495.512729
24.000000,6.000000,2645.180204
25.000000,6.000000,2798.677391
26.000000,6.000000,2962.819148
27.000000,6.000000,3149.852831
28.000000,6.000000,3348.779129
29.000000,6.000000,3571.551605
30.000000,6.000000,3814.017568
31.000000,6.000000,4085.238928
32.000000,6.000000,4413.308475
33.000000,6.000000,4844.502906
19.000000,6.500000,2000.129967
20.000000,6.500000,2120.270367
21.000000,6.500000,2243.733752
22.000000,6.500000,2370.520122
23.000000,6.500000,2503.054251
24.000000,6.500000,2652.689656
25.000000,6.500000,2806.145390
26.000000,6.500000,2971.364053
27.000000,6.500000,3158.361178
28.000000,6.500000,3358.307105
29.000000,6.500000,3581.009496
30.000000,6.500000,3824.163766
31.000000,6.500000,4096.725292
32.000000,6.500000,4426.666455
33.000000,6.500000,4860.755397
19.000000,7.000000,2006.449243
20.000000,7.000000,2126.703180
21.000000,7.000000,2250.278103
22.000000,7.000000,2377.174014
23.000000,7.000000,2510.605796
24.000000,7.000000,2660.208653
25.000000,7.000000,2813.622461
26.000000,7.000000,2979.919316
27.000000,7.000000,3166.879343
28.000000,7.000000,3367.845976
29.000000,7.000000,3590.477600
30.000000,7.000000,3834.320837
31.000000,7.000000,4108.224484
32.000000,7.000000,4440.040810
33.000000,7.000000,4877.030493
19.000000,7.500000,2012.778559
20.000000,7.500000,2133.173039
21.000000,7.500000,2256.887885
22.000000,7.500000,2383.923097
23.000000,7.500000,2518.305953
24.000000,7.500000,2668.021571
25.000000,7.500000,2821.545459
26.000000,7.500000,2989.087226
27.000000,7.500000,3175.943677
28.000000,7.500000,3377.956834
29.000000,7.500000,3600.546228
30.000000,7.500000,3845.329254
31.000000,7.500000,4120.959555
32.000000,7.500000,4455.340727
33.000000,7.500000,4895.058474
19.000000,8.000000,2019.117038
20.000000,8.000000,2139.652044
21.000000,8.000000,2263.506791
22.000000,8.000000,2390.681277
23.000000,8.000000,2526.016481
24.000000,8.000000,2675.844719
25.000000,8.000000,2829.478541
26.000000,8.000000,2998.266886
27.000000,8.000000,3185.019133
28.000000,8.000000,3388.080079
29.000000,8.000000,3610.626639
30.000000,8.000000,3856.350714
31.000000,8.000000,4133.710484
32.000000,8.000000,4470.662026
33.000000,8.000000,4913.114247
19.000000,8.500000,2025.519986
20.000000,8.500000,2146.186869
21.000000,8.500000,2270.171331
22.000000,8.500000,2397.473374
23.000000,8.500000,2533.743170
24.000000,8.500000,2683.673661
25.000000,8.500000,2837.406527
26.000000,8.500000,3007.388735
27.000000,8.500000,3194.032676
28.000000,8.500000,3398.144981
29.000000,8.500000,3620.646350
30.000000,8.500000,3867.374408
31.000000,8.500000,4146.501856
32.000000,8.500000,4486.270333
33.000000,8.500000,4931.764899
19.000000,9.000000,2031.932481
20.000000,9.000000,2152.731125
21.000000,9.000000,2276.845189
22.000000,9.000000,2404.274675
23.000000,9.000000,2541.480264
24.000000,9.000000,2691.512838
25.000000,9.000000,2845.344576
26.000000,9.000000,3016.522203
27.000000,9.000000,3203.057206
28.000000,9.000000,3408.222130
29.000000,9.000000,3630.677704
30.000000,9.000000,3878.411109
31.000000,9.000000,4159.309026
32.000000,9.000000,4501.900717
33.000000,9.000000,4950.445210
19.000000,9.500000,2038.436501
20.000000,9.500000,2159.429250
21.000000,9.500000,2283.738697
22.000000,9.500000,2411.364841
23.000000,9.500000,2549.485164
24.000000,9.500000,2699.529368
25.000000,9.500000,2853.363989
26.000000,9.500000,3025.623585
27.000000,9.500000,3212.037793
28.000000,9.500000,3418.249153
29.000000,9.500000,3641.177123
30.000000,9.500000,3889.428352
31.000000,9.500000,4172.039693
32.000000,9.500000,4517.446156
33.000000,9.500000,4968.882310
19.000000,10.000000,2044.950417
20.000000,10.000000,2166.137339
21.000000,10.000000,2290.642235
22.000000,10.000000,2418.465106
23.000000,10.000000,2557.501453
24.000000,10.000000,2707.556806
25.000000,10.000000,2861.393836
26.000000,10.000000,3034.736719
27.000000,10.000000,3221.029341
28.000000,10.000000,3428.288322
29.000000,10.000000,3651.689065
30.000000,10.000000,3900.458513
31.000000,10.000000,4184.785821
32.000000,10.000000,4533.013319
33.000000,10.000000,4987.348214
19.000000,10.500000,2051.494582
20.000000,10.500000,2172.868204
21.000000,10.500000,2297.560865
22.000000,10.500000,2425.572566
23.000000,10.500000,2565.487149
24.000000,10.500000,2715.594961
25.000000,10.500000,2869.479114
26.000000,10.500000,3044.118381
27.000000,10.500000,3230.672422
28.000000,10.500000,3439.404243
29.000000,10.500000,3664.028905
30.000000,10.500000,3913.027389
31.000000,10.500000,4198.599309
32.000000,10.500000,4549.091003
18.000000,11.000000,1939.808453
19.000000,11.000000,2058.048725
20.000000,11.000000,2179.609101
21.000000,11.000000,2304.489580
22.000000,11.000000,2432.690163
23.000000,11.000000,2573.484275
24.000000,11.000000,2723.644225
25.000000,11.000000,2877.575177
26.000000,11.000000,3053.512839
27.000000,11.000000,3240.328328
28.000000,11.000000,3450.535207
29.000000,11.000000,3676.385786
30.000000,11.000000,3925.612923
31.000000,11.000000,4212.430855
32.000000,11.000000,4565.191878
18.000000,11.500000,1946.728158
19.000000,11.500000,2065.040556
20.000000,11.500000,2186.667034
21.000000,11.500000,2311.607590
22.000000,11.500000,2439.862225
23.000000,11.500000,2581.461705
24.000000,11.500000,2731.671434
25.000000,11.500000,2885.646591
26.000000,11.500000,3062.915153
27.000000,11.500000,3249.993135
28.000000,11.500000,3461.921722
29.000000,11.500000,3689.342023
30.000000,11.500000,3939.084038
31.000000,11.500000,4227.050311
32.000000,11.500000,4582.748027
18.000000,12.000000,1953.659548
19.000000,12.000000,2072.043717
20.000000,12.000000,2193.735943
21.000000,12.000000,2318.736226
22.000000,12.000000,2447.044566
23.000000,12.000000,2589.450517
24.000000,12.000000,2739.709691
25.000000,12.000000,2893.728719
26.000000,12.000000,3072.330253
27.000000,12.000000,3259.670760
28.000000,12.000000,3473.323915
29.000000,12.000000,3702.316893
30.000000,12.000000,3952.574155
31.000000,12.000000,4241.690005
32.000000,12.000000,4600.332021
18.000000,12.500000,1960.657436
19.000000,12.500000,2079.222600
20.000000,12.500000,2201.095773
21.000000,12.500000,2326.276955
22.000000,12.500000,2454.766145
23.000000,12.500000,2597.946302
24.000000,12.500000,2748.110078
25.000000,12.500000,2902.020032
26.000000,12.500000,3081.911668
27.000000,12.500000,3269.393836
28.000000,12.500000,3484.808062
29.000000,12.500000,3715.333889
30.000000,12.500000,3966.067307
31.000000,12.500000,4256.042422
32.000000,12.500000,4617.819928
18.000000,13.000000,1967.667208
19.000000,13.000000,2086.413362
20.000000,13.000000,2208.467474
21.000000,13.000000,2333.829545
22.000000,13.000000,2462.499574
23.000000,13.000000,2606.454921
24.000000,13.000000,2756.522485
25.000000,13.000000,2910.322573
26.000000,13.000000,3091.506248
27.000000,13.000000,3279.129809
28.000000,13.000000,3496.308058
29.000000,13.000000,3728.369565
30.000000,13.000000,3979.579382
31.000000,13.000000,4270.414172
32.000000,13.000000,4635.335261
18.000000,13.500000,1974.855345
19.000000,13.500000,2093.809281
20.000000,13.500000,2216.072169
21.000000,13.500000,2341.644009
22.000000,13.500000,2470.524802
23.000000,13.500000,2615.547937
24.000000,13.500000,2765.863529
25.000000,13.500000,2920.368630
26.000000,13.500000,3102.256217
27.000000,13.500000,3289.590263
28.000000,13.500000,3508.393563
29.000000,13.500000,3741.681053
30.000000,13.500000,3994.434648
31.000000,13.500000,4284.508997
32.000000,13.500000,4654.627184
18.000000,14.000000,1982.055945
19.000000,14.000000,2101.217723
20.000000,14.000000,2223.689445
21.000000,14.000000,2349.471111
22.000000,14.000000,2478.562722
23.000000,14.000000,2624.655427
24.000000,14.000000,2775.219141
25.000000,14.000000,2930.430326
26.000000,14.000000,3113.022441
27.000000,14.000000,3300.065638
28.000000,14.000000,3520.496576
29.000000,14.000000,3755.011970
30.000000,14.000000,4009.311978
31.000000,14.000000,4298.622305
32.000000,14.000000,4673.952590
18.000000,14.500000,1989.610750
19.000000,14.500000,2108.911958
20.000000,14.500000,2231.519636
21.000000,14.500000,2357.433783
22.000000,14.500000,2487.125666
23.000000,14.500000,2633.857285
24.000000,14.500000,2784.694810
25.000000,14.500000,2941.530803
26.000000,14.500000,3123.904143
27.000000,14.500000,3312.184204
28.000000,14.500000,3532.795571
29.000000,14.500000,3768.530423
30.000000,14.500000,4024.593449
31.000000,14.500000,4315.595843
32.000000,14.500000,4696.468927
18.000000,15.000000,1997.179279
19.000000,15.000000,2116.619693
20.000000,15.000000,2239.363102
21.000000,15.000000,2365.409507
22.000000,15.000000,2495.702478
23.000000,15.000000,2643.073840
24.000000,15.000000,2794.185309
25.000000,15.000000,2952.648951
26.000000,15.000000,3134.802440
27.000000,15.000000,3324.321415
28.000000,15.000000,3545.112617
29.000000,15.000000,3782.068774
30.000000,15.000000,4039.897997
31.000000,15.000000,4332.596469
32.000000,15.000000,4719.030965
18.000000,15.500000,2004.813357
19.000000,15.500000,2124.483807
20.000000,15.500000,2247.458798
21.000000,15.500000,2373.738330
22.000000,15.500000,2505.119689
23.000000,15.500000,2652.602095
24.000000,15.500000,2803.817373
25.000000,15.500000,2963.652466
26.000000,15.500000,3145.581951
27.000000,15.500000,3336.407032
28.000000,15.500000,3557.386324
29.000000,15.500000,3795.644127
30.000000,15.500000,4055.321449
31.000000,15.500000,4352.149183
18.000000,16.000000,2012.461382
19.000000,16.000000,2132.361965
20.000000,16.000000,2255.568632
21.000000,16.000000,2382.081385
22.000000,16.000000,2514.553090
23.000000,16.000000,2662.146072
24.000000,16.000000,2813.464697
25.000000,16.000000,2974.673365
26.000000,16.000000,3156.377765
27.000000,16.000000,3348.511080
28.000000,16.000000,3569.677880
29.000000,16.000000,3809.239386
30.000000,16.000000,4070.768212
31.000000,16.000000,4371.738065
18.000000,16.500000,2020.406177
19.000000,16.500000,2140.498123
20.000000,16.500000,2263.895349
21.000000,16.500000,2390.597855
22.000000,16.500000,2524.116665
23.000000,16.500000,2671.900086
24.000000,16.500000,2823.407437
25.000000,16.500000,2985.971203
26.000000,16.500000,3167.504295
27.000000,16.500000,3361.064947
28.000000,16.500000,3582.197573
29.000000,16.500000,3822.942259
30.000000,16.500000,4086.176593
31.000000,16.500000,4391.366191
18.000000,17.000000,2028.365987
19.000000,17.000000,2148.649235
20.000000,17.000000,2272.236956
21.000000,17.000000,2399.129148
22.000000,17.000000,2533.696954
23.000000,17.000000,2681.670681
24.000000,17.000000,2833.366624
25.000000,17.000000,2997.287859
26.000000,17.000000,3178.648352
27.000000,17.000000,3373.638510
28.000000,17.000000,3594.735665
29.000000,17.000000,3836.665232
30.000000,17.000000,4101.608039
31.000000,17.000000,4411.030479
18.000000,17.500000,2036.629664
19.000000,17.500000,2157.031859
20.000000,17.500000,2280.733407
21.000000,17.500000,2407.734307
22.000000,17.500000,2543.299686
23.000000,17.500000,2691.470763
24.000000,17.500000,2843.362690
25.000000,17.500000,3008.761358
26.000000,17.500000,3190.365132
27.000000,17.500000,3387.253082
28.000000,17.500000,3608.419810
29.000000,17.500000,3851.677503
30.000000,17.500000,4118.048628
31.000000,17.500000,4431.242793
18.000000,18.000000,2044.909478
19.000000,18.000000,2165.430257
20.000000,18.000000,2289.245269
21.000000,18.000000,2416.354516
22.000000,18.000000,2552.919198
23.000000,18.000000,2701.287514
24.000000,18.000000,2853.375311
25.000000,18.000000,3020.254192
26.000000,18.000000,3202.101207
27.000000,18.000000,3400.890549
28.000000,18.000000,3622.125942
29.000000,18.000000,3866.713997
30.000000,18.000000,4134.515557
31.000000,18.000000,4451.493338
18.000000,18.500000,2053.275900
19.000000,18.500000,2173.992617
20.000000,18.500000,2298.002729
21.000000,18.500000,2425.306238
22.000000,18.500000,2562.880930
23.000000,18.500000,2711.308826
24.000000,18.500000,2863.446836
25.000000,18.500000,3031.781699
26.000000,18.500000,3213.920792
27.000000,18.500000,3414.653707
28.000000,18.500000,3636.037826
29.000000,18.500000,3882.296421
30.000000,18.500000,4151.738463
31.000000,18.500000,4473.356021
17.000000,19.000000,1944.038735
18.000000,19.000000,2061.658767
19.000000,19.000000,2182.571351
20.000000,19.000000,2306.776489
21.000000,19.000000,2434.274180
22.000000,19.000000,2572.860690
23.000000,19.000000,2721.347508
24.000000,19.000000,2873.535084
25.000000,19.000000,3043.328600
26.000000,19.000000,3225.759845
27.000000,19.000000,3428.440059
28.000000,19.000000,3649.972403
29.000000,19.000000,3897.904936
30.000000,19.000000,4168.990471
31.000000,19.000000,4495.263722
17.000000,19.500000,1952.411722
18.000000,19.500000,2070.269061
19.000000,19.500000,2191.419180
20.000000,19.500000,2315.862080
21.000000,19.500000,2443.597761
22.000000,19.500000,2583.298592
23.000000,19.500000,2731.976417
24.000000,19.500000,2884.351643
25.000000,19.500000,3055.602612
26.000000,19.500000,3238.041650
27.000000,19.500000,3442.427504
28.000000,19.500000,3664.725908
29.000000,19.500000,3913.523471
30.000000,19.500000,4186.071996
31.000000,19.500000,4517.506661
17.000000,20.000000,1960.802153
18.000000,20.000000,2078.896809
19.000000,20.000000,2200.284474
20.000000,20.000000,2324.965145
21.000000,20.000000,2452.938825
22.000000,20.000000,2593.756116
23.000000,20.000000,2742.624696
24.000000,20.000000,2895.187318
25.000000,20.000000,3067.898292
26.000000,20.000000,3250.344071
27.000000,20.000000,3456.438515
28.000000,20.000000,3679.504258
29.000000,20.000000,3929.168011
30.000000,20.000000,4203.181925
31.000000,20.000000,4539.795738
17.000000,20.500000,1969.398585
18.000000,20.500000,2087.709538
19.000000,20.500000,2209.312070
20.000000,20.500000,2334.206181
21.000000,20.500000,2462.391872
22.000000,20.500000,2604.384440
23.000000,20.500000,2753.531802
24.000000,20.500000,2906.374255
25.000000,20.500000,3080.868069
26.000000,20.500000,3263.694821
27.000000,20.500000,3471.438288
28.000000,20.500000,3695.502663
29.000000,20.500000,3945.347661
30.000000,20.500000,4220.345354
31.000000,20.500000,4562.269188
17.000000,21.000000,1978.013287
18.000000,21.000000,2096.540426
19.000000,21.000000,2218.357717
20.000000,21.000000,2343.465159
21.000000,21.000000,2471.862752
22.000000,21.000000,2615.032943
23.000000,21.000000,2764.459150
24.000000,21.000000,2917.581497
25.000000,21.000000,3093.861916
26.000000,21.000000,3277.069891
27.000000,21.000000,3486.465216
28.000000,21.000000,3711.529762
29.000000,21.000000,3961.554910
30.000000,21.000000,4237.537205
31.000000,21.000000,4584.789251
17.000000,21.500000,1986.707099
18.000000,21.500000,2105.549024
19.000000,21.500000,2227.684839
20.000000,21.500000,2353.114545
21.000000,21.500000,2481.838142
22.000000,21.500000,2626.084460
23.000000,21.500000,2775.598193
24.000000,21.500000,2928.924430
25.000000,21.500000,3106.890710
26.000000,21.500000,3290.489279
27.000000,21.500000,3501.860056
28.000000,21.500000,3728.698099
29.000000,21.500000,3979.195238
30.000000,21.500000,4256.024371
31.000000,21.500000,4608.677743
17.000000,22.000000,1995.419462
18.000000,22.000000,2114.576453
19.000000,22.000000,2237.031076
20.000000,22.000000,2362.783332
21.000000,22.000000,2491.833220
22.000000,22.000000,2637.157606
23.000000,22.000000,2786.758193
24.000000,22.000000,2940.287989
25.000000,22.000000,3119.943645
26.000000,22.000000,3303.933085
27.000000,22.000000,3517.283334
28.000000,22.000000,3745.898967
29.000000,22.000000,3996.867869
30.000000,22.000000,4274.544191
31.000000,22.000000,4632.618360
17.000000,22.500000,2004.325591
18.000000,22.500000,2123.816640
19.000000,22.500000,2246.609268
20.000000,22.500000,2372.703475
21.000000,22.500000,2502.721234
22.000000,22.500000,2648.543284
23.000000,22.500000,2798.338503
24.000000,22.500000,2953.576373
25.000000,22.500000,3133.321000
26.000000,22.500000,3318.091132
27.000000,22.500000,3532.654613
28.000000,22.500000,3763.209360
29.000000,22.500000,4015.965449
30.000000,22.500000,4293.629406
17.000000,23.000000,2013.251195
18.000000,23.000000,2133.076620
19.000000,23.000000,2256.207572
20.000000,23.000000,2382.644051
21.000000,23.000000,2513.631787
22.000000,23.000000,2659.951865
23.000000,23.000000,2809.941341
24.000000,23.000000,2966.890883
25.000000,23.000000,3146.723609
26.000000,23.000000,3332.275362
27.000000,23.000000,3548.054145
28.000000,23.000000,3780.552510
29.000000,23.000000,4035.099535
30.000000,23.000000,4312.749187
17.000000,23.500000,2022.302570
18.000000,23.500000,2142.439282
19.000000,23.500000,2265.883899
20.000000,23.500000,2392.636422
21.000000,23.500000,2524.862099
22.000000,23.500000,2671.587250
23.000000,23.500000,2821.986976
24.000000,23.500000,2980.859400
25.000000,23.500000,3160.809873
26.000000,23.500000,3348.261987
27.000000,23.500000,3563.790953
28.000000,23.500000,3798.094703
29.000000,23.500000,4054.207976
30.000000,23.500000,4334.591240
17.000000,24.000000,2031.373922
18.000000,24.000000,2151.822123
19.000000,24.000000,2275.580609
20.000000,24.000000,2402.649380
21.000000,24.000000,2536.115756
22.000000,24.000000,2683.246402
23.000000,24.000000,2834.056804
24.000000,24.000000,2994.856572
25.000000,24.000000,3174.923998
26.000000,24.000000,3364.280359
27.000000,24.000000,3579.557308
28.000000,24.000000,3815.670224
29.000000,24.000000,4073.352582
30.000000,24.000000,4356.478768
17.000000,24.500000,2040.674156
18.000000,24.500000,2161.407691
19.000000,24.500000,2285.452627
20.000000,24.500000,2412.808962
21.000000,24.500000,2547.486703
22.000000,24.500000,2695.009288
23.000000,24.500000,2846.214486
24.000000,24.500000,3008.912387
25.000000,24.500000,3189.281761
26.000000,24.500000,3380.686382
27.000000,24.500000,3595.956026
28.000000,24.500000,3834.147022
29.000000,24.500000,4092.973820
30.000000,24.500000,4381.592890
17.000000,25.000000,2049.995295
18.000000,25.000000,2171.014255
19.000000,25.000000,2295.345731
20.000000,25.000000,2422.989722
21.000000,25.000000,2558.881612
22.000000,25.000000,2706.796412
23.000000,25.000000,2858.396681
24.000000,25.000000,3022.997082
25.000000,25.000000,3203.668359
26.000000,25.000000,3397.125857
27.000000,25.000000,3612.387016
28.000000,25.000000,3852.660773
29.000000,25.000000,4112.633144
30.000000,25.000000,4406.767115
17.000000,25.500000,2059.735492
18.000000,25.500000,2181.025373
19.000000,25.500000,2305.627925
20.000000,25.500000,2433.543147
21.000000,25.500000,2570.646282
22.000000,25.500000,2718.908707
23.000000,25.500000,2870.855764
24.000000,25.500000,3037.253231
25.000000,25.500000,3218.117464
26.000000,25.500000,3413.499787
27.000000,25.500000,3628.826926
28.000000,25.500000,3871.685804
29.000000,25.500000,4133.106520
30.000000,25.500000,4434.052295
17.000000,26.000000,2069.498409
18.000000,26.000000,2191.059210
19.000000,26.000000,2315.932835
20.000000,26.000000,2444.119285
21.000000,26.000000,2582.436527
22.000000,26.000000,2731.046587
23.000000,26.000000,2883.340430
24.000000,26.000000,3051.538987
25.000000,26.000000,3232.595636
26.000000,26.000000,3429.906984
27.000000,26.000000,3645.299247
28.000000,26.000000,3890.749803
29.000000,26.000000,4153.621604
30.000000,26.000000,4461.408470
17.000000,26.500000,2079.447041
18.000000,26.500000,2201.248142
19.000000,26.500000,2326.360373
20.000000,26.500000,2454.783735
21.000000,26.500000,2594.430439
22.000000,26.500000,2743.568229
23.000000,26.500000,2896.398307
24.000000,26.500000,3066.386718
25.000000,26.500000,3247.545580
26.000000,26.500000,3446.597859
27.000000,26.500000,3661.777194
28.000000,26.500000,3909.938312
29.000000,26.500000,4173.963891
30.000000,26.500000,4489.398017
16.000000,27.000000,1970.687352
17.000000,27.000000,2089.419155
18.000000,27.000000,2211.460395
19.000000,27.000000,2336.811072
20.000000,27.000000,2465.471186
21.000000,27.000000,2606.450685
22.000000,27.000000,2756.116994
23.000000,27.000000,2909.484100
24.000000,27.000000,3081.266451
25.000000,27.000000,3262.526432
26.000000,27.000000,3463.323153
27.000000,27.000000,3678.287611
28.000000,27.000000,3929.166034
29.000000,27.000000,4194.347113
30.000000,27.000000,4517.461309
16.000000,27.500000,1980.766772
17.000000,27.500000,2099.724405
18.000000,27.500000,2221.988439
19.000000,27.500000,2347.558874
20.000000,27.500000,2476.435711
21.000000,27.500000,2618.808080
22.000000,27.500000,2768.959772
23.000000,27.500000,2922.818219
24.000000,27.500000,3096.594247
25.000000,27.500000,3278.342813
26.000000,27.500000,3480.882880
27.000000,27.500000,3697.483341
28.000000,27.500000,3949.088417
29.000000,27.500000,4214.765983
30.000000,27.500000,4545.916359
16.000000,28.000000,1990.871423
17.000000,28.000000,2110.054603
18.000000,28.000000,2232.541149
19.000000,28.000000,2358.331061
20.000000,28.000000,2487.424339
21.000000,28.000000,2631.193133
22.000000,28.000000,2781.830789
23.000000,28.000000,2936.181160
24.000000,28.000000,3111.955819
25.000000,28.000000,3294.193410
26.000000,28.000000,3498.480420
27.000000,28.000000,3716.720570
28.000000,28.000000,3969.052464
29.000000,28.000000,4235.225815
30.000000,28.000000,4574.446538
16.000000,28.500000,2001.272984
17.000000,28.500000,2120.771257
18.000000,28.500000,2243.574139
19.000000,28.500000,2369.681630
20.000000,28.500000,2499.093730
21.000000,28.500000,2644.193027
22.000000,28.500000,2795.073718
23.000000,28.500000,2950.076512
24.000000,28.500000,3127.474025
25.000000,28.500000,3310.243783
26.000000,28.500000,3516.523757
27.000000,28.500000,3737.477430
28.000000,28.500000,3990.278049
29.000000,28.500000,4257.088888
30.000000,28.500000,4604.393429
16.000000,29.000000,2011.701185
17.000000,29.000000,2131.514652
18.000000,29.000000,2254.633971
19.000000,29.000000,2381.059141
20.000000,29.000000,2510.790162
21.000000,29.000000,2657.223166
22.000000,29.000000,2808.346363
23.000000,29.000000,2964.002368
24.000000,29.000000,3143.026573
25.000000,29.000000,3326.329096
26.000000,29.000000,3534.606798
27.000000,29.000000,3758.281646
28.000000,29.000000,4011.550181
29.000000,29.000000,4278.998579
30.000000,29.000000,4634.422248
16.000000,29.500000,2022.248452
17.000000,29.500000,2142.362913
18.000000,29.500000,2265.783269
19.000000,29.500000,2392.509517
20.000000,29.500000,2523.117756
21.000000,29.500000,2670.481837
22.000000,29.500000,2822.045330
23.000000,29.500000,2979.689955
24.000000,29.500000,3158.937983
25.000000,29.500000,3343.452000
26.000000,29.500000,3552.626269
27.000000,29.500000,3779.259834
28.000000,29.500000,4034.019106
29.000000,29.500000,4303.303314
16.000000,30.000000,2032.822896
17.000000,30.000000,2153.238354
18.000000,30.000000,2276.959747
19.000000,30.000000,2403.987075
20.000000,30.000000,2535.474618
21.000000,30.000000,2683.771710
22.000000,30.000000,2835.775874
23.000000,30.000000,2995.414369
24.000000,30.000000,3174.885292
25.000000,30.000000,3360.612907
26.000000,30.000000,3570.685222
27.000000,30.000000,3800.285858
28.000000,30.000000,4056.539158
29.000000,30.000000,4327.665241
16.000000,30.500000,2043.546542
17.000000,30.500000,2164.250537
18.000000,30.500000,2288.259083
19.000000,30.500000,2415.572181
20.000000,30.500000,2548.458029
21.000000,30.500000,2697.214738
22.000000,30.500000,2849.683576
23.000000,30.500000,3011.335146
24.000000,30.500000,3191.281339
25.000000,30.500000,3379.054803
26.000000,30.500000,3588.903364
27.000000,30.500000,3821.456355
28.000000,30.500000,4079.544612
29.000000,30.500000,4355.608999
16.000000,31.000000,2054.298101
17.000000,31.000000,2175.290528
18.000000,31.000000,2299.586122
19.000000,31.000000,2427.184883
20.000000,31.000000,2561.472788
21.000000,31.000000,2710.689608
22.000000,31.000000,2863.623616
23.000000,31.000000,3027.293729
24.000000,31.000000,3207.715477
25.000000,31.000000,3397.539889
26.000000,31.000000,3607.161885
27.000000,31.000000,3842.675042
28.000000,31.000000,4102.603176
29.000000,31.000000,4383.627611
16.000000,31.500000,2065.383871
17.000000,31.500000,2186.732747
18.000000,31.500000,2311.387203
19.000000,31.500000,2439.347238
20.000000,31.500000,2575.069572
21.000000,31.500000,2724.541933
22.000000,31.500000,2877.723515
23.000000,31.500000,3043.329484
24.000000,31.500000,3224.321929
25.000000,31.500000,3416.213298
26.000000,31.500000,3626.069741
27.000000,31.500000,3864.846260
28.000000,31.500000,4126.414953
29.000000,31.500000,4415.664804
16.000000,32.000000,2076.499170
17.000000,32.000000,2198.204717
18.000000,32.000000,2323.218257
19.000000,32.000000,2451.539789
20.000000,32.000000,2588.700672
21.000000,32.000000,2738.427915
22.000000,32.000000,2891.856413
23.000000,32.000000,3059.403302
24.000000,32.000000,3240.967193
25.000000,32.000000,3434.930956
26.000000,32.000000,3645.021283
27.000000,32.000000,3887.070157
28.000000,32.000000,4150.283415
29.000000,32.000000,4447.798898
16.000000,32.500000,2087.876984
17.000000,32.500000,2209.888213
18.000000,32.500000,2335.206821
19.000000,32.500000,2463.832808
20.000000,32.500000,2602.452534
21.000000,32.500000,2752.607221
22.000000,32.500000,2906.464453
23.000000,32.500000,3075.965409
24.000000,32.500000,3257.820102
25.000000,32.500000,3453.762581
26.000000,32.500000,3664.367358
27.000000,32.500000,3910.175625
28.000000,32.500000,4175.848153
29.000000,32.500000,4481.216451
15.000000,33.000000,1980.275489
16.000000,33.000000,2099.285562
17.000000,33.000000,2221.602400
18.000000,33.000000,2347.226005
19.000000,33.000000,2476.156375
20.000000,33.000000,2616.239139
21.000000,33.000000,2766.821474
22.000000,33.000000,2921.107639
23.000000,33.000000,3092.567899
24.000000,33.000000,3274.712692
25.000000,33.000000,3472.638860
26.000000,33.000000,3683.758530
27.000000,33.000000,3933.337340
28.000000,33.000000,4201.477893
29.000000,33.000000,4514.738071
15.000000,33.500000,1991.722227
16.000000,33.500000,2110.989362
17.000000,33.500000,2233.559252
18.000000,33.500000,2359.431895
19.000000,33.500000,2488.607293
20.000000,33.500000,2630.248816
21.000000,33.500000,2781.350606
22.000000,33.500000,2936.162924
23.000000,33.500000,3109.724092
24.000000,33.500000,3292.334935
25.000000,33.500000,3492.342047
26.000000,33.500000,3704.982066
27.000000,33.500000,3956.865113
28.000000,33.500000,4227.812967
29.000000,33.500000,4548.330196
15.000000,34.000000,2003.201536
16.000000,34.000000,2122.725335
17.000000,34.000000,2245.547879
18.000000,34.000000,2371.669167
19.000000,34.000000,2501.089200
20.000000,34.000000,2644.294028
21.000000,34.000000,2795.915967
22.000000,34.000000,2951.255137
23.000000,34.000000,3126.923126
24.000000,34.000000,3310.000036
25.000000,34.000000,3512.093298
26.000000,34.000000,3726.257018
27.000000,34.000000,3980.450321
28.000000,34.000000,4254.216375
29.000000,34.000000,4582.025916
15.000000,34.500000,2014.918401
16.000000,34.500000,2134.901409
17.000000,34.500000,2258.188808
18.000000,34.500000,2384.780596
19.000000,34.500000,2514.676774
20.000000,34.500000,2659.397156
21.000000,34.500000,2811.146320
22.000000,34.500000,2966.655843
23.000000,34.500000,3144.531018
24.000000,34.500000,3328.252073
25.000000,34.500000,3532.580063
26.000000,34.500000,3750.353790
27.000000,34.500000,4004.398543
28.000000,34.500000,4281.186271
29.000000,34.500000,4615.198971
15.000000,35.000000,2026.669089
16.000000,35.000000,2147.111942
17.000000,35.000000,2270.864832
18.000000,35.000000,2397.927759
19.000000,35.000000,2528.300723
20.000000,35.000000,2674.540747
21.000000,35.000000,2826.415885
22.000000,35.000000,2982.094732
23.000000,35.000000,3162.183540
24.000000,35.000000,3346.549588
25.000000,35.000000,3553.118242
26.000000,35.000000,3774.513035
27.000000,35.000000,4028.405874
28.000000,35.000000,4308.227058
29.000000,35.000000,4648.471481
15.000000,35.500000,2038.547139
16.000000,35.500000,2159.446575
17.000000,35.500000,2283.660713
18.000000,35.500000,2411.189554
19.000000,35.500000,2542.320545
20.000000,35.500000,2689.820904
21.000000,35.500000,2841.983651
22.000000,35.500000,2999.742593
23.000000,35.500000,3180.311294
24.000000,35.500000,3366.103027
25.000000,35.500000,3574.333844
26.000000,35.500000,3799.351709
27.000000,35.500000,4054.254301
28.000000,35.500000,4336.237063
15.000000,36.000000,2050.459636
16.000000,36.000000,2171.816239
17.000000,36.000000,2296.492203
18.000000,36.000000,2424.487530
19.000000,36.000000,2556.378322
20.000000,36.000000,2705.142090
21.000000,36.000000,2857.591987
22.000000,36.000000,3017.437186
23.000000,36.000000,3198.485834
24.000000,36.000000,3385.706676
25.000000,36.000000,3595.604039
26.000000,36.000000,3824.256329
27.000000,36.000000,4080.170935
28.000000,36.000000,4364.322743
15.000000,36.500000,2062.447877
16.000000,36.500000,2184.266734
17.000000,36.500000,2309.409415
18.000000,36.500000,2437.875921
19.000000,36.500000,2571.450785
20.000000,36.500000,2720.626181
21.000000,36.500000,2873.489796
22.000000,36.500000,3035.572203
23.000000,36.500000,3217.024510
24.000000,36.500000,3406.504480
25.000000,36.500000,3617.158474
26.000000,36.500000,3849.270545
27.000000,36.500000,4108.077636
28.000000,36.500000,4397.686821
15.000000,37.000000,2074.470840
16.000000,37.000000,2196.752543
17.000000,37.000000,2322.362525
18.000000,37.000000,2451.300784
19.000000,37.000000,2586.564820
20.000000,37.000000,2736.152022
21.000000,37.000000,2889.429532
22.000000,37.000000,3053.756064
23.000000,37.000000,3235.611663
24.000000,37.000000,3427.357117
25.000000,37.000000,3638.768698
26.000000,37.000000,3874.351338
27.000000,37.000000,4136.063050
28.000000,37.000000,4431.156050
15.000000,37.500000,2086.900434
16.000000,37.500000,2209.613452
17.000000,37.500000,2335.657188
18.000000,37.500000,2465.031644
19.000000,37.500000,2601.902834
20.000000,37.500000,2751.955531
21.000000,37.500000,2905.700004
22.000000,37.500000,3072.336498
23.000000,37.500000,3254.670371
24.000000,37.500000,3448.745578
25.000000,37.500000,3660.621397
26.000000,37.500000,3899.369201
27.000000,37.500000,4164.685624
28.000000,37.500000,4466.264242
15.000000,38.000000,2099.366989
16.000000,38.000000,2222.511707
17.000000,38.000000,2348.989576
18.000000,38.000000,2478.800597
19.000000,38.000000,2617.284047
20.000000,38.000000,2767.802471
21.000000,38.000000,2922.014136
22.000000,38.000000,3090.967786
23.000000,38.000000,3273.779884
24.000000,38.000000,3470.191458
25.000000,38.000000,3682.530813
26.000000,38.000000,3924.453283
27.000000,38.000000,4193.389925
28.000000,38.000000,4501.486334
15.000000,38.500000,2112.133281
16.000000,38.500000,2235.665731
17.000000,38.500000,2362.531250
18.000000,38.500000,2492.729837
19.000000,38.500000,2632.820603
20.000000,38.500000,2783.849519
21.000000,38.500000,2938.575114
22.000000,38.500000,3110.022925
23.000000,38.500000,3293.555420
24.000000,38.500000,3492.781324
25.000000,38.500000,3706.125708
26.000000,38.500000,3950.376873
27.000000,38.500000,4222.956070
28.000000,38.500000,4536.248903
15.000000,39.000000,2124.938069
16.000000,39.000000,2248.858349
17.000000,39.000000,2376.111609
18.000000,39.000000,2506.697848
19.000000,39.000000,2648.401050
20.000000,39.000000,2799.940913
21.000000,39.000000,2955.180891
22.000000,39.000000,3129.131008
23.000000,39.000000,3313.384986
24.000000,39.000000,3515.434172
25.000000,39.000000,3729.785507
26.000000,39.000000,3976.370873
27.000000,39.000000,4252.608081
28.000000,39.000000,4571.121071
15.000000,39.500000,2137.848454
16.000000,39.500000,2262.172210
17.000000,39.500000,2389.829605
18.000000,39.500000,2520.820636
19.000000,39.500000,2664.200598
20.000000,39.500000,2816.285723
21.000000,39.500000,2972.076168
22.000000,39.500000,3148.506292
23.000000,39.500000,3333.375495
24.000000,39.500000,3538.400471
25.000000,39.500000,3756.237354
26.000000,39.500000,4003.009539
27.000000,39.500000,4284.152351
28.000000,39.500000,4606.348023
14.000000,40.000000,2029.404606
15.000000,40.000000,2150.797727
16.000000,40.000000,2275.525138
17.000000,40.000000,2403.586838
18.000000,40.000000,2534.982828
19.000000,40.000000,2680.045035
20.000000,40.000000,2832.676061
21.000000,40.000000,2989.017616
22.000000,40.000000,3167.935758
23.000000,40.000000,3353.420612
24.000000,40.000000,3561.431030
25.000000,40.000000,3782.765114
26.000000,40.000000,4029.722187
27.000000,40.000000,4315.792744
28.000000,40.000000,4641.685409
14.000000,40.500000,2042.316237
15.000000,40.500000,2164.199075
16.000000,40.500000,2289.419523
17.000000,40.500000,2417.977580
18.000000,40.500000,2549.873247
19.000000,40.500000,2696.667204
20.000000,40.500000,2849.770244
21.000000,40.500000,3007.376463
22.000000,40.500000,3188.054224
23.000000,40.500000,3374.407370
24.000000,40.500000,3585.025675
25.000000,40.500000,3809.429749
26.000000,40.500000,4057.459932
27.000000,40.500000,4348.575323
28.000000,40.500000,4677.195089
14.000000,41.000000,2055.268729
15.000000,41.000000,2177.641915
16.000000,41.000000,2303.356011
17.000000,41.000000,2432.411015
18.000000,41.000000,2564.806929
19.000000,41.000000,2713.338420
20.000000,41.000000,2866.913687
21.000000,41.000000,3025.788166
22.000000,41.000000,3208.230536
23.000000,41.000000,3395.453292
24.000000,41.000000,3608.687301
25.000000,41.000000,3836.170898
26.000000,41.000000,4085.277079
27.000000,41.000000,4381.460059
28.000000,41.000000,4712.815461
14.000000,41.500000,2068.274079
15.000000,41.500000,2191.193394
16.000000,41.500000,2317.460342
17.000000,41.500000,2447.074926
18.000000,41.500000,2580.622244
19.000000,41.500000,2730.232802
20.000000,41.500000,2884.222637
21.000000,41.500000,3045.518044
22.000000,41.500000,3228.686901
23.000000,41.500000,3418.796355
24.000000,41.500000,3632.984992
25.000000,41.500000,3863.233386
26.000000,41.500000,4116.826853
27.000000,41.500000,4416.808703
14.000000,42.000000,2081.320310
15.000000,42.000000,2204.786719
16.000000,42.000000,2331.607479
17.000000,42.000000,2461.782590
18.000000,42.000000,2596.484995
19.000000,42.000000,2747.177290
20.000000,42.000000,2901.581570
21.000000,42.000000,3065.306170
22.000000,42.000000,3249.202464
23.000000,42.000000,3442.208310
24.000000,42.000000,3657.353002
25.000000,42.000000,3890.374539
26.000000,42.000000,4148.476218
27.000000,42.000000,4452.273242
14.000000,42.500000,2094.610816
15.000000,42.500000,2218.634972
16.000000,42.500000,2346.021117
17.000000,42.500000,2476.769253
18.000000,42.500000,2613.238742
19.000000,42.500000,2764.348162
20.000000,42.500000,2919.168305
21.000000,42.500000,3085.428770
22.000000,42.500000,3270.064040
23.000000,42.500000,3466.095843
24.000000,42.500000,3682.334415
25.000000,42.500000,3917.673146
26.000000,42.500000,4181.053849
27.000000,42.500000,4488.459305
14.000000,43.000000,2107.943400
15.000000,43.000000,2232.526320
16.000000,43.000000,2360.478869
17.000000,43.000000,2491.801047
18.000000,43.000000,2630.043902
19.000000,43.000000,2781.570297
20.000000,43.000000,2936.806156
21.000000,43.000000,3105.611339
22.000000,43.000000,3290.986578
23.000000,43.000000,3490.054720
24.000000,43.000000,3707.389276
25.000000,43.000000,3945.051411
26.000000,43.000000,4213.735846
27.000000,43.000000,4524.764357
14.000000,43.500000,2121.987697
15.000000,43.500000,2247.042190
16.000000,43.500000,2375.468547
17.000000,43.500000,2507.266768
18.000000,43.500000,2647.213614
19.000000,43.500000,2799.284175
20.000000,43.500000,2955.067568
21.000000,43.500000,3126.551029
22.000000,43.500000,3312.505901
23.000000,43.500000,3514.705055
24.000000,43.500000,3733.233726
25.000000,43.500000,3973.413820
26.000000,43.500000,4248.428730
27.000000,43.500000,4561.034596
14.000000,44.000000,2136.078332
15.000000,44.000000,2261.604792
16.000000,44.000000,2390.505344
17.000000,44.000000,2522.779987
18.000000,44.000000,2664.436813
19.000000,44.000000,2817.052013
20.000000,44.000000,2973.383414
21.000000,44.000000,3147.554666
22.000000,44.000000,3334.089199
23.000000,44.000000,3539.430162
24.000000,44.000000,3759.155427
25.000000,44.000000,4001.861484
26.000000,44.000000,4283.237565
27.000000,44.000000,4597.422497
14.000000,44.500000,2150.272532
15.000000,44.500000,2276.286979
16.000000,44.500000,2405.678562
17.000000,44.500000,2538.447280
18.000000,44.500000,2681.888335
19.000000,44.500000,2835.145742
20.000000,44.500000,2992.126728
21.000000,44.500000,3168.968809
22.000000,44.500000,3355.997496
23.000000,44.500000,3564.647845
24.000000,44.500000,3787.208104
25.000000,44.500000,4030.388186
26.000000,44.500000,4319.068606
27.000000,44.500000,4634.727878
14.000000,45.000000,2164.513445
15.000000,45.000000,2291.016364
16.000000,45.000000,2420.899459
17.000000,45.000000,2554.162729
18.000000,45.000000,2699.394473
19.000000,45.000000,2853.295085
20.000000,45.000000,3010.926660
21.000000,45.000000,3190.448922
22.000000,45.000000,3377.971272
23.000000,45.000000,3589.942556
24.000000,45.000000,3815.347000
25.000000,45.000000,4059.000463
26.000000,45.000000,4355.020911
27.000000,45.000000,4672.156152
14.000000,45.500000,2179.069969
15.000000,45.500000,2306.085495
16.000000,45.500000,2436.485065
17.000000,45.500000,2570.268680
18.000000,45.500000,2717.302131
19.000000,45.500000,2871.793864
20.000000,45.500000,3030.299333
21.000000,45.500000,3212.581278
22.000000,45.500000,3401.225300
23.000000,45.500000,3616.635036
24.000000,45.500000,3844.285557
25.000000,45.500000,4089.079931
26.000000,45.500000,4391.852596
14.000000,46.000000,2193.675001
15.000000,46.000000,2321.203733
16.000000,46.000000,2452.120375
17.000000,46.000000,2586.424927
18.000000,46.000000,2735.266672
19.000000,46.000000,2890.350117
20.000000,46.000000,3049.731380
21.000000,46.000000,3234.783134
22.000000,46.000000,3424.551638
23.000000,46.000000,3643.412079
24.000000,46.000000,3873.314872
25.000000,46.000000,4119.252528
26.000000,46.000000,4428.809759
14.000000,46.500000,2208.576083
15.000000,46.500000,2336.653881
16.000000,46.500000,2468.124371
17.000000,46.500000,2602.993113
18.000000,46.500000,2753.604316
19.000000,46.500000,2909.209081
20.000000,46.500000,3071.343438
21.000000,46.500000,3257.285108
22.000000,46.500000,3450.592730
23.000000,46.500000,3670.678407
24.000000,46.500000,3903.459580
25.000000,46.500000,4157.257909
13.000000,47.000000,2098.297189
14.000000,47.000000,2223.527362
15.000000,47.000000,2352.155001
16.000000,47.000000,2484.180108
17.000000,47.000000,2619.613831
18.000000,47.000000,2772.000860
19.000000,47.000000,2928.127112
20.000000,47.000000,3093.024948
21.000000,47.000000,3279.858151
22.000000,47.000000,3476.718279
23.000000,47.000000,3698.031702
24.000000,47.000000,3933.701606
25.000000,47.000000,4195.402726
13.000000,47.500000,2112.895196
14.000000,47.500000,2238.682723
15.000000,47.500000,2367.872834
16.000000,47.500000,2500.465529
17.000000,47.500000,2637.720891
18.000000,47.500000,2790.704627
19.000000,47.500000,2947.433579
20.000000,47.500000,3115.195730
21.000000,47.500000,3302.781322
22.000000,47.500000,3503.252290
23.000000,47.500000,3725.910753
24.000000,47.500000,3965.014603
25.000000,47.500000,4233.806998
13.000000,48.000000,2127.543586
14.000000,48.000000,2253.889304
15.000000,48.000000,2383.642716
16.000000,48.000000,2516.803821
17.000000,48.000000,2655.887847
18.000000,48.000000,2809.469038
19.000000,48.000000,2966.801440
20.000000,48.000000,3137.439136
21.000000,48.000000,3325.777512
22.000000,48.000000,3529.872721
23.000000,48.000000,3753.879370
24.000000,48.000000,3996.431208
25.000000,48.000000,4272.351117
13.000000,48.500000,2142.536314
14.000000,48.500000,2269.457489
15.000000,48.500000,2399.791693
16.000000,48.500000,2533.538926
17.000000,48.500000,2674.425200
18.000000,48.500000,2828.522079
19.000000,48.500000,2986.370089
20.000000,48.500000,3160.008684
21.000000,48.500000,3349.318161
22.000000,48.500000,3557.315901
23.000000,48.500000,3783.468869
24.000000,48.500000,4028.599285
25.000000,48.500000,4311.135854
13.000000,49.000000,2157.581503
14.000000,49.000000,2285.079041
15.000000,49.000000,2415.994935
16.000000,49.000000,2550.329187
17.000000,49.000000,2693.024741
18.000000,49.000000,2847.637382
19.000000,49.000000,3006.001072
20.000000,49.000000,3182.652390
21.000000,49.000000,3372.934924
22.000000,49.000000,3584.850452
23.000000,49.000000,3813.156468
24.000000,49.000000,4060.875105
25.000000,49.000000,4350.060987
13.000000,49.500000,2172.863731
14.000000,49.500000,2300.929469
15.000000,49.500000,2432.418362
16.000000,49.500000,2567.330409
17.000000,49.500000,2711.933656
18.000000,49.500000,2867.364349
19.000000,49.500000,3026.552839
20.000000,49.500000,3206.315800
21.000000,49.500000,3397.095505
22.000000,49.500000,3612.904292
23.000000,49.500000,3844.346458
24.000000,49.500000,4093.785954
25.000000,49.500000,4388.832236
13.000000,50.000000,2188.199721
14.000000,50.000000,2316.834487
15.000000,50.000000,2448.897199
16.000000,50.000000,2584.387858
17.000000,50.000000,2730.906389
18.000000,50.000000,2887.156605
19.000000,50.000000,3047.171296
20.000000,50.000000,3230.058079
21.000000,50.000000,3421.335123
22.000000,50.000000,3641.052103
23.000000,50.000000,3875.642203
24.000000,50.000000,4126.807570
25.000000,50.000000,4427.741555
13.000000,50.500000,2203.767845
14.000000,50.500000,2332.930974
15.000000,50.500000,2465.524383
16.000000,50.500000,2601.548071
17.000000,50.500000,2750.377083
18.000000,50.500000,2907.950597
19.000000,50.500000,3069.874650
20.000000,50.500000,3254.546347
21.000000,50.500000,3446.551604
22.000000,50.500000,3670.644473
23.000000,50.500000,3909.570177
24.000000,50.500000,4167.729219
13.000000,51.000000,2219.390989
14.000000,51.000000,2349.083002
15.000000,51.000000,2482.207619
16.000000,51.000000,2618.764838
17.000000,51.000000,2769.914371
18.000000,51.000000,2928.815813
19.000000,51.000000,3092.656643
20.000000,51.000000,3279.118290
21.000000,51.000000,3471.851921
22.000000,51.000000,3700.339238
23.000000,51.000000,3943.620744
24.000000,51.000000,4208.810594
13.000000,51.500000,2235.495799
14.000000,51.500000,2365.765137
15.000000,51.500000,2499.470556
16.000000,51.500000,2636.612057
17.000000,51.500000,2790.207285
18.000000,51.500000,2950.213498
19.000000,51.500000,3117.224059
20.000000,51.500000,3304.127048
21.000000,51.500000,3501.301312
22.000000,51.500000,3731.308949
23.000000,51.500000,3978.618895
24.000000,51.500000,4248.972875
13.000000,52.000000,2251.658669
14.000000,52.000000,2382.506096
15.000000,52.000000,2516.793067
16.000000,52.000000,2654.519584
17.000000,52.000000,2810.571157
18.000000,52.000000,2971.685215
19.000000,52.000000,3141.878120
20.000000,52.000000,3329.221464
21.000000,52.000000,3530.855058
22.000000,52.000000,3762.387989
23.000000,52.000000,4013.744814
24.000000,52.000000,4289.286725
13.000000,52.500000,2268.116313
14.000000,52.500000,2399.655110
15.000000,52.500000,2534.642237
16.000000,52.500000,2674.037464
17.000000,52.500000,2831.626303
18.000000,52.500000,2993.685444
19.000000,52.500000,3167.127482
20.000000,52.500000,3355.874131
21.000000,52.500000,3562.646826
22.000000,52.500000,3794.949061
23.000000,52.500000,4049.830657
24.000000,52.500000,4329.368483
12.000000,53.000000,2155.859121
13.000000,53.000000,2284.633694
14.000000,53.000000,2416.865373
15.000000,53.000000,2552.554158
16.000000,53.000000,2693.625110
17.000000,53.000000,2852.756368
18.000000,53.000000,3015.762481
19.000000,53.000000,3192.466885
20.000000,53.000000,3382.621620
21.000000,53.000000,3594.556470
22.000000,53.000000,3827.628292
23.000000,53.000000,4086.049510
24.000000,53.000000,4369.599458
12.000000,53.500000,2172.116605
13.000000,53.500000,2301.583399
14.000000,53.500000,2434.514616
15.000000,53.500000,2570.910254
16.000000,53.500000,2714.413344
17.000000,53.500000,2874.472965
18.000000,53.500000,3038.420285
19.000000,53.500000,3218.426439
20.000000,53.500000,3409.811554
21.000000,53.500000,3626.187860
22.000000,53.500000,3862.432364
23.000000,53.500000,4122.953500
24.000000,53.500000,4409.167111
12.000000,54.000000,2188.434970
13.000000,54.000000,2318.595464
14.000000,54.000000,2452.227666
15.000000,54.000000,2589.331575
16.000000,54.000000,2735.277426
17.000000,54.000000,2896.267596
18.000000,54.000000,3061.158305
19.000000,54.000000,3244.480053
20.000000,54.000000,3437.098690
21.000000,54.000000,3657.935223
22.000000,54.000000,3897.365923
23.000000,54.000000,4159.993183
24.000000,54.000000,4448.878330
12.000000,54.500000,2205.236785
13.000000,54.500000,2336.109396
14.000000,54.500000,2470.462082
15.000000,54.500000,2608.294843
16.000000,54.500000,2756.769489
17.000000,54.500000,2918.553564
18.000000,54.500000,3084.247160
19.000000,54.500000,3270.900682
20.000000,54.500000,3465.189624
21.000000,54.500000,3689.398680
22.000000,54.500000,3932.731081
23.000000,54.500000,4199.220336
12.000000,55.000000,2222.102372
13.000000,55.000000,2353.688632
14.000000,55.000000,2488.763316
15.000000,55.000000,2627.326425
16.000000,55.000000,2778.340792
17.000000,55.000000,2940.920202
18.000000,55.000000,3107.418119
19.000000,55.000000,3297.417157
20.000000,55.000000,3493.381457
21.000000,55.000000,3720.976188
22.000000,55.000000,3968.227131
23.000000,55.000000,4238.593632
12.000000,55.500000,2239.127657
13.000000,55.500000,2371.454311
14.000000,55.500000,2507.280338
15.000000,55.500000,2646.605740
16.000000,55.500000,2800.179597
17.000000,55.500000,2963.635769
18.000000,55.500000,3133.144925
19.000000,55.500000,3324.842540
20.000000,55.500000,3525.283496
21.000000,55.500000,3752.573780
22.000000,55.500000,4004.657803
23.000000,55.500000,4278.519229
12.000000,56.000000,2256.217364
13.000000,56.000000,2389.286174
14.000000,56.000000,2525.865312
15.000000,56.000000,2665.954780
16.000000,56.000000,2822.099465
17.000000,56.000000,2986.434137
18.000000,56.000000,3158.967339
19.000000,56.000000,3352.369330
20.000000,56.000000,3557.306613
21.000000,56.000000,3784.285713
22.000000,56.000000,4041.224430
23.000000,56.000000,4318.594855
12.000000,56.500000,2273.441910
13.000000,56.500000,2407.277219
14.000000,56.500000,2544.633211
15.000000,56.500000,2685.509886
16.000000,56.500000,2844.381363
17.000000,56.500000,3009.749515
18.000000,56.500000,3185.832503
19.000000,56.500000,3380.505551
20.000000,56.500000,3588.834918
21.000000,56.500000,3815.479343
22.000000,56.500000,4078.744200
23.000000,56.500000,4359.142392
12.000000,57.000000,2290.731572
13.000000,57.000000,2425.335249
14.000000,57.000000,2563.469947
15.000000,57.000000,2705.135667
16.000000,57.000000,2866.746261
17.000000,57.000000,3033.150675
18.000000,57.000000,3212.799219
19.000000,57.000000,3408.746505
20.000000,57.000000,3620.480722
21.000000,57.000000,3846.783545
22.000000,57.000000,4116.404945
23.000000,57.000000,4399.843197
12.000000,57.500000,2308.241400
13.000000,57.500000,2443.705730
14.000000,57.500000,2582.714471
15.000000,57.500000,2726.667663
16.000000,57.500000,2889.772426
17.000000,57.500000,3057.279319
18.000000,57.500000,3240.577824
19.000000,57.500000,3437.721258
20.000000,57.500000,3652.668859
21.000000,57.500000,3884.563861
22.000000,57.500000,4156.703132
23.000000,57.500000,4440.874299
12.000000,58.000000,2325.817585
13.000000,58.000000,2462.145045
14.000000,58.000000,2602.030279
15.000000,58.000000,2748.281418
16.000000,58.000000,2912.885664
17.000000,58.000000,3081.498216
18.000000,58.000000,3268.462904
19.000000,58.000000,3466.805162
20.000000,58.000000,3684.979122
21.000000,58.000000,3922.495128
22.000000,58.000000,4197.159981
23.000000,58.000000,4482.060719
12.000000,58.500000,2343.851741
13.000000,58.500000,2481.184085
14.000000,58.500000,2622.094263
15.000000,58.500000,2771.190267
16.000000,58.500000,2936.664569
17.000000,58.500000,3106.154660
18.000000,58.500000,3296.878547
19.000000,58.500000,3497.054001
20.000000,58.500000,3717.798014
21.000000,58.500000,3961.745435
11.000000,59.000000,2227.212325
12.000000,59.000000,2361.955120
13.000000,59.000000,2500.295815
14.000000,59.000000,2642.234411
15.000000,59.000000,2794.188869
16.000000,59.000000,2960.534720
17.000000,59.000000,3130.903831
18.000000,59.000000,3325.403707
19.000000,59.000000,3527.418616
20.000000,59.000000,3750.742553
21.000000,59.000000,4001.153518
11.000000,59.500000,2244.893110
12.000000,59.500000,2380.540353
13.000000,59.500000,2519.799546
14.000000,59.500000,2662.670690
15.000000,59.500000,2817.426072
16.000000,59.500000,2984.816957
17.000000,59.500000,3157.922781
18.000000,59.500000,3354.753401
19.000000,59.500000,3560.451479
20.000000,59.500000,3785.316284
21.000000,59.500000,4042.708858
11.000000,60.000000,2262.643490
12.000000,60.000000,2399.197925
13.000000,60.000000,2539.378326
14.000000,60.000000,2683.184692
15.000000,60.000000,2840.754119
16.000000,60.000000,3009.192841
17.000000,60.000000,3185.047527
18.000000,60.000000,3384.217953
19.000000,60.000000,3593.615197
20.000000,60.000000,3820.024999
21.000000,60.000000,4084.434260
11.000000,60.500000,2280.811994
12.000000,60.500000,2418.303774
13.000000,60.500000,2559.436848
14.000000,60.500000,2704.211217
15.000000,60.500000,2864.638989
16.000000,60.500000,3034.156492
17.000000,60.500000,3213.820750
18.000000,60.500000,3414.272017
19.000000,60.500000,3627.573319
20.000000,60.500000,3857.103895
21.000000,60.500000,4126.640261
11.000000,61.000000,2299.052756
12.000000,61.000000,2437.484807
13.000000,61.000000,2579.573458
14.000000,61.000000,2725.318709
15.000000,61.000000,2888.618431
16.000000,61.000000,3059.217655
17.000000,61.000000,3242.709343
18.000000,61.000000,3444.444351
19.000000,61.000000,3661.666866
20.000000,61.000000,3894.331813
21.000000,61.000000,4169.019000
11.000000,61.500000,2317.632638
12.000000,61.500000,2457.035615
13.000000,61.500000,2600.112026
14.000000,61.500000,2747.063392
15.000000,61.500000,2912.949009
16.000000,61.500000,3084.543942
17.000000,61.500000,3272.063100
18.000000,61.500000,3475.422637
19.000000,61.500000,3697.289491
20.000000,61.500000,3937.010046
11.000000,62.000000,2336.286826
12.000000,62.000000,2476.663860
13.000000,62.000000,2620.731149
14.000000,62.000000,2768.893030
15.000000,62.000000,2937.376239
16.000000,62.000000,3109.968989
17.000000,62.000000,3301.534573
18.000000,62.000000,3506.524000
19.000000,62.000000,3733.057486
20.000000,62.000000,3979.870250
11.000000,62.500000,2355.654286
12.000000,62.500000,2496.856116
13.000000,62.500000,2641.756224
14.000000,62.500000,2792.616031
15.000000,62.500000,2962.309884
16.000000,62.500000,3136.135272
17.000000,62.500000,3332.030895
18.000000,62.500000,3539.668410
19.000000,62.500000,3769.852022
20.000000,62.500000,4022.361711
11.000000,63.000000,2375.101048
12.000000,63.000000,2517.129536
13.000000,63.000000,2662.864284
14.000000,63.000000,2816.434969
15.000000,63.000000,2987.343354
16.000000,63.000000,3162.405307
17.000000,63.000000,3362.651924
18.000000,63.000000,3572.948396
19.000000,63.000000,3806.798076
20.000000,63.000000,4065.031635
11.000000,63.500000,2394.890404
12.000000,63.500000,2537.778721
13.000000,63.500000,2684.383049
14.000000,63.500000,2840.802800
15.000000,63.500000,3012.920374
16.000000,63.500000,3190.512828
17.000000,63.500000,3393.818275
18.000000,63.500000,3608.562143
19.000000,63.500000,3844.668049
20.000000,63.500000,4108.012557
11.000000,64.000000,2414.761143
12.000000,64.000000,2558.511378
13.000000,64.000000,2705.987350
14.000000,64.000000,2865.270298
15.000000,64.000000,3038.600774
16.000000,64.000000,3218.735131
17.000000,64.000000,3425.112244
18.000000,64.000000,3644.324339
19.000000,64.000000,3882.694712
20.000000,64.000000,4151.174754
11.000000,64.500000,2435.030349
12.000000,64.500000,2579.674175
13.000000,64.500000,2728.059438
14.000000,64.500000,2890.265850
15.000000,64.500000,3064.707186
16.000000,64.500000,3249.072801
17.000000,64.500000,3457.287028
18.000000,64.500000,3681.614900
19.000000,64.500000,3924.836734
10.000000,65.000000,2313.600233
11.000000,65.000000,2455.382979
12.000000,65.000000,2600.922893
13.000000,65.000000,2750.219976
14.000000,65.000000,2915.364522
15.000000,65.000000,3090.919475
16.000000,65.000000,3279.537081
17.000000,65.000000,3489.594947
18.000000,65.000000,3719.064278
19.000000,65.000000,3967.161143
10.000000,65.500000,2333.498547
11.000000,65.500000,2476.100939
12.000000,65.500000,2622.470932
13.000000,65.500000,2772.608527
14.000000,65.500000,2940.848361
15.000000,65.500000,3117.685857
16.000000,65.500000,3310.947252
17.000000,65.500000,3522.861796
18.000000,65.500000,3757.664497
19.000000,65.500000,4010.096386
10.000000,66.000000,2353.480942
11.000000,66.000000,2496.904823
12.000000,66.000000,2644.106747
13.000000,66.000000,2795.086714
14.000000,66.000000,2966.437523
15.000000,66.000000,3144.561542
16.000000,66.000000,3342.490179
17.000000,66.000000,3556.267908
18.000000,66.000000,3796.430524
19.000000,66.000000,4053.216551
10.000000,66.500000,2373.771466
11.000000,66.500000,2518.123835
12.000000,66.500000,2666.268863
13.000000,66.500000,2819.070477
14.000000,66.500000,2993.597448
15.000000,66.500000,3173.685969
16.000000,66.500000,3375.913470
17.000000,66.500000,3592.457490
18.000000,66.500000,3836.476211
19.000000,66.500000,4096.812699
10.000000,67.000000,2394.147881
11.000000,67.000000,2539.431349
12.000000,67.000000,2688.522110
13.000000,67.000000,2843.153701
14.000000,67.000000,3020.872765
15.000000,67.000000,3202.934019
16.000000,67.000000,3409.480761
17.000000,67.000000,3628.802964
18.000000,67.000000,3876.695429
19.000000,67.000000,4140.597559
10.000000,67.500000,2414.991672
11.000000,67.500000,2561.623465
12.000000,67.500000,2712.092166
13.000000,67.500000,2870.634664
14.000000,67.500000,3049.560607
15.000000,67.500000,3234.275055
16.000000,67.500000,3443.077263
17.000000,67.500000,3667.673159
18.000000,67.500000,3918.945734
19.000000,67.500000,4184.922400
10.000000,68.000000,2435.924439
11.000000,68.000000,2583.910175
12.000000,68.000000,2735.762450
13.000000,68.000000,2898.236393
14.000000,68.000000,3078.372470
15.000000,68.000000,3265.751702
16.000000,68.000000,3476.817726
17.000000,68.000000,3706.714581
18.000000,68.000000,3961.382212
19.000000,68.000000,4229.440265
10.000000,68.500000,2457.032899
11.000000,68.500000,2606.473820
12.000000,68.500000,2759.811793
13.000000,68.500000,2926.159962
14.000000,68.500000,3107.630746
15.000000,68.500000,3299.229853
16.000000,68.500000,3511.433599
17.000000,68.500000,3747.890004
10.000000,69.000000,2478.231356
11.000000,69.000000,2629.133715
12.000000,69.000000,2783.963564
13.000000,69.000000,2954.205951
14.000000,69.000000,3137.015593
15.000000,69.000000,3332.855469
16.000000,69.000000,3546.200232
17.000000,69.000000,3789.251316
10.000000,69.500000,2499.967147
11.000000,69.500000,2652.386693
12.000000,69.500000,2808.765499
13.000000,69.500000,2983.059984
14.000000,69.500000,3167.564725
15.000000,69.500000,3367.577041
16.000000,69.500000,3581.914496
17.000000,69.500000,3831.757546
10.000000,70.000000,2521.796486
11.000000,70.000000,2675.739792
12.000000,70.000000,2833.674043
13.000000,70.000000,3012.042093
14.000000,70.000000,3198.248877
15.000000,70.000000,3402.454430
16.000000,70.000000,3617.785811
17.000000,70.000000,3874.455442
10.000000,70.500000,2544.371327
11.000000,70.500000,2699.917973
12.000000,70.500000,2860.216055
13.000000,70.500000,3041.786099
14.000000,70.500000,3229.553084
15.000000,70.500000,3438.452364
16.000000,70.500000,3660.818994
9.000000,71.000000,2413.949251
10.000000,71.000000,2567.045015
11.000000,71.000000,2724.202187
12.000000,71.000000,2886.876019
13.000000,71.000000,3071.663673
14.000000,71.000000,3260.996155
15.000000,71.000000,3474.612692
16.000000,71.000000,3704.052169
9.000000,71.500000,2436.079554
10.000000,71.500000,2590.588662
11.000000,71.500000,2749.184108
12.000000,71.500000,2915.694450
13.000000,71.500000,3102.083356
14.000000,71.500000,3295.601804
15.000000,71.500000,3511.805296
16.000000,71.500000,3747.756725
9.000000,72.000000,2458.309302
10.000000,72.000000,2614.237435
11.000000,72.000000,2774.276724
12.000000,72.000000,2944.643907
13.000000,72.000000,3132.639863
14.000000,72.000000,3330.365618
15.000000,72.000000,3549.167609
16.000000,72.000000,3791.665714
9.000000,72.500000,2481.167882
10.000000,72.500000,2638.500467
11.000000,72.500000,2799.969682
12.000000,72.500000,2974.248759
13.000000,72.500000,3163.944228
14.000000,72.500000,3366.552198
15.000000,72.500000,3587.597463
16.000000,72.500000,3835.580163
9.000000,73.000000,2504.129988
10.000000,73.000000,2662.872538
11.000000,73.000000,2825.777138
12.000000,73.000000,3003.989124
13.000000,73.000000,3195.390670
14.000000,73.000000,3402.906760
15.000000,73.000000,3626.204389
16.000000,73.000000,3879.698984
9.000000,73.500000,2528.107405
10.000000,73.500000,2688.122146
11.000000,73.500000,2852.325228
12.000000,73.500000,3034.476525
13.000000,73.500000,3227.548810
14.000000,73.500000,3440.191277
15.000000,73.500000,3668.330686
16.000000,73.500000,3923.923905
9.000000,74.000000,2552.194943
10.000000,74.000000,2713.486621
11.000000,74.000000,2878.993002
12.000000,74.000000,3065.104889
13.000000,74.000000,3259.853883
14.000000,74.000000,3477.649776
15.000000,74.000000,3710.655391
16.000000,74.000000,3968.353913
9.000000,74.500000,2576.851837
10.000000,74.500000,2739.369861
11.000000,74.500000,2906.592418
12.000000,74.500000,3096.289950
13.000000,74.500000,3293.482838
14.000000,74.500000,3516.164762
15.000000,74.500000,3754.635568
9.000000,75.000000,2601.623318
10.000000,75.000000,2765.371756
11.000000,75.000000,2934.317798
12.000000,75.000000,3127.619352
13.000000,75.000000,3327.266852
14.000000,75.000000,3554.860572
15.000000,75.000000,3798.825490
9.000000,75.500000,2626.783729
10.000000,75.500000,2791.770856
11.000000,75.500000,2964.636378
12.000000,75.500000,3159.948191
13.000000,75.500000,3365.204170
14.000000,75.500000,3595.498252
15.000000,75.500000,3843.611017
8.000000,76.000000,2490.128200
9.000000,76.000000,2652.061147
10.000000,76.000000,2818.291039
11.000000,76.000000,2995.097718
12.000000,76.000000,3192.428542
13.000000,76.000000,3403.324751
14.000000,76.000000,3636.331256
15.000000,76.000000,3888.611652
8.000000,76.500000,2514.615770
9.000000,76.500000,2677.861976
10.000000,76.500000,2845.430914
11.000000,76.500000,3026.517538
12.000000,76.500000,3225.870847
13.000000,76.500000,3442.618761
8.000000,77.000000,2539.219265
9.000000,77.000000,2703.783615
10.000000,77.000000,2872.696544
11.000000,77.000000,3058.087591
12.000000,77.000000,3259.471719
13.000000,77.000000,3482.103973
8.000000,77.500000,2564.513703
9.000000,77.500000,2730.305046
10.000000,77.500000,2900.463914
11.000000,77.500000,3090.397494
12.000000,77.500000,3293.847465
13.000000,77.500000,3522.870445
8.000000,78.000000,2589.929537
9.000000,78.000000,2756.951769
10.000000,78.000000,2928.360487
11.000000,78.000000,3122.862471
12.000000,78.000000,3328.386591
13.000000,78.000000,3563.836481
8.000000,78.500000,2615.934784
9.000000,78.500000,2784.641634
10.000000,78.500000,2957.953884
11.000000,78.500000,3156.989150
12.000000,78.500000,3366.651615
13.000000,78.500000,3606.644182
8.000000,79.000000,2642.065447
9.000000,79.000000,2812.464063
10.000000,79.000000,2987.688241
11.000000,79.000000,3191.282011
12.000000,79.000000,3405.105637
13.000000,79.000000,3649.664699
8.000000,79.500000,2669.079149
9.000000,79.500000,2841.731249
10.000000,79.500000,3022.308096
11.000000,79.500000,3227.187608
12.000000,79.500000,3447.182924
8.000000,80.000000,2696.224698
9.000000,80.000000,2871.141766
10.000000,80.000000,3057.102565
11.000000,80.000000,3263.271571
12.000000,80.000000,3489.474144
8.000000,80.500000,2724.602212
9.000000,80.500000,2901.808149
10.000000,80.500000,3093.050871
11.000000,80.500000,3301.406805
12.000000,80.500000,3533.784932
8.000000,81.000000,2753.121286
9.000000,81.000000,2932.627312
10.000000,81.000000,3129.182324
11.000000,81.000000,3339.734482
12.000000,81.000000,3578.321857
8.000000,81.500000,2783.104289
9.000000,81.500000,2964.490494
10.000000,81.500000,3166.202724
11.000000,81.500000,3380.278373
12.000000,81.500000,3623.185826
7.000000,82.000000,2634.688424
8.000000,82.000000,2813.238772
9.000000,82.000000,2996.513314
10.000000,82.000000,3203.412254
11.000000,82.000000,3421.029538
12.000000,82.000000,3668.279641
7.000000,82.500000,2663.924079
8.000000,82.500000,2844.258853
9.000000,82.500000,3030.968992
10.000000,82.500000,3241.742308
11.000000,82.500000,3465.346849
7.000000,83.000000,2693.309735
8.000000,83.000000,2875.436824
9.000000,83.000000,3065.601803
10.000000,83.000000,3280.270643
11.000000,83.000000,3509.896814
7.000000,83.500000,2723.375903
8.000000,83.500000,2907.414410
9.000000,83.500000,3102.802640
10.000000,83.500000,3319.865370
11.000000,83.500000,3554.491274
7.000000,84.000000,2753.597929
8.000000,84.000000,2939.556499
9.000000,84.000000,3140.199124
10.000000,84.000000,3359.666131
11.000000,84.000000,3599.318423
7.000000,84.500000,2784.519406
8.000000,84.500000,2972.380398
9.000000,84.500000,3178.543265
7.000000,85.000000,2815.601985
8.000000,85.000000,3005.373594
9.000000,85.000000,3217.089498
7.000000,85.500000,2847.494241
8.000000,85.500000,3039.224138
9.000000,85.500000,3257.180307
6.000000,86.000000,2690.890641
7.000000,86.000000,2879.553594
8.000000,86.000000,3073.250343
9.000000,86.000000,3297.485238
6.000000,86.500000,2722.060836
7.000000,86.500000,2912.751357
8.000000,86.500000,3111.885647
9.000000,86.500000,3339.622733
6.000000,87.000000,2753.398368
7.000000,87.000000,2946.125739
8.000000,87.000000,3150.731351
9.000000,87.000000,3381.988955
6.000000,87.500000,2785.675407
7.000000,87.500000,2980.372912
8.000000,87.500000,3191.349751
9.000000,87.500000,3425.834729
6.000000,88.000000,2818.127400
7.000000,88.000000,3014.803354
8.000000,88.000000,3232.191328
9.000000,88.000000,3469.919625
6.000000,88.500000,2851.294542
7.000000,88.500000,3049.978717
8.000000,88.500000,3274.597991
6.000000,89.000000,2884.641775
7.000000,89.000000,3085.342506
8.000000,89.000000,3317.239530
6.000000,89.500000,2920.542569
7.000000,89.500000,3125.715271
8.000000,89.500000,3362.779487
5.000000,90.000000,2755.356263
6.000000,90.000000,2956.643806
7.000000,90.000000,3166.315923
8.000000,90.000000,3408.577356
5.000000,90.500000,2791.210465
6.000000,90.500000,2995.168373
7.000000,90.500000,3211.636200
8.000000,90.500000,3454.950579
5.000000,91.000000,2827.269995
6.000000,91.000000,3033.912327
7.000000,91.000000,3257.218708
8.000000,91.000000,3501.586120
5.000000,91.500000,2864.517707
6.000000,91.500000,3073.869149
7.000000,91.500000,3302.821377
5.000000,92.000000,2901.980084
6.000000,92.000000,3114.054635
7.000000,92.000000,3348.686364
5.000000,92.500000,2940.821556
5.000000,93.000000,2979.889209
5.000000,93.500000,3020.743722
4.000000,94.000000,2844.063953
5.000000,94.000000,3061.840762
4.000000,94.500000,2883.613296
5.000000,94.500000,3104.214017
4.000000,95.000000,2923.400948
5.000000,95.000000,3146.840016
4.000000,95.500000,2964.438044
4.000000,96.000000,3005.723686
4.000000,96.500000,3048.451132
4.000000,97.000000,3091.440420
4.000000,97.500000,3135.880384
3.000000,98.000000,2944.364052
4.000000,98.000000,3180.594408
3.000000,98.500000,2988.796687
4.000000,98.500000,3227.013570
3.000000,99.000000,3033.509400
4.000000,99.000000,3273.720317
