weight_g,780.000000
thrust_N,velocity_m_s,power_W
22.000000,0.000000,3950.951533
23.000000,0.000000,4133.463811
24.000000,0.000000,4320.066507
25.000000,0.000000,4510.759622
26.000000,0.000000,4705.543155
27.000000,0.000000,4904.417107
28.000000,0.000000,5103.717034
29.000000,0.000000,5306.366344
30.000000,0.000000,5512.878255
31.000000,0.000000,5723.252768
32.000000,0.000000,5944.351663
33.000000,0.000000,6171.879363
34.000000,0.000000,6403.488054
35.000000,0.000000,6648.668293
36.000000,0.000000,6900.675486
22.000000,0.500000,3957.414489
23.000000,0.500000,4140.075634
24.000000,0.500000,4326.827698
25.000000,0.500000,4517.670681
26.000000,0.500000,4712.604582
27.000000,0.500000,4911.629402
28.000000,0.500000,5110.757615
29.000000,0.500000,5313.453891
30.000000,0.500000,5520.010014
31.000000,0.500000,5730.425985
32.000000,0.500000,5951.868951
33.000000,0.500000,6179.277125
34.000000,0.500000,6410.758287
35.000000,0.500000,6656.345180
36.000000,0.500000,6908.288664
22.000000,1.000000,3963.882319
23.000000,1.000000,4146.692372
24.000000,1.000000,4333.593842
25.000000,1.000000,4524.586730
26.000000,1.000000,4719.671036
27.000000,1.000000,4918.846760
28.000000,1.000000,5117.802572
29.000000,1.000000,5320.545739
30.000000,1.000000,5527.145999
31.000000,1.000000,5737.603352
32.000000,1.000000,5959.390359
33.000000,1.000000,6186.678774
34.000000,1.000000,6418.032181
35.000000,1.000000,6664.025785
36.000000,1.000000,6915.905373
22.000000,1.500000,3970.349197
23.000000,1.500000,4153.314118
24.000000,1.500000,4340.371198
25.000000,1.500000,4531.520438
26.000000,1.500000,4726.761838
27.000000,1.500000,4925.885745
28.000000,1.500000,5124.854288
29.000000,1.500000,5327.642188
30.000000,1.500000,5534.284366
31.000000,1.500000,5744.780820
32.000000,1.500000,5966.883630
33.000000,1.500000,6194.052842
34.000000,1.500000,6425.279095
35.000000,1.500000,6671.691278
36.000000,1.500000,6923.506989
21.000000,2.000000,3797.794018
22.000000,2.000000,3976.820954
23.000000,2.000000,4159.940789
24.000000,2.000000,4347.153525
25.000000,2.000000,4538.459162
26.000000,2.000000,4733.857699
27.000000,2.000000,4932.929287
28.000000,2.000000,5131.910385
29.000000,2.000000,5334.742943
30.000000,2.000000,5541.426960
31.000000,2.000000,5751.962438
32.000000,2.000000,5974.380992
33.000000,2.000000,6201.430771
34.000000,2.000000,6432.529645
35.000000,2.000000,6679.360469
36.000000,2.000000,6931.112117
21.000000,2.500000,3804.390302
22.000000,2.500000,3983.537139
23.000000,2.500000,4166.775741
24.000000,2.500000,4354.106108
25.000000,2.500000,4545.528239
26.000000,2.500000,4741.042135
27.000000,2.500000,4939.967212
28.000000,2.500000,5138.988715
29.000000,2.500000,5341.858573
30.000000,2.500000,5548.576789
31.000000,2.500000,5759.251832
32.000000,2.500000,5981.850425
33.000000,2.500000,6208.781324
34.000000,2.500000,6439.952519
35.000000,2.500000,6687.014588
36.000000,2.500000,6938.702193
21.000000,3.000000,3810.991899
22.000000,3.000000,3990.258615
23.000000,3.000000,4173.615959
24.000000,3.000000,4361.063931
25.000000,3.000000,4552.602532
26.000000,3.000000,4748.231760
27.000000,3.000000,4947.009635
28.000000,3.000000,5146.071455
29.000000,3.000000,5348.978528
30.000000,3.000000,5555.730854
31.000000,3.000000,5766.545424
32.000000,3.000000,5989.323921
33.000000,3.000000,6216.135711
34.000000,3.000000,6447.379114
35.000000,3.000000,6694.672386
36.000000,3.000000,6946.295764
21.000000,3.500000,3818.180582
22.000000,3.500000,3997.673260
23.000000,3.500000,4181.259457
24.000000,3.500000,4368.939175
25.000000,3.500000,4560.712413
26.000000,3.500000,4756.579170
27.000000,3.500000,4955.224416
28.000000,3.500000,5154.278964
29.000000,3.500000,5357.173195
30.000000,3.500000,5563.907110
31.000000,3.500000,5775.109480
32.000000,3.500000,5997.733725
33.000000,3.500000,6224.381192
34.000000,3.500000,6455.995323
35.000000,3.500000,6703.168947
36.000000,3.500000,6954.663563
21.000000,4.000000,3825.375658
22.000000,4.000000,4005.094421
23.000000,4.000000,4188.909596
24.000000,4.000000,4376.821183
25.000000,4.000000,4568.829182
26.000000,4.000000,4764.933594
27.000000,4.000000,4963.445351
28.000000,4.000000,5162.492435
29.000000,4.000000,5365.373633
30.000000,4.000000,5572.088946
31.000000,4.000000,5783.679102
32.000000,4.000000,6006.148747
33.000000,4.000000,6232.631551
34.000000,4.000000,6464.616419
35.000000,4.000000,6711.670092
36.000000,4.000000,6963.035652
21.000000,4.500000,3832.594187
22.000000,4.500000,4012.546830
23.000000,4.500000,4196.599108
24.000000,4.500000,4384.751022
25.000000,4.500000,4577.002572
26.000000,4.500000,4773.353758
27.000000,4.500000,4971.702728
28.000000,4.500000,5170.800694
29.000000,4.500000,5373.729403
30.000000,4.500000,5580.488856
31.000000,4.500000,5792.515986
32.000000,4.500000,6014.897553
33.000000,4.500000,6241.284435
34.000000,4.500000,6473.745080
35.000000,4.500000,6720.736741
36.000000,4.500000,6972.032901
21.000000,5.000000,3839.819143
22.000000,5.000000,4020.005801
23.000000,5.000000,4204.295321
24.000000,5.000000,4392.687701
25.000000,5.000000,4585.182941
26.000000,5.000000,4781.781042
27.000000,5.000000,4979.966322
28.000000,5.000000,5179.115065
29.000000,5.000000,5382.091179
30.000000,5.000000,5588.894662
31.000000,5.000000,5801.358813
32.000000,5.000000,6023.652023
33.000000,5.000000,6249.942708
34.000000,5.000000,6482.879249
35.000000,5.000000,6729.808636
36.000000,5.000000,6981.035140
21.000000,5.500000,3847.576058
22.000000,5.500000,4027.933448
23.000000,5.500000,4212.393372
24.000000,5.500000,4400.955829
25.000000,5.500000,4593.620820
26.000000,5.500000,4790.388344
27.000000,5.500000,4988.312266
28.000000,5.500000,5187.488923
29.000000,5.500000,5390.488664
30.000000,5.500000,5597.311489
31.000000,5.500000,5810.169506
32.000000,5.500000,6032.375341
33.000000,5.500000,6258.570877
34.000000,5.500000,6491.992186
35.000000,5.500000,6738.859273
36.000000,5.500000,6990.016125
21.000000,6.000000,3855.340486
22.000000,6.000000,4035.868591
23.000000,6.000000,4220.498902
24.000000,6.000000,4409.231419
25.000000,6.000000,4602.066143
26.000000,6.000000,4799.003073
27.000000,6.000000,4996.664557
28.000000,6.000000,5195.868984
29.000000,6.000000,5398.892208
30.000000,6.000000,5605.734230
31.000000,6.000000,5818.986100
32.000000,6.000000,6041.104284
33.000000,6.000000,6267.204401
34.000000,6.000000,6501.110597
35.000000,6.000000,6747.915125
36.000000,6.000000,6999.002070
21.000000,6.500000,3863.469396
22.000000,6.500000,4044.293137
23.000000,6.500000,4229.224001
24.000000,6.500000,4418.261988
25.000000,6.500000,4611.407098
26.000000,6.500000,4808.659331
27.000000,6.500000,5005.985403
28.000000,6.500000,5205.132381
29.000000,6.500000,5408.089937
30.000000,6.500000,5614.858073
31.000000,6.500000,5828.399463
32.000000,6.500000,6050.339831
33.000000,6.500000,6276.250497
34.000000,6.500000,6510.559768
35.000000,6.500000,6757.188140
21.000000,7.000000,3871.606566
22.000000,7.000000,4052.726165
23.000000,7.000000,4237.957805
24.000000,7.000000,4427.301488
25.000000,7.000000,4620.757214
26.000000,7.000000,4818.324981
27.000000,7.000000,5015.314301
28.000000,7.000000,5214.403481
29.000000,7.000000,5417.295029
30.000000,7.000000,5623.988942
31.000000,7.000000,5837.819679
32.000000,7.000000,6059.581766
33.000000,7.000000,6285.302533
34.000000,7.000000,6520.014867
35.000000,7.000000,6766.466652
21.000000,7.500000,3879.926857
22.000000,7.500000,4061.333069
23.000000,7.500000,4246.855636
24.000000,7.500000,4436.494557
25.000000,7.500000,4630.249834
26.000000,7.500000,4828.121465
27.000000,7.500000,5024.759166
28.000000,7.500000,5223.893132
29.000000,7.500000,5426.825167
30.000000,7.500000,5633.555270
31.000000,7.500000,5847.793916
32.000000,7.500000,6069.526074
33.000000,7.500000,6295.210252
34.000000,7.500000,6530.514129
35.000000,7.500000,6776.934847
21.000000,8.000000,3888.255777
22.000000,8.000000,4069.948799
23.000000,8.000000,4255.762491
24.000000,8.000000,4445.696852
25.000000,8.000000,4639.751883
26.000000,8.000000,4837.927584
27.000000,8.000000,5034.212305
28.000000,8.000000,5233.390889
29.000000,8.000000,5436.363241
30.000000,8.000000,5643.129360
31.000000,8.000000,5857.775934
32.000000,8.000000,6079.477880
33.000000,8.000000,6305.125191
34.000000,8.000000,6541.020865
35.000000,8.000000,6787.410223
21.000000,8.500000,3897.413606
22.000000,8.500000,4079.269512
23.000000,8.500000,4265.243991
24.000000,8.500000,4455.337045
25.000000,8.500000,4649.548672
26.000000,8.500000,4847.866155
27.000000,8.500000,5043.728943
28.000000,8.500000,5242.929616
29.000000,8.500000,5445.918750
30.000000,8.500000,5652.696343
31.000000,8.500000,5867.729908
32.000000,8.500000,6089.402249
33.000000,8.500000,6315.013354
34.000000,8.500000,6551.503299
35.000000,8.500000,6797.861121
21.000000,9.000000,3906.581903
22.000000,9.000000,4088.600584
23.000000,9.000000,4274.735744
24.000000,9.000000,4464.987381
25.000000,9.000000,4659.355497
26.000000,9.000000,4857.814623
27.000000,9.000000,5053.254007
28.000000,9.000000,5252.476544
29.000000,9.000000,5455.482235
30.000000,9.000000,5662.271079
31.000000,9.000000,5877.691613
32.000000,9.000000,6099.334071
33.000000,9.000000,6324.908694
34.000000,9.000000,6561.993161
35.000000,9.000000,6808.319156
21.000000,9.500000,3915.996129
22.000000,9.500000,4098.324029
23.000000,9.500000,4284.772695
24.000000,9.500000,4475.342124
25.000000,9.500000,4670.032317
26.000000,9.500000,4868.277289
27.000000,9.500000,5063.667890
28.000000,9.500000,5262.832429
29.000000,9.500000,5465.770908
30.000000,9.500000,5672.483326
31.000000,9.500000,5888.124241
32.000000,9.500000,6109.525739
33.000000,9.500000,6334.845113
34.000000,9.500000,6572.458780
35.000000,9.500000,6818.752776
20.000000,10.000000,3746.909100
21.000000,10.000000,3925.421394
22.000000,10.000000,4108.058739
23.000000,10.000000,4294.821137
24.000000,10.000000,4485.708588
25.000000,10.000000,4680.721090
26.000000,10.000000,4878.750622
27.000000,10.000000,5074.091967
28.000000,10.000000,5273.198047
29.000000,10.000000,5476.068862
30.000000,10.000000,5682.704412
31.000000,10.000000,5898.565364
32.000000,10.000000,6119.725260
33.000000,10.000000,6344.788767
34.000000,10.000000,6582.931782
35.000000,10.000000,6829.193489
20.000000,10.500000,3756.649990
21.000000,10.500000,3935.400196
22.000000,10.500000,4118.276019
23.000000,10.500000,4305.277460
24.000000,10.500000,4496.404520
25.000000,10.500000,4691.657198
26.000000,10.500000,4889.367041
27.000000,10.500000,5084.876717
28.000000,10.500000,5284.150152
29.000000,10.500000,5487.187348
30.000000,10.500000,5693.988304
31.000000,10.500000,5910.198399
32.000000,10.500000,6131.240724
33.000000,10.500000,6356.176433
34.000000,10.500000,6594.832649
35.000000,10.500000,6840.869227
20.000000,11.000000,3766.403210
21.000000,11.000000,3945.391360
22.000000,11.000000,4128.505693
23.000000,11.000000,4315.746211
24.000000,11.000000,4507.112913
25.000000,11.000000,4702.605799
26.000000,11.000000,4899.994420
27.000000,11.000000,5095.672386
28.000000,11.000000,5295.113137
29.000000,11.000000,5498.316672
30.000000,11.000000,5705.282993
31.000000,11.000000,5921.842069
32.000000,11.000000,6142.766310
33.000000,11.000000,6367.573720
34.000000,11.000000,6606.743230
35.000000,11.000000,6852.553980
20.000000,11.500000,3776.854133
21.000000,11.500000,3956.037710
22.000000,11.500000,4139.345344
23.000000,11.500000,4326.777036
24.000000,11.500000,4518.332787
25.000000,11.500000,4714.012596
26.000000,11.500000,4910.975736
27.000000,11.500000,5106.741807
28.000000,11.500000,5306.266458
29.000000,11.500000,5509.549688
30.000000,11.500000,5716.744663
31.000000,11.500000,5933.471247
32.000000,11.500000,6154.313167
33.000000,11.500000,6379.029357
34.000000,11.500000,6618.902442
35.000000,11.500000,6864.713124
20.000000,12.000000,3787.319197
21.000000,12.000000,3966.698075
22.000000,12.000000,4150.198887
23.000000,12.000000,4337.821631
24.000000,12.000000,4529.566307
25.000000,12.000000,4725.432917
26.000000,12.000000,4921.968724
27.000000,12.000000,5117.822683
28.000000,12.000000,5317.431018
29.000000,12.000000,5520.793728
30.000000,12.000000,5728.217258
31.000000,12.000000,5945.111031
32.000000,12.000000,6165.870185
33.000000,12.000000,6390.494718
34.000000,12.000000,6631.071792
35.000000,12.000000,6876.882068
20.000000,12.500000,3797.922375
21.000000,12.500000,3977.703057
22.000000,12.500000,4161.612753
23.000000,12.500000,4349.651461
24.000000,12.500000,4541.819183
25.000000,12.500000,4738.115919
26.000000,12.500000,4934.114582
27.000000,12.500000,5129.844641
28.000000,12.500000,5329.316177
29.000000,12.500000,5532.529190
30.000000,12.500000,5740.178957
31.000000,12.500000,5956.902623
32.000000,12.500000,6177.479118
33.000000,12.500000,6402.100454
34.000000,12.500000,6643.213242
35.000000,12.500000,6889.022789
20.000000,13.000000,3808.540030
21.000000,13.000000,3988.722938
22.000000,13.000000,4173.041945
23.000000,13.000000,4361.497052
24.000000,13.000000,4554.088258
25.000000,13.000000,4750.815564
26.000000,13.000000,4946.274685
27.000000,13.000000,5141.880082
28.000000,13.000000,5341.214075
29.000000,13.000000,5544.276664
30.000000,13.000000,5752.152222
31.000000,13.000000,5968.705118
32.000000,13.000000,6189.098309
33.000000,13.000000,6413.716041
34.000000,13.000000,6655.364766
35.000000,13.000000,6901.173250
20.000000,13.500000,3820.104147
21.000000,13.500000,4000.575608
22.000000,13.500000,4185.183891
23.000000,13.500000,4373.928994
24.000000,13.500000,4566.810919
25.000000,13.500000,4763.829664
26.000000,13.500000,4958.718983
27.000000,13.500000,5154.452265
28.000000,13.500000,5353.910803
29.000000,13.500000,5557.094599
30.000000,13.500000,5765.411302
31.000000,13.500000,5981.797877
32.000000,13.500000,6202.011071
33.000000,13.500000,6427.224526
34.000000,13.500000,6668.472429
35.000000,13.500000,6913.858696
20.000000,14.000000,3831.685525
21.000000,14.000000,4012.445578
22.000000,14.000000,4197.343173
23.000000,14.000000,4386.378310
24.000000,14.000000,4579.550988
25.000000,14.000000,4776.861208
26.000000,14.000000,4971.178213
27.000000,14.000000,5167.039197
28.000000,14.000000,5366.622095
29.000000,14.000000,5569.926907
30.000000,14.000000,5778.684723
31.000000,14.000000,5994.904157
32.000000,14.000000,6214.936558
33.000000,14.000000,6440.745912
34.000000,14.000000,6681.591828
35.000000,14.000000,6926.554769
20.000000,14.500000,3843.550483
21.000000,14.500000,4024.601099
22.000000,14.500000,4209.789873
23.000000,14.500000,4399.116804
24.000000,14.500000,4592.581893
25.000000,14.500000,4790.185140
26.000000,14.500000,4983.861915
27.000000,14.500000,5179.803943
28.000000,14.500000,5379.462384
29.000000,14.500000,5582.837239
30.000000,14.500000,5792.056825
31.000000,14.500000,6008.386912
32.000000,14.500000,6228.526043
33.000000,14.500000,6455.238770
34.000000,14.500000,6696.020080
35.000000,14.500000,6940.908689
20.000000,15.000000,3855.433511
21.000000,15.000000,4036.774726
22.000000,15.000000,4222.254714
23.000000,15.000000,4411.873475
24.000000,15.000000,4605.631010
25.000000,15.000000,4803.527317
26.000000,15.000000,4996.561172
27.000000,15.000000,5192.583905
28.000000,15.000000,5392.317553
29.000000,15.000000,5595.762116
30.000000,15.000000,5805.443463
31.000000,15.000000,6021.883967
32.000000,15.000000,6242.129594
33.000000,15.000000,6469.746477
34.000000,15.000000,6710.462609
35.000000,15.000000,6955.276323
20.000000,15.500000,3867.876697
21.000000,15.500000,4049.538436
22.000000,15.500000,4235.340546
23.000000,15.500000,4425.283026
24.000000,15.500000,4619.365878
25.000000,15.500000,4817.183097
26.000000,15.500000,5009.792551
27.000000,15.500000,5205.739070
28.000000,15.500000,5405.384256
29.000000,15.500000,5608.728109
30.000000,15.500000,5818.814449
31.000000,15.500000,6035.366889
32.000000,15.500000,6255.720604
33.000000,15.500000,6484.197882
34.000000,15.500000,6724.848117
35.000000,15.500000,6969.586259
19.000000,16.000000,3702.499254
20.000000,16.000000,3880.339661
21.000000,16.000000,4062.322036
22.000000,16.000000,4248.446380
23.000000,16.000000,4438.712693
24.000000,16.000000,4633.120974
25.000000,16.000000,4830.857920
26.000000,16.000000,5023.040964
27.000000,16.000000,5218.910448
28.000000,16.000000,5418.466372
29.000000,16.000000,5621.708736
30.000000,16.000000,5832.199913
31.000000,16.000000,6048.864059
32.000000,16.000000,6269.325631
33.000000,16.000000,6498.664002
34.000000,16.000000,6739.247772
35.000000,16.000000,6983.909784
19.000000,16.500000,3715.544508
20.000000,16.500000,3893.594444
21.000000,16.500000,4075.781982
22.000000,16.500000,4262.107123
23.000000,16.500000,4452.569865
24.000000,16.500000,4647.170209
25.000000,16.500000,4844.337184
26.000000,16.500000,5036.817448
27.000000,16.500000,5232.985719
28.000000,16.500000,5432.841998
29.000000,16.500000,5636.386284
30.000000,16.500000,5847.177738
31.000000,16.500000,6063.529237
32.000000,16.500000,6283.658228
33.000000,16.500000,6513.520920
34.000000,16.500000,6753.851017
19.000000,17.000000,3728.612402
20.000000,17.000000,3906.871548
21.000000,17.000000,4089.263932
22.000000,17.000000,4275.789553
23.000000,17.000000,4466.448412
24.000000,17.000000,4661.240509
25.000000,17.000000,4857.834768
26.000000,17.000000,5050.612365
27.000000,17.000000,5247.079537
28.000000,17.000000,5447.236283
29.000000,17.000000,5651.082605
30.000000,17.000000,5862.173845
31.000000,17.000000,6078.211339
32.000000,17.000000,6298.006442
33.000000,17.000000,6528.393427
34.000000,17.000000,6768.468840
19.000000,17.500000,3741.844301
20.000000,17.500000,3920.398359
21.000000,17.500000,4103.085049
22.000000,17.500000,4289.904372
23.000000,17.500000,4480.856327
24.000000,17.500000,4675.940915
25.000000,17.500000,4871.986585
26.000000,17.500000,5064.940815
27.000000,17.500000,5261.581170
28.000000,17.500000,5461.907648
29.000000,17.500000,5665.920251
30.000000,17.500000,5877.464948
31.000000,17.500000,6093.587305
32.000000,17.500000,6313.461629
33.000000,17.500000,6544.599446
34.000000,17.500000,6784.463259
19.000000,18.000000,3755.099350
20.000000,18.000000,3933.948275
21.000000,18.000000,4116.929228
22.000000,18.000000,4304.042209
23.000000,18.000000,4495.287216
24.000000,18.000000,4690.664251
25.000000,18.000000,4886.158498
26.000000,18.000000,5079.289110
27.000000,18.000000,5276.102397
28.000000,18.000000,5476.598359
29.000000,18.000000,5680.776995
30.000000,18.000000,5892.775075
31.000000,18.000000,6108.981899
32.000000,18.000000,6328.935049
33.000000,18.000000,6560.824205
34.000000,18.000000,6800.475343
19.000000,18.500000,3769.277589
20.000000,18.500000,3948.459641
21.000000,18.500000,4131.773726
22.000000,18.500000,4319.219842
23.000000,18.500000,4510.797991
24.000000,18.500000,4706.508172
25.000000,18.500000,4901.261014
26.000000,18.500000,5094.343692
27.000000,18.500000,5291.096492
28.000000,18.500000,5491.519413
29.000000,18.500000,5695.735987
30.000000,18.500000,5908.078239
31.000000,18.500000,6124.393344
32.000000,18.500000,6344.450014
33.000000,18.500000,6577.231591
34.000000,18.500000,6816.937058
19.000000,19.000000,3783.482317
20.000000,19.000000,3962.997494
21.000000,19.000000,4146.644709
22.000000,19.000000,4334.423961
23.000000,19.000000,4526.335250
24.000000,19.000000,4722.378576
25.000000,19.000000,4916.386301
26.000000,19.000000,5109.420071
27.000000,19.000000,5306.111430
28.000000,19.000000,5506.460377
29.000000,19.000000,5710.714130
30.000000,19.000000,5923.400379
31.000000,19.000000,6139.823431
32.000000,19.000000,6359.983286
33.000000,19.000000,6593.658143
34.000000,19.000000,6833.417479
19.000000,19.500000,3798.044760
20.000000,19.500000,3977.891402
21.000000,19.500000,4161.869578
22.000000,19.500000,4349.979289
23.000000,19.500000,4542.220535
24.000000,19.500000,4738.593315
25.000000,19.500000,4931.921306
26.000000,19.500000,5125.186479
27.000000,19.500000,5322.107157
28.000000,19.500000,5522.683341
29.000000,19.500000,5727.439220
30.000000,19.500000,5939.749254
31.000000,19.500000,6155.772920
32.000000,19.500000,6375.510216
33.000000,19.500000,6610.042685
34.000000,19.500000,6849.854919
19.000000,20.000000,3812.634970
20.000000,20.000000,3992.813033
21.000000,20.000000,4177.122129
22.000000,20.000000,4365.562257
23.000000,20.000000,4558.133416
24.000000,20.000000,4754.835607
25.000000,20.000000,4947.480282
26.000000,20.000000,5140.976693
27.000000,20.000000,5338.126526
28.000000,20.000000,5538.929782
29.000000,20.000000,5744.187765
30.000000,20.000000,5956.119782
31.000000,20.000000,6171.742330
32.000000,20.000000,6391.055410
33.000000,20.000000,6626.446265
34.000000,20.000000,6866.310939
19.000000,20.500000,3827.616839
20.000000,20.500000,4008.190637
21.000000,20.500000,4192.897493
22.000000,20.500000,4381.737408
23.000000,20.500000,4574.710380
24.000000,20.500000,4771.816410
25.000000,20.500000,4963.721386
26.000000,20.500000,5157.418036
27.000000,20.500000,5354.764276
28.000000,20.500000,5555.760107
29.000000,20.500000,5761.529615
30.000000,20.500000,5973.672124
31.000000,20.500000,6189.501979
32.000000,20.500000,6409.699456
33.000000,20.500000,6644.673451
34.000000,20.500000,6883.845851
19.000000,21.000000,3842.627900
20.000000,21.000000,4023.597604
21.000000,21.000000,4208.702392
22.000000,21.000000,4397.942264
23.000000,21.000000,4591.317221
24.000000,21.000000,4788.827261
25.000000,21.000000,4979.988606
26.000000,21.000000,5173.885172
27.000000,21.000000,5371.427499
28.000000,21.000000,5572.615587
29.000000,21.000000,5778.896577
30.000000,21.000000,5991.249316
31.000000,21.000000,6207.286217
32.000000,21.000000,6428.369057
33.000000,21.000000,6662.924108
34.000000,21.000000,6901.401839
19.000000,21.500000,3858.681625
20.000000,21.500000,4039.998210
21.000000,21.500000,4225.448567
22.000000,21.500000,4415.032694
23.000000,21.500000,4608.750593
24.000000,21.500000,4806.047597
25.000000,21.500000,4996.810180
26.000000,21.500000,5190.752156
27.000000,21.500000,5388.329676
28.000000,21.500000,5589.542738
29.000000,21.500000,5796.315525
30.000000,21.500000,6008.976266
31.000000,21.500000,6225.321377
32.000000,21.500000,6447.543152
33.000000,21.500000,6682.152212
34.000000,21.500000,6920.676489
19.000000,22.000000,3874.768672
20.000000,22.000000,4056.432026
21.000000,22.000000,4242.227836
22.000000,22.000000,4432.156105
23.000000,22.000000,4626.216830
24.000000,22.000000,4823.298526
25.000000,22.000000,5013.659684
26.000000,22.000000,5207.646183
27.000000,22.000000,5405.258021
28.000000,22.000000,5606.495200
29.000000,22.000000,5813.759666
30.000000,22.000000,6026.728427
31.000000,22.000000,6243.381765
32.000000,22.000000,6466.743942
33.000000,22.000000,6701.406395
34.000000,22.000000,6939.976603
19.000000,22.500000,3891.090478
20.000000,22.500000,4073.114416
21.000000,22.500000,4259.269973
22.000000,22.500000,4449.557148
23.000000,22.500000,4643.975941
24.000000,22.500000,4840.372513
25.000000,22.500000,5030.998264
26.000000,22.500000,5225.246909
27.000000,22.500000,5423.118447
28.000000,22.500000,5624.612878
29.000000,22.500000,5832.277196
30.000000,22.500000,6045.154047
31.000000,22.500000,6261.700992
32.000000,22.500000,6485.883037
33.000000,22.500000,6720.597250
34.000000,22.500000,6959.211765
18.000000,23.000000,3729.192774
19.000000,23.000000,3907.446444
20.000000,23.000000,4089.830893
21.000000,23.000000,4276.346121
22.000000,23.000000,4466.992129
23.000000,23.000000,4661.768917
24.000000,23.000000,4857.476246
25.000000,23.000000,5048.366369
26.000000,23.000000,5242.876940
27.000000,23.000000,5441.007958
28.000000,23.000000,5642.759422
29.000000,23.000000,5850.823114
30.000000,23.000000,6063.606797
31.000000,23.000000,6280.046121
32.000000,23.000000,6505.048622
33.000000,23.000000,6739.813979
34.000000,23.000000,6978.472188
18.000000,23.500000,3746.009870
19.000000,23.500000,3924.627728
20.000000,23.500000,4107.374768
21.000000,23.500000,4294.250990
22.000000,23.500000,4485.256394
23.000000,23.500000,4680.390981
24.000000,23.500000,4875.390503
25.000000,23.500000,5066.582250
26.000000,23.500000,5261.392759
27.000000,23.500000,5459.822030
28.000000,23.500000,5661.870063
29.000000,23.500000,5870.299991
30.000000,23.500000,6083.070710
31.000000,23.500000,6299.485329
32.000000,23.500000,6525.154907
33.000000,23.500000,6759.544081
18.000000,24.000000,3762.864681
19.000000,24.000000,3941.846580
20.000000,24.000000,4124.956064
21.000000,24.000000,4312.193133
22.000000,24.000000,4503.557787
23.000000,24.000000,4699.050026
24.000000,24.000000,4893.337341
25.000000,24.000000,5084.830553
26.000000,24.000000,5279.940843
27.000000,24.000000,5478.668209
28.000000,24.000000,5681.012653
29.000000,24.000000,5889.808192
30.000000,24.000000,6102.564867
31.000000,24.000000,6318.953720
32.000000,24.000000,6545.290566
33.000000,24.000000,6779.301556
18.000000,24.500000,3780.276862
19.000000,24.500000,3959.670946
20.000000,24.500000,4143.192588
21.000000,24.500000,4330.841788
22.000000,24.500000,4522.618545
23.000000,24.500000,4718.522861
24.000000,24.500000,4911.975342
25.000000,24.500000,5103.616603
26.000000,24.500000,5298.867053
27.000000,24.500000,5497.726693
28.000000,24.500000,5700.325748
29.000000,24.500000,5909.548707
30.000000,24.500000,6122.566341
31.000000,24.500000,6339.214135
32.000000,24.500000,6566.470329
33.000000,24.500000,6800.478636
18.000000,25.000000,3797.729130
19.000000,25.000000,3977.535407
20.000000,25.000000,4161.469214
21.000000,25.000000,4349.530549
22.000000,25.000000,4541.719415
23.000000,25.000000,4738.035809
24.000000,25.000000,4930.648354
25.000000,25.000000,5122.436894
26.000000,25.000000,5317.826743
27.000000,25.000000,5516.817903
28.000000,25.000000,5719.671002
29.000000,25.000000,5929.321256
30.000000,25.000000,6142.599650
31.000000,25.000000,6359.506185
32.000000,25.000000,6587.682713
33.000000,25.000000,6821.687289
18.000000,25.500000,3815.563156
19.000000,25.500000,3995.812411
20.000000,25.500000,4180.190162
21.000000,25.500000,4368.696407
22.000000,25.500000,4561.331148
23.000000,25.500000,4758.094384
24.000000,25.500000,4949.808406
25.000000,25.500000,5141.804768
26.000000,25.500000,5337.396700
27.000000,25.500000,5536.584203
28.000000,25.500000,5739.909266
29.000000,25.500000,5949.619434
30.000000,25.500000,6162.947891
31.000000,25.500000,6379.894637
32.000000,25.500000,6609.148127
33.000000,25.500000,6843.419996
18.000000,26.000000,3833.438852
19.000000,26.000000,4014.131195
20.000000,26.000000,4198.952997
21.000000,26.000000,4387.904259
22.000000,26.000000,4580.984981
23.000000,26.000000,4778.195162
24.000000,26.000000,4969.005185
25.000000,26.000000,5161.208791
26.000000,26.000000,5357.002232
27.000000,26.000000,5556.385508
28.000000,26.000000,5760.182241
29.000000,26.000000,5969.951361
30.000000,26.000000,6183.328931
31.000000,26.000000,6400.314952
32.000000,26.000000,6630.646887
33.000000,26.000000,6865.185824
18.000000,26.500000,3852.575351
19.000000,26.500000,4033.673126
20.000000,26.500000,4218.898232
21.000000,26.500000,4408.250669
22.000000,26.500000,4601.730437
23.000000,26.500000,4799.218667
24.000000,26.500000,4989.201367
25.000000,26.500000,5181.669083
26.000000,26.500000,5377.722417
27.000000,26.500000,5577.361367
28.000000,26.500000,5781.558452
29.000000,26.500000,5991.234273
30.000000,26.500000,6204.502288
31.000000,26.500000,6422.069569
32.000000,26.500000,6652.607344
33.000000,26.500000,6887.146853
18.000000,27.000000,3871.759417
19.000000,27.000000,4053.262419
20.000000,27.000000,4238.890620
21.000000,27.000000,4428.644023
22.000000,27.000000,4622.522625
23.000000,27.000000,4820.288147
24.000000,27.000000,5009.438120
25.000000,27.000000,5202.169495
26.000000,27.000000,5398.482272
27.000000,27.000000,5598.376452
28.000000,27.000000,5802.973297
29.000000,27.000000,6012.554160
30.000000,27.000000,6225.710997
31.000000,27.000000,6443.859590
32.000000,27.000000,6674.602520
33.000000,27.000000,6909.141521
18.000000,27.500000,3891.124385
19.000000,27.500000,4073.095412
20.000000,27.500000,4259.192288
21.000000,27.500000,4449.415013
22.000000,27.500000,4643.763588
23.000000,27.500000,4840.723781
24.000000,27.500000,5030.068527
25.000000,27.500000,5222.987239
26.000000,27.500000,5419.479918
27.000000,27.500000,5619.546565
28.000000,27.500000,5824.694701
29.000000,27.500000,6034.678534
30.000000,27.500000,6248.239140
31.000000,27.500000,6467.496836
32.000000,27.500000,6697.812059
33.000000,27.500000,6931.896909
18.000000,28.000000,3910.537579
19.000000,28.000000,4092.976719
20.000000,28.000000,4279.542356
21.000000,28.000000,4470.234490
22.000000,28.000000,4665.053120
23.000000,28.000000,4861.202273
24.000000,28.000000,5050.740982
25.000000,28.000000,5243.846231
26.000000,28.000000,5440.518019
27.000000,28.000000,5640.756346
28.000000,28.000000,5846.455717
29.000000,28.000000,6056.842605
30.000000,28.000000,6270.807066
31.000000,28.000000,6491.175458
32.000000,28.000000,6721.060242
33.000000,28.000000,6954.688304
18.000000,28.500000,3930.784175
19.000000,28.500000,4113.629760
20.000000,28.500000,4300.598990
21.000000,28.500000,4491.691866
22.000000,28.500000,4686.908387
23.000000,28.500000,4882.120710
24.000000,28.500000,5071.843641
25.000000,28.500000,5265.124901
26.000000,28.500000,5461.964491
27.000000,28.500000,5662.362409
28.000000,28.500000,5868.657773
29.000000,28.500000,6079.389840
30.000000,28.500000,6293.698129
31.000000,28.500000,6515.152123
32.000000,28.500000,6745.234527
33.000000,28.500000,6979.055680
17.000000,29.000000,3771.952033
18.000000,29.000000,3951.082964
19.000000,29.000000,4134.334688
20.000000,29.000000,4321.707207
21.000000,29.000000,4513.200519
22.000000,29.000000,4708.814625
23.000000,29.000000,4903.083740
24.000000,29.000000,5092.989986
25.000000,29.000000,5286.446360
26.000000,29.000000,5483.452863
27.000000,29.000000,5684.009494
28.000000,29.000000,5890.900934
29.000000,29.000000,6101.978038
30.000000,29.000000,6316.630011
31.000000,29.000000,6539.171207
32.000000,29.000000,6769.450698
33.000000,29.000000,7003.464403
17.000000,29.500000,3792.662416
18.000000,29.500000,3972.179827
19.000000,29.500000,4155.813547
20.000000,29.500000,4343.563578
21.000000,29.500000,4535.429920
22.000000,29.500000,4731.412571
23.000000,29.500000,4924.824740
24.000000,29.500000,5115.144153
25.000000,29.500000,5309.013313
26.000000,29.500000,5506.432223
27.000000,29.500000,5707.424389
28.000000,29.500000,5914.440272
29.000000,29.500000,6125.315870
30.000000,29.500000,6339.745523
31.000000,29.500000,6563.142401
32.000000,29.500000,6793.617038
17.000000,30.000000,3813.429401
18.000000,30.000000,3993.332771
19.000000,30.000000,4177.347971
20.000000,30.000000,4365.474999
21.000000,30.000000,4557.713856
22.000000,30.000000,4754.064542
23.000000,30.000000,4946.613586
24.000000,30.000000,5137.346141
25.000000,30.000000,5331.628063
26.000000,30.000000,5529.459352
27.000000,30.000000,5730.887063
28.000000,30.000000,5938.025532
29.000000,30.000000,6148.697302
30.000000,30.000000,6362.902374
31.000000,30.000000,6587.155773
32.000000,30.000000,6817.825019
17.000000,30.500000,3834.426649
18.000000,30.500000,4014.749836
19.000000,30.500000,4199.181801
20.000000,30.500000,4387.722545
21.000000,30.500000,4580.372067
22.000000,30.500000,4777.130369
23.000000,30.500000,4968.838804
24.000000,30.500000,5159.944316
25.000000,30.500000,5354.596926
26.000000,30.500000,5552.796634
27.000000,30.500000,5754.811017
28.000000,30.500000,5962.296896
29.000000,30.500000,6173.313894
30.000000,30.500000,6387.862011
31.000000,30.500000,6612.561310
32.000000,30.500000,6842.649114
17.000000,31.000000,3855.481453
18.000000,31.000000,4036.224096
19.000000,31.000000,4221.072468
20.000000,31.000000,4410.026570
21.000000,31.000000,4603.086401
22.000000,31.000000,4800.251962
23.000000,31.000000,4991.113614
24.000000,31.000000,5182.591844
25.000000,31.000000,5377.614901
26.000000,31.000000,5576.182786
27.000000,31.000000,5778.783743
28.000000,31.000000,5986.616772
29.000000,31.000000,6197.978737
30.000000,31.000000,6412.869640
31.000000,31.000000,6638.014118
32.000000,31.000000,6867.516973
17.000000,31.500000,3877.411282
18.000000,31.500000,4058.537944
19.000000,31.500000,4243.764652
20.000000,31.500000,4433.091407
21.000000,31.500000,4626.518208
22.000000,31.500000,4824.045055
23.000000,31.500000,5013.945672
24.000000,31.500000,5205.660970
25.000000,31.500000,5400.913264
26.000000,31.500000,5599.702555
27.000000,31.500000,5802.854612
28.000000,31.500000,6011.175065
29.000000,31.500000,6223.027039
30.000000,31.500000,6438.778604
31.000000,31.500000,6664.480169
32.000000,31.500000,6894.186343
17.000000,32.000000,3899.403268
18.000000,32.000000,4080.913269
19.000000,32.000000,4266.517636
20.000000,32.000000,4456.216370
21.000000,32.000000,4650.009470
22.000000,32.000000,4847.896936
23.000000,32.000000,5036.829636
24.000000,32.000000,5228.781104
25.000000,32.000000,5424.261740
26.000000,32.000000,5623.271546
27.000000,32.000000,5826.974470
28.000000,32.000000,6035.782646
29.000000,32.000000,6248.124928
30.000000,32.000000,6464.738438
31.000000,32.000000,6690.997200
32.000000,32.000000,6920.905919
17.000000,32.500000,3921.651335
18.000000,32.500000,4103.615022
19.000000,32.500000,4289.670369
20.000000,32.500000,4479.817376
21.000000,32.500000,4674.056044
22.000000,32.500000,4871.423481
23.000000,32.500000,5060.655120
24.000000,32.500000,5253.163421
25.000000,32.500000,5449.204220
26.000000,32.500000,5648.777517
27.000000,32.500000,5852.928122
28.000000,32.500000,6061.642670
29.000000,32.500000,6273.872876
30.000000,32.500000,6491.232249
31.000000,32.500000,6717.953533
32.000000,32.500000,6948.326742
17.000000,33.000000,3943.962662
18.000000,33.000000,4126.379716
19.000000,33.000000,4312.885725
20.000000,33.000000,4503.480689
21.000000,33.000000,4698.164607
22.000000,33.000000,4895.006838
23.000000,33.000000,5084.536617
24.000000,33.000000,5277.602220
25.000000,33.000000,5474.203648
26.000000,33.000000,5674.340900
27.000000,33.000000,5878.938347
28.000000,33.000000,6087.556961
29.000000,33.000000,6299.672834
30.000000,33.000000,6517.778399
31.000000,33.000000,6744.962400
32.000000,33.000000,6975.800290
17.000000,33.500000,3966.858422
18.000000,33.500000,4149.752821
19.000000,33.500000,4336.733876
20.000000,33.500000,4527.801587
21.000000,33.500000,4722.955953
22.000000,33.500000,4919.020128
23.000000,33.500000,5109.017879
24.000000,33.500000,5302.551217
25.000000,33.500000,5499.620142
26.000000,33.500000,5700.224654
27.000000,33.500000,5905.237174
28.000000,33.500000,6114.071206
29.000000,33.500000,6326.394700
16.000000,34.000000,3810.533301
17.000000,34.000000,3989.820428
18.000000,34.000000,4173.191913
19.000000,34.000000,4360.647754
20.000000,34.000000,4552.187951
21.000000,34.000000,4747.812505
22.000000,34.000000,4943.091961
23.000000,34.000000,5133.557700
24.000000,34.000000,5327.558785
25.000000,34.000000,5525.095217
26.000000,34.000000,5726.166995
27.000000,34.000000,5931.593634
28.000000,34.000000,6140.642084
29.000000,34.000000,6353.172210
16.000000,34.500000,3834.043222
17.000000,34.500000,4013.848595
18.000000,34.500000,4197.736574
19.000000,34.500000,4385.707158
20.000000,34.500000,4577.760347
21.000000,34.500000,4773.896142
22.000000,34.500000,4968.246824
23.000000,34.500000,5158.972095
24.000000,34.500000,5353.224141
25.000000,34.500000,5551.002963
26.000000,34.500000,5752.360078
27.000000,34.500000,5958.295184
28.000000,34.500000,6167.781588
29.000000,34.500000,6380.749345
16.000000,35.000000,3857.625440
17.000000,35.000000,4037.948888
18.000000,35.000000,4222.353187
19.000000,35.000000,4410.838337
20.000000,35.000000,4603.404338
21.000000,35.000000,4800.051189
22.000000,35.000000,4993.465269
23.000000,35.000000,5184.448970
24.000000,35.000000,5378.950883
25.000000,35.000000,5576.971008
26.000000,35.000000,5778.612406
27.000000,35.000000,5985.055678
28.000000,35.000000,6194.979982
29.000000,35.000000,6408.385320
16.000000,35.500000,3881.311380
17.000000,35.500000,4062.218275
18.000000,35.500000,4247.207202
19.000000,35.500000,4436.278160
20.000000,35.500000,4629.431149
21.000000,35.500000,4826.666169
22.000000,35.500000,5019.160729
23.000000,35.500000,5210.528658
24.000000,35.500000,5405.411029
25.000000,35.500000,5603.807842
26.000000,35.500000,5805.943582
27.000000,35.500000,6012.657219
28.000000,35.500000,6222.844352
29.000000,35.500000,6436.504980
16.000000,36.000000,3905.069804
17.000000,36.000000,4086.560363
18.000000,36.000000,4272.134131
19.000000,36.000000,4461.791106
20.000000,36.000000,4655.531291
21.000000,36.000000,4853.354683
22.000000,36.000000,5044.921882
23.000000,36.000000,5236.673539
24.000000,36.000000,5431.935869
25.000000,36.000000,5630.708874
26.000000,36.000000,5833.338381
27.000000,36.000000,6040.321412
28.000000,36.000000,6250.770406
29.000000,36.000000,6464.685362
16.000000,36.500000,3929.941896
17.000000,36.500000,4111.907241
18.000000,36.500000,4297.951048
19.000000,36.500000,4488.073317
20.000000,36.500000,4682.274048
21.000000,36.500000,4880.553240
22.000000,36.500000,5071.121086
23.000000,36.500000,5263.243885
24.000000,36.500000,5458.872850
25.000000,36.500000,5658.007983
26.000000,36.500000,5861.109047
27.000000,36.500000,6068.413245
28.000000,36.500000,6279.177215
16.000000,37.000000,3954.892934
17.000000,37.000000,4137.332470
18.000000,37.000000,4323.845719
19.000000,37.000000,4514.432683
20.000000,37.000000,4709.093362
21.000000,37.000000,4907.827754
22.000000,37.000000,5097.387923
23.000000,37.000000,5289.881258
24.000000,37.000000,5485.876255
25.000000,37.000000,5685.372915
26.000000,37.000000,5888.944834
27.000000,37.000000,6096.569413
28.000000,37.000000,6307.647575
16.000000,37.500000,3980.397302
17.000000,37.500000,4163.391128
18.000000,37.500000,4350.457176
19.000000,37.500000,4541.595446
20.000000,37.500000,4736.805939
21.000000,37.500000,4934.964197
22.000000,37.500000,5124.520127
23.000000,37.500000,5317.283660
24.000000,37.500000,5513.539845
25.000000,37.500000,5713.288684
26.000000,37.500000,5917.471787
27.000000,37.500000,6125.682435
28.000000,37.500000,6337.349059
16.000000,38.000000,4005.983632
17.000000,38.000000,4189.531581
18.000000,38.000000,4377.150259
19.000000,38.000000,4568.839666
20.000000,38.000000,4764.599801
21.000000,38.000000,4962.175329
22.000000,38.000000,5151.724176
23.000000,38.000000,5344.756674
24.000000,38.000000,5541.272823
25.000000,38.000000,5741.272625
26.000000,38.000000,5946.066790
27.000000,38.000000,6154.863901
28.000000,38.000000,6367.119377
16.000000,38.500000,4031.744992
17.000000,38.500000,4215.878595
18.000000,38.500000,4404.082727
19.000000,38.500000,4596.357387
20.000000,38.500000,4792.702574
21.000000,38.500000,4989.394589
22.000000,38.500000,5179.374637
23.000000,38.500000,5372.834863
24.000000,38.500000,5569.775269
25.000000,38.500000,5770.195852
26.000000,38.500000,5975.704262
27.000000,38.500000,6185.017339
28.000000,38.500000,6397.788167
16.000000,39.000000,4057.588909
17.000000,39.000000,4242.308184
18.000000,39.000000,4431.097785
19.000000,39.000000,4623.957711
20.000000,39.000000,4820.887964
21.000000,39.000000,5016.688126
22.000000,39.000000,5207.098923
23.000000,39.000000,5400.986425
24.000000,39.000000,5598.350631
25.000000,39.000000,5799.191543
26.000000,39.000000,6005.414475
27.000000,39.000000,6215.243494
28.000000,39.000000,6428.529647
16.000000,39.500000,4084.449421
17.000000,39.500000,4269.641223
18.000000,39.500000,4458.897037
19.000000,39.500000,4652.216864
20.000000,39.500000,4849.600702
21.000000,39.500000,5044.447465
22.000000,39.500000,5235.330124
23.000000,39.500000,5429.687087
24.000000,39.500000,5627.518355
25.000000,39.500000,5828.970899
26.000000,39.500000,6035.667798
27.000000,39.500000,6245.891419
28.000000,39.500000,6459.567241
15.000000,40.000000,3929.792759
16.000000,40.000000,4111.398546
17.000000,40.000000,4297.062032
18.000000,40.000000,4486.783217
19.000000,40.000000,4680.562100
20.000000,40.000000,4878.398681
21.000000,40.000000,5072.283243
22.000000,40.000000,5263.637481
23.000000,40.000000,5458.463620
24.000000,40.000000,5656.761660
25.000000,40.000000,5858.825853
26.000000,40.000000,6065.996153
27.000000,40.000000,6276.613722
28.000000,40.000000,6490.678557
15.000000,40.500000,3956.451797
16.000000,40.500000,4138.681821
17.000000,40.500000,4324.969926
18.000000,40.500000,4515.316113
19.000000,40.500000,4709.720381
20.000000,40.500000,4908.182731
21.000000,40.500000,5101.155534
22.000000,40.500000,5292.902273
23.000000,40.500000,5488.114622
24.000000,40.500000,5686.792579
25.000000,40.500000,5889.532654
26.000000,40.500000,6097.296339
27.000000,40.500000,6308.508558
15.000000,41.000000,3983.200954
16.000000,41.000000,4166.055322
17.000000,41.000000,4352.968153
18.000000,41.000000,4543.939447
19.000000,41.000000,4738.969204
20.000000,41.000000,4938.057424
21.000000,41.000000,5130.109666
22.000000,41.000000,5322.248069
23.000000,41.000000,5517.845786
24.000000,41.000000,5716.902816
25.000000,41.000000,5920.318764
26.000000,41.000000,6128.676098
27.000000,41.000000,6340.483230
15.000000,41.500000,4010.494509
16.000000,41.500000,4193.906592
17.000000,41.500000,4381.374206
18.000000,41.500000,4572.897349
19.000000,41.500000,4768.476023
20.000000,41.500000,4968.110227
21.000000,41.500000,5159.279520
22.000000,41.500000,5351.921482
23.000000,41.500000,5548.020423
24.000000,41.500000,5747.576344
25.000000,41.500000,5951.771748
26.000000,41.500000,6160.641222
27.000000,41.500000,6372.958753
15.000000,42.000000,4037.881253
16.000000,42.000000,4221.850648
17.000000,42.000000,4409.872640
18.000000,42.000000,4601.947230
19.000000,42.000000,4798.074418
20.000000,42.000000,4998.254203
21.000000,42.000000,5188.531961
22.000000,42.000000,5381.677249
23.000000,42.000000,5578.277174
24.000000,42.000000,5778.331737
25.000000,42.000000,5983.307087
26.000000,42.000000,6192.688505
27.000000,42.000000,6405.516236
15.000000,42.500000,4066.350202
16.000000,42.500000,4250.738346
17.000000,42.500000,4439.169213
18.000000,42.500000,4631.642803
19.000000,42.500000,4828.159114
20.000000,42.500000,5027.638145
21.000000,42.500000,5218.228125
22.000000,42.500000,5411.979519
23.000000,42.500000,5609.186757
24.000000,42.500000,5809.849839
25.000000,42.500000,6015.608002
26.000000,42.500000,6225.467463
27.000000,42.500000,6438.770212
15.000000,43.000000,4094.919151
16.000000,43.000000,4279.724534
17.000000,43.000000,4468.562774
18.000000,43.000000,4661.433874
19.000000,43.000000,4858.337831
20.000000,43.000000,5057.108132
21.000000,43.000000,5248.008895
22.000000,43.000000,5442.366700
23.000000,43.000000,5640.181548
24.000000,43.000000,5841.453439
25.000000,43.000000,6047.994883
26.000000,43.000000,6258.331968
27.000000,43.000000,6472.109316
15.000000,43.500000,4123.735425
16.000000,43.500000,4309.079373
17.000000,43.500000,4498.451442
18.000000,43.500000,4691.851631
19.000000,43.500000,4889.279940
20.000000,43.500000,5087.155014
21.000000,43.500000,5278.598696
22.000000,43.500000,5473.498159
23.000000,43.500000,5671.853404
24.000000,43.500000,5873.738676
25.000000,43.500000,6080.992731
26.000000,43.500000,6291.863447
27.000000,43.500000,6506.172928
15.000000,44.000000,4152.652723
16.000000,44.000000,4338.534532
17.000000,44.000000,4528.439724
18.000000,44.000000,4722.368299
19.000000,44.000000,4920.320259
20.000000,44.000000,5117.290729
21.000000,44.000000,5309.277212
22.000000,44.000000,5504.718212
23.000000,44.000000,5703.613728
24.000000,44.000000,5906.112499
25.000000,44.000000,6114.079400
26.000000,44.000000,6325.483568
27.000000,44.000000,6540.325004
15.000000,44.500000,4181.509161
16.000000,44.500000,4367.959080
17.000000,44.500000,4558.428898
18.000000,44.500000,4752.918615
19.000000,44.500000,4951.428231
20.000000,44.500000,5147.607121
21.000000,44.500000,5340.256814
22.000000,44.500000,5536.364224
23.000000,44.500000,5735.929350
24.000000,44.500000,5939.292257
25.000000,44.500000,6147.730220
26.000000,44.500000,6359.601297
14.000000,45.000000,4027.464365
15.000000,45.000000,4210.465510
16.000000,45.000000,4397.483068
17.000000,45.000000,4588.517040
18.000000,45.000000,4783.567424
19.000000,45.000000,4982.634221
20.000000,45.000000,5178.012875
21.000000,45.000000,5371.326355
22.000000,45.000000,5568.100752
23.000000,45.000000,5768.336066
24.000000,45.000000,5972.564041
25.000000,45.000000,6181.472476
26.000000,45.000000,6393.809870
14.000000,45.500000,4055.921211
15.000000,45.500000,4239.568913
16.000000,45.500000,4427.232668
17.000000,45.500000,4618.912476
18.000000,45.500000,4814.608336
19.000000,45.500000,5014.320250
20.000000,45.500000,5209.001898
21.000000,45.500000,5403.001853
22.000000,45.500000,5600.466474
23.000000,45.500000,5801.395763
24.000000,45.500000,6006.497418
25.000000,45.500000,6216.051723
26.000000,45.500000,6429.036155
14.000000,46.000000,4084.478235
15.000000,46.000000,4268.772553
16.000000,46.000000,4457.082558
17.000000,46.000000,4649.408252
18.000000,46.000000,4845.749633
19.000000,46.000000,5046.106702
20.000000,46.000000,5240.083212
21.000000,46.000000,5434.770309
22.000000,46.000000,5632.925824
23.000000,46.000000,5834.549757
24.000000,46.000000,6040.526067
25.000000,46.000000,6250.726544
26.000000,46.000000,6464.358312
14.000000,46.500000,4113.392986
15.000000,46.500000,4298.459916
16.000000,46.500000,4487.547478
17.000000,46.500000,4680.655672
18.000000,46.500000,4877.784497
19.000000,46.500000,5078.933955
20.000000,46.500000,5272.080489
21.000000,46.500000,5467.294422
22.000000,46.500000,5665.974088
23.000000,46.500000,5868.119488
24.000000,46.500000,6074.943706
25.000000,46.500000,6285.845136
26.000000,46.500000,6500.180668
14.000000,47.000000,4142.409721
15.000000,47.000000,4328.250152
16.000000,47.000000,4518.116159
17.000000,47.000000,4712.007742
18.000000,47.000000,4909.924900
19.000000,47.000000,5111.867634
20.000000,47.000000,5304.175015
21.000000,47.000000,5499.915415
22.000000,47.000000,5699.118861
23.000000,47.000000,5901.785353
24.000000,47.000000,6109.458273
25.000000,47.000000,6321.061236
26.000000,47.000000,6536.101109
14.000000,47.500000,4172.175732
15.000000,47.500000,4358.677668
16.000000,47.500000,4549.204473
17.000000,47.500000,4743.756148
18.000000,47.500000,4942.332691
19.000000,47.500000,5143.563704
20.000000,47.500000,5336.582269
21.000000,47.500000,5533.053503
22.000000,47.500000,5732.992468
23.000000,47.500000,5936.399164
24.000000,47.500000,6144.896844
25.000000,47.500000,6357.087093
26.000000,47.500000,6572.712478
14.000000,48.000000,4202.048301
15.000000,48.000000,4389.211761
16.000000,48.000000,4580.399377
17.000000,48.000000,4775.611150
18.000000,48.000000,4974.847080
19.000000,48.000000,5175.357592
20.000000,48.000000,5369.088079
21.000000,48.000000,5566.290985
22.000000,48.000000,5766.966308
23.000000,48.000000,5971.114050
24.000000,48.000000,6180.437102
25.000000,48.000000,6393.214482
26.000000,48.000000,6609.425221
14.000000,48.500000,4232.375040
15.000000,48.500000,4420.258310
16.000000,48.500000,4612.167215
17.000000,48.500000,4808.101755
18.000000,48.500000,5008.061930
19.000000,48.500000,5207.911996
20.000000,48.500000,5402.356520
21.000000,48.500000,5600.277176
22.000000,48.500000,5801.673964
23.000000,48.500000,6006.708337
24.000000,48.500000,6216.635522
25.000000,48.500000,6430.004404
14.000000,49.000000,4262.810819
15.000000,49.000000,4451.414274
16.000000,49.000000,4644.044838
17.000000,49.000000,4840.702509
18.000000,49.000000,5041.387288
19.000000,49.000000,5240.568331
20.000000,49.000000,5435.727581
21.000000,49.000000,5634.366678
22.000000,49.000000,5836.485621
23.000000,49.000000,6042.407670
24.000000,49.000000,6252.938815
25.000000,49.000000,6466.899000
14.000000,49.500000,4293.847557
15.000000,49.500000,4483.227153
16.000000,49.500000,4676.637278
17.000000,49.500000,4874.077933
18.000000,49.500000,5075.549118
19.000000,49.500000,5273.992915
20.000000,49.500000,5469.692958
21.000000,49.500000,5668.869707
22.000000,49.500000,5871.523163
23.000000,49.500000,6078.320444
24.000000,49.500000,6289.777450
25.000000,49.500000,6504.672186
14.000000,50.000000,4324.996870
15.000000,50.000000,4515.153305
16.000000,50.000000,4709.343688
17.000000,50.000000,4907.568020
18.000000,50.000000,5109.826300
19.000000,50.000000,5307.523633
20.000000,50.000000,5503.764002
21.000000,50.000000,5703.477938
22.000000,50.000000,5906.665438
23.000000,50.000000,6114.338827
24.000000,50.000000,6326.723410
25.000000,50.000000,6542.554418
14.000000,50.500000,4356.824274
15.000000,50.500000,4547.655039
16.000000,50.500000,4742.518116
17.000000,50.500000,4941.413504
18.000000,50.500000,5144.341205
19.000000,50.500000,5341.418702
20.000000,50.500000,5538.477793
21.000000,50.500000,5739.017207
22.000000,50.500000,5943.036945
23.000000,50.500000,6151.705193
24.000000,50.500000,6364.768926
25.000000,50.500000,6581.278518
13.000000,51.000000,4201.294038
14.000000,51.000000,4388.768351
15.000000,51.000000,4580.273331
16.000000,51.000000,4775.808980
17.000000,51.000000,4975.375297
18.000000,51.000000,5178.972281
19.000000,51.000000,5375.421536
20.000000,51.000000,5573.300595
21.000000,51.000000,5774.666741
22.000000,51.000000,5979.519974
23.000000,51.000000,6189.184547
24.000000,51.000000,6402.927569
25.000000,51.000000,6620.115872
13.000000,51.500000,4232.885338
14.000000,51.500000,4421.068136
15.000000,51.500000,4613.281413
16.000000,51.500000,4809.525169
17.000000,51.500000,5009.799405
18.000000,51.500000,5213.806170
19.000000,51.500000,5410.025486
20.000000,51.500000,5608.705250
21.000000,51.500000,5810.877541
22.000000,51.500000,6016.542360
23.000000,51.500000,6227.026723
24.000000,51.500000,6441.335279
25.000000,51.500000,6659.084374
13.000000,52.000000,4264.594962
14.000000,52.000000,4453.486340
15.000000,52.000000,4646.408004
16.000000,52.000000,4843.359955
17.000000,52.000000,5044.342192
18.000000,52.000000,5248.756807
19.000000,52.000000,5444.740375
20.000000,52.000000,5644.221913
21.000000,52.000000,5847.201421
22.000000,52.000000,6053.678900
23.000000,52.000000,6264.983375
24.000000,52.000000,6479.856884
25.000000,52.000000,6698.166176
13.000000,52.500000,4297.164186
14.000000,52.500000,4486.699832
15.000000,52.500000,4680.262544
16.000000,52.500000,4877.852321
17.000000,52.500000,5079.469165
18.000000,52.500000,5283.292808
19.000000,52.500000,5479.988787
20.000000,52.500000,5680.184236
21.000000,52.500000,5883.879154
22.000000,52.500000,6091.206881
23.000000,52.500000,6303.491371
24.000000,52.500000,6519.286205
13.000000,53.000000,4329.857304
14.000000,53.000000,4520.036715
15.000000,53.000000,4714.239970
16.000000,53.000000,4912.467070
17.000000,53.000000,5114.718015
18.000000,53.000000,5317.942020
19.000000,53.000000,5515.350876
20.000000,53.000000,5716.260692
21.000000,53.000000,5920.671470
22.000000,53.000000,6128.850357
23.000000,53.000000,6342.116515
24.000000,53.000000,6558.834267
13.000000,53.500000,4363.097605
14.000000,53.500000,4553.852338
15.000000,53.500000,4748.624459
16.000000,53.500000,4947.413969
17.000000,53.500000,5150.220866
18.000000,53.500000,5352.938993
19.000000,53.500000,5551.272186
20.000000,53.500000,5753.114635
21.000000,53.500000,5958.466342
22.000000,53.500000,6167.718004
23.000000,53.500000,6381.651574
24.000000,53.500000,6599.037557
13.000000,54.000000,4396.465010
14.000000,54.000000,4587.793982
15.000000,54.000000,4783.133889
16.000000,54.000000,4982.484730
17.000000,54.000000,5185.846506
18.000000,54.000000,5388.050690
19.000000,54.000000,5587.310003
20.000000,54.000000,5790.086863
21.000000,54.000000,5996.381272
22.000000,54.000000,6206.707371
23.000000,54.000000,6421.308459
24.000000,54.000000,6639.362781
13.000000,54.500000,4430.213338
14.000000,54.500000,4622.217753
15.000000,54.500000,4818.230758
16.000000,54.500000,5018.252353
17.000000,54.500000,5222.282538
18.000000,54.500000,5424.147757
19.000000,54.500000,5624.342855
20.000000,54.500000,5828.062801
21.000000,54.500000,6035.307596
13.000000,55.000000,4464.090701
14.000000,55.000000,4656.770189
15.000000,55.000000,4853.455922
16.000000,55.000000,5054.147899
17.000000,55.000000,5258.846122
18.000000,55.000000,5460.365229
19.000000,55.000000,5661.497844
20.000000,55.000000,5866.162586
21.000000,55.000000,6074.359454
13.000000,55.500000,4498.949081
14.000000,55.500000,4692.309256
15.000000,55.500000,4889.672271
16.000000,55.500000,5091.038127
17.000000,55.500000,5296.406824
18.000000,55.500000,5497.513094
19.000000,55.500000,5699.389438
20.000000,55.500000,5904.797809
21.000000,55.500000,6113.738206
13.000000,56.000000,4533.943023
14.000000,56.000000,4727.983415
15.000000,56.000000,4926.023239
16.000000,56.000000,5128.062497
17.000000,56.000000,5334.101186
18.000000,56.000000,5534.786732
19.000000,56.000000,5737.407168
20.000000,56.000000,5943.559497
21.000000,56.000000,6153.243719
13.000000,56.500000,4568.907596
14.000000,56.500000,4763.718707
15.000000,56.500000,4962.529673
16.000000,56.500000,5165.340495
17.000000,56.500000,5371.811660
18.000000,56.500000,5572.480981
19.000000,56.500000,5775.882010
20.000000,56.500000,5982.816098
12.000000,57.000000,4412.424670
13.000000,57.000000,4604.006467
14.000000,57.000000,4799.588538
15.000000,57.000000,4999.170881
16.000000,57.000000,5202.753498
17.000000,57.000000,5409.654946
18.000000,57.000000,5610.302938
19.000000,57.000000,5814.485129
20.000000,57.000000,6022.201518
12.000000,57.500000,4446.098054
13.000000,57.500000,4638.690174
14.000000,57.500000,4835.293812
15.000000,57.500000,5035.908967
16.000000,57.500000,5240.535639
17.000000,57.500000,5447.319767
18.000000,57.500000,5648.796401
19.000000,57.500000,5853.809811
20.000000,57.500000,6062.359996
12.000000,58.000000,4479.899432
13.000000,58.000000,4673.504031
14.000000,58.000000,4871.131403
15.000000,58.000000,5072.781549
16.000000,58.000000,5278.454470
17.000000,58.000000,5485.115109
18.000000,58.000000,5687.421258
19.000000,58.000000,5893.266735
20.000000,58.000000,6102.651542
12.000000,58.500000,4514.640517
13.000000,58.500000,4709.124324
14.000000,58.500000,4907.635266
15.000000,58.500000,5110.173345
16.000000,58.500000,5316.738559
17.000000,58.500000,5523.079418
18.000000,58.500000,5726.238008
19.000000,58.500000,5932.939797
20.000000,58.500000,6143.184783
12.000000,59.000000,4549.515775
13.000000,59.000000,4744.879842
14.000000,59.000000,4944.275398
15.000000,59.000000,5147.702443
16.000000,59.000000,5355.160977
17.000000,59.000000,5561.174398
18.000000,59.000000,5765.186455
19.000000,59.000000,5972.745567
20.000000,59.000000,6183.851734
12.000000,59.500000,4584.823033
13.000000,59.500000,4781.006818
14.000000,59.500000,4981.223494
15.000000,59.500000,5185.473060
16.000000,59.500000,5393.755516
17.000000,59.500000,5599.489264
18.000000,59.500000,5804.484883
19.000000,59.500000,6013.036420
20.000000,59.500000,6225.143873
12.000000,60.000000,4620.266761
13.000000,60.000000,4817.270807
14.000000,60.000000,5018.309130
15.000000,60.000000,5223.381731
16.000000,60.000000,5432.488610
17.000000,60.000000,5637.935332
18.000000,60.000000,5843.916422
19.000000,60.000000,6053.462295
20.000000,60.000000,6266.572952
12.000000,60.500000,4656.248501
13.000000,60.500000,4854.080812
14.000000,60.500000,5055.948769
15.000000,60.500000,5261.852372
16.000000,60.500000,5471.791620
17.000000,60.500000,5677.135959
18.000000,60.500000,5884.206375
19.000000,60.500000,6094.853636
12.000000,61.000000,4692.369805
13.000000,61.000000,4891.030921
14.000000,61.000000,5093.729036
15.000000,61.000000,5300.464151
16.000000,61.000000,5511.236266
17.000000,61.000000,5716.472056
18.000000,61.000000,5924.634355
19.000000,61.000000,6136.385578
12.000000,61.500000,4729.469653
13.000000,61.500000,4928.948396
14.000000,61.500000,5132.464169
15.000000,61.500000,5340.016972
16.000000,61.500000,5550.858212
17.000000,61.500000,5756.689755
18.000000,61.500000,5965.783423
19.000000,61.500000,6178.471660
12.000000,62.000000,4766.715582
13.000000,62.000000,4967.012281
14.000000,62.000000,5171.346023
15.000000,62.000000,5379.716809
16.000000,62.000000,5590.621898
17.000000,62.000000,5797.048099
18.000000,62.000000,6007.074510
19.000000,62.000000,6220.701131
12.000000,62.500000,4804.433607
13.000000,62.500000,5005.501465
14.000000,62.500000,5210.604227
15.000000,62.500000,5419.741895
16.000000,62.500000,5630.432356
17.000000,62.500000,5837.837350
18.000000,62.500000,6048.850023
19.000000,62.500000,6263.470376
11.000000,63.000000,4644.494094
12.000000,63.000000,4842.300271
13.000000,63.000000,5044.139199
14.000000,63.000000,5250.010877
15.000000,63.000000,5459.915306
16.000000,63.000000,5670.383747
17.000000,63.000000,5878.769252
18.000000,63.000000,6090.769906
19.000000,63.000000,6306.385711
11.000000,63.500000,4682.119923
12.000000,63.500000,4880.671770
13.000000,63.500000,5083.252902
14.000000,63.500000,5289.863321
15.000000,63.500000,5500.503025
16.000000,63.500000,5710.902774
17.000000,63.500000,5920.340853
18.000000,63.500000,6133.403933
19.000000,63.500000,6350.092014
11.000000,64.000000,4719.897540
12.000000,64.000000,4919.194701
13.000000,64.000000,5122.517669
14.000000,64.000000,5329.866445
15.000000,64.000000,5541.241029
16.000000,64.000000,5751.565772
17.000000,64.000000,5962.058613
18.000000,64.000000,6176.186313
19.000000,64.000000,6393.948873
11.000000,64.500000,4758.665469
12.000000,64.500000,4958.617650
13.000000,64.500000,5162.588050
14.000000,64.500000,5370.576670
15.000000,64.500000,5582.583508
16.000000,64.500000,5792.956105
17.000000,64.500000,6004.435405
18.000000,64.500000,6219.555750
11.000000,65.000000,4797.591955
12.000000,65.000000,4998.197937
13.000000,65.000000,5202.814544
14.000000,65.000000,5411.441778
15.000000,65.000000,5624.079638
16.000000,65.000000,5834.494645
17.000000,65.000000,6046.962024
18.000000,65.000000,6263.076624
11.000000,65.500000,4837.067219
12.000000,65.500000,5038.264909
13.000000,65.500000,5243.462923
14.000000,65.500000,5452.661261
15.000000,65.500000,5665.859924
16.000000,65.500000,5876.471242
17.000000,65.500000,6089.920678
18.000000,65.500000,6307.023030
11.000000,66.000000,4876.704219
12.000000,66.000000,5078.491833
13.000000,66.000000,5284.269472
14.000000,66.000000,5494.037135
15.000000,66.000000,5707.794821
16.000000,66.000000,5918.598086
17.000000,66.000000,6133.031114
18.000000,66.000000,6351.122743
11.000000,66.500000,4915.600937
12.000000,66.500000,5118.272339
13.000000,66.500000,5324.936513
14.000000,66.500000,5535.593458
15.000000,66.500000,5749.638075
16.000000,66.500000,5961.684987
17.000000,66.500000,6177.390912
18.000000,66.500000,6396.770323
11.000000,67.000000,4954.652157
12.000000,67.000000,5158.208036
13.000000,67.000000,5365.759434
14.000000,67.000000,5577.306349
15.000000,67.000000,5791.633945
16.000000,67.000000,6004.927879
17.000000,67.000000,6221.910199
18.000000,67.000000,6442.580908
11.000000,67.500000,4994.317662
12.000000,67.500000,5198.959089
13.000000,67.500000,5407.606065
14.000000,67.500000,5620.258590
15.000000,67.500000,5835.041662
16.000000,67.500000,6049.393136
17.000000,67.500000,6267.439899
11.000000,68.000000,5034.141308
12.000000,68.000000,5239.870476
13.000000,68.000000,5449.615233
14.000000,68.000000,5663.375580
15.000000,68.000000,5878.611158
16.000000,68.000000,6094.022062
17.000000,68.000000,6313.135144
11.000000,68.500000,5074.623344
12.000000,68.500000,5281.437317
13.000000,68.500000,5492.276166
14.000000,68.500000,5707.139891
10.000000,69.000000,4911.400785
11.000000,69.000000,5115.267495
12.000000,69.000000,5323.168372
13.000000,69.000000,5535.103417
14.000000,69.000000,5751.072630
10.000000,69.500000,4951.557128
11.000000,69.500000,5156.504063
12.000000,69.500000,5365.493979
13.000000,69.500000,5578.526878
14.000000,69.500000,5795.602758
10.000000,70.000000,4991.876964
11.000000,70.000000,5197.906172
12.000000,70.000000,5407.987178
13.000000,70.000000,5622.119984
14.000000,70.000000,5840.304589
10.000000,70.500000,5033.238601
11.000000,70.500000,5240.267663
12.000000,70.500000,5451.351578
13.000000,70.500000,5666.490347
10.000000,71.000000,5074.770888
11.000000,71.000000,5282.801051
12.000000,71.000000,5494.889083
13.000000,71.000000,5711.034983
10.000000,71.500000,5117.212404
11.000000,71.500000,5326.129482
12.000000,71.500000,5539.102496
13.000000,71.500000,5756.131447
10.000000,72.000000,5159.830644
11.000000,72.000000,5369.634829
12.000000,72.000000,5583.492981
13.000000,72.000000,5801.405099
10.000000,72.500000,5203.098911
11.000000,72.500000,5413.713282
12.000000,72.500000,5628.376517
13.000000,72.500000,5847.088618
10.000000,73.000000,5246.547794
11.000000,73.000000,5457.971828
12.000000,73.000000,5673.439594
13.000000,73.000000,5892.951091
10.000000,73.500000,5290.819441
11.000000,73.500000,5503.087506
12.000000,73.500000,5719.394820
13.000000,73.500000,5939.741383
10.000000,74.000000,5335.277046
11.000000,74.000000,5548.388792
12.000000,74.000000,5765.535267
13.000000,74.000000,5986.716470
10.000000,74.500000,5380.120816
11.000000,74.500000,5594.168614
12.000000,74.500000,5812.249177
9.000000,75.000000,5214.198757
10.000000,75.000000,5425.152235
11.000000,75.000000,5640.136454
12.000000,75.000000,5859.151417
9.000000,75.500000,5257.317402
10.000000,75.500000,5469.560093
11.000000,75.500000,5685.847278
12.000000,75.500000,5906.178956
9.000000,76.000000,5300.613531
10.000000,76.000000,5514.148852
11.000000,76.000000,5731.742420
12.000000,76.000000,5953.394236
9.000000,76.500000,5344.853685
10.000000,76.500000,5559.704457
11.000000,76.500000,5778.627708
12.000000,76.500000,6001.623436
9.000000,77.000000,5389.277584
10.000000,77.000000,5605.447319
11.000000,77.000000,5825.703769
12.000000,77.000000,6050.046935
9.000000,77.500000,5435.082505
10.000000,77.500000,5652.489841
11.000000,77.500000,5873.994323
12.000000,77.500000,6099.595954
9.000000,78.000000,5481.081102
10.000000,78.000000,5699.728741
11.000000,78.000000,5922.483959
12.000000,78.000000,6149.346756
9.000000,78.500000,5527.815832
10.000000,78.500000,5747.673304
11.000000,78.500000,5971.647157
12.000000,78.500000,6199.737389
9.000000,79.000000,5574.748775
10.000000,79.000000,5795.818448
11.000000,79.000000,6021.013297
12.000000,79.000000,6250.333322
9.000000,79.500000,5622.426712
10.000000,79.500000,5844.693335
11.000000,79.500000,6071.093054
9.000000,80.000000,5670.307453
10.000000,80.000000,5893.773189
11.000000,80.000000,6121.379937
