weight_g,420.000000
thrust_N,velocity_m_s,power_W
22.000000,0.000000,736.292983
23.000000,0.000000,783.707504
24.000000,0.000000,832.439325
25.000000,0.000000,882.488446
26.000000,0.000000,933.854868
27.000000,0.000000,986.538590
28.000000,0.000000,1049.754528
29.000000,0.000000,1115.901172
30.000000,0.000000,1183.671144
31.000000,0.000000,1253.064444
32.000000,0.000000,1337.058307
33.000000,0.000000,1427.605476
34.000000,0.000000,1520.277000
35.000000,0.000000,1628.424766
36.000000,0.000000,1742.612418
22.000000,0.500000,738.999064
23.000000,0.500000,786.418916
24.000000,0.500000,835.153799
25.000000,0.500000,885.203711
26.000000,0.500000,936.568654
27.000000,0.500000,989.248627
28.000000,0.500000,1053.011797
29.000000,0.500000,1119.133431
30.000000,0.500000,1186.875165
31.000000,0.500000,1256.236997
32.000000,0.500000,1340.950401
33.000000,0.500000,1431.384868
34.000000,0.500000,1523.937013
35.000000,0.500000,1632.728346
36.000000,0.500000,1746.905061
22.000000,1.000000,741.707925
23.000000,1.000000,789.133065
24.000000,1.000000,837.870963
25.000000,1.000000,887.921617
26.000000,1.000000,939.285030
27.000000,1.000000,991.961200
28.000000,1.000000,1056.271799
29.000000,1.000000,1122.368329
30.000000,1.000000,1190.081729
31.000000,1.000000,1259.411998
32.000000,1.000000,1344.845352
33.000000,1.000000,1435.166910
34.000000,1.000000,1527.599475
35.000000,1.000000,1637.034699
36.000000,1.000000,1751.200344
22.000000,1.500000,744.392373
23.000000,1.500000,791.828445
24.000000,1.500000,840.575259
25.000000,1.500000,890.632815
26.000000,1.500000,942.001112
27.000000,1.500000,995.162362
28.000000,1.500000,1059.532087
29.000000,1.500000,1125.599885
30.000000,1.500000,1193.281212
31.000000,1.500000,1262.576067
32.000000,1.500000,1348.714673
33.000000,1.500000,1438.923870
34.000000,1.500000,1531.237446
35.000000,1.500000,1641.334290
36.000000,1.500000,1755.488797
21.000000,2.000000,700.941334
22.000000,2.000000,747.079577
23.000000,2.000000,794.526544
24.000000,2.000000,843.282236
25.000000,2.000000,893.346651
26.000000,2.000000,944.719790
27.000000,2.000000,998.366328
28.000000,2.000000,1062.795107
29.000000,2.000000,1128.834075
30.000000,2.000000,1196.483231
31.000000,2.000000,1265.742576
32.000000,2.000000,1352.586824
33.000000,2.000000,1442.683453
34.000000,2.000000,1534.877841
35.000000,2.000000,1645.636641
36.000000,2.000000,1759.779878
21.000000,2.500000,703.637289
22.000000,2.500000,749.786313
23.000000,2.500000,797.241736
24.000000,2.500000,846.003557
25.000000,2.500000,896.071777
26.000000,2.500000,947.446395
27.000000,2.500000,1001.654588
28.000000,2.500000,1066.055134
29.000000,2.500000,1132.062399
30.000000,2.500000,1199.676384
31.000000,2.500000,1269.117646
32.000000,2.500000,1356.433551
33.000000,2.500000,1446.418155
34.000000,2.500000,1538.774325
35.000000,2.500000,1649.932241
36.000000,2.500000,1764.064142
21.000000,3.000000,706.336204
22.000000,3.000000,752.495945
23.000000,3.000000,799.959758
24.000000,3.000000,848.727644
25.000000,3.000000,898.799603
26.000000,3.000000,950.175634
27.000000,3.000000,1004.945692
28.000000,3.000000,1069.317899
29.000000,3.000000,1135.293358
30.000000,3.000000,1202.872069
31.000000,3.000000,1272.495316
32.000000,3.000000,1360.283077
33.000000,3.000000,1450.155453
34.000000,3.000000,1542.673409
35.000000,3.000000,1654.230589
36.000000,3.000000,1768.351022
21.000000,3.500000,709.093907
22.000000,3.500000,755.321713
23.000000,3.500000,802.853778
24.000000,3.500000,851.690102
25.000000,3.500000,901.830685
26.000000,3.500000,953.275527
27.000000,3.500000,1008.719522
28.000000,3.500000,1073.021150
29.000000,3.500000,1138.920590
30.000000,3.500000,1206.417842
31.000000,3.500000,1276.820018
32.000000,3.500000,1364.487672
33.000000,3.500000,1454.232269
34.000000,3.500000,1547.384457
35.000000,3.500000,1658.908430
36.000000,3.500000,1772.990002
21.000000,4.000000,711.854937
22.000000,4.000000,758.150838
23.000000,4.000000,805.751184
24.000000,4.000000,854.655975
25.000000,4.000000,904.865211
26.000000,4.000000,956.378891
27.000000,4.000000,1012.497173
28.000000,4.000000,1076.728022
29.000000,4.000000,1142.551246
30.000000,4.000000,1209.966844
31.000000,4.000000,1281.148493
32.000000,4.000000,1368.695751
33.000000,4.000000,1458.312295
34.000000,4.000000,1552.099065
35.000000,4.000000,1663.589624
36.000000,4.000000,1777.632133
21.000000,4.500000,714.621676
22.000000,4.500000,760.987159
23.000000,4.500000,808.657357
24.000000,4.500000,857.632271
25.000000,4.500000,907.911901
26.000000,4.500000,959.496246
27.000000,4.500000,1016.263251
28.000000,4.500000,1080.443125
29.000000,4.500000,1146.210891
30.000000,4.500000,1213.566550
31.000000,4.500000,1285.565773
32.000000,4.500000,1373.019830
33.000000,4.500000,1462.536678
34.000000,4.500000,1557.042301
35.000000,4.500000,1668.526850
36.000000,4.500000,1782.558717
21.000000,5.000000,717.391754
22.000000,5.000000,763.826854
23.000000,5.000000,811.566939
24.000000,5.000000,860.612010
25.000000,5.000000,910.962067
26.000000,5.000000,962.617109
27.000000,5.000000,1020.033159
28.000000,5.000000,1084.161903
29.000000,5.000000,1149.874058
30.000000,5.000000,1217.169623
31.000000,5.000000,1289.987035
32.000000,5.000000,1377.347645
33.000000,5.000000,1466.764560
34.000000,5.000000,1561.989508
35.000000,5.000000,1673.467866
36.000000,5.000000,1787.488915
21.000000,5.500000,720.139689
22.000000,5.500000,766.656624
23.000000,5.500000,814.478914
24.000000,5.500000,863.606558
25.000000,5.500000,914.039557
26.000000,5.500000,965.777910
27.000000,5.500000,1023.817605
28.000000,5.500000,1087.885885
29.000000,5.500000,1153.532661
30.000000,5.500000,1220.757934
31.000000,5.500000,1294.379547
32.000000,5.500000,1381.647332
33.000000,5.500000,1470.964989
34.000000,5.500000,1566.927377
35.000000,5.500000,1678.399422
36.000000,5.500000,1792.409550
21.000000,6.000000,722.891200
22.000000,6.000000,769.489980
23.000000,6.000000,817.394484
24.000000,6.000000,866.604711
25.000000,6.000000,917.120662
26.000000,6.000000,968.942336
27.000000,6.000000,1027.605934
28.000000,6.000000,1091.613574
29.000000,6.000000,1157.194796
30.000000,6.000000,1224.349600
31.000000,6.000000,1298.776001
32.000000,6.000000,1385.950718
33.000000,6.000000,1475.168881
34.000000,6.000000,1571.869194
35.000000,6.000000,1683.334747
36.000000,6.000000,1797.333778
21.000000,6.500000,725.687127
22.000000,6.500000,772.398024
23.000000,6.500000,820.416622
24.000000,6.500000,869.742919
25.000000,6.500000,920.376917
26.000000,6.500000,972.318614
27.000000,6.500000,1031.589924
28.000000,6.500000,1095.506940
29.000000,6.500000,1160.990937
30.000000,6.500000,1228.041916
31.000000,6.500000,1303.266538
32.000000,6.500000,1390.341521
33.000000,6.500000,1479.452345
34.000000,6.500000,1576.908239
35.000000,6.500000,1688.333862
21.000000,7.000000,728.486853
22.000000,7.000000,775.309970
23.000000,7.000000,823.442766
24.000000,7.000000,872.885239
25.000000,7.000000,923.637390
26.000000,7.000000,975.699220
27.000000,7.000000,1035.578539
28.000000,7.000000,1099.404638
29.000000,7.000000,1164.791123
30.000000,7.000000,1231.737994
31.000000,7.000000,1307.761443
32.000000,7.000000,1394.736367
33.000000,7.000000,1483.739536
34.000000,7.000000,1581.951488
35.000000,7.000000,1693.336904
21.000000,7.500000,731.329635
22.000000,7.500000,778.263770
23.000000,7.500000,826.509409
24.000000,7.500000,876.066552
25.000000,7.500000,926.935198
26.000000,7.500000,979.115349
27.000000,7.500000,1039.558864
28.000000,7.500000,1103.309800
29.000000,7.500000,1168.615624
30.000000,7.500000,1235.476335
31.000000,7.500000,1312.352165
32.000000,7.500000,1399.278911
33.000000,7.500000,1488.228692
34.000000,7.500000,1587.310214
35.000000,7.500000,1698.706612
21.000000,8.000000,734.176352
22.000000,8.000000,781.221600
23.000000,8.000000,829.580179
24.000000,8.000000,879.252088
25.000000,8.000000,930.237328
26.000000,8.000000,982.535898
27.000000,8.000000,1043.543869
28.000000,8.000000,1107.219413
29.000000,8.000000,1172.444347
30.000000,8.000000,1239.218670
31.000000,8.000000,1316.947661
32.000000,8.000000,1403.825999
33.000000,8.000000,1492.722166
34.000000,8.000000,1592.673999
35.000000,8.000000,1704.081184
21.000000,8.500000,737.188130
22.000000,8.500000,784.313251
23.000000,8.500000,832.751518
24.000000,8.500000,882.502932
25.000000,8.500000,933.567493
26.000000,8.500000,985.959979
27.000000,8.500000,1047.466181
28.000000,8.500000,1111.075719
29.000000,8.500000,1176.229294
30.000000,8.500000,1242.926908
31.000000,8.500000,1321.520048
32.000000,8.500000,1408.350249
33.000000,8.500000,1497.193112
34.000000,8.500000,1598.027342
35.000000,8.500000,1709.445109
21.000000,9.000000,740.204469
22.000000,9.000000,787.409443
23.000000,9.000000,835.927379
24.000000,9.000000,885.758277
25.000000,9.000000,936.902137
26.000000,9.000000,989.388532
27.000000,9.000000,1051.393141
28.000000,9.000000,1114.936438
29.000000,9.000000,1180.018422
30.000000,9.000000,1246.639094
31.000000,9.000000,1326.097166
32.000000,9.000000,1412.879002
33.000000,9.000000,1501.668338
34.000000,9.000000,1603.385713
35.000000,9.000000,1714.813868
21.000000,9.500000,743.244944
22.000000,9.500000,790.549702
23.000000,9.500000,839.168579
24.000000,9.500000,889.101573
25.000000,9.500000,940.348685
26.000000,9.500000,993.485523
27.000000,9.500000,1055.445933
28.000000,9.500000,1118.939429
29.000000,9.500000,1183.966011
30.000000,9.500000,1250.525678
31.000000,9.500000,1330.845849
32.000000,9.500000,1417.497634
33.000000,9.500000,1506.147849
34.000000,9.500000,1608.733656
35.000000,9.500000,1720.171996
20.000000,10.000000,700.200779
21.000000,10.000000,746.290122
22.000000,10.000000,793.694740
23.000000,10.000000,842.414631
24.000000,10.000000,892.449797
25.000000,10.000000,943.800236
26.000000,10.000000,997.588097
27.000000,10.000000,1059.504002
28.000000,10.000000,1122.947398
29.000000,10.000000,1187.918286
30.000000,10.000000,1254.416665
31.000000,10.000000,1335.599677
32.000000,10.000000,1422.120978
33.000000,10.000000,1510.631658
34.000000,10.000000,1614.086598
35.000000,10.000000,1725.534930
20.000000,10.500000,703.308596
21.000000,10.500000,749.478900
22.000000,10.500000,796.964400
23.000000,10.500000,845.765095
24.000000,10.500000,895.880987
25.000000,10.500000,947.312075
26.000000,10.500000,1001.713356
27.000000,10.500000,1063.652055
28.000000,10.500000,1127.115942
29.000000,10.500000,1192.105019
30.000000,10.500000,1258.619285
31.000000,10.500000,1340.741134
32.000000,10.500000,1427.137072
33.000000,10.500000,1515.514200
34.000000,10.500000,1619.910618
35.000000,10.500000,1731.310663
20.000000,11.000000,706.421608
21.000000,11.000000,752.672872
22.000000,11.000000,800.239254
23.000000,11.000000,849.120753
24.000000,11.000000,899.317371
25.000000,11.000000,950.829106
26.000000,11.000000,1005.844296
27.000000,11.000000,1067.805681
28.000000,11.000000,1131.289951
29.000000,11.000000,1196.297106
30.000000,11.000000,1262.827146
31.000000,11.000000,1345.888825
32.000000,11.000000,1432.158978
33.000000,11.000000,1520.402144
34.000000,11.000000,1625.740915
35.000000,11.000000,1737.092261
20.000000,11.500000,709.718423
21.000000,11.500000,756.046952
22.000000,11.500000,803.689917
23.000000,11.500000,852.647318
24.000000,11.500000,902.919155
25.000000,11.500000,954.505427
26.000000,11.500000,1010.120537
27.000000,11.500000,1072.069007
28.000000,11.500000,1135.536405
29.000000,11.500000,1200.522730
30.000000,11.500000,1267.434934
31.000000,11.500000,1351.005092
32.000000,11.500000,1437.158778
33.000000,11.500000,1525.277867
34.000000,11.500000,1631.652232
35.000000,11.500000,1743.032027
20.000000,12.000000,713.021109
21.000000,12.000000,759.426857
22.000000,12.000000,807.146359
23.000000,12.000000,856.179616
24.000000,12.000000,906.526626
25.000000,12.000000,958.187390
26.000000,12.000000,1014.402839
27.000000,12.000000,1076.338185
28.000000,12.000000,1139.788502
29.000000,12.000000,1204.753789
30.000000,12.000000,1272.048512
31.000000,12.000000,1356.127541
32.000000,12.000000,1442.164371
33.000000,12.000000,1530.159001
34.000000,12.000000,1637.570048
35.000000,12.000000,1748.978078
20.000000,12.500000,716.368146
21.000000,12.500000,762.914692
22.000000,12.500000,810.777632
23.000000,12.500000,859.956965
24.000000,12.500000,910.452691
25.000000,12.500000,962.264810
26.000000,12.500000,1019.094961
27.000000,12.500000,1080.927978
28.000000,12.500000,1144.267739
29.000000,12.500000,1209.114245
30.000000,12.500000,1277.312135
31.000000,12.500000,1361.258044
32.000000,12.500000,1447.152685
33.000000,12.500000,1535.269560
34.000000,12.500000,1643.476221
35.000000,12.500000,1754.912194
20.000000,13.000000,719.721194
21.000000,13.000000,766.408713
22.000000,13.000000,814.415268
23.000000,13.000000,863.740859
24.000000,13.000000,914.385485
25.000000,13.000000,966.349146
26.000000,13.000000,1023.794410
27.000000,13.000000,1085.524583
28.000000,13.000000,1148.753291
29.000000,13.000000,1213.480534
30.000000,13.000000,1282.582528
31.000000,13.000000,1366.394822
32.000000,13.000000,1452.146795
33.000000,13.000000,1540.385812
34.000000,13.000000,1649.388853
35.000000,13.000000,1760.852556
20.000000,13.500000,723.103074
21.000000,13.500000,769.942305
22.000000,13.500000,818.102912
23.000000,13.500000,867.584896
24.000000,13.500000,918.388257
25.000000,13.500000,970.512994
26.000000,13.500000,1028.534141
27.000000,13.500000,1090.211266
28.000000,13.500000,1153.381634
29.000000,13.500000,1218.045243
30.000000,13.500000,1288.166650
31.000000,13.500000,1371.903858
32.000000,13.500000,1457.572646
33.000000,13.500000,1546.876887
34.000000,13.500000,1655.723326
35.000000,13.500000,1767.017454
20.000000,14.000000,726.491458
21.000000,14.000000,773.482541
22.000000,14.000000,821.797341
23.000000,14.000000,871.435857
24.000000,14.000000,922.398089
25.000000,14.000000,974.684039
26.000000,14.000000,1033.281421
27.000000,14.000000,1094.905194
28.000000,14.000000,1158.016914
29.000000,14.000000,1222.616580
30.000000,14.000000,1293.758768
31.000000,14.000000,1377.420386
32.000000,14.000000,1463.005502
33.000000,14.000000,1553.376161
34.000000,14.000000,1662.065265
35.000000,14.000000,1773.189121
20.000000,14.500000,729.946939
21.000000,14.500000,777.070984
22.000000,14.500000,825.520269
23.000000,14.500000,875.294791
24.000000,14.500000,926.394552
25.000000,14.500000,978.819551
26.000000,14.500000,1037.928026
27.000000,14.500000,1099.521120
28.000000,14.500000,1162.597251
29.000000,14.500000,1227.156419
30.000000,14.500000,1299.377388
31.000000,14.500000,1383.066352
32.000000,14.500000,1468.675518
33.000000,14.500000,1560.277384
34.000000,14.500000,1668.906936
35.000000,14.500000,1779.963772
20.000000,15.000000,733.409185
21.000000,15.000000,780.666288
22.000000,15.000000,829.250151
23.000000,15.000000,879.160774
24.000000,15.000000,930.398156
25.000000,15.000000,982.962298
26.000000,15.000000,1042.582145
27.000000,15.000000,1104.144254
28.000000,15.000000,1167.184490
29.000000,15.000000,1231.702855
30.000000,15.000000,1305.004086
31.000000,15.000000,1388.720194
32.000000,15.000000,1474.353209
33.000000,15.000000,1567.187945
34.000000,15.000000,1675.757499
35.000000,15.000000,1786.746877
20.000000,15.500000,736.979382
21.000000,15.500000,784.331988
22.000000,15.500000,833.011389
23.000000,15.500000,883.017587
24.000000,15.500000,934.350582
25.000000,15.500000,987.245292
26.000000,15.500000,1047.101309
27.000000,15.500000,1108.662671
28.000000,15.500000,1171.697170
29.000000,15.500000,1236.204807
30.000000,15.500000,1310.614339
31.000000,15.500000,1394.358536
32.000000,15.500000,1480.016401
33.000000,15.500000,1574.059911
34.000000,15.500000,1682.568817
35.000000,15.500000,1793.490120
19.000000,16.000000,694.435549
20.000000,16.000000,740.556833
21.000000,16.000000,788.004949
22.000000,16.000000,836.779897
23.000000,16.000000,886.881677
24.000000,16.000000,938.310289
25.000000,16.000000,991.535930
26.000000,16.000000,1051.628036
27.000000,16.000000,1113.188298
28.000000,16.000000,1176.216715
29.000000,16.000000,1240.713288
30.000000,16.000000,1316.232619
31.000000,16.000000,1400.004706
32.000000,16.000000,1485.687224
33.000000,16.000000,1580.941110
34.000000,16.000000,1689.388925
35.000000,16.000000,1800.241719
19.000000,16.500000,698.130641
20.000000,16.500000,744.313323
21.000000,16.500000,791.820706
22.000000,16.500000,840.652790
23.000000,16.500000,890.809576
24.000000,16.500000,942.291064
25.000000,16.500000,996.032177
26.000000,16.500000,1056.218530
27.000000,16.500000,1117.872858
28.000000,16.500000,1180.995160
29.000000,16.500000,1245.585437
30.000000,16.500000,1322.254844
31.000000,16.500000,1405.935110
32.000000,16.500000,1491.515663
33.000000,16.500000,1587.892015
34.000000,16.500000,1696.233889
19.000000,17.000000,701.833939
20.000000,17.000000,748.077858
21.000000,17.000000,795.644348
22.000000,17.000000,844.533411
23.000000,17.000000,894.745047
24.000000,17.000000,946.279255
25.000000,17.000000,1000.536364
26.000000,17.000000,1060.816956
27.000000,17.000000,1122.565341
28.000000,17.000000,1185.781520
29.000000,17.000000,1250.465491
30.000000,17.000000,1328.286721
31.000000,17.000000,1411.874456
32.000000,17.000000,1497.352364
33.000000,17.000000,1594.852523
34.000000,17.000000,1703.087804
19.000000,17.500000,705.548434
20.000000,17.500000,751.880494
21.000000,17.500000,799.534408
22.000000,17.500000,848.510176
23.000000,17.500000,898.807798
24.000000,17.500000,950.427274
25.000000,17.500000,1005.238127
26.000000,17.500000,1065.572463
27.000000,17.500000,1127.372304
28.000000,17.500000,1190.637651
29.000000,17.500000,1255.368504
30.000000,17.500000,1334.351866
31.000000,17.500000,1417.932009
32.000000,17.500000,1503.397540
33.000000,17.500000,1602.123164
34.000000,17.500000,1710.282333
19.000000,18.000000,709.271210
20.000000,18.000000,755.691360
21.000000,18.000000,803.432644
22.000000,18.000000,852.495065
23.000000,18.000000,902.878620
24.000000,18.000000,954.583311
25.000000,18.000000,1009.948548
26.000000,18.000000,1070.336458
27.000000,18.000000,1132.187587
28.000000,18.000000,1195.501936
29.000000,18.000000,1260.279504
30.000000,18.000000,1340.426889
31.000000,18.000000,1423.999102
32.000000,18.000000,1509.451923
33.000000,18.000000,1609.404819
34.000000,18.000000,1717.487214
19.000000,18.500000,713.044654
20.000000,18.500000,759.595202
21.000000,18.500000,807.467765
22.000000,18.500000,856.662344
23.000000,18.500000,907.178939
24.000000,18.500000,959.017550
25.000000,18.500000,1014.942452
26.000000,18.500000,1075.315261
27.000000,18.500000,1137.145403
28.000000,18.500000,1200.432877
29.000000,18.500000,1265.557280
30.000000,18.500000,1346.477502
31.000000,18.500000,1430.046718
32.000000,18.500000,1515.492105
33.000000,18.500000,1616.714113
34.000000,18.500000,1724.794061
19.000000,19.000000,716.826900
20.000000,19.000000,763.507915
21.000000,19.000000,811.511826
22.000000,19.000000,860.838633
23.000000,19.000000,911.488336
24.000000,19.000000,963.460935
25.000000,19.000000,1019.946097
26.000000,19.000000,1080.303338
27.000000,19.000000,1142.112033
28.000000,19.000000,1205.372184
29.000000,19.000000,1270.843751
30.000000,19.000000,1352.537923
31.000000,19.000000,1436.103829
32.000000,19.000000,1521.541470
33.000000,19.000000,1624.034575
34.000000,19.000000,1732.111698
19.000000,19.500000,720.627214
20.000000,19.500000,767.453575
21.000000,19.500000,815.604201
22.000000,19.500000,865.079093
23.000000,19.500000,915.878251
24.000000,19.500000,968.001675
25.000000,19.500000,1025.048436
26.000000,19.500000,1085.447906
27.000000,19.500000,1147.296167
28.000000,19.500000,1210.593220
29.000000,19.500000,1277.295704
30.000000,19.500000,1358.859623
31.000000,19.500000,1442.283133
32.000000,19.500000,1527.566235
33.000000,19.500000,1631.321024
34.000000,19.500000,1739.394489
19.000000,20.000000,724.436494
20.000000,20.000000,771.408312
21.000000,20.000000,819.705764
22.000000,20.000000,869.328851
23.000000,20.000000,920.277572
24.000000,20.000000,972.551928
25.000000,20.000000,1030.160933
26.000000,20.000000,1090.602421
27.000000,20.000000,1152.490036
28.000000,20.000000,1215.823779
29.000000,20.000000,1283.759499
30.000000,20.000000,1365.192217
31.000000,20.000000,1448.472423
32.000000,20.000000,1533.600118
33.000000,20.000000,1638.618536
34.000000,20.000000,1746.687968
19.000000,20.500000,728.277868
20.000000,20.500000,775.409754
21.000000,20.500000,823.869400
22.000000,20.500000,873.656805
23.000000,20.500000,924.771969
24.000000,20.500000,977.214893
25.000000,20.500000,1035.362277
26.000000,20.500000,1095.854968
27.000000,20.500000,1157.791051
28.000000,20.500000,1221.170526
29.000000,20.500000,1290.404405
30.000000,20.500000,1371.947165
31.000000,20.500000,1455.335658
32.000000,20.500000,1541.658462
33.000000,20.500000,1646.704095
34.000000,20.500000,1754.426199
19.000000,21.000000,732.128422
20.000000,21.000000,779.420556
21.000000,21.000000,828.042574
22.000000,21.000000,877.994477
23.000000,21.000000,929.276264
24.000000,21.000000,981.887936
25.000000,21.000000,1040.574329
26.000000,21.000000,1101.117992
27.000000,21.000000,1163.102313
28.000000,21.000000,1226.527293
29.000000,21.000000,1297.061877
30.000000,21.000000,1378.714536
31.000000,21.000000,1462.211171
32.000000,21.000000,1549.731263
33.000000,21.000000,1654.803242
34.000000,21.000000,1762.176488
19.000000,21.500000,736.059331
20.000000,21.500000,783.506778
21.000000,21.500000,832.285567
22.000000,21.500000,882.395697
23.000000,21.500000,933.837167
24.000000,21.500000,986.841987
25.000000,21.500000,1045.788100
26.000000,21.500000,1106.379559
27.000000,21.500000,1168.407880
28.000000,21.500000,1231.873065
29.000000,21.500000,1303.737859
30.000000,21.500000,1385.533661
31.000000,21.500000,1469.173264
32.000000,21.500000,1558.222647
33.000000,21.500000,1663.235753
34.000000,21.500000,1770.542671
19.000000,22.000000,740.000021
20.000000,22.000000,787.602919
21.000000,22.000000,836.538615
22.000000,22.000000,886.807106
23.000000,22.000000,938.408393
24.000000,22.000000,991.806981
25.000000,22.000000,1051.012835
26.000000,22.000000,1111.651760
27.000000,22.000000,1173.723759
28.000000,22.000000,1237.228829
29.000000,22.000000,1310.426438
30.000000,22.000000,1392.365369
31.000000,22.000000,1476.147926
32.000000,22.000000,1566.729535
33.000000,22.000000,1671.683153
34.000000,22.000000,1778.923134
19.000000,22.500000,744.004293
20.000000,22.500000,791.753879
21.000000,22.500000,840.837361
22.000000,22.500000,891.254739
23.000000,22.500000,943.006014
24.000000,22.500000,996.973094
25.000000,22.500000,1056.294234
26.000000,22.500000,1117.047712
27.000000,22.500000,1179.233529
28.000000,22.500000,1242.851685
29.000000,22.500000,1317.421050
30.000000,22.500000,1399.391282
31.000000,22.500000,1483.198715
32.000000,22.500000,1575.170775
33.000000,22.500000,1680.063260
34.000000,22.500000,1787.234669
18.000000,23.000000,701.457225
19.000000,23.000000,748.018608
20.000000,23.000000,795.914987
21.000000,23.000000,845.146361
22.000000,23.000000,895.712729
23.000000,23.000000,947.614093
24.000000,23.000000,1002.150584
25.000000,23.000000,1061.586946
26.000000,23.000000,1122.454913
27.000000,23.000000,1184.754484
28.000000,23.000000,1248.485660
29.000000,23.000000,1324.429600
30.000000,23.000000,1406.430581
31.000000,23.000000,1490.262350
32.000000,23.000000,1583.627315
33.000000,23.000000,1688.458055
34.000000,23.000000,1795.560285
18.000000,23.500000,705.409622
19.000000,23.500000,752.123090
20.000000,23.500000,800.172689
21.000000,23.500000,849.558418
22.000000,23.500000,900.280278
23.000000,23.500000,952.338269
24.000000,23.500000,1007.448813
25.000000,23.500000,1067.023311
26.000000,23.500000,1128.029357
27.000000,23.500000,1190.466953
28.000000,23.500000,1254.336098
29.000000,23.500000,1331.644155
30.000000,23.500000,1413.651376
31.000000,23.500000,1497.482884
32.000000,23.500000,1592.183711
33.000000,23.500000,1696.883061
18.000000,24.000000,709.372490
19.000000,24.000000,756.238164
20.000000,24.000000,804.441103
21.000000,24.000000,853.981306
22.000000,24.000000,904.858774
23.000000,24.000000,957.073507
24.000000,24.000000,1012.759114
25.000000,24.000000,1072.471746
26.000000,24.000000,1133.615871
27.000000,24.000000,1196.191489
28.000000,24.000000,1260.198600
29.000000,24.000000,1338.873717
30.000000,24.000000,1420.886591
31.000000,24.000000,1504.717262
32.000000,24.000000,1600.756381
33.000000,24.000000,1705.323196
18.000000,24.500000,713.403833
19.000000,24.500000,760.448054
20.000000,24.500000,808.831753
21.000000,24.500000,858.554930
22.000000,24.500000,909.617584
23.000000,24.500000,962.019716
24.000000,24.500000,1018.272033
25.000000,24.500000,1078.077861
26.000000,24.500000,1139.312737
27.000000,24.500000,1201.976661
28.000000,24.500000,1266.617674
29.000000,24.500000,1346.108114
30.000000,24.500000,1428.174132
31.000000,24.500000,1512.054802
32.000000,24.500000,1609.537037
33.000000,24.500000,1714.125250
18.000000,25.000000,717.446035
19.000000,25.000000,764.669037
20.000000,25.000000,813.233728
21.000000,25.000000,863.140108
22.000000,25.000000,914.388177
23.000000,25.000000,966.977935
24.000000,25.000000,1023.797911
25.000000,25.000000,1083.696707
26.000000,25.000000,1145.022108
27.000000,25.000000,1207.774115
28.000000,25.000000,1273.050289
29.000000,25.000000,1353.357642
30.000000,25.000000,1435.476501
31.000000,25.000000,1519.406866
32.000000,25.000000,1618.335210
33.000000,25.000000,1722.944193
18.000000,25.500000,721.568774
19.000000,25.500000,768.986994
20.000000,25.500000,817.749754
21.000000,25.500000,867.857054
22.000000,25.500000,919.308893
23.000000,25.500000,972.105272
24.000000,25.500000,1029.461216
25.000000,25.500000,1089.441985
26.000000,25.500000,1150.846825
27.000000,25.500000,1213.675736
28.000000,25.500000,1280.329180
29.000000,25.500000,1360.665217
30.000000,25.500000,1442.807075
31.000000,25.500000,1526.754754
32.000000,25.500000,1627.191321
33.000000,25.500000,1731.904191
18.000000,26.000000,725.702759
19.000000,26.000000,773.316501
20.000000,26.000000,822.277631
21.000000,26.000000,872.586150
22.000000,26.000000,924.242057
23.000000,26.000000,977.245353
24.000000,26.000000,1035.138084
25.000000,26.000000,1095.200579
26.000000,26.000000,1156.684611
27.000000,26.000000,1219.590181
28.000000,26.000000,1287.624190
29.000000,26.000000,1367.988371
30.000000,26.000000,1450.152696
31.000000,26.000000,1534.117165
32.000000,26.000000,1636.065218
33.000000,26.000000,1740.881717
18.000000,26.500000,729.975189
19.000000,26.500000,777.793921
20.000000,26.500000,826.962716
21.000000,26.500000,877.481572
22.000000,26.500000,929.350490
23.000000,26.500000,982.606880
24.000000,26.500000,1040.960129
25.000000,26.500000,1101.107113
26.000000,26.500000,1162.673276
27.000000,26.500000,1225.658620
28.000000,26.500000,1295.081923
29.000000,26.500000,1375.487148
30.000000,26.500000,1457.685546
31.000000,26.500000,1542.813305
32.000000,26.500000,1645.093844
33.000000,26.500000,1749.913830
18.000000,27.000000,734.259744
19.000000,27.000000,782.283794
20.000000,27.000000,831.660575
21.000000,27.000000,882.390086
22.000000,27.000000,934.472327
23.000000,27.000000,987.982224
24.000000,27.000000,1046.796629
25.000000,27.000000,1107.027856
26.000000,27.000000,1168.675907
27.000000,27.000000,1231.740781
28.000000,27.000000,1302.556913
29.000000,27.000000,1383.002520
30.000000,27.000000,1465.234341
31.000000,27.000000,1551.527749
32.000000,27.000000,1654.140894
33.000000,27.000000,1758.963677
18.000000,27.500000,738.599125
19.000000,27.500000,786.826210
20.000000,27.500000,836.408832
21.000000,27.500000,887.346992
22.000000,27.500000,939.640689
23.000000,27.500000,993.723953
24.000000,27.500000,1052.631827
25.000000,27.500000,1112.953873
26.000000,27.500000,1174.690090
27.000000,27.500000,1237.840477
28.000000,27.500000,1310.131739
29.000000,27.500000,1390.776061
30.000000,27.500000,1473.207262
31.000000,27.500000,1561.138438
32.000000,27.500000,1663.570736
33.000000,27.500000,1768.196482
18.000000,28.000000,742.950857
19.000000,28.000000,791.381305
20.000000,28.000000,841.170096
21.000000,28.000000,892.317228
22.000000,28.000000,944.822703
23.000000,28.000000,999.480516
24.000000,28.000000,1058.481594
25.000000,28.000000,1118.894192
26.000000,28.000000,1180.718312
27.000000,28.000000,1243.953953
28.000000,28.000000,1317.724227
29.000000,28.000000,1398.567334
30.000000,28.000000,1481.197986
31.000000,28.000000,1570.770926
32.000000,28.000000,1673.020775
33.000000,28.000000,1777.447941
18.000000,28.500000,747.482322
19.000000,28.500000,796.087428
20.000000,28.500000,846.052024
21.000000,28.500000,897.376111
22.000000,28.500000,950.059688
23.000000,28.500000,1005.229099
24.000000,28.500000,1064.346643
25.000000,28.500000,1124.873609
26.000000,28.500000,1186.809997
27.000000,28.500000,1250.155808
28.000000,28.500000,1325.442014
29.000000,28.500000,1406.457436
30.000000,28.500000,1489.259878
31.000000,28.500000,1580.378842
32.000000,28.500000,1682.579757
33.000000,28.500000,1786.951109
17.000000,29.000000,704.607824
18.000000,29.000000,752.027114
19.000000,29.000000,800.807040
20.000000,29.000000,850.947603
21.000000,29.000000,902.448801
22.000000,29.000000,955.310636
23.000000,29.000000,1010.992617
24.000000,29.000000,1070.226431
25.000000,29.000000,1130.867570
26.000000,29.000000,1192.916032
27.000000,29.000000,1256.371819
28.000000,29.000000,1333.178034
29.000000,29.000000,1414.365719
30.000000,29.000000,1497.339900
31.000000,29.000000,1590.008700
32.000000,29.000000,1692.159900
33.000000,29.000000,1796.474656
17.000000,29.500000,709.203448
18.000000,29.500000,756.755291
19.000000,29.500000,805.666928
20.000000,29.500000,855.938359
21.000000,29.500000,907.569585
22.000000,29.500000,960.560604
23.000000,29.500000,1016.759212
24.000000,29.500000,1076.209219
25.000000,29.500000,1137.068483
26.000000,29.500000,1199.337006
27.000000,29.500000,1263.162628
28.000000,29.500000,1341.287495
29.000000,29.500000,1422.489600
30.000000,29.500000,1505.469294
31.000000,29.500000,1599.540240
32.000000,29.500000,1701.638884
17.000000,30.000000,713.813479
18.000000,30.000000,761.497803
19.000000,30.000000,810.541078
20.000000,30.000000,860.943306
21.000000,30.000000,912.704486
22.000000,30.000000,965.824619
23.000000,30.000000,1022.541001
24.000000,30.000000,1082.207454
25.000000,30.000000,1143.285098
26.000000,30.000000,1205.773930
27.000000,30.000000,1269.970157
28.000000,30.000000,1349.417067
29.000000,30.000000,1430.632679
30.000000,30.000000,1513.616994
31.000000,30.000000,1609.093369
32.000000,30.000000,1711.138675
17.000000,30.500000,718.450261
18.000000,30.500000,766.262715
19.000000,30.500000,815.433242
20.000000,30.500000,865.961842
21.000000,30.500000,917.848514
22.000000,30.500000,971.093260
23.000000,30.500000,1028.361033
24.000000,30.500000,1088.253101
25.000000,30.500000,1149.558220
26.000000,30.500000,1212.276389
27.000000,30.500000,1278.090852
28.000000,30.500000,1357.691555
29.000000,30.500000,1439.059493
30.000000,30.500000,1522.194667
31.000000,30.500000,1618.954317
32.000000,30.500000,1720.726714
17.000000,31.000000,723.101559
18.000000,31.000000,771.042054
19.000000,31.000000,820.339743
20.000000,31.000000,870.994626
21.000000,31.000000,923.006703
22.000000,31.000000,976.375975
23.000000,31.000000,1034.196495
24.000000,31.000000,1094.314449
25.000000,31.000000,1155.847310
26.000000,31.000000,1218.795078
27.000000,31.000000,1286.232649
28.000000,31.000000,1365.986976
29.000000,31.000000,1447.507072
30.000000,31.000000,1530.792935
31.000000,31.000000,1628.838736
32.000000,31.000000,1730.336184
17.000000,31.500000,727.646176
18.000000,31.500000,775.738309
19.000000,31.500000,825.187382
20.000000,31.500000,875.993395
21.000000,31.500000,928.156348
22.000000,31.500000,981.676240
23.000000,31.500000,1040.082446
24.000000,31.500000,1100.425033
25.000000,31.500000,1162.183435
26.000000,31.500000,1225.357650
27.000000,31.500000,1294.389512
28.000000,31.500000,1374.342420
29.000000,31.500000,1456.061788
30.000000,31.500000,1540.297649
31.000000,31.500000,1639.052362
32.000000,31.500000,1740.583596
17.000000,32.000000,732.204847
18.000000,32.000000,780.448649
19.000000,32.000000,830.049135
20.000000,32.000000,881.006304
21.000000,32.000000,933.320157
22.000000,32.000000,986.990692
23.000000,32.000000,1045.984143
24.000000,32.000000,1106.551582
25.000000,32.000000,1168.535729
26.000000,32.000000,1231.936585
27.000000,32.000000,1302.567495
28.000000,32.000000,1382.719047
29.000000,32.000000,1464.637751
30.000000,32.000000,1549.826080
31.000000,32.000000,1649.291092
32.000000,32.000000,1750.855405
17.000000,32.500000,736.777117
18.000000,32.500000,785.187888
19.000000,32.500000,834.955955
20.000000,32.500000,886.081318
21.000000,32.500000,938.563978
22.000000,32.500000,992.726979
23.000000,32.500000,1052.108653
24.000000,32.500000,1112.990798
25.000000,32.500000,1175.294642
26.000000,32.500000,1239.020184
27.000000,32.500000,1311.258653
28.000000,32.500000,1391.448360
29.000000,32.500000,1473.396994
30.000000,32.500000,1560.046754
31.000000,32.500000,1659.646526
32.000000,32.500000,1761.344105
17.000000,33.000000,741.363468
18.000000,33.000000,789.941327
19.000000,33.000000,839.877095
20.000000,33.000000,891.170770
21.000000,33.000000,943.822354
22.000000,33.000000,998.479220
23.000000,33.000000,1058.250060
24.000000,33.000000,1119.447589
25.000000,33.000000,1182.071806
26.000000,33.000000,1246.122712
27.000000,33.000000,1319.973798
28.000000,33.000000,1400.200727
29.000000,33.000000,1482.178378
30.000000,33.000000,1570.293357
31.000000,33.000000,1670.027648
32.000000,33.000000,1771.858249
17.000000,33.500000,745.994182
18.000000,33.500000,794.771925
19.000000,33.500000,844.909377
20.000000,33.500000,896.406536
21.000000,33.500000,949.263404
22.000000,33.500000,1004.569935
23.000000,33.500000,1064.616249
24.000000,33.500000,1126.092498
25.000000,33.500000,1188.998682
26.000000,33.500000,1253.334801
27.000000,33.500000,1328.725788
28.000000,33.500000,1409.072701
29.000000,33.500000,1491.166498
16.000000,34.000000,703.022794
17.000000,34.000000,750.639212
18.000000,34.000000,799.617134
19.000000,34.000000,849.956561
20.000000,34.000000,901.657492
21.000000,34.000000,954.719929
22.000000,34.000000,1010.678123
23.000000,34.000000,1071.000396
24.000000,34.000000,1132.755846
25.000000,34.000000,1195.944473
26.000000,34.000000,1260.566277
27.000000,34.000000,1337.501981
28.000000,34.000000,1417.968426
29.000000,34.000000,1500.177921
16.000000,34.500000,707.542537
17.000000,34.500000,755.403463
18.000000,34.500000,804.629335
19.000000,34.500000,855.220151
20.000000,34.500000,907.175912
21.000000,34.500000,960.496617
22.000000,34.500000,1017.143321
23.000000,34.500000,1077.674737
24.000000,34.500000,1139.639095
25.000000,34.500000,1203.036395
26.000000,34.500000,1268.321569
27.000000,34.500000,1346.327695
28.000000,34.500000,1426.971521
29.000000,34.500000,1509.357592
16.000000,35.000000,712.076728
17.000000,35.000000,760.182730
18.000000,35.000000,809.657110
19.000000,35.000000,860.499867
20.000000,35.000000,912.711002
21.000000,35.000000,966.290514
22.000000,35.000000,1023.627860
23.000000,35.000000,1084.368504
24.000000,35.000000,1146.541848
25.000000,35.000000,1210.147893
26.000000,35.000000,1276.098256
27.000000,35.000000,1355.177906
28.000000,35.000000,1435.998998
29.000000,35.000000,1518.561530
16.000000,35.500000,716.676270
17.000000,35.500000,765.038389
18.000000,35.500000,814.772993
19.000000,35.500000,865.880081
20.000000,35.500000,918.359654
21.000000,35.500000,972.211712
22.000000,35.500000,1030.197296
23.000000,35.500000,1091.112764
24.000000,35.500000,1153.460406
25.000000,35.500000,1217.240221
26.000000,35.500000,1284.684215
27.000000,35.500000,1363.992800
28.000000,35.500000,1445.041466
29.000000,35.500000,1527.830215
16.000000,36.000000,721.290569
17.000000,36.000000,769.909430
18.000000,36.000000,819.904880
19.000000,36.000000,871.276917
20.000000,36.000000,924.025543
21.000000,36.000000,978.150756
22.000000,36.000000,1036.786524
23.000000,36.000000,1097.876794
24.000000,36.000000,1160.398708
25.000000,36.000000,1224.352267
26.000000,36.000000,1293.295078
27.000000,36.000000,1372.832526
28.000000,36.000000,1454.108692
29.000000,36.000000,1537.123576
16.000000,36.500000,726.109398
17.000000,36.500000,774.960939
18.000000,36.500000,825.191348
19.000000,36.500000,876.800624
20.000000,36.500000,929.788768
21.000000,36.500000,984.155780
22.000000,36.500000,1043.395384
23.000000,36.500000,1104.662264
24.000000,36.500000,1167.360161
25.000000,36.500000,1231.489074
26.000000,36.500000,1301.961710
27.000000,36.500000,1381.774082
28.000000,36.500000,1463.325142
16.000000,37.000000,730.944222
17.000000,37.000000,780.028895
18.000000,37.000000,830.494707
19.000000,37.000000,882.341658
20.000000,37.000000,935.569747
21.000000,37.000000,990.178975
22.000000,37.000000,1050.024174
23.000000,37.000000,1111.467639
24.000000,37.000000,1174.341491
25.000000,37.000000,1238.645730
26.000000,37.000000,1310.653567
27.000000,37.000000,1390.740986
28.000000,37.000000,1472.567054
16.000000,37.500000,735.891332
17.000000,37.500000,785.197360
18.000000,37.500000,835.886603
19.000000,37.500000,887.959061
20.000000,37.500000,941.414733
21.000000,37.500000,996.570303
22.000000,37.500000,1056.704549
23.000000,37.500000,1118.352641
24.000000,37.500000,1181.430473
25.000000,37.500000,1245.938044
26.000000,37.500000,1319.599573
27.000000,37.500000,1400.047947
28.000000,37.500000,1482.238785
16.000000,38.000000,740.855074
17.000000,38.000000,790.382832
18.000000,38.000000,841.295878
19.000000,38.000000,893.594211
20.000000,38.000000,947.277832
21.000000,38.000000,1002.981571
22.000000,38.000000,1063.405269
23.000000,38.000000,1125.258051
24.000000,38.000000,1188.539916
25.000000,38.000000,1253.250865
26.000000,38.000000,1328.572073
27.000000,38.000000,1409.381994
28.000000,38.000000,1491.938192
16.000000,38.500000,745.855598
17.000000,38.500000,795.614156
18.000000,38.500000,846.760515
19.000000,38.500000,899.294673
20.000000,38.500000,953.216632
21.000000,38.500000,1009.562539
22.000000,38.500000,1070.231619
23.000000,38.500000,1132.331100
24.000000,38.500000,1195.860980
25.000000,38.500000,1260.821259
26.000000,38.500000,1337.891803
27.000000,38.500000,1419.053829
28.000000,38.500000,1501.964832
16.000000,39.000000,750.872889
17.000000,39.000000,800.862675
18.000000,39.000000,852.242771
19.000000,39.000000,905.013178
20.000000,39.000000,959.173896
21.000000,39.000000,1016.164175
22.000000,39.000000,1077.078940
23.000000,39.000000,1139.425415
24.000000,39.000000,1203.203600
25.000000,39.000000,1268.413494
26.000000,39.000000,1347.239914
27.000000,39.000000,1428.754528
28.000000,39.000000,1512.020815
16.000000,39.500000,755.852575
17.000000,39.500000,806.088205
18.000000,39.500000,857.716395
19.000000,39.500000,910.737145
20.000000,39.500000,965.150454
21.000000,39.500000,1022.805801
22.000000,39.500000,1084.003425
23.000000,39.500000,1146.635224
24.000000,39.500000,1210.701198
25.000000,39.500000,1277.182900
26.000000,39.500000,1356.794453
27.000000,39.500000,1438.627728
28.000000,39.500000,1522.213480
15.000000,40.000000,711.761510
16.000000,40.000000,760.848719
17.000000,40.000000,811.330724
18.000000,40.000000,863.207526
19.000000,40.000000,916.479126
20.000000,40.000000,971.145522
21.000000,40.000000,1029.468313
22.000000,40.000000,1090.949288
23.000000,40.000000,1153.866898
24.000000,40.000000,1218.221140
25.000000,40.000000,1285.979474
26.000000,40.000000,1366.378392
27.000000,40.000000,1448.530582
28.000000,40.000000,1532.436042
15.000000,40.500000,716.593372
16.000000,40.500000,765.909057
17.000000,40.500000,816.621932
18.000000,40.500000,868.731995
19.000000,40.500000,922.239248
20.000000,40.500000,977.143691
21.000000,40.500000,1036.154459
22.000000,40.500000,1097.954137
23.000000,40.500000,1161.193125
24.000000,40.500000,1225.871425
25.000000,40.500000,1295.425565
26.000000,40.500000,1376.197962
27.000000,40.500000,1458.727051
15.000000,41.000000,721.441579
16.000000,41.000000,770.986168
17.000000,41.000000,821.930337
18.000000,41.000000,874.274085
19.000000,41.000000,928.017414
20.000000,41.000000,983.160322
21.000000,41.000000,1042.861762
22.000000,41.000000,1104.980804
23.000000,41.000000,1168.541813
24.000000,41.000000,1233.544791
25.000000,41.000000,1304.901900
26.000000,41.000000,1386.048379
27.000000,41.000000,1468.954967
15.000000,41.500000,726.464350
16.000000,41.500000,776.213004
17.000000,41.500000,827.362164
18.000000,41.500000,879.911832
19.000000,41.500000,933.862008
20.000000,41.500000,989.212690
21.000000,41.500000,1049.657399
22.000000,41.500000,1112.127430
23.000000,41.500000,1176.043545
24.000000,41.500000,1241.405743
25.000000,41.500000,1314.585201
26.000000,41.500000,1396.074357
27.000000,41.500000,1479.325491
15.000000,42.000000,731.504539
16.000000,42.000000,781.457492
17.000000,42.000000,832.811878
18.000000,42.000000,885.567695
19.000000,42.000000,939.724945
20.000000,42.000000,995.283627
21.000000,42.000000,1056.474577
22.000000,42.000000,1119.296442
23.000000,42.000000,1183.568490
24.000000,42.000000,1249.290721
25.000000,42.000000,1324.299889
26.000000,42.000000,1406.132123
27.000000,42.000000,1489.728196
15.000000,42.500000,736.863408
16.000000,42.500000,786.985362
17.000000,42.500000,838.507263
18.000000,42.500000,891.429110
19.000000,42.500000,945.750905
20.000000,42.500000,1001.848337
21.000000,42.500000,1063.490874
22.000000,42.500000,1126.679143
23.000000,42.500000,1191.322565
24.000000,42.500000,1257.421139
25.000000,42.500000,1334.232665
26.000000,42.500000,1416.372873
27.000000,42.500000,1500.277561
15.000000,43.000000,742.241795
16.000000,43.000000,792.532684
17.000000,43.000000,844.222033
18.000000,43.000000,897.309842
19.000000,43.000000,951.796110
20.000000,43.000000,1008.434253
21.000000,43.000000,1070.529739
22.000000,43.000000,1134.085339
23.000000,43.000000,1199.101054
24.000000,43.000000,1265.576882
25.000000,43.000000,1344.198094
26.000000,43.000000,1426.646487
27.000000,43.000000,1510.859996
15.000000,43.500000,747.724085
16.000000,43.500000,798.224349
17.000000,43.500000,850.123574
18.000000,43.500000,903.421761
19.000000,43.500000,958.118910
20.000000,43.500000,1015.499548
21.000000,43.500000,1077.898006
22.000000,43.500000,1141.759258
23.000000,43.500000,1207.083305
24.000000,43.500000,1274.301115
25.000000,43.500000,1354.279504
26.000000,43.500000,1437.057887
27.000000,43.500000,1521.602798
15.000000,44.000000,753.226484
16.000000,44.000000,803.936320
17.000000,44.000000,856.045616
18.000000,44.000000,909.554373
19.000000,44.000000,964.462590
20.000000,44.000000,1022.588676
21.000000,44.000000,1085.290669
22.000000,44.000000,1149.458132
23.000000,44.000000,1215.091063
24.000000,44.000000,1283.053531
25.000000,44.000000,1364.394292
26.000000,44.000000,1447.502991
27.000000,44.000000,1532.379629
15.000000,44.500000,758.567941
16.000000,44.500000,809.530649
17.000000,44.500000,861.895104
18.000000,44.500000,915.661304
19.000000,44.500000,970.829252
20.000000,44.500000,1029.758221
21.000000,44.500000,1092.768696
22.000000,44.500000,1157.248187
23.000000,44.500000,1223.196695
24.000000,44.500000,1292.933590
25.000000,44.500000,1374.606601
26.000000,44.500000,1458.048301
14.000000,45.000000,714.116188
15.000000,45.000000,763.928261
16.000000,45.000000,815.144359
17.000000,45.000000,867.764482
18.000000,45.000000,921.788630
19.000000,45.000000,977.216804
20.000000,45.000000,1036.951933
21.000000,45.000000,1100.271509
22.000000,45.000000,1165.063649
23.000000,45.000000,1231.328354
24.000000,45.000000,1302.847342
25.000000,45.000000,1384.852893
26.000000,45.000000,1468.627877
14.000000,45.500000,719.045097
15.000000,45.500000,769.153733
16.000000,45.500000,820.670776
17.000000,45.500000,873.596225
18.000000,45.500000,927.930081
19.000000,45.500000,983.672343
20.000000,45.500000,1044.233416
21.000000,45.500000,1107.855260
22.000000,45.500000,1172.953048
23.000000,45.500000,1239.526778
24.000000,45.500000,1312.842458
25.000000,45.500000,1395.255695
26.000000,45.500000,1479.442009
14.000000,46.000000,723.990944
15.000000,46.000000,774.397014
16.000000,46.000000,826.215864
17.000000,46.000000,879.447494
18.000000,46.000000,934.091903
19.000000,46.000000,990.149091
20.000000,46.000000,1051.539561
21.000000,46.000000,1115.464256
22.000000,46.000000,1180.868273
23.000000,46.000000,1247.751613
24.000000,46.000000,1322.871865
25.000000,46.000000,1405.693521
26.000000,46.000000,1490.291897
14.000000,46.500000,729.035454
15.000000,46.500000,779.750067
16.000000,46.500000,831.882793
17.000000,46.500000,885.433632
18.000000,46.500000,940.402585
19.000000,46.500000,996.789650
20.000000,46.500000,1058.983233
21.000000,46.500000,1123.192087
22.000000,46.500000,1188.881872
23.000000,46.500000,1256.052588
24.000000,46.500000,1333.006138
25.000000,46.500000,1416.252632
26.000000,46.500000,1501.280194
14.000000,47.000000,734.097471
15.000000,47.000000,785.121557
16.000000,47.000000,837.569090
17.000000,47.000000,891.440070
18.000000,47.000000,946.734498
19.000000,47.000000,1003.452373
20.000000,47.000000,1066.452432
21.000000,47.000000,1130.945863
22.000000,47.000000,1196.921828
23.000000,47.000000,1264.380328
24.000000,47.000000,1343.175218
25.000000,47.000000,1426.847387
26.000000,47.000000,1512.304970
14.000000,47.500000,739.218586
15.000000,47.500000,790.556246
16.000000,47.500000,843.321967
17.000000,47.500000,897.515750
18.000000,47.500000,953.137593
19.000000,47.500000,1010.680607
20.000000,47.500000,1073.982674
21.000000,47.500000,1138.775987
22.000000,47.500000,1205.055114
23.000000,47.500000,1272.820055
24.000000,47.500000,1353.503251
25.000000,47.500000,1437.603104
26.000000,47.500000,1523.491485
14.000000,48.000000,744.357480
15.000000,48.000000,796.009674
16.000000,48.000000,849.094535
17.000000,48.000000,903.612060
18.000000,48.000000,959.562251
19.000000,48.000000,1017.934053
20.000000,48.000000,1081.538704
21.000000,48.000000,1146.632452
22.000000,48.000000,1213.215295
23.000000,48.000000,1281.287234
24.000000,48.000000,1363.867202
25.000000,48.000000,1448.395500
26.000000,48.000000,1534.715429
14.000000,48.500000,749.597885
15.000000,48.500000,801.574090
16.000000,48.500000,854.988054
17.000000,48.500000,909.839777
18.000000,48.500000,966.129258
19.000000,48.500000,1025.324410
20.000000,48.500000,1089.227657
21.000000,48.500000,1154.623029
22.000000,48.500000,1221.510528
23.000000,48.500000,1291.332724
24.000000,48.500000,1374.443486
25.000000,48.500000,1459.427914
14.000000,49.000000,754.856657
15.000000,49.000000,807.157884
16.000000,49.000000,860.901957
17.000000,49.000000,916.088876
18.000000,49.000000,972.718641
19.000000,49.000000,1032.740806
20.000000,49.000000,1096.943185
21.000000,49.000000,1162.640722
22.000000,49.000000,1229.833418
23.000000,49.000000,1301.414045
24.000000,49.000000,1385.056885
25.000000,49.000000,1470.498319
14.000000,49.500000,760.223881
15.000000,49.500000,812.855695
16.000000,49.500000,866.935752
17.000000,49.500000,922.464050
18.000000,49.500000,979.440591
19.000000,49.500000,1040.256196
20.000000,49.500000,1104.738275
21.000000,49.500000,1170.716680
22.000000,49.500000,1238.191411
23.000000,49.500000,1311.681430
24.000000,49.500000,1395.891346
25.000000,49.500000,1481.908526
14.000000,50.000000,765.610104
15.000000,50.000000,818.573543
16.000000,50.000000,872.990617
17.000000,50.000000,928.861328
18.000000,50.000000,986.185675
19.000000,50.000000,1047.798228
20.000000,50.000000,1112.560375
21.000000,50.000000,1178.820010
22.000000,50.000000,1246.577134
23.000000,50.000000,1321.985453
24.000000,50.000000,1406.764084
25.000000,50.000000,1493.358658
14.000000,50.500000,771.063150
15.000000,50.500000,824.365696
16.000000,50.500000,879.126712
17.000000,50.500000,935.346198
18.000000,50.500000,993.024154
19.000000,50.500000,1055.437628
20.000000,50.500000,1120.528211
21.000000,50.500000,1187.120468
22.000000,50.500000,1255.214400
23.000000,50.500000,1332.678263
24.000000,50.500000,1417.987878
25.000000,50.500000,1505.118670
13.000000,51.000000,724.356064
14.000000,51.000000,776.535517
15.000000,51.000000,830.178261
16.000000,51.000000,885.284296
17.000000,51.000000,941.853622
18.000000,51.000000,999.886238
19.000000,51.000000,1063.104155
20.000000,51.000000,1128.523884
21.000000,51.000000,1195.449476
22.000000,51.000000,1263.880933
23.000000,51.000000,1343.410251
24.000000,51.000000,1429.252125
25.000000,51.000000,1516.920392
13.000000,51.500000,729.620521
14.000000,51.500000,782.105481
15.000000,51.500000,836.057615
16.000000,51.500000,891.476922
17.000000,51.500000,948.363402
18.000000,51.500000,1006.821043
19.000000,51.500000,1070.743478
20.000000,51.500000,1136.525566
21.000000,51.500000,1203.818288
22.000000,51.500000,1272.621645
23.000000,51.500000,1354.279223
24.000000,51.500000,1440.650880
25.000000,51.500000,1528.852916
13.000000,52.000000,734.904007
14.000000,52.000000,787.695331
15.000000,52.000000,841.957705
16.000000,52.000000,897.691128
17.000000,52.000000,954.895602
18.000000,52.000000,1013.779782
19.000000,52.000000,1078.409720
20.000000,52.000000,1144.555066
21.000000,52.000000,1212.215820
22.000000,52.000000,1281.391983
23.000000,52.000000,1365.188029
24.000000,52.000000,1452.090642
25.000000,52.000000,1540.827588
13.000000,52.500000,740.445197
14.000000,52.500000,793.471415
15.000000,52.500000,847.969489
16.000000,52.500000,903.939418
17.000000,52.500000,961.381203
18.000000,52.500000,1020.979795
19.000000,52.500000,1086.020792
20.000000,52.500000,1152.582583
21.000000,52.500000,1220.665169
22.000000,52.500000,1291.282466
23.000000,52.500000,1376.210532
24.000000,52.500000,1463.617388
13.000000,53.000000,746.007194
14.000000,53.000000,799.268591
15.000000,53.000000,854.002647
16.000000,53.000000,910.209362
17.000000,53.000000,967.888735
18.000000,53.000000,1028.205088
19.000000,53.000000,1093.658361
20.000000,53.000000,1160.637807
21.000000,53.000000,1229.143425
22.000000,53.000000,1301.208766
23.000000,53.000000,1387.273523
24.000000,53.000000,1475.185887
13.000000,53.500000,751.700676
14.000000,53.500000,805.183495
15.000000,53.500000,860.138741
16.000000,53.500000,916.566413
17.000000,53.500000,974.466512
18.000000,53.500000,1035.612292
19.000000,53.500000,1101.613940
20.000000,53.500000,1169.151858
21.000000,53.500000,1238.226044
22.000000,53.500000,1312.512481
23.000000,53.500000,1398.837608
24.000000,53.500000,1487.009760
13.000000,54.000000,757.415801
14.000000,54.000000,811.120201
15.000000,54.000000,866.296793
16.000000,54.000000,922.945576
17.000000,54.000000,981.066549
18.000000,54.000000,1043.045794
19.000000,54.000000,1109.597891
20.000000,54.000000,1177.696352
21.000000,54.000000,1247.341178
22.000000,54.000000,1323.859740
23.000000,54.000000,1410.445053
24.000000,54.000000,1498.876808
13.000000,54.500000,763.296685
14.000000,54.500000,817.238864
15.000000,54.500000,872.654007
16.000000,54.500000,929.542115
17.000000,54.500000,987.903187
18.000000,54.500000,1050.933538
19.000000,54.500000,1118.146177
20.000000,54.500000,1186.917644
21.000000,54.500000,1257.247938
13.000000,55.000000,769.200308
14.000000,55.000000,823.380517
15.000000,55.000000,879.034462
16.000000,55.000000,936.162143
17.000000,55.000000,994.763561
18.000000,55.000000,1058.850437
19.000000,55.000000,1126.726333
20.000000,55.000000,1196.173502
21.000000,55.000000,1267.191942
13.000000,55.500000,774.993028
14.000000,55.500000,829.493479
15.000000,55.500000,885.470927
16.000000,55.500000,942.925375
17.000000,55.500000,1001.856821
18.000000,55.500000,1067.155070
19.000000,55.500000,1135.644501
20.000000,55.500000,1205.714649
21.000000,55.500000,1277.365514
13.000000,56.000000,780.807439
14.000000,56.000000,835.629024
15.000000,56.000000,891.930859
16.000000,56.000000,949.712945
17.000000,56.000000,1008.975280
18.000000,56.000000,1075.491319
19.000000,56.000000,1144.596601
20.000000,56.000000,1215.292001
21.000000,56.000000,1287.577519
13.000000,56.500000,786.670455
14.000000,56.500000,841.842474
15.000000,56.500000,898.499461
16.000000,56.500000,956.641418
17.000000,56.500000,1016.495663
18.000000,56.500000,1084.101007
19.000000,56.500000,1153.806704
20.000000,56.500000,1225.111601
12.000000,57.000000,738.521511
13.000000,57.000000,792.555380
14.000000,57.000000,848.078930
15.000000,57.000000,905.092161
16.000000,57.000000,963.595072
17.000000,57.000000,1024.043863
18.000000,57.000000,1092.743915
19.000000,57.000000,1163.052218
20.000000,57.000000,1234.968771
12.000000,57.500000,743.958203
13.000000,57.500000,798.367185
14.000000,57.500000,854.273212
15.000000,57.500000,911.676285
16.000000,57.500000,970.576404
17.000000,57.500000,1032.225944
18.000000,57.500000,1101.524724
19.000000,57.500000,1172.441071
20.000000,57.500000,1244.974985
12.000000,58.000000,749.414797
13.000000,58.000000,804.200199
14.000000,58.000000,860.490022
15.000000,58.000000,918.284268
16.000000,58.000000,977.582936
17.000000,58.000000,1040.439814
18.000000,58.000000,1110.339587
19.000000,58.000000,1181.866218
20.000000,58.000000,1255.019706
12.000000,58.500000,754.928283
13.000000,58.500000,810.147858
14.000000,58.500000,866.879896
15.000000,58.500000,925.124398
16.000000,58.500000,984.881363
17.000000,58.500000,1049.052914
18.000000,58.500000,1119.499142
19.000000,58.500000,1191.580263
20.000000,58.500000,1265.296276
12.000000,59.000000,760.461895
13.000000,59.000000,816.117401
14.000000,59.000000,873.293404
15.000000,59.000000,931.989904
16.000000,59.000000,992.206901
17.000000,59.000000,1057.700154
18.000000,59.000000,1128.694699
19.000000,59.000000,1201.332161
20.000000,59.000000,1275.612539
12.000000,59.500000,766.166511
13.000000,59.500000,822.272915
14.000000,59.500000,879.907697
15.000000,59.500000,939.070856
16.000000,59.500000,999.762393
17.000000,59.500000,1066.600524
18.000000,59.500000,1138.117200
19.000000,59.500000,1211.285124
20.000000,59.500000,1286.104297
12.000000,60.000000,771.892409
13.000000,60.000000,828.451552
14.000000,60.000000,886.546937
15.000000,60.000000,946.178561
16.000000,60.000000,1007.346427
17.000000,60.000000,1075.536432
18.000000,60.000000,1147.576958
19.000000,60.000000,1221.277072
20.000000,60.000000,1296.636775
12.000000,60.500000,777.768037
13.000000,60.500000,834.781074
14.000000,60.500000,893.338068
15.000000,60.500000,953.439020
16.000000,60.500000,1015.083930
17.000000,60.500000,1084.653196
18.000000,60.500000,1157.245152
19.000000,60.500000,1231.506261
12.000000,61.000000,783.665926
13.000000,61.000000,841.134682
14.000000,61.000000,900.155095
15.000000,61.000000,960.727166
16.000000,61.000000,1022.850894
17.000000,61.000000,1093.806655
18.000000,61.000000,1166.951962
19.000000,61.000000,1241.776001
12.000000,61.500000,789.664239
13.000000,61.500000,847.605284
14.000000,61.500000,907.105786
15.000000,61.500000,968.165745
16.000000,61.500000,1031.382874
17.000000,61.500000,1103.135452
18.000000,61.500000,1176.830903
19.000000,61.500000,1252.213037
12.000000,62.000000,795.685386
13.000000,62.000000,854.100677
14.000000,62.000000,914.083201
15.000000,62.000000,975.632958
16.000000,62.000000,1039.949333
17.000000,62.000000,1112.502119
18.000000,62.000000,1186.749534
19.000000,62.000000,1262.691579
12.000000,62.500000,801.886258
13.000000,62.500000,860.766781
14.000000,62.500000,921.221497
15.000000,62.500000,983.250406
16.000000,62.500000,1048.917438
17.000000,62.500000,1122.005712
18.000000,62.500000,1196.796663
19.000000,62.500000,1273.290291
11.000000,63.000000,750.344713
12.000000,63.000000,808.111191
13.000000,63.000000,867.458796
14.000000,63.000000,928.387527
15.000000,63.000000,990.897384
16.000000,63.000000,1057.922386
17.000000,63.000000,1131.547920
18.000000,63.000000,1206.884180
19.000000,63.000000,1283.931168
11.000000,63.500000,756.280399
12.000000,63.500000,814.485394
13.000000,63.500000,874.277372
14.000000,63.500000,935.656330
15.000000,63.500000,998.622270
16.000000,63.500000,1066.988036
17.000000,63.500000,1141.148148
18.000000,63.500000,1217.027417
19.000000,63.500000,1294.625845
11.000000,64.000000,762.239450
12.000000,64.000000,820.884637
13.000000,64.000000,881.122634
14.000000,64.000000,942.953441
15.000000,64.000000,1006.377059
16.000000,64.000000,1076.090847
17.000000,64.000000,1150.787312
18.000000,64.000000,1227.211376
19.000000,64.000000,1305.363038
11.000000,64.500000,768.284055
12.000000,64.500000,827.317476
13.000000,64.500000,887.947062
14.000000,64.500000,950.172814
15.000000,64.500000,1013.994731
16.000000,64.500000,1085.075950
17.000000,64.500000,1160.385666
18.000000,64.500000,1237.432371
11.000000,65.000000,774.352491
12.000000,65.000000,833.775404
13.000000,65.000000,894.797813
14.000000,65.000000,957.419717
15.000000,65.000000,1021.641116
16.000000,65.000000,1094.097395
17.000000,65.000000,1170.022627
18.000000,65.000000,1247.694234
11.000000,65.500000,780.591164
12.000000,65.500000,840.388454
13.000000,65.500000,901.787478
14.000000,65.500000,964.788234
15.000000,65.500000,1029.390723
16.000000,65.500000,1103.299357
17.000000,65.500000,1179.846371
18.000000,65.500000,1258.149056
11.000000,66.000000,786.854852
12.000000,66.000000,847.027623
13.000000,66.000000,908.804337
14.000000,66.000000,972.184994
15.000000,66.000000,1037.169594
16.000000,66.000000,1112.538707
17.000000,66.000000,1189.709783
18.000000,66.000000,1268.645817
11.000000,66.500000,793.300996
12.000000,66.500000,853.839817
13.000000,66.500000,915.986807
14.000000,66.500000,979.741966
15.000000,66.500000,1046.043469
16.000000,66.500000,1122.154120
17.000000,66.500000,1200.062137
18.000000,66.500000,1279.748957
11.000000,67.000000,799.773413
12.000000,67.000000,860.679270
13.000000,67.000000,923.197521
14.000000,67.000000,987.328166
15.000000,67.000000,1054.954055
16.000000,67.000000,1131.809441
17.000000,67.000000,1210.457495
18.000000,67.000000,1290.898217
11.000000,67.500000,806.315826
12.000000,67.500000,867.664900
13.000000,67.500000,930.634010
14.000000,67.500000,995.223158
15.000000,67.500000,1064.385185
16.000000,67.500000,1141.915355
17.000000,67.500000,1221.248630
11.000000,68.000000,812.884874
12.000000,68.000000,874.678736
13.000000,68.000000,938.100288
14.000000,68.000000,1003.149530
15.000000,68.000000,1073.856742
16.000000,68.000000,1152.064321
17.000000,68.000000,1232.085434
11.000000,68.500000,819.581580
12.000000,68.500000,881.844781
13.000000,68.500000,945.743765
14.000000,68.500000,1011.278530
10.000000,69.000000,765.215332
11.000000,69.000000,826.305736
12.000000,69.000000,889.040022
13.000000,69.000000,953.418188
14.000000,69.000000,1019.440236
10.000000,69.500000,771.609228
11.000000,69.500000,833.186768
12.000000,69.500000,896.416763
13.000000,69.500000,961.299214
14.000000,69.500000,1027.834121
10.000000,70.000000,778.029710
11.000000,70.000000,840.096292
12.000000,70.000000,903.823909
13.000000,70.000000,969.212562
14.000000,70.000000,1036.262251
10.000000,70.500000,784.572629
11.000000,70.500000,847.335557
12.000000,70.500000,911.772788
13.000000,70.500000,977.884322
10.000000,71.000000,791.142936
11.000000,71.000000,854.605756
12.000000,71.000000,919.756098
13.000000,71.000000,986.593962
10.000000,71.500000,798.080642
11.000000,71.500000,862.205227
12.000000,71.500000,928.028170
13.000000,71.500000,995.549470
10.000000,72.000000,805.048547
11.000000,72.000000,869.838064
12.000000,72.000000,936.336713
13.000000,72.000000,1004.544494
10.000000,72.500000,812.379607
11.000000,72.500000,877.796102
12.000000,72.500000,944.930516
13.000000,72.500000,1013.782849
10.000000,73.000000,819.743617
11.000000,73.000000,885.789861
12.000000,73.000000,953.562749
13.000000,73.000000,1023.062282
10.000000,73.500000,827.252305
11.000000,73.500000,893.961197
12.000000,73.500000,962.406245
13.000000,73.500000,1032.587449
10.000000,74.000000,834.794942
11.000000,74.000000,902.169503
12.000000,74.000000,971.289666
13.000000,74.000000,1042.155431
10.000000,74.500000,842.229494
11.000000,74.500000,910.384146
12.000000,74.500000,980.297330
9.000000,75.000000,782.529532
10.000000,75.000000,849.696866
11.000000,75.000000,918.635576
12.000000,75.000000,989.345663
9.000000,75.500000,789.725427
10.000000,75.500000,857.601286
11.000000,75.500000,927.262869
12.000000,75.500000,998.710174
9.000000,76.000000,796.953817
10.000000,76.000000,865.541598
11.000000,76.000000,935.929460
12.000000,76.000000,1008.117401
9.000000,76.500000,804.534036
10.000000,76.500000,873.813781
11.000000,76.500000,944.907258
12.000000,76.500000,1017.814466
9.000000,77.000000,812.149424
10.000000,77.000000,882.124339
11.000000,77.000000,953.926652
12.000000,77.000000,1027.556363
9.000000,77.500000,820.183457
10.000000,77.500000,890.808426
11.000000,77.500000,963.272097
12.000000,77.500000,1037.574472
9.000000,78.000000,828.255998
10.000000,78.000000,899.533810
11.000000,78.000000,972.661635
12.000000,78.000000,1047.639474
9.000000,78.500000,836.559865
10.000000,78.500000,908.486354
11.000000,78.500000,982.273502
12.000000,78.500000,1057.921310
9.000000,79.000000,844.903928
10.000000,79.000000,917.481805
11.000000,79.000000,991.930987
12.000000,79.000000,1068.251476
9.000000,79.500000,853.465380
10.000000,79.500000,926.675320
11.000000,79.500000,1001.766330
9.000000,80.000000,862.068602
10.000000,80.000000,935.913125
11.000000,80.000000,1011.648481
