weight_g,405.000000
thrust_N,velocity_m_s,power_W
17.000000,0.000000,1381.828743
18.000000,0.000000,1476.769187
19.000000,0.000000,1574.747456
20.000000,0.000000,1675.763549
21.000000,0.000000,1779.817466
22.000000,0.000000,1887.498597
23.000000,0.000000,1998.607850
24.000000,0.000000,2112.697000
25.000000,0.000000,2229.766048
17.000000,0.500000,1383.786084
18.000000,0.500000,1478.811791
19.000000,0.500000,1576.877449
20.000000,0.500000,1677.983056
21.000000,0.500000,1782.128613
22.000000,0.500000,1889.912671
23.000000,0.500000,2001.073824
24.000000,0.500000,2115.215129
25.000000,0.500000,2232.336587
17.000000,1.000000,1385.743994
18.000000,1.000000,1480.855023
19.000000,1.000000,1579.008128
20.000000,1.000000,1680.203309
21.000000,1.000000,1784.440566
22.000000,1.000000,1892.327325
23.000000,1.000000,2003.540406
24.000000,1.000000,2117.733895
25.000000,1.000000,2234.907790
17.000000,1.500000,1387.711394
18.000000,1.500000,1482.907893
19.000000,1.500000,1581.148582
20.000000,1.500000,1682.433463
21.000000,1.500000,1786.762535
22.000000,1.500000,1894.743677
23.000000,1.500000,2006.004355
24.000000,1.500000,2120.245507
25.000000,1.500000,2237.467131
17.000000,2.000000,1389.679373
18.000000,2.000000,1484.961400
19.000000,2.000000,1583.289734
20.000000,2.000000,1684.664375
21.000000,2.000000,1789.085323
22.000000,2.000000,1897.160612
23.000000,2.000000,2008.468916
24.000000,2.000000,2122.757757
25.000000,2.000000,2240.027136
17.000000,2.500000,1391.656851
18.000000,2.500000,1487.024550
19.000000,2.500000,1585.440663
20.000000,2.500000,1686.905188
21.000000,2.500000,1791.418126
22.000000,2.500000,1899.578403
23.000000,2.500000,2010.930034
24.000000,2.500000,2125.262081
17.000000,3.000000,1393.634917
18.000000,3.000000,1489.088350
19.000000,3.000000,1587.592301
20.000000,3.000000,1689.146770
21.000000,3.000000,1793.751758
22.000000,3.000000,1901.996782
23.000000,3.000000,2013.391767
24.000000,3.000000,2127.767044
17.000000,3.500000,1395.613491
18.000000,3.500000,1491.154680
19.000000,3.500000,1589.748667
20.000000,3.500000,1691.395453
21.000000,3.500000,1796.095037
22.000000,3.500000,1904.415186
23.000000,3.500000,2015.849264
24.000000,3.500000,2130.263327
17.000000,4.000000,1397.592639
18.000000,4.000000,1493.221650
19.000000,4.000000,1591.905740
20.000000,4.000000,1693.644908
21.000000,4.000000,1798.439155
22.000000,4.000000,1906.834183
23.000000,4.000000,2018.307379
24.000000,4.000000,2132.760252
17.000000,4.500000,1399.541160
18.000000,4.500000,1495.266934
19.000000,4.500000,1594.050796
20.000000,4.500000,1695.892746
21.000000,4.500000,1800.792784
22.000000,4.500000,1909.252389
23.000000,4.500000,2020.760482
24.000000,4.500000,2135.247761
17.000000,5.000000,1401.490184
18.000000,5.000000,1497.312806
19.000000,5.000000,1596.196527
20.000000,5.000000,1698.141346
21.000000,5.000000,1803.147264
22.000000,5.000000,1911.671192
23.000000,5.000000,2023.214206
24.000000,5.000000,2137.735913
17.000000,5.500000,1403.512010
18.000000,5.500000,1499.423761
19.000000,5.500000,1598.398915
20.000000,5.500000,1700.437471
21.000000,5.500000,1805.539429
22.000000,5.500000,1914.107868
23.000000,5.500000,2025.674924
24.000000,5.500000,2140.219629
17.000000,6.000000,1405.534448
18.000000,6.000000,1501.535398
19.000000,6.000000,1600.602055
20.000000,6.000000,1702.734418
21.000000,6.000000,1807.932487
22.000000,6.000000,1916.545163
23.000000,6.000000,2028.136275
24.000000,6.000000,2142.703994
17.000000,6.500000,1407.589291
18.000000,6.500000,1503.717244
19.000000,6.500000,1602.915334
20.000000,6.500000,1705.183558
21.000000,6.500000,1810.526911
22.000000,6.500000,1919.150761
23.000000,6.500000,2030.750167
24.000000,6.500000,2145.324225
17.000000,7.000000,1409.644797
18.000000,7.000000,1505.899854
19.000000,7.000000,1605.229479
20.000000,7.000000,1707.633672
21.000000,7.000000,1813.122099
22.000000,7.000000,1921.757109
23.000000,7.000000,2033.364813
24.000000,7.000000,2147.945212
17.000000,7.500000,1411.692673
18.000000,7.500000,1508.075930
19.000000,7.500000,1607.538246
20.000000,7.500000,1710.079620
21.000000,7.500000,1815.698430
22.000000,7.500000,1924.361000
23.000000,7.500000,2035.995175
24.000000,7.500000,2150.600957
17.000000,8.000000,1413.741221
18.000000,8.000000,1510.252779
19.000000,8.000000,1609.847889
20.000000,8.000000,1712.526549
21.000000,8.000000,1818.275504
22.000000,8.000000,1926.965652
23.000000,8.000000,2038.626316
24.000000,8.000000,2153.257496
17.000000,8.500000,1415.782640
18.000000,8.500000,1512.423571
19.000000,8.500000,1612.152602
20.000000,8.500000,1714.969734
21.000000,8.500000,1820.834395
22.000000,8.500000,1929.557316
23.000000,8.500000,2041.249900
24.000000,8.500000,2155.912146
17.000000,9.000000,1417.824741
18.000000,9.000000,1514.595144
19.000000,9.000000,1614.458200
20.000000,9.000000,1717.413908
21.000000,9.000000,1823.394029
22.000000,9.000000,1932.149743
23.000000,9.000000,2043.874265
24.000000,9.000000,2158.567596
17.000000,9.500000,1419.867082
18.000000,9.500000,1516.766291
19.000000,9.500000,1616.762653
20.000000,9.500000,1719.856167
21.000000,9.500000,1825.936949
22.000000,9.500000,1934.730576
23.000000,9.500000,2046.492389
24.000000,9.500000,2161.222390
16.000000,10.000000,1327.983664
17.000000,10.000000,1421.910120
18.000000,10.000000,1518.938232
19.000000,10.000000,1619.068000
20.000000,10.000000,1722.299425
21.000000,10.000000,1828.480613
22.000000,10.000000,1937.312173
23.000000,10.000000,2049.111298
24.000000,10.000000,2163.877987
16.000000,10.500000,1330.069242
17.000000,10.500000,1424.087665
18.000000,10.500000,1521.209966
19.000000,10.500000,1621.436143
20.000000,10.500000,1724.766198
21.000000,10.500000,1831.008979
22.000000,10.500000,1939.883525
23.000000,10.500000,2051.725243
24.000000,10.500000,2166.534132
16.000000,11.000000,1332.155578
17.000000,11.000000,1426.266037
18.000000,11.000000,1523.482594
19.000000,11.000000,1623.805249
20.000000,11.000000,1727.234002
21.000000,11.000000,1833.538089
22.000000,11.000000,1942.455644
23.000000,11.000000,2054.339976
24.000000,11.000000,2169.191085
16.000000,11.500000,1334.287776
17.000000,11.500000,1428.517116
18.000000,11.500000,1525.856269
19.000000,11.500000,1626.305235
20.000000,11.500000,1729.864013
21.000000,11.500000,1836.220129
22.000000,11.500000,1945.138984
23.000000,11.500000,2057.022049
24.000000,11.500000,2171.869323
16.000000,12.000000,1336.420792
17.000000,12.000000,1430.769103
18.000000,12.000000,1528.230944
19.000000,12.000000,1628.806314
20.000000,12.000000,1732.495213
21.000000,12.000000,1838.903022
22.000000,12.000000,1947.823169
23.000000,12.000000,2059.704957
24.000000,12.000000,2174.548387
16.000000,12.500000,1338.578988
17.000000,12.500000,1433.088837
18.000000,12.500000,1530.718454
19.000000,12.500000,1631.467839
20.000000,12.500000,1735.336993
21.000000,12.500000,1841.791246
22.000000,12.500000,1950.698939
23.000000,12.500000,2062.564853
24.000000,12.500000,2177.388988
16.000000,13.000000,1340.738029
17.000000,13.000000,1435.409547
18.000000,13.000000,1533.207078
19.000000,13.000000,1634.130623
20.000000,13.000000,1738.180182
21.000000,13.000000,1844.680484
22.000000,13.000000,1953.575702
23.000000,13.000000,2065.425721
24.000000,13.000000,2180.230541
16.000000,13.500000,1342.917080
17.000000,13.500000,1437.751829
18.000000,13.500000,1535.718898
19.000000,13.500000,1636.818286
20.000000,13.500000,1741.049993
21.000000,13.500000,1847.586830
22.000000,13.500000,1956.506437
23.000000,13.500000,2068.379256
24.000000,13.500000,2183.205286
16.000000,14.000000,1345.096998
17.000000,14.000000,1440.095112
18.000000,14.000000,1538.231859
19.000000,14.000000,1639.507236
20.000000,14.000000,1743.921245
21.000000,14.000000,1850.494213
22.000000,14.000000,1959.438225
23.000000,14.000000,2071.333856
24.000000,14.000000,2186.181107
16.000000,14.500000,1347.308273
17.000000,14.500000,1442.473417
18.000000,14.500000,1540.783543
19.000000,14.500000,1642.238650
20.000000,14.500000,1746.838738
21.000000,14.500000,1853.420927
22.000000,14.500000,1962.389133
23.000000,14.500000,2074.307538
24.000000,14.500000,2189.176142
16.000000,15.000000,1349.520447
17.000000,15.000000,1444.852747
18.000000,15.000000,1543.336385
19.000000,15.000000,1644.971361
20.000000,15.000000,1749.757674
21.000000,15.000000,1856.348641
22.000000,15.000000,1965.341075
23.000000,15.000000,2077.282283
24.000000,15.000000,2192.172267
16.000000,15.500000,1351.917857
17.000000,15.500000,1447.384023
18.000000,15.500000,1546.005366
19.000000,15.500000,1647.781885
20.000000,15.500000,1752.713580
21.000000,15.500000,1859.279410
22.000000,15.500000,1968.301017
23.000000,15.500000,2080.270383
24.000000,15.500000,2195.187509
16.000000,16.000000,1354.316371
17.000000,16.000000,1449.916482
18.000000,16.000000,1548.675611
19.000000,16.000000,1650.593758
20.000000,16.000000,1755.670923
21.000000,16.000000,1862.211138
22.000000,16.000000,1971.261973
23.000000,16.000000,2083.259546
24.000000,16.000000,2198.203857
16.000000,16.500000,1356.795980
17.000000,16.500000,1452.512482
18.000000,16.500000,1551.390665
19.000000,16.500000,1653.430528
20.000000,16.500000,1758.632072
21.000000,16.500000,1865.133543
22.000000,16.500000,1974.223241
23.000000,16.500000,2086.259054
16.000000,17.000000,1359.276778
17.000000,17.000000,1455.109736
18.000000,17.000000,1554.107037
19.000000,17.000000,1656.268684
20.000000,17.000000,1761.594674
21.000000,17.000000,1868.056923
22.000000,17.000000,1977.185539
23.000000,17.000000,2089.259644
16.000000,17.500000,1361.766451
17.000000,17.500000,1457.747349
18.000000,17.500000,1556.897263
19.000000,17.500000,1659.216192
20.000000,17.500000,1764.704136
21.000000,17.500000,1871.087683
22.000000,17.500000,1980.227847
23.000000,17.500000,2092.311133
16.000000,18.000000,1364.257348
17.000000,18.000000,1460.386300
18.000000,18.000000,1559.688941
19.000000,18.000000,1662.165272
20.000000,18.000000,1767.815293
21.000000,18.000000,1874.119588
22.000000,18.000000,1983.271301
23.000000,18.000000,2095.363770
16.000000,18.500000,1366.749699
17.000000,18.500000,1463.037720
18.000000,18.500000,1562.504798
19.000000,18.500000,1665.150935
20.000000,18.500000,1770.903206
21.000000,18.500000,1877.171253
22.000000,18.500000,1986.330734
23.000000,18.500000,2098.428442
16.000000,19.000000,1369.243294
17.000000,19.000000,1465.690513
18.000000,19.000000,1565.322163
19.000000,19.000000,1668.138243
20.000000,19.000000,1773.992574
21.000000,19.000000,1880.224130
22.000000,19.000000,1989.391381
23.000000,19.000000,2101.494327
16.000000,19.500000,1371.754101
17.000000,19.500000,1468.356168
18.000000,19.500000,1568.147699
19.000000,19.500000,1671.128695
20.000000,19.500000,1777.012511
21.000000,19.500000,1883.296156
22.000000,19.500000,1992.515202
23.000000,19.500000,2104.669650
16.000000,20.000000,1374.266198
17.000000,20.000000,1471.023232
18.000000,20.000000,1570.974770
19.000000,20.000000,1674.120810
20.000000,20.000000,1780.033660
21.000000,20.000000,1886.369448
22.000000,20.000000,1995.640342
23.000000,20.000000,2107.846342
16.000000,20.500000,1376.892539
17.000000,20.500000,1473.776598
18.000000,20.500000,1573.858071
19.000000,20.500000,1677.136957
20.000000,20.500000,1783.035181
21.000000,20.500000,1889.427750
22.000000,20.500000,1998.755357
23.000000,20.500000,2111.018002
16.000000,21.000000,1379.520393
17.000000,21.000000,1476.531544
18.000000,21.000000,1576.743021
19.000000,21.000000,1680.154823
20.000000,21.000000,1786.037918
21.000000,21.000000,1892.487324
22.000000,21.000000,2001.871699
23.000000,21.000000,2114.191042
16.000000,21.500000,1382.154042
17.000000,21.500000,1479.288880
18.000000,21.500000,1579.626660
19.000000,21.500000,1683.167383
20.000000,21.500000,1789.021769
21.000000,21.500000,1895.529770
22.000000,21.500000,2004.972755
23.000000,21.500000,2117.350723
15.000000,22.000000,1290.736222
16.000000,22.000000,1384.789242
17.000000,22.000000,1482.047823
18.000000,22.000000,1582.511965
19.000000,22.000000,1686.181668
20.000000,22.000000,1792.006839
21.000000,22.000000,1898.573493
22.000000,22.000000,2008.075143
23.000000,22.000000,2120.511788
15.000000,22.500000,1293.262199
16.000000,22.500000,1387.447783
17.000000,22.500000,1484.842329
18.000000,22.500000,1585.445836
19.000000,22.500000,1689.258304
20.000000,22.500000,1795.043904
21.000000,22.500000,1901.652460
22.000000,22.500000,2011.194998
23.000000,22.500000,2123.671517
15.000000,23.000000,1295.789684
16.000000,23.000000,1390.107910
17.000000,23.000000,1487.638501
18.000000,23.000000,1588.381456
19.000000,23.000000,1692.336775
20.000000,23.000000,1798.082292
21.000000,23.000000,1904.732778
22.000000,23.000000,2014.316229
23.000000,23.000000,2126.832647
15.000000,23.500000,1298.330183
16.000000,23.500000,1392.784416
17.000000,23.500000,1490.454897
18.000000,23.500000,1591.341625
19.000000,23.500000,1695.444600
20.000000,23.500000,1801.136847
21.000000,23.500000,1907.821448
22.000000,23.500000,2017.437107
23.000000,23.500000,2129.983824
15.000000,24.000000,1300.872208
16.000000,24.000000,1395.462561
17.000000,24.000000,1493.273047
18.000000,24.000000,1594.303665
19.000000,24.000000,1698.554417
20.000000,24.000000,1804.192896
21.000000,24.000000,1910.911587
22.000000,24.000000,2020.559429
23.000000,24.000000,2133.136422
15.000000,24.500000,1303.427977
16.000000,24.500000,1398.155577
17.000000,24.500000,1496.107121
18.000000,24.500000,1597.282609
19.000000,24.500000,1701.682040
20.000000,24.500000,1807.258907
21.000000,24.500000,1914.029888
22.000000,24.500000,2023.729103
23.000000,24.500000,2136.356553
15.000000,25.000000,1305.985342
16.000000,25.000000,1400.850294
17.000000,25.000000,1498.943002
18.000000,25.000000,1600.263467
19.000000,25.000000,1704.811689
20.000000,25.000000,1810.326433
21.000000,25.000000,1917.149705
22.000000,25.000000,2026.900296
23.000000,25.000000,2139.578205
15.000000,25.500000,1308.558221
16.000000,25.500000,1403.562034
17.000000,25.500000,1501.796934
18.000000,25.500000,1603.262923
19.000000,25.500000,1707.960000
20.000000,25.500000,1813.422845
21.000000,25.500000,1920.339453
22.000000,25.500000,2030.184677
23.000000,25.500000,2142.958517
15.000000,26.000000,1311.132911
16.000000,26.000000,1406.275646
17.000000,26.000000,1504.652802
18.000000,26.000000,1606.264380
19.000000,26.000000,1711.110379
20.000000,26.000000,1816.520816
21.000000,26.000000,1923.530825
22.000000,26.000000,2033.470745
23.000000,26.000000,2146.340579
15.000000,26.500000,1313.678187
16.000000,26.500000,1408.969727
17.000000,26.500000,1507.499861
18.000000,26.500000,1609.268589
19.000000,26.500000,1714.275910
20.000000,26.500000,1819.628596
21.000000,26.500000,1926.732262
22.000000,26.500000,2036.767170
23.000000,26.500000,2149.733319
15.000000,27.000000,1316.225174
16.000000,27.000000,1411.665608
17.000000,27.000000,1510.348810
18.000000,27.000000,1612.274780
19.000000,27.000000,1717.443519
20.000000,27.000000,1822.737953
21.000000,27.000000,1929.935344
22.000000,27.000000,2040.065305
23.000000,27.000000,2153.127835
15.000000,27.500000,1318.788087
16.000000,27.500000,1414.386603
17.000000,27.500000,1513.232644
18.000000,27.500000,1615.326210
19.000000,27.500000,1720.667300
20.000000,27.500000,1825.883046
21.000000,27.500000,1933.161609
22.000000,27.500000,2043.373370
23.000000,27.500000,2156.518330
15.000000,28.000000,1321.352728
16.000000,28.000000,1417.109430
17.000000,28.000000,1516.118417
18.000000,28.000000,1618.379687
19.000000,28.000000,1723.893242
20.000000,28.000000,1829.029773
21.000000,28.000000,1936.389559
22.000000,28.000000,2046.683170
23.000000,28.000000,2159.910607
24.000000,28.000000,2279.512304
25.000000,28.000000,2402.602018
26.000000,28.000000,2528.698141
15.000000,28.500000,1323.968578
16.000000,28.500000,1419.924433
17.000000,28.500000,1519.139919
18.000000,28.500000,1621.615035
19.000000,28.500000,1727.349782
20.000000,28.500000,1832.340779
21.000000,28.500000,1939.729094
22.000000,28.500000,2050.048850
23.000000,28.500000,2163.300048
24.000000,28.500000,2283.125347
25.000000,28.500000,2406.281995
26.000000,28.500000,2532.444643
15.000000,29.000000,1326.586233
16.000000,29.000000,1422.741415
17.000000,29.000000,1522.163581
18.000000,29.000000,1624.852731
19.000000,29.000000,1730.808866
20.000000,29.000000,1835.653663
21.000000,29.000000,1943.070476
22.000000,29.000000,2053.416348
23.000000,29.000000,2166.691277
24.000000,29.000000,2286.739988
25.000000,29.000000,2409.963566
26.000000,29.000000,2536.192736
15.000000,29.500000,1329.376489
16.000000,29.500000,1425.740981
17.000000,29.500000,1525.380114
18.000000,29.500000,1628.293889
19.000000,29.500000,1734.438524
20.000000,29.500000,1839.117529
21.000000,29.500000,1946.542896
22.000000,29.500000,2056.893450
23.000000,29.500000,2170.255997
24.000000,29.500000,2290.427450
25.000000,29.500000,2413.687860
26.000000,29.500000,2539.952650
15.000000,30.000000,1332.168802
16.000000,30.000000,1428.742798
17.000000,30.000000,1528.599101
18.000000,30.000000,1631.737711
19.000000,30.000000,1738.070924
20.000000,30.000000,1842.583436
21.000000,30.000000,1950.017267
22.000000,30.000000,2060.372417
23.000000,30.000000,2173.822399
24.000000,30.000000,2294.116486
25.000000,30.000000,2417.413740
26.000000,30.000000,2543.714159
15.000000,30.500000,1335.280773
16.000000,30.500000,1431.991610
17.000000,30.500000,1531.987278
18.000000,30.500000,1635.267776
19.000000,30.500000,1741.499180
20.000000,30.500000,1846.064910
21.000000,30.500000,1953.550223
22.000000,30.500000,2063.955121
23.000000,30.500000,2177.625916
24.000000,30.500000,2297.911445
25.000000,30.500000,2421.196649
26.000000,30.500000,2547.481527
15.000000,31.000000,1338.395288
16.000000,31.000000,1435.243051
17.000000,31.000000,1535.378168
18.000000,31.000000,1638.800641
19.000000,31.000000,1744.929543
20.000000,31.000000,1849.548452
21.000000,31.000000,1957.085211
22.000000,31.000000,2067.539819
23.000000,31.000000,2181.431161
24.000000,31.000000,2301.708093
25.000000,31.000000,2424.981207
26.000000,31.000000,2551.250502
15.000000,31.500000,1341.497509
16.000000,31.500000,1438.483070
17.000000,31.500000,1538.758573
18.000000,31.500000,1642.324021
19.000000,31.500000,1748.361024
20.000000,31.500000,1853.147253
21.000000,31.500000,1960.855446
22.000000,31.500000,2071.485604
23.000000,31.500000,2185.677228
24.000000,31.500000,2305.804403
25.000000,31.500000,2428.917531
15.000000,32.000000,1344.602266
16.000000,32.000000,1441.725709
17.000000,32.000000,1542.141684
18.000000,32.000000,1645.850193
19.000000,32.000000,1751.794622
20.000000,32.000000,1856.748281
21.000000,32.000000,1964.628023
22.000000,32.000000,2075.433848
23.000000,32.000000,2189.925517
24.000000,32.000000,2309.902723
25.000000,32.000000,2432.855664
15.000000,32.500000,1347.695430
16.000000,32.500000,1444.957597
17.000000,32.500000,1545.514947
18.000000,32.500000,1649.367482
19.000000,32.500000,1755.227844
20.000000,32.500000,1860.350077
21.000000,32.500000,1968.402563
22.000000,32.500000,2079.385304
23.000000,32.500000,2194.125006
24.000000,32.500000,2313.990124
25.000000,32.500000,2436.822700
15.000000,33.000000,1350.791121
16.000000,33.000000,1448.192097
17.000000,33.000000,1548.890909
18.000000,33.000000,1652.887556
19.000000,33.000000,1758.663191
20.000000,33.000000,1863.954109
21.000000,33.000000,1972.179456
22.000000,33.000000,2083.339231
23.000000,33.000000,2198.326688
24.000000,33.000000,2318.079565
25.000000,33.000000,2440.791630
15.000000,33.500000,1353.934148
16.000000,33.500000,1451.514324
17.000000,33.500000,1552.397397
18.000000,33.500000,1656.583365
19.000000,33.500000,1762.282663
20.000000,33.500000,1867.695617
21.000000,33.500000,1976.044313
22.000000,33.500000,2087.328752
23.000000,33.500000,2202.510673
24.000000,33.500000,2322.236222
25.000000,33.500000,2444.916804
14.000000,34.000000,1262.628300
15.000000,34.000000,1357.079867
16.000000,34.000000,1454.839394
17.000000,34.000000,1555.906883
18.000000,34.000000,1660.282333
19.000000,34.000000,1765.904591
20.000000,34.000000,1871.439607
21.000000,34.000000,1979.911680
22.000000,34.000000,2091.320810
23.000000,34.000000,2206.696867
24.000000,34.000000,2326.395057
25.000000,34.000000,2449.044121
14.000000,34.500000,1265.632471
15.000000,34.500000,1360.282667
16.000000,34.500000,1458.247246
17.000000,34.500000,1559.526207
18.000000,34.500000,1664.119550
19.000000,34.500000,1769.646761
20.000000,34.500000,1875.269960
21.000000,34.500000,1983.829441
22.000000,34.500000,2095.325204
23.000000,34.500000,2210.848168
24.000000,34.500000,2330.521455
25.000000,34.500000,2453.141568
14.000000,35.000000,1268.639360
15.000000,35.000000,1363.488368
16.000000,35.000000,1461.658184
17.000000,35.000000,1563.148809
18.000000,35.000000,1667.960242
19.000000,35.000000,1773.391627
20.000000,35.000000,1879.102966
21.000000,35.000000,1987.749811
22.000000,35.000000,2099.332162
23.000000,35.000000,2215.001666
24.000000,35.000000,2334.650021
25.000000,35.000000,2457.241146
14.000000,35.500000,1271.697379
15.000000,35.500000,1366.743643
16.000000,35.500000,1465.116569
17.000000,35.500000,1566.816156
18.000000,35.500000,1671.842404
19.000000,35.500000,1777.150144
20.000000,35.500000,1882.945144
21.000000,35.500000,1991.674632
22.000000,35.500000,2103.338610
23.000000,35.500000,2219.131044
24.000000,35.500000,2338.753445
25.000000,35.500000,2461.314429
14.000000,36.000000,1274.758349
15.000000,36.000000,1370.002023
16.000000,36.000000,1468.578214
17.000000,36.000000,1570.486921
18.000000,36.000000,1675.728145
19.000000,36.000000,1780.911394
20.000000,36.000000,1886.790004
21.000000,36.000000,1995.602085
22.000000,36.000000,2107.347637
23.000000,36.000000,2223.262637
24.000000,36.000000,2342.859043
25.000000,36.000000,2465.389839
14.000000,36.500000,1277.823024
15.000000,36.500000,1373.269282
16.000000,36.500000,1472.054212
17.000000,36.500000,1574.177817
18.000000,36.500000,1679.640095
19.000000,36.500000,1784.681693
20.000000,36.500000,1890.651758
21.000000,36.500000,1999.554898
22.000000,36.500000,2111.391115
23.000000,36.500000,2227.402516
24.000000,36.500000,2346.959964
25.000000,36.500000,2469.446648
14.000000,37.000000,1280.890656
15.000000,37.000000,1376.539656
16.000000,37.000000,1475.533490
17.000000,37.000000,1577.872157
18.000000,37.000000,1683.555659
19.000000,37.000000,1788.454741
20.000000,37.000000,1894.516244
21.000000,37.000000,2003.510429
22.000000,37.000000,2115.437295
23.000000,37.000000,2231.544722
24.000000,37.000000,2351.063117
25.000000,37.000000,2473.505597
14.000000,37.500000,1283.963433
15.000000,37.500000,1379.820416
16.000000,37.500000,1479.028697
17.000000,37.500000,1581.588275
18.000000,37.500000,1687.499150
19.000000,37.500000,1792.253691
20.000000,37.500000,1898.434215
21.000000,37.500000,2007.548884
22.000000,37.500000,2119.597697
23.000000,37.500000,2235.754889
24.000000,37.500000,2355.197107
25.000000,37.500000,2477.555742
14.000000,38.000000,1287.039173
15.000000,38.000000,1383.104307
16.000000,38.000000,1482.527205
17.000000,38.000000,1585.307866
18.000000,38.000000,1691.446292
19.000000,38.000000,1796.055461
20.000000,38.000000,1902.355079
21.000000,38.000000,2011.590304
22.000000,38.000000,2123.761136
23.000000,38.000000,2239.967645
24.000000,38.000000,2359.333473
25.000000,38.000000,2481.608060
14.000000,38.500000,1290.269839
15.000000,38.500000,1386.510969
16.000000,38.500000,1486.113672
17.000000,38.500000,1589.077948
18.000000,38.500000,1695.403798
19.000000,38.500000,1799.844990
20.000000,38.500000,1906.265339
21.000000,38.500000,2015.622941
22.000000,38.500000,2127.917796
23.000000,38.500000,2244.201370
24.000000,38.500000,2363.563890
25.000000,38.500000,2485.830791
14.000000,39.000000,1293.503813
15.000000,39.000000,1389.921022
16.000000,39.000000,1489.703613
17.000000,39.000000,1592.851586
18.000000,39.000000,1699.364941
19.000000,39.000000,1803.637307
20.000000,39.000000,1910.178470
21.000000,39.000000,2019.658531
22.000000,39.000000,2132.077491
23.000000,39.000000,2248.437720
24.000000,39.000000,2367.796808
25.000000,39.000000,2490.055904
14.000000,39.500000,1296.809539
15.000000,39.500000,1393.424067
16.000000,39.500000,1493.409341
17.000000,39.500000,1596.765363
18.000000,39.500000,1703.492131
19.000000,39.500000,1807.551505
20.000000,39.500000,1914.173675
21.000000,39.500000,2023.733454
22.000000,39.500000,2136.234557
23.000000,39.500000,2252.699280
24.000000,39.500000,2372.111778
25.000000,39.500000,2494.422778
14.000000,40.000000,1300.118784
15.000000,40.000000,1396.930789
16.000000,40.000000,1497.118908
17.000000,40.000000,1600.683142
18.000000,40.000000,1707.623492
19.000000,40.000000,1811.468896
20.000000,40.000000,1918.172020
21.000000,40.000000,2027.811466
22.000000,40.000000,2140.394640
23.000000,40.000000,2256.963533
24.000000,40.000000,2376.429420
25.000000,40.000000,2498.792300
14.000000,40.500000,1303.494240
15.000000,40.500000,1400.494231
16.000000,40.500000,1500.874659
17.000000,40.500000,1604.635522
18.000000,40.500000,1711.497553
19.000000,40.500000,1815.382469
20.000000,40.500000,1922.162909
21.000000,40.500000,2031.878235
22.000000,40.500000,2144.587829
23.000000,40.500000,2261.237395
24.000000,40.500000,2380.783775
25.000000,40.500000,2503.226970
14.000000,41.000000,1306.873425
15.000000,41.000000,1404.061520
16.000000,41.000000,1504.634372
17.000000,41.000000,1608.591982
18.000000,41.000000,1715.374964
19.000000,41.000000,1819.299218
20.000000,41.000000,1926.156920
21.000000,41.000000,2035.948070
22.000000,41.000000,2148.783724
23.000000,41.000000,2265.513987
24.000000,41.000000,2385.140884
25.000000,41.000000,2507.664414
14.000000,41.500000,1310.266910
15.000000,41.500000,1407.644611
16.000000,41.500000,1508.411460
17.000000,41.500000,1612.567457
18.000000,41.500000,1719.214769
19.000000,41.500000,1823.231455
20.000000,41.500000,1930.180958
21.000000,41.500000,2040.063279
22.000000,41.500000,2153.038055
23.000000,41.500000,2269.837908
24.000000,41.500000,2389.533500
25.000000,41.500000,2512.124831
14.000000,42.000000,1313.664139
15.000000,42.000000,1411.231565
16.000000,42.000000,1512.192530
17.000000,42.000000,1616.547033
18.000000,42.000000,1723.057799
19.000000,42.000000,1827.166890
20.000000,42.000000,1934.208170
21.000000,42.000000,2044.181637
22.000000,42.000000,2157.295206
23.000000,42.000000,2274.164644
24.000000,42.000000,2393.928925
25.000000,42.000000,2516.588049
14.000000,42.500000,1317.110884
15.000000,42.500000,1414.862044
16.000000,42.500000,1516.010615
17.000000,42.500000,1620.556596
18.000000,42.500000,1726.918486
19.000000,42.500000,1831.163193
20.000000,42.500000,1938.341856
21.000000,42.500000,2048.454477
22.000000,42.500000,2161.726526
23.000000,42.500000,2278.617298
24.000000,42.500000,2398.399348
25.000000,42.500000,2521.072676
14.000000,43.000000,1320.561473
15.000000,43.000000,1418.496469
16.000000,43.000000,1519.832748
17.000000,43.000000,1624.570309
18.000000,43.000000,1730.782427
19.000000,43.000000,1835.162811
20.000000,43.000000,1942.478921
21.000000,43.000000,2052.730758
22.000000,43.000000,2166.160982
23.000000,43.000000,2283.072982
24.000000,43.000000,2402.872698
25.000000,43.000000,2525.560128
14.000000,43.500000,1324.218901
15.000000,43.500000,1422.299859
16.000000,43.500000,1523.782984
17.000000,43.500000,1628.668277
18.000000,43.500000,1734.701187
19.000000,43.500000,1839.238958
20.000000,43.500000,1946.715439
21.000000,43.500000,2057.130631
22.000000,43.500000,2170.700361
23.000000,43.500000,2287.603128
24.000000,43.500000,2407.388010
14.000000,44.000000,1327.880677
15.000000,44.000000,1426.107601
16.000000,44.000000,1527.737576
17.000000,44.000000,1632.770601
18.000000,44.000000,1738.623353
19.000000,44.000000,1843.318624
20.000000,44.000000,1950.955591
21.000000,44.000000,2061.534254
22.000000,44.000000,2175.243154
23.000000,44.000000,2292.136486
24.000000,44.000000,2411.906338
14.000000,44.500000,1331.658478
15.000000,44.500000,1430.062524
16.000000,44.500000,1531.872388
17.000000,44.500000,1637.088067
18.000000,44.500000,1742.750146
19.000000,44.500000,1847.557273
20.000000,44.500000,1955.306211
21.000000,44.500000,2065.996961
22.000000,44.500000,2179.787706
23.000000,44.500000,2296.678284
24.000000,44.500000,2416.440404
13.000000,45.000000,1240.268247
14.000000,45.000000,1335.440912
15.000000,45.000000,1434.022159
16.000000,45.000000,1536.011988
17.000000,45.000000,1641.410400
18.000000,45.000000,1746.880781
19.000000,45.000000,1851.799772
20.000000,45.000000,1959.660691
21.000000,45.000000,2070.463537
22.000000,45.000000,2184.335691
23.000000,45.000000,2301.223348
24.000000,45.000000,2420.977572
13.000000,45.500000,1243.998502
14.000000,45.500000,1339.361506
15.000000,45.500000,1438.136703
16.000000,45.500000,1540.324093
17.000000,45.500000,1645.923677
18.000000,45.500000,1751.165628
19.000000,45.500000,1856.156222
20.000000,45.500000,1964.086353
21.000000,45.500000,2074.956021
22.000000,45.500000,2188.880319
23.000000,45.500000,2305.784610
24.000000,45.500000,2425.551831
13.000000,46.000000,1247.733627
14.000000,46.000000,1343.287085
15.000000,46.000000,1442.256349
16.000000,46.000000,1544.641417
17.000000,46.000000,1650.442291
18.000000,46.000000,1755.454659
19.000000,46.000000,1860.516765
20.000000,46.000000,1968.516017
21.000000,46.000000,2079.452417
22.000000,46.000000,2193.428388
23.000000,46.000000,2310.349212
24.000000,46.000000,2430.129328
13.000000,46.500000,1251.480548
14.000000,46.500000,1347.221811
15.000000,46.500000,1446.382314
16.000000,46.500000,1548.962057
17.000000,46.500000,1654.961040
18.000000,46.500000,1759.724603
19.000000,46.500000,1864.862904
20.000000,46.500000,1972.936218
21.000000,46.500000,2083.944547
22.000000,46.500000,2198.011852
23.000000,46.500000,2315.018327
24.000000,46.500000,2434.883793
13.000000,47.000000,1255.232348
14.000000,47.000000,1351.161527
15.000000,47.000000,1450.513380
16.000000,47.000000,1553.287909
17.000000,47.000000,1659.485112
18.000000,47.000000,1763.998690
19.000000,47.000000,1869.213103
20.000000,47.000000,1977.360397
21.000000,47.000000,2088.440573
22.000000,47.000000,2202.598826
23.000000,47.000000,2319.690972
24.000000,47.000000,2439.641807
13.000000,47.500000,1258.981997
14.000000,47.500000,1355.099830
15.000000,47.500000,1454.643431
16.000000,47.500000,1557.612799
17.000000,47.500000,1664.007935
18.000000,47.500000,1768.269015
19.000000,47.500000,1873.582137
20.000000,47.500000,1981.827335
21.000000,47.500000,2093.004608
22.000000,47.500000,2207.244206
23.000000,47.500000,2324.396907
24.000000,47.500000,2444.406560
13.000000,48.000000,1262.736624
14.000000,48.000000,1359.043199
15.000000,48.000000,1458.778633
16.000000,48.000000,1561.942924
17.000000,48.000000,1668.536074
18.000000,48.000000,1772.543485
19.000000,48.000000,1877.955288
20.000000,48.000000,1986.298362
21.000000,48.000000,2097.572705
22.000000,48.000000,2211.893246
23.000000,48.000000,2329.106462
24.000000,48.000000,2449.174890
13.000000,48.500000,1266.488452
14.000000,48.500000,1363.001878
15.000000,48.500000,1462.948012
16.000000,48.500000,1566.326853
17.000000,48.500000,1673.138402
18.000000,48.500000,1776.900580
19.000000,48.500000,1882.436964
20.000000,48.500000,1990.905124
21.000000,48.500000,2102.305061
22.000000,48.500000,2216.660326
23.000000,48.500000,2333.882952
24.000000,48.500000,2453.956084
13.000000,49.000000,1270.245402
14.000000,49.000000,1366.965795
15.000000,49.000000,1467.122738
16.000000,49.000000,1570.716233
17.000000,49.000000,1677.746278
18.000000,49.000000,1781.262076
19.000000,49.000000,1886.923066
20.000000,49.000000,1995.516339
21.000000,49.000000,2107.041894
22.000000,49.000000,2221.431370
23.000000,49.000000,2338.663233
24.000000,49.000000,2458.740898
13.000000,49.500000,1274.020452
14.000000,49.500000,1370.953633
15.000000,49.500000,1471.327477
16.000000,49.500000,1575.141982
17.000000,49.500000,1682.397149
18.000000,49.500000,1785.668019
19.000000,49.500000,1891.470552
20.000000,49.500000,2000.206727
21.000000,49.500000,2111.876542
22.000000,49.500000,2226.250733
23.000000,49.500000,2343.462331
24.000000,49.500000,2463.513406
13.000000,50.000000,1277.800689
14.000000,50.000000,1374.946788
15.000000,50.000000,1475.537653
16.000000,50.000000,1579.573284
17.000000,50.000000,1687.053681
18.000000,50.000000,1790.078499
19.000000,50.000000,1896.022635
20.000000,50.000000,2004.901771
21.000000,50.000000,2116.715909
22.000000,50.000000,2231.074186
23.000000,50.000000,2348.265275
24.000000,50.000000,2468.289521
13.000000,50.500000,1281.601142
14.000000,50.500000,1378.966262
15.000000,50.500000,1479.781023
16.000000,50.500000,1584.045424
17.000000,50.500000,1691.383321
18.000000,50.500000,1794.538947
19.000000,50.500000,1900.622088
20.000000,50.500000,2009.640597
21.000000,50.500000,2121.562426
22.000000,50.500000,2235.907547
23.000000,50.500000,2353.079430
24.000000,50.500000,2473.078249
13.000000,51.000000,1285.406879
14.000000,51.000000,1382.991197
15.000000,51.000000,1484.030029
16.000000,51.000000,1588.523374
17.000000,51.000000,1695.717826
18.000000,51.000000,1799.004228
19.000000,51.000000,1905.226364
20.000000,51.000000,2014.384235
21.000000,51.000000,2126.413316
22.000000,51.000000,2240.745028
23.000000,51.000000,2357.897463
24.000000,51.000000,2477.870620
13.000000,51.500000,1289.229870
14.000000,51.500000,1387.034600
15.000000,51.500000,1488.298782
16.000000,51.500000,1593.022416
17.000000,51.500000,1700.052184
18.000000,51.500000,1803.477726
19.000000,51.500000,1909.839356
20.000000,51.500000,2019.137076
21.000000,51.500000,2131.258817
22.000000,51.500000,2245.652475
23.000000,51.500000,2362.864743
24.000000,51.500000,2482.895622
13.000000,52.000000,1293.058172
14.000000,52.000000,1391.083491
15.000000,52.000000,1492.573201
16.000000,52.000000,1597.527302
17.000000,52.000000,1704.391389
18.000000,52.000000,1807.956060
19.000000,52.000000,1914.457174
20.000000,52.000000,2023.894729
21.000000,52.000000,2136.108673
22.000000,52.000000,2250.564208
23.000000,52.000000,2367.836243
24.000000,52.000000,2487.924775
13.000000,52.500000,1297.017971
14.000000,52.500000,1395.237557
15.000000,52.500000,1496.923946
16.000000,52.500000,1602.077135
17.000000,52.500000,1708.736712
18.000000,52.500000,1812.441410
19.000000,52.500000,1919.082950
20.000000,52.500000,2028.661333
21.000000,52.500000,2140.957015
22.000000,52.500000,2255.486591
23.000000,52.500000,2372.831375
24.000000,52.500000,2492.991367
13.000000,53.000000,1300.983500
14.000000,53.000000,1399.397435
15.000000,53.000000,1501.280575
16.000000,53.000000,1606.632921
17.000000,53.000000,1713.086873
18.000000,53.000000,1816.931590
19.000000,53.000000,1923.713548
20.000000,53.000000,2033.432746
21.000000,53.000000,2145.809711
22.000000,53.000000,2260.413301
23.000000,53.000000,2377.830808
24.000000,53.000000,2498.062230
13.000000,53.500000,1305.039212
14.000000,53.500000,1403.644497
15.000000,53.500000,1505.720837
16.000000,53.500000,1611.268233
17.000000,53.500000,1717.509726
18.000000,53.500000,1821.509971
19.000000,53.500000,1928.448636
20.000000,53.500000,2038.325722
21.000000,53.500000,2150.771201
22.000000,53.500000,2265.423267
23.000000,53.500000,2382.886488
24.000000,53.500000,2503.160864
13.000000,54.000000,1309.100933
14.000000,54.000000,1407.897629
15.000000,54.000000,1510.167223
16.000000,54.000000,1615.909714
17.000000,54.000000,1721.937605
18.000000,54.000000,1826.093406
19.000000,54.000000,1933.188805
20.000000,54.000000,2043.223802
21.000000,54.000000,2155.737330
22.000000,54.000000,2270.437778
23.000000,54.000000,2387.946621
24.000000,54.000000,2508.263859
13.000000,54.500000,1313.240077
14.000000,54.500000,1412.238038
15.000000,54.500000,1514.711389
16.000000,54.500000,1620.660130
17.000000,54.500000,1726.487384
18.000000,54.500000,1830.828606
19.000000,54.500000,1938.112148
20.000000,54.500000,2048.338008
21.000000,54.500000,2160.883240
22.000000,54.500000,2275.571109
23.000000,54.500000,2393.061014
13.000000,55.000000,1317.385441
14.000000,55.000000,1416.584759
15.000000,55.000000,1519.261954
16.000000,55.000000,1625.417025
17.000000,55.000000,1731.042525
18.000000,55.000000,1835.569270
19.000000,55.000000,1943.041055
20.000000,55.000000,2053.457878
21.000000,55.000000,2166.034264
22.000000,55.000000,2280.709287
23.000000,55.000000,2398.179993
13.000000,55.500000,1321.618902
14.000000,55.500000,1421.023790
15.000000,55.500000,1523.909239
16.000000,55.500000,1630.275251
17.000000,55.500000,1735.693372
18.000000,55.500000,1840.398895
19.000000,55.500000,1948.051548
20.000000,55.500000,2058.651333
21.000000,55.500000,2171.205749
22.000000,55.500000,2285.853874
23.000000,55.500000,2403.290566
13.000000,56.000000,1325.858827
14.000000,56.000000,1425.469389
15.000000,56.000000,1528.563193
16.000000,56.000000,1635.140241
17.000000,56.000000,1740.349837
18.000000,56.000000,1845.234212
19.000000,56.000000,1953.067807
20.000000,56.000000,2063.850623
21.000000,56.000000,2176.382401
22.000000,56.000000,2291.003323
23.000000,56.000000,2408.405706
13.000000,56.500000,1330.139031
14.000000,56.500000,1429.981488
15.000000,56.500000,1533.311742
16.000000,56.500000,1640.129792
17.000000,56.500000,1745.120833
18.000000,56.500000,1850.164442
19.000000,56.500000,1958.157912
20.000000,56.500000,2069.101245
21.000000,56.500000,2181.556478
22.000000,56.500000,2296.142658
23.000000,56.500000,2413.502814
12.000000,57.000000,1237.843608
13.000000,57.000000,1334.425802
14.000000,57.000000,1434.500345
15.000000,57.000000,1538.067237
16.000000,57.000000,1645.126477
17.000000,57.000000,1749.897762
18.000000,57.000000,1855.100612
19.000000,57.000000,1963.253962
20.000000,57.000000,2074.357812
21.000000,57.000000,2186.735715
22.000000,57.000000,2301.286831
23.000000,57.000000,2418.604448
12.000000,57.500000,1242.099324
13.000000,57.500000,1338.873319
14.000000,57.500000,1439.140611
15.000000,57.500000,1542.901199
16.000000,57.500000,1650.155083
17.000000,57.500000,1754.683522
18.000000,57.500000,1860.045996
19.000000,57.500000,1968.359621
20.000000,57.500000,2079.624398
21.000000,57.500000,2192.005475
22.000000,57.500000,2306.669694
23.000000,57.500000,2424.099929
12.000000,58.000000,1246.362112
13.000000,58.000000,1343.327953
14.000000,58.000000,1443.788030
15.000000,58.000000,1547.742342
16.000000,58.000000,1655.190889
17.000000,58.000000,1759.475211
18.000000,58.000000,1864.997315
19.000000,58.000000,1973.471220
20.000000,58.000000,2084.896926
21.000000,58.000000,2197.280580
22.000000,58.000000,2312.057881
23.000000,58.000000,2429.600711
12.000000,58.500000,1250.665133
13.000000,58.500000,1347.818550
14.000000,58.500000,1448.466682
15.000000,58.500000,1552.609529
16.000000,58.500000,1660.247093
17.000000,58.500000,1764.282027
18.000000,58.500000,1869.962253
19.000000,58.500000,1978.594814
20.000000,58.500000,2090.179709
21.000000,58.500000,2202.600871
22.000000,58.500000,2317.539547
23.000000,58.500000,2435.245520
12.000000,59.000000,1254.975336
13.000000,59.000000,1352.316352
14.000000,59.000000,1453.152555
15.000000,59.000000,1557.483944
16.000000,59.000000,1665.310520
17.000000,59.000000,1769.094786
18.000000,59.000000,1874.933135
19.000000,59.000000,1983.724350
20.000000,59.000000,2095.468430
21.000000,59.000000,2207.926593
22.000000,59.000000,2323.026725
23.000000,59.000000,2440.895921
12.000000,59.500000,1259.321722
13.000000,59.500000,1356.888856
14.000000,59.500000,1457.954419
15.000000,59.500000,1562.518413
16.000000,59.500000,1670.580837
17.000000,59.500000,1774.106658
18.000000,59.500000,1880.102892
19.000000,59.500000,1989.052036
20.000000,59.500000,2100.893056
21.000000,59.500000,2213.426633
22.000000,59.500000,2328.665851
23.000000,59.500000,2446.674411
12.000000,60.000000,1263.675403
13.000000,60.000000,1361.468809
14.000000,60.000000,1462.763883
15.000000,60.000000,1567.560624
16.000000,60.000000,1675.859032
17.000000,60.000000,1779.125049
18.000000,60.000000,1885.279148
19.000000,60.000000,1994.386198
20.000000,60.000000,2106.323849
21.000000,60.000000,2218.932541
22.000000,60.000000,2334.310851
23.000000,60.000000,2452.458781
12.000000,60.500000,1268.061162
13.000000,60.500000,1366.080126
14.000000,60.500000,1467.603673
15.000000,60.500000,1572.631805
16.000000,60.500000,1680.773154
17.000000,60.500000,1784.228924
18.000000,60.500000,1890.609107
19.000000,60.500000,1999.946188
20.000000,60.500000,2111.962530
21.000000,60.500000,2224.637897
22.000000,60.500000,2340.078847
23.000000,60.500000,2458.285381
12.000000,61.000000,1272.454316
13.000000,61.000000,1370.698981
14.000000,61.000000,1472.451139
15.000000,61.000000,1577.710790
16.000000,61.000000,1685.693944
17.000000,61.000000,1789.339541
18.000000,61.000000,1895.945985
19.000000,61.000000,2005.513274
20.000000,61.000000,2117.607812
21.000000,61.000000,2230.349638
22.000000,61.000000,2345.853014
23.000000,61.000000,2464.117940
12.000000,61.500000,1276.905956
13.000000,61.500000,1375.406826
14.000000,61.500000,1477.420251
15.000000,61.500000,1582.946231
16.000000,61.500000,1690.757115
17.000000,61.500000,1794.593330
18.000000,61.500000,1901.392003
19.000000,61.500000,2011.153133
20.000000,61.500000,2123.261857
21.000000,61.500000,2236.067581
22.000000,61.500000,2351.630658
23.000000,61.500000,2469.951086
12.000000,62.000000,1281.365164
13.000000,62.000000,1380.122486
14.000000,62.000000,1482.397422
15.000000,62.000000,1588.189970
16.000000,62.000000,1695.827375
17.000000,62.000000,1799.854273
18.000000,62.000000,1906.845238
19.000000,62.000000,2016.800269
20.000000,62.000000,2128.922503
21.000000,62.000000,2241.791901
22.000000,62.000000,2357.414453
23.000000,62.000000,2475.790161
12.000000,62.500000,1286.013928
13.000000,62.500000,1384.996456
14.000000,62.500000,1487.498480
15.000000,62.500000,1593.520001
16.000000,62.500000,1700.940656
17.000000,62.500000,1805.154168
18.000000,62.500000,1912.333019
19.000000,62.500000,2022.477210
20.000000,62.500000,2134.582880
21.000000,62.500000,2247.515915
22.000000,62.500000,2363.197891
23.000000,62.500000,2481.628809
12.000000,63.000000,1290.670941
13.000000,63.000000,1389.878791
14.000000,63.000000,1492.608007
15.000000,63.000000,1598.858590
16.000000,63.000000,1706.061127
17.000000,63.000000,1810.461301
18.000000,63.000000,1917.828084
19.000000,63.000000,2028.161477
20.000000,63.000000,2140.249831
21.000000,63.000000,2253.246276
22.000000,63.000000,2368.987451
23.000000,63.000000,2487.473353
12.000000,63.500000,1295.343518
13.000000,63.500000,1394.777458
14.000000,63.500000,1497.734669
15.000000,63.500000,1604.215152
16.000000,63.500000,1711.193545
17.000000,63.500000,1815.776125
18.000000,63.500000,1923.326306
19.000000,63.500000,2033.844088
20.000000,63.500000,2145.895385
21.000000,63.500000,2258.972359
22.000000,63.500000,2374.791464
12.000000,64.000000,1300.024356
13.000000,64.000000,1399.684501
14.000000,64.000000,1502.869810
15.000000,64.000000,1609.580283
16.000000,64.000000,1716.333153
17.000000,64.000000,1821.098173
18.000000,64.000000,1928.831781
19.000000,64.000000,2039.533979
20.000000,64.000000,2151.547452
21.000000,64.000000,2264.704827
22.000000,64.000000,2380.601737
12.000000,64.500000,1304.739785
13.000000,64.500000,1404.633374
14.000000,64.500000,1508.054697
15.000000,64.500000,1615.003755
16.000000,64.500000,1721.532412
17.000000,64.500000,1826.465317
18.000000,64.500000,1934.366308
19.000000,64.500000,2045.235384
20.000000,64.500000,2157.193036
21.000000,64.500000,2270.447796
22.000000,64.500000,2386.441284
12.000000,65.000000,1309.463592
13.000000,65.000000,1409.590777
14.000000,65.000000,1513.248258
15.000000,65.000000,1620.436035
16.000000,65.000000,1726.739108
17.000000,65.000000,1831.839860
18.000000,65.000000,1939.908184
19.000000,65.000000,2050.944079
20.000000,65.000000,2162.845150
21.000000,65.000000,2276.197277
22.000000,65.000000,2392.287322
12.000000,65.500000,1314.220613
13.000000,65.500000,1414.584002
14.000000,65.500000,1518.480325
15.000000,65.500000,1625.909582
16.000000,65.500000,1731.996546
17.000000,65.500000,1837.289997
18.000000,65.500000,1945.552064
19.000000,65.500000,2056.782744
20.000000,65.500000,2168.602754
21.000000,65.500000,2282.021387
22.000000,65.500000,2398.174837
12.000000,66.000000,1318.986120
13.000000,66.000000,1419.585874
14.000000,66.000000,1523.721191
15.000000,66.000000,1631.392072
16.000000,66.000000,1737.261591
17.000000,66.000000,1842.747790
18.000000,66.000000,1951.203640
19.000000,66.000000,2062.629141
20.000000,66.000000,2174.367280
21.000000,66.000000,2287.852268
22.000000,66.000000,2404.068973
12.000000,66.500000,1323.821691
13.000000,66.500000,1424.650820
14.000000,66.500000,1529.017401
15.000000,66.500000,1636.921432
16.000000,66.500000,1742.587548
17.000000,66.500000,1848.297725
18.000000,66.500000,1956.980673
19.000000,66.500000,2068.636393
20.000000,66.500000,2180.244331
21.000000,66.500000,2293.756422
22.000000,66.500000,2409.994344
12.000000,67.000000,1328.665983
13.000000,67.000000,1429.724617
14.000000,67.000000,1534.322581
15.000000,67.000000,1642.459874
16.000000,67.000000,1747.921303
17.000000,67.000000,1853.855619
18.000000,67.000000,1962.765825
19.000000,67.000000,2074.651923
20.000000,67.000000,2186.128708
21.000000,67.000000,2299.667595
22.000000,67.000000,2415.926434
12.000000,67.500000,1333.618590
13.000000,67.500000,1434.898302
14.000000,67.500000,1539.718378
15.000000,67.500000,1648.078818
16.000000,67.500000,1753.329061
17.000000,67.500000,1859.472398
18.000000,67.500000,1968.593326
19.000000,67.500000,2080.691845
20.000000,67.500000,2191.993808
21.000000,67.500000,2305.557886
22.000000,67.500000,2421.836020
11.000000,68.000000,1240.620812
12.000000,68.000000,1338.580308
13.000000,68.000000,1440.081194
14.000000,68.000000,1545.123468
15.000000,68.000000,1653.707132
16.000000,68.000000,1758.744867
17.000000,68.000000,1865.097319
18.000000,68.000000,1974.429057
19.000000,68.000000,2086.740080
20.000000,68.000000,2197.866162
21.000000,68.000000,2311.455123
22.000000,68.000000,2427.752253
11.000000,68.500000,1245.367124
12.000000,68.500000,1343.550182
13.000000,68.500000,1445.275895
14.000000,68.500000,1550.544261
15.000000,68.500000,1659.355282
16.000000,68.500000,1764.181167
17.000000,68.500000,1870.742319
18.000000,68.500000,1980.284397
19.000000,68.500000,2092.686083
20.000000,68.500000,2203.718934
21.000000,68.500000,2317.331198
22.000000,68.500000,2433.645731
11.000000,69.000000,1250.122419
12.000000,69.000000,1348.529156
13.000000,69.000000,1450.479803
14.000000,69.000000,1555.974359
15.000000,69.000000,1665.012824
16.000000,69.000000,1769.625541
17.000000,69.000000,1876.395483
18.000000,69.000000,1986.147985
19.000000,69.000000,2098.640001
20.000000,69.000000,2209.578887
21.000000,69.000000,2323.214148
22.000000,69.000000,2439.545784
11.000000,69.500000,1254.997728
12.000000,69.500000,1353.611033
13.000000,69.500000,1455.768244
14.000000,69.500000,1561.469361
15.000000,69.500000,1670.709578
16.000000,69.500000,1775.113855
17.000000,69.500000,1882.088457
18.000000,69.500000,1992.046745
19.000000,69.500000,2104.466530
20.000000,69.500000,2215.442635
21.000000,69.500000,2329.109627
22.000000,69.500000,2445.467506
11.000000,70.000000,1259.882432
12.000000,70.000000,1358.702349
13.000000,70.000000,1461.066162
14.000000,70.000000,1566.973872
15.000000,70.000000,1676.415846
16.000000,70.000000,1780.610372
17.000000,70.000000,1887.789702
18.000000,70.000000,1997.953835
19.000000,70.000000,2110.300532
20.000000,70.000000,2221.313564
21.000000,70.000000,2335.012001
22.000000,70.000000,2451.395843
11.000000,70.500000,1264.877735
12.000000,70.500000,1363.893365
13.000000,70.500000,1466.452363
14.000000,70.500000,1572.554728
15.000000,70.500000,1681.783552
16.000000,70.500000,1786.169310
17.000000,70.500000,1893.539593
18.000000,70.500000,2003.894398
19.000000,70.500000,2116.168005
20.000000,70.500000,2227.391568
21.000000,70.500000,2341.303850
22.000000,70.500000,2457.904849
11.000000,71.000000,1269.882815
12.000000,71.000000,1369.094162
13.000000,71.000000,1471.848345
14.000000,71.000000,1578.145363
15.000000,71.000000,1687.159651
16.000000,71.000000,1791.736662
17.000000,71.000000,1899.297901
18.000000,71.000000,2009.843368
19.000000,71.000000,2122.043025
20.000000,71.000000,2233.477297
21.000000,71.000000,2347.603602
22.000000,71.000000,2464.421940
11.000000,71.500000,1274.891078
12.000000,71.500000,1374.301402
13.000000,71.500000,1477.253603
14.000000,71.500000,1583.747680
15.000000,71.500000,1692.551934
16.000000,71.500000,1797.322577
17.000000,71.500000,1905.078186
18.000000,71.500000,2015.818761
19.000000,71.500000,2127.963662
20.000000,71.500000,2239.605832
21.000000,71.500000,2353.942054
22.000000,71.500000,2470.972328
11.000000,72.000000,1279.909134
12.000000,72.000000,1379.518441
13.000000,72.000000,1482.668658
14.000000,72.000000,1589.359785
15.000000,72.000000,1697.952620
16.000000,72.000000,1802.916957
17.000000,72.000000,1910.866991
18.000000,72.000000,2021.802724
19.000000,72.000000,2133.892123
20.000000,72.000000,2245.742301
21.000000,72.000000,2360.288549
22.000000,72.000000,2477.530866
11.000000,72.500000,1284.949193
12.000000,72.500000,1384.772162
13.000000,72.500000,1488.136172
14.000000,72.500000,1595.041224
15.000000,72.500000,1703.439005
16.000000,72.500000,1808.581717
17.000000,72.500000,1916.710264
18.000000,72.500000,2027.824646
19.000000,72.500000,2139.863427
20.000000,72.500000,2251.917769
21.000000,72.500000,2366.668797
11.000000,73.000000,1289.999110
12.000000,73.000000,1390.035806
13.000000,73.000000,1493.613668
14.000000,73.000000,1600.732695
15.000000,73.000000,1708.934091
16.000000,73.000000,1814.255203
17.000000,73.000000,1922.562287
18.000000,73.000000,2033.855341
19.000000,73.000000,2145.842787
20.000000,73.000000,2258.101348
21.000000,73.000000,2373.057195
11.000000,73.500000,1295.084843
12.000000,73.500000,1395.338567
13.000000,73.500000,1499.134049
14.000000,73.500000,1606.471289
15.000000,73.500000,1714.474291
16.000000,73.500000,1819.964688
17.000000,73.500000,1928.440419
18.000000,73.500000,2039.901484
19.000000,73.500000,2151.840679
20.000000,73.500000,2264.304071
21.000000,73.500000,2379.465333
11.000000,74.000000,1300.180524
12.000000,74.000000,1400.651355
13.000000,74.000000,1504.664531
14.000000,74.000000,1612.220053
15.000000,74.000000,1720.023322
16.000000,74.000000,1825.682993
17.000000,74.000000,1934.327358
18.000000,74.000000,2045.956418
19.000000,74.000000,2157.846638
20.000000,74.000000,2270.514914
21.000000,74.000000,2385.881627
11.000000,74.500000,1305.238425
12.000000,74.500000,1405.943644
13.000000,74.500000,1510.192278
14.000000,74.500000,1617.984327
15.000000,74.500000,1725.590254
16.000000,74.500000,1831.416730
17.000000,74.500000,1940.227129
18.000000,74.500000,2052.021451
19.000000,74.500000,2163.872187
20.000000,74.500000,2276.746145
21.000000,74.500000,2392.319117
11.000000,75.000000,1310.306124
12.000000,75.000000,1411.245873
13.000000,75.000000,1515.730096
14.000000,75.000000,1623.758792
15.000000,75.000000,1731.166039
16.000000,75.000000,1837.159303
17.000000,75.000000,1946.135715
18.000000,75.000000,2058.095275
19.000000,75.000000,2169.905819
20.000000,75.000000,2282.985508
21.000000,75.000000,2398.764776
11.000000,75.500000,1315.378056
12.000000,75.500000,1416.603610
13.000000,75.500000,1521.377864
14.000000,75.500000,1629.700818
15.000000,75.500000,1736.896205
16.000000,75.500000,1843.014825
17.000000,75.500000,1952.112968
18.000000,75.500000,2064.190633
19.000000,75.500000,2175.960890
20.000000,75.500000,2289.246314
21.000000,75.500000,2405.231820
11.000000,76.000000,1320.459779
12.000000,76.000000,1421.971477
13.000000,76.000000,1527.036088
14.000000,76.000000,1635.653613
15.000000,76.000000,1742.635711
16.000000,76.000000,1848.879519
17.000000,76.000000,1958.099221
18.000000,76.000000,2070.294817
19.000000,76.000000,2182.024064
20.000000,76.000000,2295.515269
21.000000,76.000000,2411.707044
11.000000,76.500000,1325.603609
12.000000,76.500000,1427.393951
13.000000,76.500000,1532.740340
14.000000,76.500000,1641.642774
15.000000,76.500000,1748.377278
16.000000,76.500000,1854.743518
17.000000,76.500000,1964.081902
18.000000,76.500000,2076.392429
19.000000,76.500000,2188.135175
20.000000,76.500000,2301.874574
21.000000,76.500000,2418.318361
11.000000,77.000000,1330.757434
12.000000,77.000000,1432.826725
13.000000,77.000000,1538.455176
14.000000,77.000000,1647.642787
15.000000,77.000000,1754.128154
16.000000,77.000000,1860.616650
17.000000,77.000000,1970.073536
18.000000,77.000000,2082.498813
19.000000,77.000000,2194.254526
20.000000,77.000000,2308.242342
21.000000,77.000000,2424.938365
11.000000,77.500000,1335.940083
12.000000,77.500000,1438.290842
13.000000,77.500000,1544.204001
14.000000,77.500000,1653.679562
15.000000,77.500000,1759.945857
16.000000,77.500000,1866.631444
17.000000,77.500000,1976.285877
18.000000,77.500000,2088.909157
19.000000,77.500000,2200.636304
20.000000,77.500000,2314.804498
21.000000,77.500000,2431.681409
11.000000,78.000000,1341.132801
12.000000,78.000000,1443.765335
13.000000,78.000000,1549.963495
14.000000,78.000000,1659.727279
15.000000,78.000000,1765.773061
16.000000,78.000000,1872.655796
17.000000,78.000000,1982.507830
18.000000,78.000000,2095.329162
19.000000,78.000000,2207.027063
20.000000,78.000000,2321.375676
21.000000,78.000000,2438.433515
11.000000,78.500000,1346.359480
12.000000,78.500000,1449.292470
13.000000,78.500000,1555.796244
14.000000,78.500000,1665.870802
15.000000,78.500000,1771.736635
16.000000,78.500000,1878.865235
17.000000,78.500000,1988.965468
18.000000,78.500000,2101.837217
19.000000,78.500000,2213.615295
20.000000,78.500000,2328.069767
21.000000,78.500000,2445.229939
11.000000,79.000000,1351.596320
12.000000,79.000000,1454.830150
13.000000,79.000000,1561.639916
14.000000,79.000000,1672.025620
15.000000,79.000000,1777.710178
16.000000,79.000000,1885.084836
17.000000,79.000000,1995.433454
18.000000,79.000000,2108.355097
19.000000,79.000000,2220.213059
20.000000,79.000000,2334.773197
21.000000,79.000000,2452.035513
11.000000,79.500000,1357.010848
12.000000,79.500000,1460.501752
13.000000,79.500000,1567.570388
14.000000,79.500000,1678.216754
15.000000,79.500000,1783.707047
16.000000,79.500000,1891.325277
17.000000,79.500000,2001.919562
18.000000,79.500000,2114.832438
19.000000,79.500000,2226.803081
20.000000,79.500000,2341.472535
21.000000,79.500000,2458.840801
11.000000,80.000000,1362.436189
12.000000,80.000000,1466.184367
13.000000,80.000000,1573.512061
14.000000,80.000000,1684.419270
15.000000,80.000000,1789.713923
16.000000,80.000000,1897.575907
17.000000,80.000000,2008.416032
18.000000,80.000000,2121.319428
19.000000,80.000000,2233.402572
20.000000,80.000000,2348.181161
21.000000,80.000000,2465.655195
11.000000,80.500000,1367.984814
12.000000,80.500000,1471.958085
13.000000,80.500000,1579.510538
14.000000,80.500000,1690.419528
15.000000,80.500000,1795.754841
16.000000,80.500000,1903.864396
17.000000,80.500000,2014.953956
18.000000,80.500000,2127.821820
19.000000,80.500000,2240.012721
20.000000,80.500000,2354.895469
21.000000,80.500000,2472.470063
10.000000,81.000000,1272.925114
11.000000,81.000000,1373.544701
12.000000,81.000000,1477.743129
13.000000,81.000000,1585.520396
14.000000,81.000000,1696.430408
15.000000,81.000000,1801.805858
16.000000,81.000000,1910.163168
17.000000,81.000000,2021.502338
18.000000,81.000000,2134.333871
19.000000,81.000000,2246.632334
20.000000,81.000000,2361.619046
21.000000,81.000000,2479.294005
10.000000,81.500000,1278.310752
11.000000,81.500000,1379.147671
12.000000,81.500000,1483.562471
13.000000,81.500000,1591.555149
14.000000,81.500000,1702.263458
15.000000,81.500000,1807.886959
16.000000,81.500000,1916.494040
17.000000,81.500000,2028.084699
18.000000,81.500000,2140.851698
19.000000,81.500000,2253.255498
20.000000,81.500000,2368.343860
10.000000,82.000000,1283.707749
11.000000,82.000000,1384.762033
12.000000,82.000000,1489.393229
13.000000,82.000000,1597.601337
14.000000,82.000000,1708.106475
15.000000,82.000000,1813.978227
16.000000,82.000000,1922.835262
17.000000,82.000000,2034.677581
18.000000,82.000000,2147.379163
19.000000,82.000000,2259.888100
20.000000,82.000000,2375.077913
10.000000,82.500000,1289.143020
11.000000,82.500000,1390.409227
12.000000,82.500000,1495.250995
13.000000,82.500000,1603.668324
14.000000,82.500000,1713.974554
15.000000,82.500000,1820.096969
16.000000,82.500000,1929.206514
17.000000,82.500000,2041.303189
18.000000,82.500000,2153.933038
19.000000,82.500000,2266.589611
20.000000,82.500000,2381.925811
10.000000,83.000000,1294.589758
11.000000,83.000000,1396.067893
12.000000,83.000000,1501.120232
13.000000,83.000000,1609.746774
14.000000,83.000000,1719.852641
15.000000,83.000000,1826.225922
16.000000,83.000000,1935.588165
17.000000,83.000000,2047.939371
18.000000,83.000000,2160.496601
19.000000,83.000000,2273.300746
20.000000,83.000000,2388.783270
10.000000,83.500000,1300.083781
11.000000,83.500000,1401.804828
12.000000,83.500000,1507.101216
13.000000,83.500000,1615.972943
14.000000,83.500000,1725.907773
15.000000,83.500000,1832.527232
16.000000,83.500000,1942.137304
17.000000,83.500000,2054.737988
18.000000,83.500000,2167.226663
19.000000,83.500000,2280.218050
20.000000,83.500000,2395.888163
10.000000,84.000000,1305.589417
11.000000,84.000000,1407.553503
12.000000,84.000000,1513.094063
13.000000,84.000000,1622.211098
14.000000,84.000000,1731.973495
15.000000,84.000000,1838.839318
16.000000,84.000000,1948.697394
17.000000,84.000000,2061.547722
18.000000,84.000000,2173.966969
19.000000,84.000000,2287.145637
20.000000,84.000000,2403.003378
10.000000,84.500000,1311.053195
11.000000,84.500000,1413.309880
12.000000,84.500000,1519.146550
13.000000,84.500000,1628.563207
14.000000,84.500000,1738.181692
15.000000,84.500000,1845.288122
16.000000,84.500000,1955.388141
17.000000,84.500000,2068.481748
18.000000,84.500000,2180.798988
19.000000,84.500000,2294.134632
20.000000,84.500000,2410.147559
10.000000,85.000000,1316.528382
11.000000,85.000000,1419.078001
12.000000,85.000000,1525.211109
13.000000,85.000000,1634.927704
14.000000,85.000000,1744.400948
15.000000,85.000000,1851.748146
16.000000,85.000000,1962.090262
17.000000,85.000000,2075.427294
18.000000,85.000000,2187.641539
19.000000,85.000000,2301.134084
20.000000,85.000000,2417.302118
10.000000,85.500000,1321.860193
11.000000,85.500000,1424.754713
12.000000,85.500000,1531.239585
13.000000,85.500000,1641.314811
14.000000,85.500000,1750.661546
15.000000,85.500000,1858.244619
16.000000,85.500000,1968.823479
17.000000,85.500000,2082.398125
18.000000,85.500000,2194.494130
19.000000,85.500000,2308.146050
20.000000,85.500000,2424.471937
10.000000,86.000000,1327.202773
11.000000,86.000000,1430.442756
12.000000,86.000000,1537.279947
13.000000,86.000000,1647.714346
14.000000,86.000000,1756.933305
15.000000,86.000000,1864.752391
16.000000,86.000000,1975.568125
17.000000,86.000000,2089.380505
18.000000,86.000000,2201.357240
19.000000,86.000000,2315.168472
20.000000,86.000000,2431.652146
10.000000,86.500000,1332.583527
11.000000,86.500000,1436.175196
12.000000,86.500000,1543.371377
13.000000,86.500000,1654.172070
14.000000,86.500000,1763.244428
15.000000,86.500000,1871.296132
16.000000,86.500000,1982.345161
17.000000,86.500000,2096.391515
18.000000,86.500000,2208.236258
19.000000,86.500000,2322.205595
20.000000,86.500000,2438.845609
10.000000,87.000000,1337.975163
11.000000,87.000000,1441.919099
12.000000,87.000000,1549.474843
13.000000,87.000000,1660.642398
14.000000,87.000000,1769.566813
15.000000,87.000000,1877.851260
16.000000,87.000000,1989.133702
17.000000,87.000000,2103.414138
18.000000,87.000000,2215.125821
19.000000,87.000000,2329.253192
20.000000,87.000000,2446.049470
10.000000,87.500000,1343.423153
11.000000,87.500000,1447.725159
12.000000,87.500000,1555.646390
13.000000,87.500000,1667.186847
14.000000,87.500000,1775.933243
15.000000,87.500000,1884.444252
16.000000,87.500000,1995.953766
17.000000,87.500000,2110.283701
18.000000,87.500000,2222.027301
19.000000,87.500000,2336.311054
20.000000,87.500000,2453.261782
10.000000,88.000000,1348.882210
11.000000,88.000000,1453.542882
12.000000,88.000000,1561.830188
13.000000,88.000000,1673.744127
14.000000,88.000000,1782.311039
15.000000,88.000000,1891.048713
16.000000,88.000000,2002.785396
17.000000,88.000000,2117.164313
18.000000,88.000000,2228.939331
19.000000,88.000000,2343.379386
20.000000,88.000000,2460.484479
10.000000,88.500000,1354.441265
11.000000,88.500000,1459.450424
12.000000,88.500000,1568.092650
13.000000,88.500000,1680.367942
14.000000,88.500000,1788.722835
15.000000,88.500000,1897.683354
16.000000,88.500000,2009.643202
17.000000,88.500000,2123.929216
18.000000,88.500000,2235.861405
19.000000,88.500000,2350.456631
20.000000,88.500000,2467.714893
10.000000,89.000000,1360.011751
11.000000,89.000000,1465.369941
12.000000,89.000000,1574.367620
13.000000,89.000000,1687.004787
14.000000,89.000000,1795.146069
15.000000,89.000000,1904.329521
16.000000,89.000000,2016.512616
17.000000,89.000000,2130.704739
18.000000,89.000000,2242.794021
19.000000,89.000000,2357.544333
20.000000,89.000000,2474.955677
10.000000,89.500000,1365.612361
11.000000,89.500000,1471.239477
12.000000,89.500000,1580.508758
13.000000,89.500000,1693.420203
14.000000,89.500000,1801.418154
15.000000,89.500000,1910.864992
16.000000,89.500000,2023.312745
17.000000,89.500000,2137.476277
18.000000,89.500000,2249.836250
19.000000,89.500000,2364.860514
20.000000,89.500000,2482.549068
10.000000,90.000000,1371.224471
11.000000,90.000000,1477.120739
12.000000,90.000000,1586.661846
13.000000,90.000000,1699.847791
14.000000,90.000000,1807.701176
15.000000,90.000000,1917.411650
16.000000,90.000000,2030.124292
17.000000,90.000000,2144.258478
18.000000,90.000000,2256.889416
19.000000,90.000000,2372.187902
20.000000,90.000000,2490.153933
10.000000,90.500000,1376.875120
11.000000,90.500000,1482.999583
12.000000,90.500000,1592.768422
13.000000,90.500000,1706.181638
14.000000,90.500000,1813.916966
15.000000,90.500000,1923.914495
16.000000,90.500000,2036.917600
17.000000,90.500000,2151.052023
18.000000,90.500000,2263.956320
19.000000,90.500000,2379.530778
10.000000,91.000000,1382.537382
11.000000,91.000000,1488.890097
12.000000,91.000000,1598.886723
13.000000,91.000000,1712.527261
14.000000,91.000000,1820.143425
15.000000,91.000000,1930.428343
16.000000,91.000000,2043.722239
17.000000,91.000000,2157.856262
18.000000,91.000000,2271.034189
19.000000,91.000000,2386.884881
10.000000,91.500000,1388.258172
11.000000,91.500000,1494.838513
12.000000,91.500000,1605.062137
13.000000,91.500000,1718.701599
14.000000,91.500000,1826.427393
15.000000,91.500000,1936.994877
16.000000,91.500000,2050.574467
17.000000,91.500000,2164.700758
18.000000,91.500000,2278.150852
19.000000,91.500000,2394.276335
10.000000,92.000000,1393.990773
11.000000,92.000000,1500.798787
12.000000,92.000000,1611.249453
13.000000,92.000000,1724.887048
14.000000,92.000000,1832.722186
15.000000,92.000000,1943.572549
16.000000,92.000000,2057.438137
17.000000,92.000000,2171.556027
18.000000,92.000000,2285.278552
19.000000,92.000000,2401.679081
10.000000,92.500000,1399.773168
11.000000,92.500000,1506.811179
12.000000,92.500000,1617.491338
13.000000,92.500000,1730.969047
14.000000,92.500000,1839.091078
15.000000,92.500000,1950.231915
16.000000,92.500000,2064.391558
17.000000,92.500000,2178.504446
18.000000,92.500000,2292.502489
19.000000,92.500000,2409.181153
10.000000,93.000000,1405.567531
11.000000,93.000000,1512.835589
12.000000,93.000000,1623.745291
13.000000,93.000000,1737.061749
14.000000,93.000000,1845.471013
15.000000,93.000000,1956.902658
16.000000,93.000000,2071.356684
17.000000,93.000000,2185.463899
18.000000,93.000000,2299.737730
19.000000,93.000000,2416.694787
10.000000,93.500000,1411.355681
11.000000,93.500000,1518.876064
12.000000,93.500000,1630.038209
13.000000,93.500000,1743.222798
14.000000,93.500000,1851.925296
15.000000,93.500000,1963.654131
16.000000,93.500000,2078.409305
17.000000,93.500000,2192.501007
18.000000,93.500000,2307.036396
19.000000,93.500000,2424.256690
9.000000,94.000000,1313.024731
10.000000,94.000000,1417.155716
11.000000,94.000000,1524.928572
12.000000,94.000000,1636.343297
13.000000,94.000000,1749.394752
14.000000,94.000000,1858.390839
15.000000,94.000000,1970.417216
16.000000,94.000000,2085.473884
17.000000,94.000000,2199.549360
18.000000,94.000000,2314.346523
19.000000,94.000000,2431.830261
9.000000,94.500000,1318.616772
10.000000,94.500000,1423.019946
11.000000,94.500000,1531.066151
12.000000,94.500000,1642.755386
13.000000,94.500000,1755.691677
14.000000,94.500000,1864.964165
15.000000,94.500000,1977.269390
16.000000,94.500000,2092.607352
17.000000,94.500000,2206.649072
18.000000,94.500000,2321.701517
19.000000,94.500000,2439.441876
9.000000,95.000000,1324.220674
10.000000,95.000000,1428.896272
11.000000,95.000000,1537.216052
12.000000,95.000000,1649.180012
13.000000,95.000000,1761.999915
14.000000,95.000000,1871.549090
15.000000,95.000000,1984.133441
16.000000,95.000000,2099.752967
17.000000,95.000000,2213.760146
18.000000,95.000000,2329.068065
19.000000,95.000000,2447.065227
9.000000,95.500000,1329.872801
10.000000,95.500000,1434.839426
11.000000,95.500000,1543.452710
12.000000,95.500000,1655.712653
13.000000,95.500000,1768.424877
14.000000,95.500000,1878.237156
15.000000,95.500000,1991.086392
16.000000,95.500000,2106.972584
17.000000,95.500000,2220.936619
18.000000,95.500000,2336.491588
19.000000,95.500000,2454.737060
9.000000,96.000000,1335.536944
10.000000,96.000000,1440.794902
11.000000,96.000000,1549.701990
12.000000,96.000000,1662.258206
13.000000,96.000000,1774.861531
14.000000,96.000000,1884.937148
15.000000,96.000000,1998.051495
16.000000,96.000000,2114.204571
17.000000,96.000000,2228.124656
18.000000,96.000000,2343.926851
19.000000,96.000000,2462.420806
9.000000,96.500000,1341.248986
10.000000,96.500000,1446.800269
11.000000,96.500000,1556.003106
12.000000,96.500000,1668.857496
13.000000,96.500000,1781.348089
14.000000,96.500000,1891.691060
15.000000,96.500000,2005.075001
16.000000,96.500000,2121.499913
17.000000,96.500000,2235.367267
18.000000,96.500000,2351.408820
19.000000,96.500000,2470.143243
9.000000,97.000000,1346.973202
10.000000,97.000000,1452.818118
11.000000,97.000000,1562.317004
12.000000,97.000000,1675.469860
13.000000,97.000000,1787.846477
14.000000,97.000000,1898.457044
15.000000,97.000000,2012.110819
16.000000,97.000000,2128.807800
17.000000,97.000000,2242.621587
18.000000,97.000000,2358.902653
19.000000,97.000000,2477.877696
9.000000,97.500000,1352.745483
10.000000,97.500000,1458.885168
11.000000,97.500000,1568.681199
12.000000,97.500000,1682.133576
13.000000,97.500000,1794.393363
14.000000,97.500000,1905.274555
15.000000,97.500000,2019.201195
16.000000,97.500000,2135.986681
17.000000,97.500000,2249.918981
18.000000,97.500000,2366.432516
19.000000,97.500000,2485.640826
9.000000,98.000000,1358.530096
10.000000,98.000000,1464.964855
11.000000,98.000000,1575.058329
12.000000,98.000000,1688.810517
13.000000,98.000000,1800.952209
14.000000,98.000000,1912.104274
15.000000,98.000000,2026.304024
16.000000,98.000000,2143.177608
17.000000,98.000000,2257.228173
18.000000,98.000000,2373.974307
19.000000,98.000000,2493.416011
9.000000,98.500000,1364.379484
10.000000,98.500000,1471.097960
11.000000,98.500000,1581.476225
12.000000,98.500000,1695.514279
13.000000,98.500000,1807.537030
14.000000,98.500000,1918.953874
15.000000,98.500000,2033.420081
16.000000,98.500000,2150.264127
17.000000,98.500000,2264.558372
18.000000,98.500000,2381.549412
19.000000,98.500000,2501.237248
9.000000,99.000000,1370.241410
10.000000,99.000000,1477.243861
11.000000,99.000000,1587.907164
12.000000,99.000000,1702.231320
13.000000,99.000000,1814.133866
14.000000,99.000000,1925.815717
15.000000,99.000000,2040.548603
16.000000,99.000000,2157.362316
17.000000,99.000000,2271.900415
18.000000,99.000000,2389.136532
19.000000,99.000000,2509.070665
9.000000,99.500000,1376.140398
10.000000,99.500000,1483.429470
11.000000,99.500000,1594.380286
12.000000,99.500000,1708.992847
13.000000,99.500000,1820.763750
14.000000,99.500000,1932.694990
15.000000,99.500000,2047.678707
16.000000,99.500000,2164.460773
17.000000,99.500000,2279.257335
18.000000,99.500000,2396.753270
9.000000,100.000000,1382.052027
10.000000,100.000000,1489.627986
11.000000,100.000000,1600.866569
12.000000,100.000000,1715.767776
13.000000,100.000000,1827.405726
14.000000,100.000000,1939.586528
15.000000,100.000000,2054.821245
16.000000,100.000000,2171.570881
17.000000,100.000000,2286.626128
18.000000,100.000000,2404.382092
9.000000,100.500000,1388.048467
10.000000,100.500000,1495.910464
11.000000,100.500000,1607.436371
12.000000,100.500000,1722.626187
13.000000,100.500000,1834.121686
14.000000,100.500000,1946.540191
15.000000,100.500000,2062.012849
16.000000,100.500000,2178.723569
17.000000,100.500000,2294.035805
18.000000,100.500000,2412.049945
9.000000,101.000000,1394.057868
10.000000,101.000000,1502.206151
11.000000,101.000000,1614.019620
12.000000,101.000000,1729.498276
13.000000,101.000000,1840.849963
14.000000,101.000000,1953.506297
15.000000,101.000000,2069.217014
16.000000,101.000000,2185.888008
17.000000,101.000000,2301.457444
18.000000,101.000000,2419.729963
9.000000,101.500000,1399.956000
10.000000,101.500000,1508.435246
11.000000,101.500000,1620.584808
12.000000,101.500000,1736.404686
13.000000,101.500000,1847.624676
14.000000,101.500000,1960.533757
15.000000,101.500000,2076.498409
16.000000,101.500000,2193.134288
17.000000,101.500000,2308.938705
18.000000,101.500000,2427.446392
9.000000,102.000000,1405.866570
10.000000,102.000000,1514.677223
11.000000,102.000000,1627.163319
12.000000,102.000000,1743.324858
13.000000,102.000000,1854.411832
14.000000,102.000000,1967.573833
15.000000,102.000000,2083.792591
16.000000,102.000000,2200.392549
17.000000,102.000000,2316.432085
18.000000,102.000000,2435.175071
9.000000,102.500000,1411.829805
10.000000,102.500000,1520.969905
11.000000,102.500000,1633.790187
12.000000,102.500000,1750.290649
13.000000,102.500000,1861.234031
14.000000,102.500000,1974.652067
15.000000,102.500000,2091.128268
16.000000,102.500000,2207.684072
17.000000,102.500000,2323.943355
18.000000,102.500000,2442.906252
9.000000,103.000000,1417.805651
10.000000,103.000000,1527.275627
11.000000,103.000000,1640.430520
12.000000,103.000000,1757.270329
13.000000,103.000000,1868.068756
14.000000,103.000000,1981.743009
15.000000,103.000000,2098.476833
16.000000,103.000000,2214.987646
17.000000,103.000000,2331.466771
18.000000,103.000000,2450.649669
9.000000,103.500000,1423.689356
10.000000,103.500000,1533.522594
11.000000,103.500000,1647.046539
12.000000,103.500000,1763.948533
13.000000,103.500000,1874.913842
14.000000,103.500000,1988.847775
15.000000,103.500000,2105.842378
16.000000,103.500000,2222.309508
17.000000,103.500000,2339.016507
18.000000,103.500000,2458.427674
9.000000,104.000000,1429.585187
10.000000,104.000000,1539.782279
11.000000,104.000000,1653.675860
12.000000,104.000000,1770.639400
13.000000,104.000000,1881.771446
14.000000,104.000000,1995.965254
15.000000,104.000000,2113.220824
16.000000,104.000000,2229.643440
17.000000,104.000000,2346.578430
18.000000,104.000000,2466.217979
9.000000,104.500000,1435.522322
10.000000,104.500000,1546.057184
11.000000,104.500000,1660.293382
12.000000,104.500000,1777.211086
13.000000,104.500000,1888.616719
14.000000,104.500000,2003.085284
15.000000,104.500000,2120.616780
16.000000,104.500000,2237.003622
17.000000,104.500000,2354.172189
18.000000,104.500000,2474.045437
9.000000,105.000000,1441.471695
10.000000,105.000000,1552.344799
11.000000,105.000000,1666.924085
12.000000,105.000000,1783.794924
13.000000,105.000000,1895.474412
14.000000,105.000000,2010.217989
15.000000,105.000000,2128.025656
16.000000,105.000000,2244.375924
17.000000,105.000000,2361.778200
18.000000,105.000000,2481.885271
9.000000,105.500000,1447.502825
10.000000,105.500000,1558.684791
11.000000,105.500000,1673.576337
12.000000,105.500000,1790.377283
13.000000,105.500000,1902.338517
14.000000,105.500000,2017.366148
15.000000,105.500000,2135.460179
16.000000,105.500000,2251.780578
17.000000,105.500000,2369.415895
18.000000,105.500000,2489.756048
9.000000,106.000000,1453.546495
10.000000,106.000000,1565.037659
11.000000,106.000000,1680.241799
12.000000,106.000000,1796.971734
13.000000,106.000000,1909.215005
14.000000,106.000000,2024.526980
15.000000,106.000000,2142.907658
16.000000,106.000000,2259.197427
17.000000,106.000000,2377.065919
18.000000,106.000000,2497.639284
9.000000,106.500000,1459.671456
10.000000,106.500000,1571.449308
11.000000,106.500000,1686.942410
12.000000,106.500000,1803.586594
13.000000,106.500000,1916.112672
14.000000,106.500000,2031.709661
15.000000,106.500000,2150.377562
16.000000,106.500000,2266.638285
17.000000,106.500000,2384.747861
18.000000,106.500000,2505.562534
9.000000,107.000000,1465.809257
10.000000,107.000000,1577.874025
11.000000,107.000000,1693.656316
12.000000,107.000000,1810.213570
13.000000,107.000000,1923.022751
14.000000,107.000000,2038.905045
15.000000,107.000000,2157.860454
16.000000,107.000000,2274.091377
17.000000,107.000000,2392.442196
18.000000,107.000000,2513.498330
9.000000,107.500000,1471.968219
10.000000,107.500000,1584.345652
11.000000,107.500000,1700.443539
12.000000,107.500000,1816.914369
13.000000,107.500000,1929.978467
14.000000,107.500000,2046.116280
15.000000,107.500000,2165.327810
16.000000,107.500000,2281.542542
17.000000,107.500000,2400.155145
18.000000,107.500000,2521.474469
9.000000,108.000000,1478.140042
10.000000,108.000000,1590.830481
11.000000,108.000000,1707.244301
12.000000,108.000000,1823.627524
13.000000,108.000000,1936.946723
14.000000,108.000000,2053.340236
15.000000,108.000000,2172.808061
16.000000,108.000000,2289.005893
17.000000,108.000000,2407.880505
18.000000,108.000000,2529.463239
9.000000,108.500000,1484.374532
10.000000,108.500000,1597.346434
11.000000,108.500000,1714.041496
12.000000,108.500000,1830.308672
13.000000,108.500000,1943.889733
14.000000,108.500000,2060.546393
15.000000,108.500000,2180.018854
16.000000,108.500000,2296.481079
17.000000,108.500000,2415.638885
18.000000,108.500000,2537.507969
8.000000,109.000000,1381.091443
9.000000,109.000000,1490.622096
10.000000,109.000000,1603.875674
11.000000,109.000000,1720.852178
12.000000,109.000000,1837.002028
13.000000,109.000000,1950.845159
14.000000,109.000000,2067.765171
15.000000,109.000000,2187.241592
16.000000,109.000000,2303.968451
17.000000,109.000000,2423.409743
18.000000,109.000000,2545.565469
8.000000,109.500000,1387.121468
9.000000,109.500000,1496.930126
10.000000,109.500000,1610.461353
11.000000,109.500000,1727.715149
12.000000,109.500000,1843.749074
13.000000,109.500000,1957.853244
14.000000,109.500000,2075.035068
15.000000,109.500000,2194.502154
16.000000,109.500000,2311.508528
17.000000,109.500000,2431.232241
8.000000,110.000000,1393.164569
9.000000,110.000000,1503.251431
10.000000,110.000000,1617.060494
11.000000,110.000000,1734.591757
12.000000,110.000000,1850.508475
13.000000,110.000000,1964.873887
14.000000,110.000000,2082.317720
15.000000,110.000000,2201.774747
16.000000,110.000000,2319.060922
17.000000,110.000000,2439.067341
8.000000,110.500000,1399.241357
9.000000,110.500000,1509.617410
10.000000,110.500000,1623.716201
11.000000,110.500000,1741.537729
12.000000,110.500000,1857.343615
13.000000,110.500000,1971.968867
14.000000,110.500000,2089.672890
15.000000,110.500000,2209.120630
16.000000,110.500000,2326.678875
17.000000,110.500000,2446.959524
8.000000,111.000000,1405.331313
9.000000,111.000000,1515.996796
10.000000,111.000000,1630.385544
11.000000,111.000000,1748.497557
12.000000,111.000000,1864.191341
13.000000,111.000000,1979.076626
14.000000,111.000000,2097.041024
15.000000,111.000000,2216.478747
16.000000,111.000000,2334.309319
17.000000,111.000000,2454.864450
8.000000,111.500000,1411.455874
9.000000,111.500000,1522.415576
10.000000,111.500000,1637.099112
11.000000,111.500000,1755.506483
12.000000,111.500000,1871.106932
13.000000,111.500000,1986.285581
14.000000,111.500000,2104.546049
15.000000,111.500000,2223.993596
16.000000,111.500000,2342.075053
17.000000,111.500000,2462.882118
8.000000,112.000000,1417.593698
9.000000,112.000000,1528.847875
10.000000,112.000000,1643.826447
11.000000,112.000000,1762.529412
12.000000,112.000000,1878.035315
13.000000,112.000000,1993.507634
14.000000,112.000000,2112.064475
15.000000,112.000000,2231.521163
16.000000,112.000000,2349.853683
17.000000,112.000000,2470.912857
8.000000,112.500000,1423.758180
9.000000,112.500000,1535.314866
10.000000,112.500000,1650.596158
11.000000,112.500000,1769.602054
12.000000,112.500000,1885.011949
13.000000,112.500000,2000.773740
14.000000,112.500000,2119.622484
15.000000,112.500000,2239.086339
16.000000,112.500000,2357.688302
17.000000,112.500000,2479.019567
8.000000,113.000000,1429.935963
9.000000,113.000000,1541.795458
10.000000,113.000000,1657.379752
11.000000,113.000000,1776.688846
12.000000,113.000000,1892.001509
13.000000,113.000000,2008.053060
14.000000,113.000000,2127.193989
15.000000,113.000000,2246.664317
16.000000,113.000000,2365.535961
17.000000,113.000000,2487.139554
8.000000,113.500000,1436.078083
9.000000,113.500000,1548.274283
10.000000,113.500000,1664.197254
11.000000,113.500000,1783.846995
12.000000,113.500000,1899.059173
13.000000,113.500000,2015.388259
14.000000,113.500000,2134.808112
8.000000,114.000000,1442.233265
9.000000,114.000000,1554.766629
10.000000,114.000000,1671.028716
11.000000,114.000000,1791.019523
12.000000,114.000000,1906.129969
13.000000,114.000000,2022.736827
14.000000,114.000000,2142.435835
8.000000,114.500000,1448.346573
9.000000,114.500000,1561.252110
10.000000,114.500000,1677.891775
11.000000,114.500000,1798.265568
12.000000,114.500000,1913.274608
13.000000,114.500000,2030.165019
14.000000,114.500000,2150.149164
8.000000,115.000000,1454.472745
9.000000,115.000000,1567.751047
10.000000,115.000000,1684.768876
11.000000,115.000000,1805.526232
12.000000,115.000000,1920.432605
13.000000,115.000000,2037.606821
14.000000,115.000000,2157.876352
8.000000,115.500000,1460.706130
9.000000,115.500000,1574.312180
10.000000,115.500000,1691.661324
11.000000,115.500000,1812.753564
12.000000,115.500000,1927.599344
13.000000,115.500000,2045.095378
14.000000,115.500000,2165.689463
8.000000,116.000000,1466.952799
9.000000,116.000000,1580.886974
10.000000,116.000000,1698.567808
11.000000,116.000000,1819.995303
12.000000,116.000000,1934.779412
13.000000,116.000000,2052.597663
14.000000,116.000000,2173.516693
8.000000,116.500000,1473.299576
9.000000,116.500000,1587.556612
10.000000,116.500000,1705.563482
11.000000,116.500000,1826.968917
12.000000,116.500000,1942.036300
13.000000,116.500000,2060.173575
14.000000,116.500000,2181.414124
8.000000,117.000000,1479.660021
9.000000,117.000000,1594.240261
10.000000,117.000000,1712.573506
11.000000,117.000000,1833.955840
12.000000,117.000000,1949.306759
13.000000,117.000000,2067.763438
14.000000,117.000000,2189.325877
8.000000,117.500000,1486.066787
9.000000,117.500000,1600.992816
10.000000,117.500000,1719.675514
11.000000,117.500000,1841.003697
12.000000,117.500000,1956.606635
13.000000,117.500000,2075.315807
14.000000,117.500000,2197.131214
8.000000,118.000000,1492.487354
9.000000,118.000000,1607.759612
10.000000,118.000000,1726.792199
11.000000,118.000000,1848.065055
12.000000,118.000000,1963.920138
13.000000,118.000000,2082.881927
14.000000,118.000000,2204.950424
8.000000,118.500000,1498.962341
9.000000,118.500000,1614.602458
10.000000,118.500000,1734.006716
11.000000,118.500000,1855.220620
12.000000,118.500000,1971.334207
13.000000,118.500000,2090.555140
14.000000,118.500000,2212.883419
8.000000,119.000000,1505.451292
9.000000,119.000000,1621.459806
10.000000,119.000000,1741.236260
11.000000,119.000000,1862.390005
12.000000,119.000000,1978.762239
13.000000,119.000000,2098.242454
14.000000,119.000000,2220.830652
8.000000,119.500000,1511.981541
9.000000,119.500000,1628.269994
10.000000,119.500000,1748.326575
11.000000,119.500000,1869.409912
12.000000,119.500000,1986.128969
13.000000,119.500000,2105.959052
8.000000,120.000000,1518.525871
9.000000,120.000000,1635.094395
10.000000,120.000000,1755.431236
11.000000,120.000000,1876.442965
12.000000,120.000000,1993.509356
13.000000,120.000000,2113.689803
8.000000,120.500000,1525.133173
9.000000,120.500000,1641.945310
10.000000,120.500000,1762.524435
11.000000,120.500000,1883.474726
12.000000,120.500000,2000.912704
13.000000,120.500000,2121.468340
8.000000,121.000000,1531.754771
9.000000,121.000000,1648.810481
10.000000,121.000000,1769.631852
11.000000,121.000000,1890.519555
12.000000,121.000000,2008.329735
13.000000,121.000000,2129.261153
8.000000,121.500000,1538.447959
9.000000,121.500000,1655.730664
10.000000,121.500000,1776.776991
11.000000,121.500000,1897.592428
12.000000,121.500000,2015.721135
13.000000,121.500000,2136.973241
8.000000,122.000000,1545.155697
9.000000,122.000000,1662.665275
10.000000,122.000000,1783.936435
11.000000,122.000000,1904.678411
12.000000,122.000000,2023.126042
13.000000,122.000000,2144.699222
8.000000,122.500000,1551.772913
9.000000,122.500000,1669.479023
10.000000,122.500000,1790.941077
11.000000,122.500000,1911.649606
12.000000,122.500000,2030.486653
13.000000,122.500000,2152.455789
8.000000,123.000000,1558.404186
9.000000,123.000000,1676.306614
10.000000,123.000000,1797.959346
11.000000,123.000000,1918.633449
12.000000,123.000000,2037.860568
13.000000,123.000000,2160.226317
8.000000,123.500000,1565.011695
9.000000,123.500000,1683.121928
10.000000,123.500000,1804.976097
11.000000,123.500000,1925.657057
12.000000,123.500000,2045.295350
13.000000,123.500000,2168.080305
8.000000,124.000000,1571.633069
9.000000,124.000000,1689.950969
10.000000,124.000000,1812.006427
11.000000,124.000000,1932.693431
12.000000,124.000000,2052.743621
13.000000,124.000000,2175.948512
8.000000,124.500000,1578.303312
9.000000,124.500000,1696.854965
10.000000,124.500000,1819.139088
11.000000,124.500000,1939.806337
12.000000,124.500000,2060.171332
13.000000,124.500000,2183.693429
8.000000,125.000000,1584.987576
9.000000,125.000000,1703.772949
10.000000,125.000000,1826.285693
11.000000,125.000000,1946.932259
12.000000,125.000000,2067.612420
13.000000,125.000000,2191.452081
8.000000,125.500000,1591.520990
9.000000,125.500000,1710.646770
10.000000,125.500000,1833.503148
11.000000,125.500000,1954.163214
12.000000,125.500000,2075.134489
13.000000,125.500000,2199.265605
7.000000,126.000000,1482.334962
8.000000,126.000000,1598.067740
9.000000,126.000000,1717.534341
10.000000,126.000000,1840.734763
11.000000,126.000000,1961.407519
12.000000,126.000000,2082.670180
13.000000,126.000000,2207.093013
7.000000,126.500000,1488.675230
8.000000,126.500000,1604.747192
9.000000,126.500000,1724.556119
10.000000,126.500000,1848.102012
11.000000,126.500000,1968.763150
12.000000,126.500000,2090.302568
13.000000,126.500000,2215.001821
7.000000,127.000000,1495.028947
8.000000,127.000000,1611.440501
9.000000,127.000000,1731.592160
10.000000,127.000000,1855.483922
11.000000,127.000000,1976.132511
12.000000,127.000000,2097.948891
13.000000,127.000000,2222.924757
7.000000,127.500000,1501.452019
8.000000,127.500000,1618.224145
9.000000,127.500000,1738.739901
10.000000,127.500000,1862.999287
11.000000,127.500000,1983.572633
12.000000,127.500000,2105.606908
13.000000,127.500000,2230.798916
7.000000,128.000000,1507.888773
8.000000,128.000000,1625.021970
9.000000,128.000000,1745.902316
10.000000,128.000000,1870.529809
11.000000,128.000000,1991.026701
12.000000,128.000000,2113.278836
13.000000,128.000000,2238.686950
7.000000,128.500000,1514.385450
8.000000,128.500000,1631.905186
9.000000,128.500000,1753.175776
10.000000,128.500000,1878.197220
11.000000,128.500000,1998.580554
12.000000,128.500000,2121.039324
13.000000,128.500000,2246.651953
7.000000,129.000000,1520.895987
8.000000,129.000000,1638.802881
9.000000,129.000000,1760.464318
10.000000,129.000000,1885.880297
11.000000,129.000000,2006.148688
12.000000,129.000000,2128.814006
13.000000,129.000000,2254.631061
7.000000,129.500000,1527.512830
8.000000,129.500000,1645.751380
9.000000,129.500000,1767.745827
10.000000,129.500000,1893.496173
11.000000,129.500000,2013.697492
12.000000,129.500000,2136.624236
13.000000,129.500000,2262.701946
7.000000,130.000000,1534.143953
8.000000,130.000000,1652.714508
9.000000,130.000000,1775.042308
10.000000,130.000000,1901.127352
11.000000,130.000000,2021.260432
12.000000,130.000000,2144.448732
13.000000,130.000000,2270.787224
