weight_g,305.000000
thrust_N,velocity_m_s,power_W
15.000000,0.000000,1906.186102
16.000000,0.000000,2045.963558
17.000000,0.000000,2190.588555
18.000000,0.000000,2340.061093
19.000000,0.000000,2492.260629
20.000000,0.000000,2638.234935
21.000000,0.000000,2788.268064
22.000000,0.000000,2942.360018
15.000000,0.500000,1908.529444
16.000000,0.500000,2048.463432
17.000000,0.500000,2193.250563
18.000000,0.500000,2342.890837
19.000000,0.500000,2494.921113
20.000000,0.500000,2641.138806
21.000000,0.500000,2791.424229
22.000000,0.500000,2945.777382
15.000000,1.000000,1910.873885
16.000000,1.000000,2050.964509
17.000000,1.000000,2195.913882
18.000000,1.000000,2345.722002
19.000000,1.000000,2497.582697
20.000000,1.000000,2644.043915
21.000000,1.000000,2794.581778
22.000000,1.000000,2949.196286
15.000000,1.500000,1913.213729
16.000000,1.500000,2053.469676
17.000000,1.500000,2198.590500
18.000000,1.500000,2348.576202
19.000000,1.500000,2500.277810
20.000000,1.500000,2646.975283
21.000000,1.500000,2797.757933
22.000000,1.500000,2952.625763
15.000000,2.000000,1915.554675
16.000000,2.000000,2055.976053
17.000000,2.000000,2201.268443
18.000000,2.000000,2351.431845
19.000000,2.000000,2502.974045
20.000000,2.000000,2649.907907
21.000000,2.000000,2800.935488
22.000000,2.000000,2956.056789
15.000000,2.500000,1917.892891
16.000000,2.500000,2058.488514
17.000000,2.500000,2203.961814
18.000000,2.500000,2354.312790
19.000000,2.500000,2505.703118
20.000000,2.500000,2652.865824
21.000000,2.500000,2804.130399
22.000000,2.500000,2959.496841
15.000000,3.000000,1920.232212
16.000000,3.000000,2061.002196
17.000000,3.000000,2206.656526
18.000000,3.000000,2357.195203
19.000000,3.000000,2508.433333
20.000000,3.000000,2655.825017
21.000000,3.000000,2807.326723
22.000000,3.000000,2962.938451
15.000000,3.500000,1922.570647
16.000000,3.500000,2063.523959
17.000000,3.500000,2209.368825
18.000000,3.500000,2360.105247
19.000000,3.500000,2511.195637
20.000000,3.500000,2658.808483
21.000000,3.500000,2810.539101
22.000000,3.500000,2966.387489
15.000000,4.000000,1924.910192
16.000000,4.000000,2066.046954
17.000000,4.000000,2212.082485
18.000000,4.000000,2363.016784
19.000000,4.000000,2513.959104
20.000000,4.000000,2661.793242
21.000000,4.000000,2813.752906
22.000000,4.000000,2969.838095
15.000000,4.500000,1927.253376
16.000000,4.500000,2068.582038
17.000000,4.500000,2214.817183
18.000000,4.500000,2365.958811
19.000000,4.500000,2516.753852
20.000000,4.500000,2664.801202
21.000000,4.500000,2816.981413
22.000000,4.500000,2973.294485
15.000000,5.000000,1929.597681
16.000000,5.000000,2071.118370
17.000000,5.000000,2217.553263
18.000000,5.000000,2368.902358
19.000000,5.000000,2519.549784
20.000000,5.000000,2667.810470
21.000000,5.000000,2820.211358
22.000000,5.000000,2976.752449
15.000000,5.500000,1932.136034
16.000000,5.500000,2073.815381
17.000000,5.500000,2220.414048
18.000000,5.500000,2371.932034
19.000000,5.500000,2522.400917
20.000000,5.500000,2670.859498
21.000000,5.500000,2823.464726
22.000000,5.500000,2980.216603
15.000000,6.000000,1934.675708
16.000000,6.000000,2076.513808
17.000000,6.000000,2223.276348
18.000000,6.000000,2374.963326
19.000000,6.000000,2525.253288
20.000000,6.000000,2673.909874
21.000000,6.000000,2826.719558
22.000000,6.000000,2983.682340
15.000000,6.500000,1937.284486
16.000000,6.500000,2079.333737
17.000000,6.500000,2226.315849
18.000000,6.500000,2378.230823
19.000000,6.500000,2528.317387
20.000000,6.500000,2677.122418
21.000000,6.500000,2830.084301
22.000000,6.500000,2987.203036
15.000000,7.000000,1939.894663
16.000000,7.000000,2082.155218
17.000000,7.000000,2229.357066
18.000000,7.000000,2381.500206
19.000000,7.000000,2531.382928
20.000000,7.000000,2680.336486
21.000000,7.000000,2833.450650
22.000000,7.000000,2990.725422
15.000000,7.500000,1942.515912
16.000000,7.500000,2084.983703
17.000000,7.500000,2232.400944
18.000000,7.500000,2384.767635
19.000000,7.500000,2534.442232
20.000000,7.500000,2683.549347
21.000000,7.500000,2836.821188
22.000000,7.500000,2994.257753
15.000000,8.000000,1945.138573
16.000000,8.000000,2087.813752
17.000000,8.000000,2235.446545
18.000000,8.000000,2388.036952
19.000000,8.000000,2537.502983
20.000000,8.000000,2686.763748
21.000000,8.000000,2840.193357
22.000000,8.000000,2997.791811
15.000000,8.500000,1947.771607
16.000000,8.500000,2090.650124
17.000000,8.500000,2238.494150
18.000000,8.500000,2391.303686
19.000000,8.500000,2540.558934
20.000000,8.500000,2689.978590
21.000000,8.500000,2843.571464
22.000000,8.500000,3001.337557
15.000000,9.000000,1950.406064
16.000000,9.000000,2093.488069
17.000000,9.000000,2241.543484
18.000000,9.000000,2394.572309
19.000000,9.000000,2543.616333
20.000000,9.000000,2693.194975
21.000000,9.000000,2846.951211
22.000000,9.000000,3004.885041
15.000000,9.500000,1953.053659
16.000000,9.500000,2096.334143
17.000000,9.500000,2244.595594
18.000000,9.500000,2397.838012
19.000000,9.500000,2546.670155
20.000000,9.500000,2696.412982
21.000000,9.500000,2850.338030
14.000000,10.000000,1817.212115
15.000000,10.000000,1955.702694
16.000000,10.000000,2099.181802
17.000000,10.000000,2247.649439
18.000000,10.000000,2401.105606
19.000000,10.000000,2549.725427
20.000000,10.000000,2699.632537
21.000000,10.000000,2853.726498
14.000000,10.500000,1819.829677
15.000000,10.500000,1958.476446
16.000000,10.500000,2102.116459
17.000000,10.500000,2250.749714
18.000000,10.500000,2404.376212
19.000000,10.500000,2552.778302
20.000000,10.500000,2702.854860
21.000000,10.500000,2857.123148
14.000000,11.000000,1822.448747
15.000000,11.000000,1961.251802
16.000000,11.000000,2105.052815
17.000000,11.000000,2253.851787
18.000000,11.000000,2407.648718
19.000000,11.000000,2555.832631
20.000000,11.000000,2706.078738
21.000000,11.000000,2860.521457
14.000000,11.500000,1825.114569
15.000000,11.500000,1964.117365
16.000000,11.500000,2108.125627
17.000000,11.500000,2257.139357
18.000000,11.500000,2411.158553
19.000000,11.500000,2559.057245
20.000000,11.500000,2709.421157
21.000000,11.500000,2863.983653
14.000000,12.000000,1827.781959
15.000000,12.000000,1966.984638
16.000000,12.000000,2111.200299
17.000000,12.000000,2260.428940
18.000000,12.000000,2414.670563
19.000000,12.000000,2562.283470
20.000000,12.000000,2712.765239
21.000000,12.000000,2867.447567
22.000000,12.000000,3025.322400
23.000000,12.000000,3180.572004
24.000000,12.000000,3339.594945
25.000000,12.000000,3502.391222
14.000000,12.500000,1830.470084
15.000000,12.500000,1969.916378
16.000000,12.500000,2114.386107
17.000000,12.500000,2263.879272
18.000000,12.500000,2418.395873
19.000000,12.500000,2565.683078
20.000000,12.500000,2716.275899
21.000000,12.500000,2871.070686
22.000000,12.500000,3028.814163
23.000000,12.500000,3184.203575
24.000000,12.500000,3343.368996
25.000000,12.500000,3506.310425
14.000000,13.000000,1833.159800
15.000000,13.000000,1972.849906
16.000000,13.000000,2117.573913
17.000000,13.000000,2267.331820
18.000000,13.000000,2422.123628
19.000000,13.000000,2569.084477
20.000000,13.000000,2719.788397
21.000000,13.000000,2874.695692
22.000000,13.000000,3032.307489
23.000000,13.000000,3187.836761
24.000000,13.000000,3347.144715
25.000000,13.000000,3510.231350
14.000000,13.500000,1835.867876
15.000000,13.500000,1975.803378
16.000000,13.500000,2120.783312
17.000000,13.500000,2270.807678
18.000000,13.500000,2425.651014
19.000000,13.500000,2572.553210
20.000000,13.500000,2723.433187
21.000000,13.500000,2878.521278
22.000000,13.500000,3036.036452
23.000000,13.500000,3191.687877
24.000000,13.500000,3351.119734
25.000000,13.500000,3514.332021
14.000000,14.000000,1838.577565
15.000000,14.000000,1978.758663
16.000000,14.000000,2123.994735
17.000000,14.000000,2274.285780
18.000000,14.000000,2429.180508
19.000000,14.000000,2576.023807
20.000000,14.000000,2727.079959
21.000000,14.000000,2882.348964
22.000000,14.000000,3039.767193
23.000000,14.000000,3195.540814
24.000000,14.000000,3355.096616
25.000000,14.000000,3518.434600
14.000000,14.500000,1841.303504
15.000000,14.500000,1981.732375
16.000000,14.500000,2127.226836
17.000000,14.500000,2277.786887
18.000000,14.500000,2432.491228
19.000000,14.500000,2579.501640
20.000000,14.500000,2730.729411
21.000000,14.500000,2886.174542
22.000000,14.500000,3043.500229
23.000000,14.500000,3199.437077
24.000000,14.500000,3359.159783
25.000000,14.500000,3522.668348
14.000000,15.000000,1844.031083
15.000000,15.000000,1984.707926
16.000000,15.000000,2130.460988
17.000000,15.000000,2281.290269
18.000000,15.000000,2435.803711
19.000000,15.000000,2582.981347
20.000000,15.000000,2734.380851
21.000000,15.000000,2890.002222
22.000000,15.000000,3047.235051
23.000000,15.000000,3203.335211
24.000000,15.000000,3363.224910
25.000000,15.000000,3526.904147
14.000000,15.500000,1846.800689
15.000000,15.500000,1987.722219
16.000000,15.500000,2133.729838
17.000000,15.500000,2284.823545
18.000000,15.500000,2439.126822
19.000000,15.500000,2586.467388
20.000000,15.500000,2738.034098
21.000000,15.500000,2893.826953
22.000000,15.500000,3050.966696
23.000000,15.500000,3207.235810
24.000000,15.500000,3367.298376
14.000000,16.000000,1849.572074
15.000000,16.000000,1990.738467
16.000000,16.000000,2137.000827
17.000000,16.000000,2288.359155
18.000000,16.000000,2442.451709
19.000000,16.000000,2589.955312
20.000000,16.000000,2741.689338
21.000000,16.000000,2897.653787
22.000000,16.000000,3054.700129
23.000000,16.000000,3211.138286
24.000000,16.000000,3371.373811
14.000000,16.500000,1852.387021
15.000000,16.500000,1993.793827
16.000000,16.500000,2140.306008
17.000000,16.500000,2291.923564
18.000000,16.500000,2445.786308
19.000000,16.500000,2593.448684
20.000000,16.500000,2745.345532
21.000000,16.500000,2901.476853
22.000000,16.500000,3058.431722
23.000000,16.500000,3215.044551
24.000000,16.500000,3375.458897
14.000000,17.000000,1855.203812
15.000000,17.000000,1996.851198
16.000000,17.000000,2143.613375
17.000000,17.000000,2295.490342
18.000000,17.000000,2449.122695
19.000000,17.000000,2596.943947
20.000000,17.000000,2749.003723
21.000000,17.000000,2905.302022
22.000000,17.000000,3062.165104
23.000000,17.000000,3218.952699
24.000000,17.000000,3379.545963
14.000000,17.500000,1858.022153
15.000000,17.500000,1999.910308
16.000000,17.500000,2146.923028
17.000000,17.500000,2299.060313
18.000000,17.500000,2452.478772
19.000000,17.500000,2600.452318
20.000000,17.500000,2752.667559
21.000000,17.500000,2909.124494
22.000000,17.500000,3065.897955
23.000000,17.500000,3222.865940
24.000000,17.500000,3383.643977
14.000000,18.000000,1860.842349
15.000000,18.000000,2002.971462
16.000000,18.000000,2150.234924
17.000000,18.000000,2302.632736
18.000000,18.000000,2455.836770
19.000000,18.000000,2603.962676
20.000000,18.000000,2756.333448
21.000000,18.000000,2912.949086
22.000000,18.000000,3069.632598
23.000000,18.000000,3226.781070
24.000000,18.000000,3387.743980
14.000000,18.500000,1863.668791
15.000000,18.500000,2006.047670
16.000000,18.500000,2153.571297
17.000000,18.500000,2306.239674
18.000000,18.500000,2459.237365
19.000000,18.500000,2607.552615
20.000000,18.500000,2760.117761
21.000000,18.500000,2916.932803
22.000000,18.500000,3073.508152
23.000000,18.500000,3230.793438
24.000000,18.500000,3391.895436
14.000000,19.000000,1866.497101
15.000000,19.000000,2009.125948
16.000000,19.000000,2156.909955
17.000000,19.000000,2309.849121
18.000000,19.000000,2462.639941
19.000000,19.000000,2611.144637
20.000000,19.000000,2763.904261
21.000000,19.000000,2920.918813
22.000000,19.000000,3077.385630
23.000000,19.000000,3234.807785
24.000000,19.000000,3396.048928
14.000000,19.500000,1869.365739
15.000000,19.500000,2012.235446
16.000000,19.500000,2160.270024
17.000000,19.500000,2313.469472
18.000000,19.500000,2466.076133
19.000000,19.500000,2614.853809
20.000000,19.500000,2767.895958
21.000000,19.500000,2925.202580
22.000000,19.500000,3081.512082
23.000000,19.500000,3238.996171
24.000000,19.500000,3400.297803
14.000000,20.000000,1872.236296
15.000000,20.000000,2015.347056
16.000000,20.000000,2163.632406
17.000000,20.000000,2317.092346
18.000000,20.000000,2469.514346
19.000000,20.000000,2618.565205
20.000000,20.000000,2771.890091
21.000000,20.000000,2929.489003
22.000000,20.000000,3085.640723
23.000000,20.000000,3243.186720
24.000000,20.000000,3404.548814
14.000000,20.500000,1875.393178
15.000000,20.500000,2018.671060
16.000000,20.500000,2167.127635
17.000000,20.500000,2320.762902
18.000000,20.500000,2472.966728
19.000000,20.500000,2622.302101
20.000000,20.500000,2775.921624
21.000000,20.500000,2933.825298
22.000000,20.500000,3089.844131
23.000000,20.500000,3247.530458
24.000000,20.500000,3409.035122
14.000000,21.000000,1878.552346
15.000000,21.000000,2021.997450
16.000000,21.000000,2170.625350
17.000000,21.000000,2324.436045
18.000000,21.000000,2476.421149
19.000000,21.000000,2626.041250
20.000000,21.000000,2779.955635
21.000000,21.000000,2938.164305
22.000000,21.000000,3094.049817
23.000000,21.000000,3251.876543
24.000000,21.000000,3413.523845
14.000000,21.500000,1881.730114
15.000000,21.500000,2025.335414
16.000000,21.500000,2174.127016
17.000000,21.500000,2328.104918
18.000000,21.500000,2479.892001
19.000000,21.500000,2629.808453
20.000000,21.500000,2784.029889
21.000000,21.500000,2942.556310
22.000000,21.500000,3098.290234
23.000000,21.500000,3256.266409
24.000000,21.500000,3418.065836
14.000000,22.000000,1884.910211
15.000000,22.000000,2028.675792
16.000000,22.000000,2177.631180
17.000000,22.000000,2331.776376
18.000000,22.000000,2483.364911
19.000000,22.000000,2633.577940
20.000000,22.000000,2788.106664
21.000000,22.000000,2946.951083
22.000000,22.000000,3102.532963
23.000000,22.000000,3260.658670
24.000000,22.000000,3422.610304
14.000000,22.500000,1888.135324
15.000000,22.500000,2032.094989
16.000000,22.500000,2181.250190
17.000000,22.500000,2335.600927
18.000000,22.500000,2486.985496
19.000000,22.500000,2637.467511
20.000000,22.500000,2792.274228
21.000000,22.500000,2951.405647
22.000000,22.500000,3106.800314
23.000000,22.500000,3265.070548
24.000000,22.500000,3427.169157
14.000000,23.000000,1891.362823
15.000000,23.000000,2035.516704
16.000000,23.000000,2184.871854
17.000000,23.000000,2339.428272
18.000000,23.000000,2490.608303
19.000000,23.000000,2641.359500
20.000000,23.000000,2796.444414
21.000000,23.000000,2955.863044
22.000000,23.000000,3111.070000
23.000000,23.000000,3269.484839
24.000000,23.000000,3431.730502
14.000000,23.500000,1894.698314
15.000000,23.500000,2039.150783
16.000000,23.500000,2188.817113
17.000000,23.500000,2343.697304
18.000000,23.500000,2494.592006
19.000000,23.500000,2645.515176
20.000000,23.500000,2800.775347
21.000000,23.500000,2960.330473
22.000000,23.500000,3115.363433
23.000000,23.500000,3273.917698
24.000000,23.500000,3436.305003
14.000000,24.000000,1898.036340
15.000000,24.000000,2042.787684
16.000000,24.000000,2192.765496
17.000000,24.000000,2347.969777
18.000000,24.000000,2498.578358
19.000000,24.000000,2649.673579
20.000000,24.000000,2805.109085
21.000000,24.000000,2964.800716
22.000000,24.000000,3119.659223
23.000000,24.000000,3278.352988
24.000000,24.000000,3440.882011
14.000000,24.500000,1901.419053
15.000000,24.500000,2046.472319
16.000000,24.500000,2196.764703
17.000000,24.500000,2352.296206
18.000000,24.500000,2502.596690
19.000000,24.500000,2653.866970
20.000000,24.500000,2809.481008
21.000000,24.500000,2968.995408
22.000000,24.500000,3123.983827
23.000000,24.500000,3282.809250
24.000000,24.500000,3445.471679
14.000000,25.000000,1904.804377
15.000000,25.000000,2050.159854
16.000000,25.000000,2200.767113
17.000000,25.000000,2356.626156
18.000000,25.000000,2506.617710
19.000000,25.000000,2658.063136
20.000000,25.000000,2813.855793
21.000000,25.000000,2973.192445
22.000000,25.000000,3128.310834
23.000000,25.000000,3287.267976
24.000000,25.000000,3450.063870
14.000000,25.500000,1908.249608
15.000000,25.500000,2053.884327
16.000000,25.500000,2204.781176
17.000000,25.500000,2360.940156
18.000000,25.500000,2510.623614
19.000000,25.500000,2662.273735
20.000000,25.500000,2818.276666
21.000000,25.500000,2977.466544
22.000000,25.500000,3132.695296
23.000000,25.500000,3291.762995
24.000000,25.500000,3454.669641
14.000000,26.000000,1911.697632
15.000000,26.000000,2057.611815
16.000000,26.000000,2208.798483
17.000000,26.000000,2365.257637
18.000000,26.000000,2514.632195
19.000000,26.000000,2666.487175
20.000000,26.000000,2822.700543
21.000000,26.000000,2981.743197
22.000000,26.000000,3137.082310
23.000000,26.000000,3296.260564
24.000000,26.000000,3459.277958
14.000000,26.500000,1915.186933
15.000000,26.500000,2061.357300
16.000000,26.500000,2212.808810
17.000000,26.500000,2369.541461
18.000000,26.500000,2518.615156
19.000000,26.500000,2670.692248
20.000000,26.500000,2827.134302
21.000000,26.500000,2986.032403
22.000000,26.500000,3141.492481
23.000000,26.500000,3300.792588
24.000000,26.500000,3463.932723
13.000000,27.000000,1777.542150
14.000000,27.000000,1918.679083
15.000000,27.000000,2065.105819
16.000000,27.000000,2216.822358
17.000000,27.000000,2373.828701
18.000000,27.000000,2522.600762
19.000000,27.000000,2674.900153
20.000000,27.000000,2831.571082
21.000000,27.000000,2990.324180
22.000000,27.000000,3145.905248
23.000000,27.000000,3305.327232
24.000000,27.000000,3468.590132
13.000000,27.500000,1780.790027
14.000000,27.500000,1922.177464
15.000000,27.500000,2068.863558
16.000000,27.500000,2220.848310
17.000000,27.500000,2378.032671
18.000000,27.500000,2526.585008
19.000000,27.500000,2679.092115
20.000000,27.500000,2835.976475
21.000000,27.500000,2994.584764
22.000000,27.500000,3150.361879
23.000000,27.500000,3309.984574
24.000000,27.500000,3473.452848
13.000000,28.000000,1784.040577
14.000000,28.000000,1925.678702
15.000000,28.000000,2072.624343
16.000000,28.000000,2224.877500
17.000000,28.000000,2382.239892
18.000000,28.000000,2530.571904
19.000000,28.000000,2683.286888
20.000000,28.000000,2840.384844
21.000000,28.000000,2998.847875
22.000000,28.000000,3154.821168
23.000000,28.000000,3314.644705
24.000000,28.000000,3478.318488
13.000000,28.500000,1787.296815
14.000000,28.500000,1929.198424
15.000000,28.500000,2076.417619
16.000000,28.500000,2228.954400
17.000000,28.500000,2386.095734
18.000000,28.500000,2534.608170
19.000000,28.500000,2687.507490
20.000000,28.500000,2844.793691
21.000000,28.500000,3003.096444
22.000000,28.500000,3159.270875
23.000000,28.500000,3319.300517
13.000000,29.000000,1790.555737
14.000000,29.000000,1932.721051
15.000000,29.000000,2080.214032
16.000000,29.000000,2233.034677
17.000000,29.000000,2389.954268
18.000000,29.000000,2538.647226
19.000000,29.000000,2691.730978
20.000000,29.000000,2849.205526
21.000000,29.000000,3007.347516
22.000000,29.000000,3163.723224
23.000000,29.000000,3323.959112
13.000000,29.500000,1793.872413
14.000000,29.500000,1936.297628
15.000000,29.500000,2084.060303
16.000000,29.500000,2237.160436
17.000000,29.500000,2393.851516
18.000000,29.500000,2542.718568
19.000000,29.500000,2695.979648
20.000000,29.500000,2853.634753
21.000000,29.500000,3011.612502
22.000000,29.500000,3168.185549
23.000000,29.500000,3328.623565
13.000000,30.000000,1797.191874
14.000000,30.000000,1939.877215
15.000000,30.000000,2087.909817
16.000000,30.000000,2241.289680
17.000000,30.000000,2397.751560
18.000000,30.000000,2546.792780
19.000000,30.000000,2700.231258
20.000000,30.000000,2858.066996
21.000000,30.000000,3015.880008
22.000000,30.000000,3172.650530
23.000000,30.000000,3333.290811
13.000000,30.500000,1800.769505
14.000000,30.500000,1943.659244
15.000000,30.500000,2091.901187
16.000000,30.500000,2245.495336
17.000000,30.500000,2401.661037
18.000000,30.500000,2550.879004
19.000000,30.500000,2704.497644
20.000000,30.500000,2862.516956
21.000000,30.500000,3020.168208
22.000000,30.500000,3177.129712
23.000000,30.500000,3337.965392
13.000000,31.000000,1804.350395
14.000000,31.000000,1947.444647
15.000000,31.000000,2095.896051
16.000000,31.000000,2249.704606
17.000000,31.000000,2405.573318
18.000000,31.000000,2554.968111
19.000000,31.000000,2708.766992
20.000000,31.000000,2866.969959
21.000000,31.000000,3024.458965
22.000000,31.000000,3181.611575
23.000000,31.000000,3342.642782
13.000000,31.500000,1807.915699
14.000000,31.500000,1951.221178
15.000000,31.500000,2099.889357
16.000000,31.500000,2253.920237
17.000000,31.500000,2409.522544
18.000000,31.500000,2559.191321
19.000000,31.500000,2713.273220
20.000000,31.500000,2871.768240
21.000000,31.500000,3029.056222
22.000000,31.500000,3186.292914
23.000000,31.500000,3347.407010
13.000000,32.000000,1811.484212
14.000000,32.000000,1955.001050
15.000000,32.000000,2103.886140
16.000000,32.000000,2258.139482
17.000000,32.000000,2413.474625
18.000000,32.000000,2563.417616
19.000000,32.000000,2717.782772
20.000000,32.000000,2876.570095
21.000000,32.000000,3033.656465
22.000000,32.000000,3190.977210
23.000000,32.000000,3352.174167
13.000000,32.500000,1815.058558
14.000000,32.500000,1958.788667
15.000000,32.500000,2107.892716
16.000000,32.500000,2262.370707
17.000000,32.500000,2417.448889
18.000000,32.500000,2567.666217
19.000000,32.500000,2722.314753
20.000000,32.500000,2881.394497
21.000000,32.500000,3038.260337
22.000000,32.500000,3195.681382
23.000000,32.500000,3356.978227
13.000000,33.000000,1818.636113
14.000000,33.000000,1962.579629
15.000000,33.000000,2111.902777
16.000000,33.000000,2266.605560
17.000000,33.000000,2421.426035
18.000000,33.000000,2571.917934
19.000000,33.000000,2726.850091
20.000000,33.000000,2886.222507
21.000000,33.000000,3042.867204
22.000000,33.000000,3200.388542
23.000000,33.000000,3361.785267
13.000000,33.500000,1822.237105
14.000000,33.500000,1966.417601
15.000000,33.500000,2115.985065
16.000000,33.500000,2270.939497
17.000000,33.500000,2425.506432
18.000000,33.500000,2576.246125
19.000000,33.500000,2731.433418
20.000000,33.500000,2891.068312
21.000000,33.500000,3047.517928
22.000000,33.500000,3205.219445
23.000000,33.500000,3366.799822
13.000000,34.000000,1825.841348
14.000000,34.000000,1970.259002
15.000000,34.000000,2120.070964
16.000000,34.000000,2275.277233
17.000000,34.000000,2429.589867
18.000000,34.000000,2580.577547
19.000000,34.000000,2736.020175
20.000000,34.000000,2895.917751
21.000000,34.000000,3052.171717
22.000000,34.000000,3210.053520
23.000000,34.000000,3371.817658
13.000000,34.500000,1829.538408
14.000000,34.500000,1974.201387
15.000000,34.500000,2124.266665
16.000000,34.500000,2279.734241
17.000000,34.500000,2433.797577
18.000000,34.500000,2584.998506
19.000000,34.500000,2740.659055
20.000000,34.500000,2900.779224
21.000000,34.500000,3056.836803
22.000000,34.500000,3214.917115
23.000000,34.500000,3376.884196
13.000000,35.000000,1833.238908
14.000000,35.000000,1978.147424
15.000000,35.000000,2128.466234
16.000000,35.000000,2284.195339
17.000000,35.000000,2438.008604
18.000000,35.000000,2589.422895
19.000000,35.000000,2745.301478
20.000000,35.000000,2905.644354
21.000000,35.000000,3061.504980
22.000000,35.000000,3219.783939
23.000000,35.000000,3381.954105
13.000000,35.500000,1837.190930
14.000000,35.500000,1982.288224
15.000000,35.500000,2132.798922
16.000000,35.500000,2288.723025
17.000000,35.500000,2442.245963
18.000000,35.500000,2593.865445
19.000000,35.500000,2749.953388
20.000000,35.500000,2910.509792
21.000000,35.500000,3066.177071
22.000000,35.500000,3224.659819
23.000000,35.500000,3387.038420
13.000000,36.000000,1841.146897
14.000000,36.000000,1986.433056
15.000000,36.000000,2137.135731
16.000000,36.000000,2293.254922
17.000000,36.000000,2446.486676
18.000000,36.000000,2598.311448
19.000000,36.000000,2754.608850
20.000000,36.000000,2915.378882
21.000000,36.000000,3070.852262
22.000000,36.000000,3229.538942
23.000000,36.000000,3392.126126
13.000000,36.500000,1845.101513
14.000000,36.500000,1990.582631
15.000000,36.500000,2141.483774
16.000000,36.500000,2297.804943
17.000000,36.500000,2450.761998
18.000000,36.500000,2602.812696
19.000000,36.500000,2759.341384
20.000000,36.500000,2920.293181
21.000000,36.500000,3075.600793
22.000000,36.500000,3234.468417
23.000000,36.500000,3397.239957
13.000000,37.000000,1849.060069
14.000000,37.000000,1994.736241
15.000000,37.000000,2145.835951
16.000000,37.000000,2302.359199
17.000000,37.000000,2455.040717
18.000000,37.000000,2607.317476
19.000000,37.000000,2764.077587
20.000000,37.000000,2925.211187
21.000000,37.000000,3080.352533
22.000000,37.000000,3239.401208
23.000000,37.000000,3402.357213
13.000000,37.500000,1853.018878
14.000000,37.500000,1998.896248
15.000000,37.500000,2150.201066
16.000000,37.500000,2306.933333
17.000000,37.500000,2459.366772
18.000000,37.500000,2611.902892
19.000000,37.500000,2768.929910
20.000000,37.500000,2929.930724
21.000000,37.500000,3085.212056
22.000000,37.500000,3244.401686
23.000000,37.500000,3407.499613
13.000000,38.000000,1856.981624
14.000000,38.000000,2003.060297
15.000000,38.000000,2154.570331
16.000000,38.000000,2311.511726
17.000000,38.000000,2463.696301
18.000000,38.000000,2616.491993
19.000000,38.000000,2773.786135
20.000000,38.000000,2934.653655
21.000000,38.000000,3090.074997
22.000000,38.000000,3249.405603
23.000000,38.000000,3412.645476
13.000000,38.500000,1860.986571
14.000000,38.500000,2007.266949
15.000000,38.500000,2158.982554
16.000000,38.500000,2316.133385
17.000000,38.500000,2468.080289
18.000000,38.500000,2621.136285
19.000000,38.500000,2778.698236
20.000000,38.500000,2939.414951
21.000000,38.500000,3094.966967
22.000000,38.500000,3254.428592
23.000000,38.500000,3417.799825
13.000000,39.000000,1864.995541
14.000000,39.000000,2011.477732
15.000000,39.000000,2163.399016
16.000000,39.000000,2320.759394
17.000000,39.000000,2472.467853
18.000000,39.000000,2625.784366
19.000000,39.000000,2783.614345
20.000000,39.000000,2944.179714
21.000000,39.000000,3099.862406
22.000000,39.000000,3259.455050
23.000000,39.000000,3422.957645
13.000000,39.500000,1869.095439
14.000000,39.500000,2015.807107
15.000000,39.500000,2167.963341
16.000000,39.500000,2325.564141
17.000000,39.500000,2476.999488
18.000000,39.500000,2630.534950
19.000000,39.500000,2788.588723
20.000000,39.500000,2948.966130
21.000000,39.500000,3104.859619
22.000000,39.500000,3264.667355
23.000000,39.500000,3428.389337
13.000000,40.000000,1873.199567
14.000000,40.000000,2020.140865
15.000000,40.000000,2172.532204
16.000000,40.000000,2330.373584
17.000000,40.000000,2481.534940
18.000000,40.000000,2635.289491
19.000000,40.000000,2793.567199
20.000000,40.000000,2953.756038
21.000000,40.000000,3109.860447
22.000000,40.000000,3269.883399
23.000000,40.000000,3433.824893
13.000000,40.500000,1877.491556
14.000000,40.500000,2024.733633
15.000000,40.500000,2177.435169
16.000000,40.500000,2335.596163
17.000000,40.500000,2486.352796
18.000000,40.500000,2640.231700
19.000000,40.500000,2798.632957
20.000000,40.500000,2958.581272
21.000000,40.500000,3114.963598
22.000000,40.500000,3275.272041
23.000000,40.500000,3439.506601
13.000000,41.000000,1881.788227
14.000000,41.000000,2029.331348
15.000000,41.000000,2182.343350
16.000000,41.000000,2340.824230
17.000000,41.000000,2491.174920
18.000000,41.000000,2645.178157
19.000000,41.000000,2803.702943
20.000000,41.000000,2963.410044
21.000000,41.000000,3120.070511
22.000000,41.000000,3280.664678
23.000000,41.000000,3445.192543
13.000000,41.500000,1886.101772
14.000000,41.500000,2033.943650
15.000000,41.500000,2187.263637
16.000000,41.500000,2345.940758
17.000000,41.500000,2495.986048
18.000000,41.500000,2650.117313
19.000000,41.500000,2808.769531
20.000000,41.500000,2968.268960
21.000000,41.500000,3125.222360
22.000000,41.500000,3286.117735
12.000000,42.000000,1747.766470
13.000000,42.000000,1890.420022
14.000000,42.000000,2038.560916
15.000000,42.000000,2192.189152
16.000000,42.000000,2351.062503
17.000000,42.000000,2500.801423
18.000000,42.000000,2655.060700
19.000000,42.000000,2813.840335
20.000000,42.000000,2973.131453
21.000000,42.000000,3130.378032
22.000000,42.000000,3291.574873
12.000000,42.500000,1751.813413
13.000000,42.500000,1894.754658
14.000000,42.500000,2043.192287
15.000000,42.500000,2197.126300
16.000000,42.500000,2355.739863
17.000000,42.500000,2505.652103
18.000000,42.500000,2660.086757
19.000000,42.500000,2819.043823
20.000000,42.500000,2978.152506
21.000000,42.500000,3135.650561
22.000000,42.500000,3297.104895
12.000000,43.000000,1755.864834
13.000000,43.000000,1899.094021
14.000000,43.000000,2047.828639
15.000000,43.000000,2202.068687
16.000000,43.000000,2360.421464
17.000000,43.000000,2510.507093
18.000000,43.000000,2665.117189
19.000000,43.000000,2824.251753
20.000000,43.000000,2983.177375
21.000000,43.000000,3140.927089
22.000000,43.000000,3302.639102
12.000000,43.500000,1760.016478
13.000000,43.500000,1903.512414
14.000000,43.500000,2052.520954
15.000000,43.500000,2207.042099
16.000000,43.500000,2365.108031
17.000000,43.500000,2515.434770
18.000000,43.500000,2670.292018
19.000000,43.500000,2829.679773
20.000000,43.500000,2988.420394
21.000000,43.500000,3146.355247
22.000000,43.500000,3308.254844
12.000000,44.000000,1764.172812
13.000000,44.000000,1907.935695
14.000000,44.000000,2057.218359
15.000000,44.000000,2212.020803
16.000000,44.000000,2369.798847
17.000000,44.000000,2520.366889
18.000000,44.000000,2675.471483
19.000000,44.000000,2835.112628
20.000000,44.000000,2993.667577
21.000000,44.000000,3151.787639
22.000000,44.000000,3313.874892
12.000000,44.500000,1768.410664
13.000000,44.500000,1912.445892
14.000000,44.500000,2062.008369
15.000000,44.500000,2217.098097
16.000000,44.500000,2374.604663
17.000000,44.500000,2525.431146
18.000000,44.500000,2680.800674
19.000000,44.500000,2840.713249
20.000000,44.500000,2999.044568
21.000000,44.500000,3157.308023
22.000000,44.500000,3319.538884
12.000000,45.000000,1772.653404
13.000000,45.000000,1916.961194
14.000000,45.000000,2066.803705
15.000000,45.000000,2222.180938
16.000000,45.000000,2379.415009
17.000000,45.000000,2530.500133
18.000000,45.000000,2686.134803
19.000000,45.000000,2846.319017
20.000000,45.000000,3004.425931
21.000000,45.000000,3162.832777
22.000000,45.000000,3325.207243
12.000000,45.500000,1777.028557
13.000000,45.500000,1921.574483
14.000000,45.500000,2071.659544
15.000000,45.500000,2227.283738
16.000000,45.500000,2384.242089
17.000000,45.500000,2535.588037
18.000000,45.500000,2691.489655
19.000000,45.500000,2851.946942
20.000000,45.500000,3009.816623
21.000000,45.500000,3168.375805
22.000000,45.500000,3330.903312
12.000000,46.000000,1781.408961
13.000000,46.000000,1926.193157
14.000000,46.000000,2076.520899
15.000000,46.000000,2232.392187
16.000000,46.000000,2389.073799
17.000000,46.000000,2540.680753
18.000000,46.000000,2696.849504
19.000000,46.000000,2857.580052
20.000000,46.000000,3015.211694
21.000000,46.000000,3173.923229
22.000000,46.000000,3336.603792
12.000000,46.500000,1785.801576
13.000000,46.500000,1930.818770
14.000000,46.500000,2081.383768
15.000000,46.500000,2237.496571
16.000000,46.500000,2393.922097
17.000000,46.500000,2545.792186
18.000000,46.500000,2702.229962
19.000000,46.500000,2863.235424
20.000000,46.500000,3020.665660
21.000000,46.500000,3179.600629
22.000000,46.500000,3342.509210
12.000000,47.000000,1790.199458
13.000000,47.000000,1935.449779
14.000000,47.000000,2086.252165
15.000000,47.000000,2242.606614
16.000000,47.000000,2398.775089
17.000000,47.000000,2550.908488
18.000000,47.000000,2707.615461
19.000000,47.000000,2868.896009
20.000000,47.000000,3026.124119
21.000000,47.000000,3185.282686
22.000000,47.000000,3348.419453
12.000000,47.500000,1794.613735
13.000000,47.500000,1940.096416
14.000000,47.500000,2091.135312
15.000000,47.500000,2247.730424
16.000000,47.500000,2403.647101
17.000000,47.500000,2556.044961
18.000000,47.500000,2713.022310
19.000000,47.500000,2874.579147
20.000000,47.500000,3031.609621
21.000000,47.500000,3191.005370
22.000000,47.500000,3354.384561
12.000000,48.000000,1799.033306
13.000000,48.000000,1944.748472
14.000000,48.000000,2096.024007
15.000000,48.000000,2252.859911
16.000000,48.000000,2408.523828
17.000000,48.000000,2561.186325
18.000000,48.000000,2718.434222
19.000000,48.000000,2880.267520
20.000000,48.000000,3037.099658
21.000000,48.000000,3196.732778
22.000000,48.000000,3360.354584
12.000000,48.500000,1803.513198
13.000000,48.500000,1949.448782
14.000000,48.500000,2100.947608
15.000000,48.500000,2258.009676
16.000000,48.500000,2413.434204
17.000000,48.500000,2566.391154
18.000000,48.500000,2723.941326
19.000000,48.500000,2886.084722
20.000000,48.500000,3042.685660
21.000000,48.500000,3202.522290
22.000000,48.500000,3366.350827
12.000000,49.000000,1807.998536
13.000000,49.000000,1954.154627
14.000000,49.000000,2105.876831
15.000000,49.000000,2263.165151
16.000000,49.000000,2418.349350
17.000000,49.000000,2571.600995
18.000000,49.000000,2729.453689
19.000000,49.000000,2891.907431
20.000000,49.000000,3048.276396
21.000000,49.000000,3208.316648
22.000000,49.000000,3372.352031
12.000000,49.500000,1812.610555
13.000000,49.500000,1958.995761
14.000000,49.500000,2110.950238
15.000000,49.500000,2268.473986
16.000000,49.500000,2423.416089
17.000000,49.500000,2576.954374
18.000000,49.500000,2735.100957
19.000000,49.500000,2897.569476
20.000000,49.500000,3053.946405
21.000000,49.500000,3214.157709
22.000000,49.500000,3378.365473
12.000000,50.000000,1817.228315
13.000000,50.000000,1963.842737
14.000000,50.000000,2116.029586
15.000000,50.000000,2273.788862
16.000000,50.000000,2428.487891
17.000000,50.000000,2582.313049
18.000000,50.000000,2740.753759
19.000000,50.000000,2903.236700
20.000000,50.000000,3059.621308
21.000000,50.000000,3220.003706
22.000000,50.000000,3384.383895
12.000000,50.500000,1822.116864
13.000000,50.500000,1968.935580
14.000000,50.500000,2121.327250
15.000000,50.500000,2279.291875
16.000000,50.500000,2433.726071
17.000000,50.500000,2587.827298
18.000000,50.500000,2746.550576
19.000000,50.500000,2908.852576
20.000000,50.500000,3065.373364
21.000000,50.500000,3225.891232
22.000000,50.500000,3390.406182
12.000000,51.000000,1827.011829
13.000000,51.000000,1974.034855
14.000000,51.000000,2126.631361
15.000000,51.000000,2284.801347
16.000000,51.000000,2438.969647
17.000000,51.000000,2593.347161
18.000000,51.000000,2752.353228
19.000000,51.000000,2914.473536
20.000000,51.000000,3071.130469
21.000000,51.000000,3231.783774
22.000000,51.000000,3396.433450
12.000000,51.500000,1831.956334
13.000000,51.500000,1979.249265
14.000000,51.500000,2132.120951
15.000000,51.500000,2290.571393
16.000000,51.500000,2444.435352
17.000000,51.500000,2599.021628
18.000000,51.500000,2758.238573
19.000000,51.500000,2920.095034
20.000000,51.500000,3076.885453
21.000000,51.500000,3237.671342
22.000000,51.500000,3402.452703
12.000000,52.000000,1836.907365
13.000000,52.000000,1984.470380
14.000000,52.000000,2137.617428
15.000000,52.000000,2296.348507
16.000000,52.000000,2449.906909
17.000000,52.000000,2604.702016
18.000000,52.000000,2764.129906
19.000000,52.000000,2925.721603
20.000000,52.000000,3082.645464
21.000000,52.000000,3243.563896
22.000000,52.000000,3408.476897
12.000000,52.500000,1841.895329
13.000000,52.500000,1989.732749
14.000000,52.500000,2143.159636
15.000000,52.500000,2302.175990
16.000000,52.500000,2455.412564
17.000000,52.500000,2610.408211
18.000000,52.500000,2770.038214
19.000000,52.500000,2931.381289
20.000000,52.500000,3088.550591
21.000000,52.500000,3249.719158
12.000000,53.000000,1846.889903
13.000000,53.000000,1995.001914
14.000000,53.000000,2148.708827
15.000000,53.000000,2308.010644
16.000000,53.000000,2460.924128
17.000000,53.000000,2616.120365
18.000000,53.000000,2775.952529
19.000000,53.000000,2937.046093
20.000000,53.000000,3094.460997
21.000000,53.000000,3255.879861
12.000000,53.500000,1851.940070
13.000000,53.500000,2000.315893
14.000000,53.500000,2154.290942
15.000000,53.500000,2313.865215
16.000000,53.500000,2466.444706
17.000000,53.500000,2621.841486
18.000000,53.500000,2781.875752
19.000000,53.500000,2942.760803
20.000000,53.500000,3100.506909
21.000000,53.500000,3262.265927
12.000000,54.000000,1856.996989
13.000000,54.000000,2005.636776
14.000000,54.000000,2159.880108
15.000000,54.000000,2319.726984
16.000000,54.000000,2471.971195
17.000000,54.000000,2627.568566
18.000000,54.000000,2787.804983
19.000000,54.000000,2948.480712
20.000000,54.000000,3106.558339
21.000000,54.000000,3268.657838
12.000000,54.500000,1862.123671
13.000000,54.500000,2011.011344
14.000000,54.500000,2165.505292
15.000000,54.500000,2325.605514
16.000000,54.500000,2477.544915
17.000000,54.500000,2633.384212
18.000000,54.500000,2793.866705
19.000000,54.500000,2954.361282
20.000000,54.500000,3112.725596
21.000000,54.500000,3275.118006
12.000000,55.000000,1867.257290
13.000000,55.000000,2016.392946
14.000000,55.000000,2171.137603
15.000000,55.000000,2331.491261
16.000000,55.000000,2483.124644
17.000000,55.000000,2639.206014
18.000000,55.000000,2799.934733
19.000000,55.000000,2960.247383
20.000000,55.000000,3118.898605
21.000000,55.000000,3281.584150
12.000000,55.500000,1872.555139
13.000000,55.500000,2021.943909
14.000000,55.500000,2176.944205
15.000000,55.500000,2337.116667
16.000000,55.500000,2488.866972
17.000000,55.500000,2645.167045
18.000000,55.500000,2806.116690
19.000000,55.500000,2966.229443
20.000000,55.500000,3125.140379
21.000000,55.500000,3288.090228
12.000000,56.000000,1877.860400
13.000000,56.000000,2027.502383
14.000000,56.000000,2182.758412
15.000000,56.000000,2342.748645
16.000000,56.000000,2494.615705
17.000000,56.000000,2651.134560
18.000000,56.000000,2812.305210
19.000000,56.000000,2972.217226
20.000000,56.000000,3131.388036
21.000000,56.000000,3294.602348
12.000000,56.500000,1883.191841
13.000000,56.500000,2033.096368
14.000000,56.500000,2188.618150
15.000000,56.500000,2348.336881
16.000000,56.500000,2500.445775
17.000000,56.500000,2657.210240
18.000000,56.500000,2818.630278
19.000000,56.500000,2978.335142
20.000000,56.500000,3137.723161
21.000000,56.500000,3301.156728
12.000000,57.000000,1888.530743
13.000000,57.000000,2038.697939
14.000000,57.000000,2194.485596
15.000000,57.000000,2353.931569
16.000000,57.000000,2506.282435
17.000000,57.000000,2663.292652
18.000000,57.000000,2824.962218
19.000000,57.000000,2984.459053
20.000000,57.000000,3144.064342
21.000000,57.000000,3307.717222
12.000000,57.500000,1893.940172
13.000000,57.500000,2044.396029
14.000000,57.500000,2200.477395
15.000000,57.500000,2359.667190
16.000000,57.500000,2512.225395
17.000000,57.500000,2669.444106
18.000000,57.500000,2831.323323
19.000000,57.500000,2990.604973
20.000000,57.500000,3150.439260
21.000000,57.500000,3314.323753
11.000000,58.000000,1754.243091
12.000000,58.000000,1899.357248
13.000000,58.000000,2050.101961
14.000000,58.000000,2206.477230
15.000000,58.000000,2365.409609
16.000000,58.000000,2518.175194
17.000000,58.000000,2675.602442
18.000000,58.000000,2837.691351
19.000000,58.000000,2996.756910
20.000000,58.000000,3156.820278
21.000000,58.000000,3320.936467
11.000000,58.500000,1759.421111
12.000000,58.500000,1904.813598
13.000000,58.500000,2055.841055
14.000000,58.500000,2212.503482
15.000000,58.500000,2371.163118
16.000000,58.500000,2524.135824
17.000000,58.500000,2681.771320
18.000000,58.500000,2844.069606
19.000000,58.500000,3002.935361
20.000000,58.500000,3163.241951
21.000000,58.500000,3327.604662
11.000000,59.000000,1764.606692
12.000000,59.000000,1910.277686
13.000000,59.000000,2061.588061
14.000000,59.000000,2218.537816
15.000000,59.000000,2376.923432
16.000000,59.000000,2530.103300
17.000000,59.000000,2687.947085
18.000000,59.000000,2850.454787
19.000000,59.000000,3009.119862
20.000000,59.000000,3169.669784
21.000000,59.000000,3334.279125
11.000000,59.500000,1769.968319
12.000000,59.500000,1915.879356
13.000000,59.500000,2067.430773
14.000000,59.500000,2224.622572
15.000000,59.500000,2382.694762
16.000000,59.500000,2536.081524
17.000000,59.500000,2694.133302
18.000000,59.500000,2856.850096
19.000000,59.500000,3015.356659
20.000000,59.500000,3176.192093
21.000000,59.500000,3341.093288
11.000000,60.000000,1775.337996
12.000000,60.000000,1921.489127
13.000000,60.000000,2073.281634
14.000000,60.000000,2230.715518
15.000000,60.000000,2388.472901
16.000000,60.000000,2542.066598
17.000000,60.000000,2700.326409
18.000000,60.000000,2863.252332
19.000000,60.000000,3021.599634
20.000000,60.000000,3182.720831
21.000000,60.000000,3347.914135
11.000000,60.500000,1781.026757
12.000000,60.500000,1927.364401
13.000000,60.500000,2079.339644
14.000000,60.500000,2236.952486
15.000000,60.500000,2394.367138
16.000000,60.500000,2548.189833
17.000000,60.500000,2706.680905
18.000000,60.500000,2869.840354
19.000000,60.500000,3027.996018
20.000000,60.500000,3189.351422
21.000000,60.500000,3354.782195
11.000000,61.000000,1786.724516
12.000000,61.000000,1933.248533
13.000000,61.000000,2085.406370
14.000000,61.000000,2243.198026
15.000000,61.000000,2400.268468
16.000000,61.000000,2554.320251
17.000000,61.000000,2713.042673
18.000000,61.000000,2876.435735
19.000000,61.000000,3034.398910
20.000000,61.000000,3195.988650
21.000000,61.000000,3361.657020
11.000000,61.500000,1792.445075
12.000000,61.500000,1939.176329
13.000000,61.500000,2091.539385
14.000000,61.500000,2249.534243
15.000000,61.500000,2406.283551
16.000000,61.500000,2560.558987
17.000000,61.500000,2719.506695
18.000000,61.500000,2882.929960
19.000000,61.500000,3040.876502
20.000000,61.500000,3202.677238
21.000000,61.500000,3368.558459
11.000000,62.000000,1798.174672
12.000000,62.000000,1945.113090
13.000000,62.000000,2097.681290
14.000000,62.000000,2255.879274
15.000000,62.000000,2412.306008
16.000000,62.000000,2566.805165
17.000000,62.000000,2725.978223
18.000000,62.000000,2889.431290
19.000000,62.000000,3047.360754
20.000000,62.000000,3209.372557
21.000000,62.000000,3375.466701
11.000000,62.500000,1803.982194
12.000000,62.500000,1951.134156
13.000000,62.500000,2103.914346
14.000000,62.500000,2262.322763
15.000000,62.500000,2418.448212
16.000000,62.500000,2573.190558
17.000000,62.500000,2732.609416
18.000000,62.500000,2895.876784
19.000000,62.500000,3053.969048
20.000000,62.500000,3216.142647
21.000000,62.500000,3382.397582
11.000000,63.000000,1809.798968
12.000000,63.000000,1957.164417
13.000000,63.000000,2110.156537
14.000000,63.000000,2268.775329
15.000000,63.000000,2424.598086
16.000000,63.000000,2579.583730
17.000000,63.000000,2739.248495
18.000000,63.000000,2902.329243
19.000000,63.000000,3060.584265
20.000000,63.000000,3222.919615
21.000000,63.000000,3389.335294
11.000000,63.500000,1815.656705
12.000000,63.500000,1963.250616
13.000000,63.500000,2116.470842
14.000000,63.500000,2275.317382
15.000000,63.500000,2430.838995
16.000000,63.500000,2586.047345
17.000000,63.500000,2745.935891
18.000000,63.500000,2908.799658
19.000000,63.500000,3067.216006
20.000000,63.500000,3229.711599
21.000000,63.500000,3396.286438
11.000000,64.000000,1821.523792
12.000000,64.000000,1969.346155
13.000000,64.000000,2122.794474
14.000000,64.000000,2281.868750
15.000000,64.000000,2437.087793
16.000000,64.000000,2592.518898
17.000000,64.000000,2752.631272
18.000000,64.000000,2915.277061
19.000000,64.000000,3073.854688
20.000000,64.000000,3236.510476
21.000000,64.000000,3403.244424
11.000000,64.500000,1827.421022
12.000000,64.500000,1975.467609
13.000000,64.500000,2129.138822
14.000000,64.500000,2288.434662
15.000000,64.500000,2443.351893
16.000000,64.500000,2599.005039
17.000000,64.500000,2759.340466
18.000000,64.500000,2921.762488
19.000000,64.500000,3080.509311
20.000000,64.500000,3243.333786
11.000000,65.000000,1833.327712
12.000000,65.000000,1981.598482
13.000000,65.000000,2135.492547
14.000000,65.000000,2295.009907
15.000000,65.000000,2449.623898
16.000000,65.000000,2605.499131
17.000000,65.000000,2766.057656
18.000000,65.000000,2928.254902
19.000000,65.000000,3087.170898
20.000000,65.000000,3250.164038
11.000000,65.500000,1839.278347
12.000000,65.500000,1987.765086
13.000000,65.500000,2141.872028
14.000000,65.500000,2301.599175
15.000000,65.500000,2455.911025
16.000000,65.500000,2612.007612
17.000000,65.500000,2772.788443
18.000000,65.500000,2934.775824
19.000000,65.500000,3093.921115
20.000000,65.500000,3257.146299
11.000000,66.000000,1845.238602
12.000000,66.000000,1993.941229
13.000000,66.000000,2148.260958
14.000000,66.000000,2308.197790
15.000000,66.000000,2462.206070
16.000000,66.000000,2618.524056
17.000000,66.000000,2779.527234
18.000000,66.000000,2941.303778
19.000000,66.000000,3100.678480
20.000000,66.000000,3264.135821
11.000000,66.500000,1851.239827
12.000000,66.500000,2000.211875
13.000000,66.500000,2154.802079
14.000000,66.500000,2315.010438
15.000000,66.500000,2468.722256
16.000000,66.500000,2625.256405
17.000000,66.500000,2786.475850
18.000000,66.500000,2948.045899
19.000000,66.500000,3107.666340
20.000000,66.500000,3271.372693
11.000000,67.000000,1857.250774
12.000000,67.000000,2006.492330
13.000000,67.000000,2161.353087
14.000000,67.000000,2321.833044
15.000000,67.000000,2475.246938
16.000000,67.000000,2631.997263
17.000000,67.000000,2793.432987
18.000000,67.000000,2954.795543
19.000000,67.000000,3114.661864
20.000000,67.000000,3278.617372
11.000000,67.500000,1863.276370
12.000000,67.500000,2012.788405
13.000000,67.500000,2167.920624
14.000000,67.500000,2328.673026
15.000000,67.500000,2481.810676
16.000000,67.500000,2638.806040
17.000000,67.500000,2800.488686
18.000000,67.500000,2961.649268
19.000000,67.500000,3121.731670
20.000000,67.500000,3285.904737
11.000000,68.000000,1869.311705
12.000000,68.000000,2019.094306
13.000000,68.000000,2174.498065
14.000000,68.000000,2335.522983
15.000000,68.000000,2488.382988
16.000000,68.000000,2645.623480
17.000000,68.000000,2807.553136
18.000000,68.000000,2968.510745
19.000000,68.000000,3128.809295
20.000000,68.000000,3293.199987
11.000000,68.500000,1875.355056
12.000000,68.500000,2025.424163
13.000000,68.500000,2181.117231
14.000000,68.500000,2342.091253
15.000000,68.500000,2495.061816
16.000000,68.500000,2652.569459
17.000000,68.500000,2814.768737
18.000000,68.500000,2975.501453
19.000000,68.500000,3135.973654
20.000000,68.500000,3300.536971
11.000000,69.000000,1881.408141
12.000000,69.000000,2031.763900
13.000000,69.000000,2187.746421
14.000000,69.000000,2348.668696
15.000000,69.000000,2501.749518
16.000000,69.000000,2659.524441
17.000000,69.000000,2821.993466
18.000000,69.000000,2982.500205
19.000000,69.000000,3143.146015
20.000000,69.000000,3307.881914
11.000000,69.500000,1887.565687
12.000000,69.500000,2038.182116
13.000000,69.500000,2194.425765
14.000000,69.500000,2355.121850
15.000000,69.500000,2508.481468
16.000000,69.500000,2666.538349
17.000000,69.500000,2829.292493
18.000000,69.500000,2989.551524
19.000000,69.500000,3150.353133
20.000000,69.500000,3315.242773
11.000000,70.000000,1893.733279
12.000000,70.000000,2044.610434
13.000000,70.000000,2201.115262
14.000000,70.000000,2361.583809
15.000000,70.000000,2515.222392
16.000000,70.000000,2673.561393
17.000000,70.000000,2836.600814
18.000000,70.000000,2996.610993
19.000000,70.000000,3157.568314
20.000000,70.000000,3322.611606
11.000000,70.500000,1900.075997
12.000000,70.500000,2051.159478
13.000000,70.500000,2207.866168
14.000000,70.500000,2368.063767
15.000000,70.500000,2521.983586
16.000000,70.500000,2680.607046
17.000000,70.500000,2843.934148
18.000000,70.500000,3003.683781
19.000000,70.500000,3164.805662
20.000000,70.500000,3330.012075
11.000000,71.000000,1906.429312
12.000000,71.000000,2057.718980
13.000000,71.000000,2214.627386
14.000000,71.000000,2374.552552
15.000000,71.000000,2528.753779
16.000000,71.000000,2687.661865
17.000000,71.000000,2851.276808
18.000000,71.000000,3010.764731
19.000000,71.000000,3172.051112
20.000000,71.000000,3337.420584
11.000000,71.500000,1912.786250
12.000000,71.500000,2064.286069
13.000000,71.500000,2221.400861
14.000000,71.500000,2381.084918
15.000000,71.500000,2535.562712
16.000000,71.500000,2694.749809
17.000000,71.500000,2858.646210
18.000000,71.500000,3017.854947
19.000000,71.500000,3179.307202
20.000000,71.500000,3344.841219
11.000000,72.000000,1919.153761
12.000000,72.000000,2070.863609
13.000000,72.000000,2228.184662
14.000000,72.000000,2387.626220
15.000000,72.000000,2542.380734
16.000000,72.000000,2701.846987
17.000000,72.000000,2866.024977
18.000000,72.000000,3024.953325
19.000000,72.000000,3186.571399
20.000000,72.000000,3352.269903
11.000000,72.500000,1925.566760
12.000000,72.500000,2077.475746
13.000000,72.500000,2234.991540
14.000000,72.500000,2394.213853
15.000000,72.500000,2549.261865
16.000000,72.500000,2709.025091
17.000000,72.500000,2873.503529
18.000000,72.500000,3032.248886
19.000000,72.500000,3194.142868
20.000000,72.500000,3360.121099
10.000000,73.000000,1785.484895
11.000000,73.000000,1931.990450
12.000000,73.000000,2084.098415
13.000000,73.000000,2241.808790
14.000000,73.000000,2400.810538
15.000000,73.000000,2556.152252
16.000000,73.000000,2716.212645
17.000000,73.000000,2880.991718
18.000000,73.000000,3039.553102
19.000000,73.000000,3201.723176
20.000000,73.000000,3367.981319
10.000000,73.500000,1791.739465
11.000000,73.500000,1938.461312
12.000000,73.500000,2090.782035
13.000000,73.500000,2248.701637
14.000000,73.500000,2407.498610
15.000000,73.500000,2563.127599
16.000000,73.500000,2723.478513
17.000000,73.500000,2888.339253
18.000000,73.500000,3046.937077
19.000000,73.500000,3209.386610
20.000000,73.500000,3375.927846
10.000000,74.000000,1798.004966
11.000000,74.000000,1944.942985
12.000000,74.000000,2097.476347
13.000000,74.000000,2255.605051
14.000000,74.000000,2414.195956
15.000000,74.000000,2570.112405
16.000000,74.000000,2730.754020
17.000000,74.000000,2895.696051
18.000000,74.000000,3054.329893
19.000000,74.000000,3217.059068
20.000000,74.000000,3383.883577
10.000000,74.500000,1804.432562
11.000000,74.500000,1951.665602
12.000000,74.500000,2104.495525
13.000000,74.500000,2262.922334
14.000000,74.500000,2421.287542
15.000000,74.500000,2577.388921
16.000000,74.500000,2738.212205
17.000000,74.500000,2902.897442
18.000000,74.500000,3061.791434
19.000000,74.500000,3224.783143
20.000000,74.500000,3391.872568
10.000000,75.000000,1810.871624
11.000000,75.000000,1958.399810
12.000000,75.000000,2111.526417
13.000000,75.000000,2270.251445
14.000000,75.000000,2428.389485
15.000000,75.000000,2584.675670
16.000000,75.000000,2745.680499
17.000000,75.000000,2910.107694
18.000000,75.000000,3069.261973
19.000000,75.000000,3232.516346
20.000000,75.000000,3399.870814
10.000000,75.500000,1817.479997
11.000000,75.500000,1965.273154
12.000000,75.500000,2118.663129
13.000000,75.500000,2277.649920
14.000000,75.500000,2435.530580
15.000000,75.500000,2592.010008
16.000000,75.500000,2753.205617
17.000000,75.500000,2917.400989
18.000000,75.500000,3076.798483
19.000000,75.500000,3240.297134
10.000000,76.000000,1824.100405
11.000000,76.000000,1972.158535
12.000000,76.000000,2125.811869
13.000000,76.000000,2285.060407
14.000000,76.000000,2442.682113
15.000000,76.000000,2599.354688
16.000000,76.000000,2760.740980
17.000000,76.000000,2924.703344
18.000000,76.000000,3084.344138
19.000000,76.000000,3248.087143
10.000000,76.500000,1830.732169
11.000000,76.500000,1979.064439
12.000000,76.500000,2132.991029
13.000000,76.500000,2292.511941
14.000000,76.500000,2449.865362
15.000000,76.500000,2606.725258
16.000000,76.500000,2768.296079
17.000000,76.500000,2932.034789
18.000000,76.500000,3091.929669
19.000000,76.500000,3255.928352
10.000000,77.000000,1837.375964
11.000000,77.000000,1985.982405
12.000000,77.000000,2140.182275
13.000000,77.000000,2299.975574
14.000000,77.000000,2457.059106
15.000000,77.000000,2614.106209
16.000000,77.000000,2775.861446
17.000000,77.000000,2939.375337
18.000000,77.000000,3099.524412
19.000000,77.000000,3263.778875
10.000000,77.500000,1844.084288
11.000000,77.500000,1993.014774
12.000000,77.500000,2147.540790
13.000000,77.500000,2307.662336
14.000000,77.500000,2464.426604
15.000000,77.500000,2621.603465
16.000000,77.500000,2783.482047
17.000000,77.500000,2946.748368
18.000000,77.500000,3107.165148
19.000000,77.500000,3271.689575
10.000000,78.000000,1850.804836
11.000000,78.000000,2000.059567
12.000000,78.000000,2154.911915
13.000000,78.000000,2315.361881
14.000000,78.000000,2471.805070
15.000000,78.000000,2629.111397
16.000000,78.000000,2791.113035
17.000000,78.000000,2954.130555
18.000000,78.000000,3114.815178
19.000000,78.000000,3279.609703
10.000000,78.500000,1857.560871
11.000000,78.500000,2007.136343
12.000000,78.500000,2162.310880
13.000000,78.500000,2323.084483
14.000000,78.500000,2479.213615
15.000000,78.500000,2636.697637
16.000000,78.500000,2798.873625
17.000000,78.500000,2961.688172
18.000000,78.500000,3122.623612
19.000000,78.500000,3287.670262
10.000000,79.000000,1864.329216
11.000000,79.000000,2014.225611
12.000000,79.000000,2169.722504
13.000000,79.000000,2330.819894
14.000000,79.000000,2486.633183
15.000000,79.000000,2644.294748
16.000000,79.000000,2806.644934
17.000000,79.000000,2969.255369
18.000000,79.000000,3130.441722
19.000000,79.000000,3295.740586
10.000000,79.500000,1871.204426
11.000000,79.500000,2021.413138
12.000000,79.500000,2177.223075
13.000000,79.500000,2338.634237
14.000000,79.500000,2494.137206
15.000000,79.500000,2651.983680
16.000000,79.500000,2814.515198
17.000000,79.500000,2976.955475
18.000000,79.500000,3138.428384
19.000000,79.500000,3304.017371
10.000000,80.000000,1878.092289
11.000000,80.000000,2028.613464
12.000000,80.000000,2184.736578
13.000000,80.000000,2346.461632
14.000000,80.000000,2501.652497
15.000000,80.000000,2659.683733
16.000000,80.000000,2822.396434
17.000000,80.000000,2984.665485
18.000000,80.000000,3146.425145
19.000000,80.000000,3312.304449
10.000000,80.500000,1885.074910
11.000000,80.500000,2035.904379
12.000000,80.500000,2192.336283
13.000000,80.500000,2354.370621
14.000000,80.500000,2509.259180
15.000000,80.500000,2667.478641
16.000000,80.500000,2830.375407
17.000000,80.500000,2992.476598
18.000000,80.500000,3154.497273
19.000000,80.500000,3320.639628
10.000000,81.000000,1892.070485
11.000000,81.000000,2043.208373
12.000000,81.000000,2199.949181
13.000000,81.000000,2362.292909
14.000000,81.000000,2516.877392
15.000000,81.000000,2675.284925
16.000000,81.000000,2838.365599
17.000000,81.000000,3000.297851
18.000000,81.000000,3162.579663
19.000000,81.000000,3328.985191
10.000000,81.500000,1899.058939
11.000000,81.500000,2050.513411
12.000000,81.500000,2207.571991
13.000000,81.500000,2370.152621
14.000000,81.500000,2524.572761
15.000000,81.500000,2683.240418
16.000000,81.500000,2846.581327
17.000000,81.500000,3008.331357
18.000000,81.500000,3170.801241
19.000000,81.500000,3337.392637
10.000000,82.000000,1906.060274
11.000000,82.000000,2057.831485
12.000000,82.000000,2215.207982
13.000000,82.000000,2378.025379
14.000000,82.000000,2532.279858
15.000000,82.000000,2691.207695
16.000000,82.000000,2854.808889
17.000000,82.000000,3016.375540
18.000000,82.000000,3179.033415
19.000000,82.000000,3345.810594
10.000000,82.500000,1913.268529
11.000000,82.500000,2065.294559
12.000000,82.500000,2222.922208
13.000000,82.500000,2385.487991
14.000000,82.500000,2540.007353
15.000000,82.500000,2699.200253
16.000000,82.500000,2863.066692
17.000000,82.500000,3024.440190
18.000000,82.500000,3187.284083
19.000000,82.500000,3354.244966
10.000000,83.000000,1920.490389
11.000000,83.000000,2072.771142
12.000000,83.000000,2230.649841
13.000000,83.000000,2392.962286
14.000000,83.000000,2547.746604
15.000000,83.000000,2707.204635
16.000000,83.000000,2871.336379
17.000000,83.000000,3032.515538
18.000000,83.000000,3195.545362
19.000000,83.000000,3362.689860
10.000000,83.500000,1927.870089
11.000000,83.500000,2080.357770
12.000000,83.500000,2238.435951
13.000000,83.500000,2400.457039
14.000000,83.500000,2555.509892
15.000000,83.500000,2715.236777
16.000000,83.500000,2879.637694
17.000000,83.500000,3040.616668
18.000000,83.500000,3203.837609
19.000000,83.500000,3371.171178
10.000000,84.000000,1935.263941
11.000000,84.000000,2087.958257
12.000000,84.000000,2246.235624
13.000000,84.000000,2407.963501
14.000000,84.000000,2563.284972
15.000000,84.000000,2723.280786
16.000000,84.000000,2887.950944
17.000000,84.000000,3048.728533
18.000000,84.000000,3212.140516
19.000000,84.000000,3379.663079
10.000000,84.500000,1942.722661
11.000000,84.500000,2095.607336
12.000000,84.500000,2254.066070
13.000000,84.500000,2415.498655
14.000000,84.500000,2571.104201
15.000000,84.500000,2731.385718
16.000000,84.500000,2896.343206
17.000000,84.500000,3056.892202
18.000000,84.500000,3220.469271
19.000000,84.500000,3388.153198
10.000000,85.000000,1950.195728
11.000000,85.000000,2103.270398
12.000000,85.000000,2261.910135
13.000000,85.000000,2423.045567
14.000000,85.000000,2578.935317
15.000000,85.000000,2739.502663
16.000000,85.000000,2904.747606
17.000000,85.000000,3065.066724
18.000000,85.000000,3228.808726
19.000000,85.000000,3396.653863
10.000000,85.500000,1957.733058
11.000000,85.500000,2111.008821
12.000000,85.500000,2269.842567
13.000000,85.500000,2430.740026
14.000000,85.500000,2586.888786
15.000000,85.500000,2747.713727
16.000000,85.500000,2913.142631
17.000000,85.500000,3073.368874
18.000000,85.500000,3237.358765
19.000000,85.500000,3405.452912
10.000000,86.000000,1965.284925
11.000000,86.000000,2118.761453
12.000000,86.000000,2277.788882
13.000000,86.000000,2438.446683
14.000000,86.000000,2594.854499
15.000000,86.000000,2755.937064
16.000000,86.000000,2921.549734
17.000000,86.000000,3081.682208
18.000000,86.000000,3245.920062
19.000000,86.000000,3414.263294
10.000000,86.500000,1972.856488
11.000000,86.500000,2126.535044
12.000000,86.500000,2285.757817
13.000000,86.500000,2446.191681
14.000000,86.500000,2602.852166
15.000000,86.500000,2764.185435
16.000000,86.500000,2929.637700
17.000000,86.500000,3090.015011
18.000000,86.500000,3254.498918
10.000000,87.000000,1980.442608
11.000000,87.000000,2134.322870
12.000000,87.000000,2293.740665
13.000000,87.000000,2453.948959
14.000000,87.000000,2610.862136
15.000000,87.000000,2772.446117
16.000000,87.000000,2937.736804
17.000000,87.000000,3098.359025
18.000000,87.000000,3263.089060
10.000000,87.500000,1988.059437
11.000000,87.500000,2142.139616
12.000000,87.500000,2301.749543
13.000000,87.500000,2461.734665
14.000000,87.500000,2618.897248
15.000000,87.500000,2780.730102
16.000000,87.500000,2945.897299
17.000000,87.500000,3106.753443
18.000000,87.500000,3271.716254
10.000000,88.000000,1995.690882
11.000000,88.000000,2149.970647
12.000000,88.000000,2309.772376
13.000000,88.000000,2469.532702
14.000000,88.000000,2626.944706
15.000000,88.000000,2789.026444
16.000000,88.000000,2954.069110
17.000000,88.000000,3115.159208
18.000000,88.000000,3280.354817
10.000000,88.500000,2003.367935
11.000000,88.500000,2157.852518
12.000000,88.500000,2317.850570
13.000000,88.500000,2477.392674
14.000000,88.500000,2635.039107
15.000000,88.500000,2797.353713
16.000000,88.500000,2962.262083
17.000000,88.500000,3123.591180
18.000000,88.500000,3289.024806
9.000000,89.000000,1861.875578
10.000000,89.000000,2011.059705
11.000000,89.000000,2165.748800
12.000000,89.000000,2325.942862
13.000000,89.000000,2485.265133
14.000000,89.000000,2643.145960
15.000000,89.000000,2805.693394
16.000000,89.000000,2970.466401
17.000000,89.000000,3132.034540
18.000000,89.000000,3297.706213
9.000000,89.500000,1869.189007
10.000000,89.500000,2018.640829
11.000000,89.500000,2173.593705
12.000000,89.500000,2334.047634
13.000000,89.500000,2493.180346
14.000000,89.500000,2651.285917
15.000000,89.500000,2814.055990
16.000000,89.500000,2978.692577
17.000000,89.500000,3140.503204
18.000000,89.500000,3306.416443
9.000000,90.000000,1876.516741
10.000000,90.000000,2026.236197
11.000000,90.000000,2181.452783
12.000000,90.000000,2342.166501
13.000000,90.000000,2501.108143
14.000000,90.000000,2659.438388
15.000000,90.000000,2822.431029
16.000000,90.000000,2986.930126
17.000000,90.000000,3148.983292
18.000000,90.000000,3315.138133
9.000000,90.500000,1883.888729
10.000000,90.500000,2033.891310
11.000000,90.500000,2189.388330
12.000000,90.500000,2350.379790
13.000000,90.500000,2509.123436
14.000000,90.500000,2667.664004
15.000000,90.500000,2830.863926
16.000000,90.500000,2995.219489
17.000000,90.500000,3157.508114
18.000000,90.500000,3323.896930
9.000000,91.000000,1891.275146
10.000000,91.000000,2041.560844
11.000000,91.000000,2197.338279
12.000000,91.000000,2358.607453
13.000000,91.000000,2517.151552
14.000000,91.000000,2675.902321
15.000000,91.000000,2839.309402
16.000000,91.000000,3003.520336
17.000000,91.000000,3166.044448
18.000000,91.000000,3332.667250
9.000000,91.500000,1898.759119
10.000000,91.500000,2049.394661
11.000000,91.500000,2205.524281
12.000000,91.500000,2367.147977
13.000000,91.500000,2525.436524
14.000000,91.500000,2684.301499
15.000000,91.500000,2847.813310
16.000000,91.500000,3011.844948
17.000000,91.500000,3174.635219
18.000000,91.500000,3341.524410
9.000000,92.000000,1906.257850
10.000000,92.000000,2057.243468
11.000000,92.000000,2213.725496
12.000000,92.000000,2375.703933
13.000000,92.000000,2533.735107
14.000000,92.000000,2692.713838
15.000000,92.000000,2856.329934
16.000000,92.000000,3020.181077
17.000000,92.000000,3183.237617
18.000000,92.000000,3350.393295
9.000000,92.500000,1913.930729
10.000000,92.500000,2065.220954
11.000000,92.500000,2222.006157
12.000000,92.500000,2384.286337
13.000000,92.500000,2542.007261
14.000000,92.500000,2701.087569
15.000000,92.500000,2864.795286
16.000000,92.500000,3028.540174
17.000000,92.500000,3191.960445
18.000000,92.500000,3359.485823
9.000000,93.000000,1921.619006
10.000000,93.000000,2073.213870
11.000000,93.000000,2230.302273
12.000000,93.000000,2392.884215
13.000000,93.000000,2550.292897
14.000000,93.000000,2709.474300
15.000000,93.000000,2873.273163
16.000000,93.000000,3036.910821
17.000000,93.000000,3200.695201
18.000000,93.000000,3368.590661
9.000000,93.500000,1929.538713
10.000000,93.500000,2081.380798
11.000000,93.500000,2238.710508
12.000000,93.500000,2401.527845
13.000000,93.500000,2558.785137
14.000000,93.500000,2718.302666
15.000000,93.500000,2882.440571
16.000000,93.500000,3045.922515
17.000000,93.500000,3209.824081
18.000000,93.500000,3377.829699
9.000000,94.000000,1937.474700
10.000000,94.000000,2089.563776
11.000000,94.000000,2247.134561
12.000000,94.000000,2410.187057
13.000000,94.000000,2567.291492
14.000000,94.000000,2727.145392
15.000000,94.000000,2891.622575
16.000000,94.000000,3054.947546
17.000000,94.000000,3218.965946
18.000000,94.000000,3387.081371
9.000000,94.500000,1945.424598
10.000000,94.500000,2097.778217
11.000000,94.500000,2255.609479
12.000000,94.500000,2418.918383
13.000000,94.500000,2575.891315
14.000000,94.500000,2736.069712
15.000000,94.500000,2900.872806
16.000000,94.500000,3063.996258
17.000000,94.500000,3228.126829
18.000000,94.500000,3396.347652
9.000000,95.000000,1953.390767
10.000000,95.000000,2106.008767
11.000000,95.000000,2264.100341
12.000000,95.000000,2427.665489
13.000000,95.000000,2584.505517
14.000000,95.000000,2745.008609
15.000000,95.000000,2910.137802
16.000000,95.000000,3073.058337
17.000000,95.000000,3237.300717
18.000000,95.000000,3405.626579
9.000000,95.500000,1961.380287
10.000000,95.500000,2114.262562
11.000000,95.500000,2272.614368
12.000000,95.500000,2436.435708
13.000000,95.500000,2593.146034
14.000000,95.500000,2753.961360
15.000000,95.500000,2919.403359
16.000000,95.500000,3082.096366
17.000000,95.500000,3246.461180
18.000000,95.500000,3414.903424
9.000000,96.000000,1969.386108
10.000000,96.000000,2122.532493
11.000000,96.000000,2281.144368
12.000000,96.000000,2445.221733
13.000000,96.000000,2601.800971
14.000000,96.000000,2762.928686
15.000000,96.000000,2928.683634
16.000000,96.000000,3091.147652
17.000000,96.000000,3255.634575
18.000000,96.000000,3424.192879
9.000000,96.500000,1977.501755
10.000000,96.500000,2130.905461
11.000000,96.500000,2289.769596
12.000000,96.500000,2453.703686
13.000000,96.500000,2610.544756
14.000000,96.500000,2771.973178
15.000000,96.500000,2938.028400
16.000000,96.500000,3100.223912
17.000000,96.500000,3264.820438
18.000000,96.500000,3433.481638
9.000000,97.000000,1985.634078
10.000000,97.000000,2139.294900
11.000000,97.000000,2298.411090
12.000000,97.000000,2462.200319
13.000000,97.000000,2619.303208
14.000000,97.000000,2781.032449
15.000000,97.000000,2947.388041
16.000000,97.000000,3109.313464
17.000000,97.000000,3274.019233
18.000000,97.000000,3442.782971
9.000000,97.500000,1993.799770
10.000000,97.500000,2147.728230
11.000000,97.500000,2307.107590
12.000000,97.500000,2470.733866
13.000000,97.500000,2628.123523
14.000000,97.500000,2790.137931
15.000000,97.500000,2956.777090
16.000000,97.500000,3118.403484
17.000000,97.500000,3283.216136
18.000000,97.500000,3452.079965
9.000000,98.000000,2001.982202
10.000000,98.000000,2156.178135
11.000000,98.000000,2315.820497
12.000000,98.000000,2479.282168
13.000000,98.000000,2636.958662
14.000000,98.000000,2799.258293
15.000000,98.000000,2966.181059
16.000000,98.000000,3127.506760
17.000000,98.000000,3292.425930
18.000000,98.000000,3461.389488
9.000000,98.500000,2010.165805
10.000000,98.500000,2164.622790
11.000000,98.500000,2324.520613
12.000000,98.500000,2487.822247
13.000000,98.500000,2645.796377
14.000000,98.500000,2808.392756
15.000000,98.500000,2975.400650
16.000000,98.500000,3136.665018
17.000000,98.500000,3301.744351
9.000000,99.000000,2018.366068
10.000000,99.000000,2173.083926
11.000000,99.000000,2333.237025
12.000000,99.000000,2496.377004
13.000000,99.000000,2654.648877
14.000000,99.000000,2817.542096
15.000000,99.000000,2984.634533
16.000000,99.000000,3145.836658
17.000000,99.000000,3311.075937
9.000000,99.500000,2026.649051
10.000000,99.500000,2181.646600
11.000000,99.500000,2342.075510
12.000000,99.500000,2505.068295
13.000000,99.500000,2663.593401
14.000000,99.500000,2826.737226
15.000000,99.500000,2993.663916
16.000000,99.500000,3155.042522
17.000000,99.500000,3320.454029
9.000000,100.000000,2034.948974
10.000000,100.000000,2190.226092
11.000000,100.000000,2350.930688
12.000000,100.000000,2513.774680
13.000000,100.000000,2672.552964
14.000000,100.000000,2835.947334
15.000000,100.000000,3002.706935
16.000000,100.000000,3164.261837
17.000000,100.000000,3329.845382
9.000000,100.500000,2043.347279
10.000000,100.500000,2198.942933
11.000000,100.500000,2359.965387
12.000000,100.500000,2522.671627
13.000000,100.500000,2681.644247
14.000000,100.500000,2845.226541
15.000000,100.500000,3011.767731
16.000000,100.500000,3173.495199
17.000000,100.500000,3339.246355
9.000000,101.000000,2051.762862
10.000000,101.000000,2207.677068
11.000000,101.000000,2369.017392
12.000000,101.000000,2531.584276
13.000000,101.000000,2690.750957
14.000000,101.000000,2854.520897
15.000000,101.000000,3020.842172
16.000000,101.000000,3182.742012
17.000000,101.000000,3348.660580
9.000000,101.500000,2060.163564
10.000000,101.500000,2216.418915
11.000000,101.500000,2378.099777
12.000000,101.500000,2540.527699
13.000000,101.500000,2699.883950
14.000000,101.500000,2863.836444
15.000000,101.500000,3029.959575
16.000000,101.500000,3192.144717
17.000000,101.500000,3358.349676
9.000000,102.000000,2068.581369
10.000000,102.000000,2225.177993
11.000000,102.000000,2387.199508
12.000000,102.000000,2549.486878
13.000000,102.000000,2709.032408
14.000000,102.000000,2873.167164
15.000000,102.000000,3039.090716
16.000000,102.000000,3201.561290
17.000000,102.000000,3368.052769
9.000000,102.500000,2076.928501
10.000000,102.500000,2233.907483
11.000000,102.500000,2396.313290
12.000000,102.500000,2558.486228
13.000000,102.500000,2718.260661
14.000000,102.500000,2882.619957
15.000000,102.500000,3048.382714
16.000000,102.500000,3211.102176
17.000000,102.500000,3377.841112
9.000000,103.000000,2085.292362
10.000000,103.000000,2242.654011
11.000000,103.000000,2405.444405
12.000000,103.000000,2567.501419
13.000000,103.000000,2727.504595
14.000000,103.000000,2892.088269
15.000000,103.000000,3057.688892
16.000000,103.000000,3220.657257
17.000000,103.000000,3387.643657
9.000000,103.500000,2093.570368
10.000000,103.500000,2251.325733
11.000000,103.500000,2414.512443
12.000000,103.500000,2576.459110
13.000000,103.500000,2736.739443
14.000000,103.500000,2901.599403
15.000000,103.500000,3067.070760
16.000000,103.500000,3230.279198
17.000000,103.500000,3397.503658
9.000000,104.000000,2101.864710
10.000000,104.000000,2260.014154
11.000000,104.000000,2423.597526
12.000000,104.000000,2585.432394
13.000000,104.000000,2745.989893
14.000000,104.000000,2911.126146
15.000000,104.000000,3076.466997
16.000000,104.000000,3239.915490
17.000000,104.000000,3407.377986
9.000000,104.500000,2110.250664
10.000000,104.500000,2268.777509
11.000000,104.500000,2432.739755
12.000000,104.500000,2594.449579
13.000000,104.500000,2755.294287
14.000000,104.500000,2920.717268
15.000000,104.500000,3085.927467
16.000000,104.500000,3249.616563
17.000000,104.500000,3417.317675
9.000000,105.000000,2118.653265
10.000000,105.000000,2277.557793
11.000000,105.000000,2441.899182
12.000000,105.000000,2603.482455
13.000000,105.000000,2764.614413
14.000000,105.000000,2930.324159
15.000000,105.000000,3095.402460
16.000000,105.000000,3259.332138
17.000000,105.000000,3427.271839
9.000000,105.500000,2127.192935
10.000000,105.500000,2286.489050
11.000000,105.500000,2451.224627
12.000000,105.500000,2612.669791
13.000000,105.500000,2774.070184
14.000000,105.500000,2940.046283
15.000000,105.500000,3104.988389
16.000000,105.500000,3269.171501
17.000000,105.500000,3437.363161
8.000000,106.000000,1981.503768
9.000000,106.000000,2135.749734
10.000000,106.000000,2295.437753
11.000000,106.000000,2460.567828
12.000000,106.000000,2621.873298
13.000000,106.000000,2783.542090
14.000000,106.000000,2949.784502
15.000000,106.000000,3114.589136
16.000000,106.000000,3279.025693
17.000000,106.000000,3447.469318
8.000000,106.500000,1989.891524
9.000000,106.500000,2144.492900
10.000000,106.500000,2304.536405
11.000000,106.500000,2470.022040
12.000000,106.500000,2631.167207
13.000000,106.500000,2793.104803
14.000000,106.500000,2959.613688
15.000000,106.500000,3124.266097
16.000000,106.500000,3288.930698
17.000000,106.500000,3457.599214
8.000000,107.000000,1998.296950
9.000000,107.000000,2153.253889
10.000000,107.000000,2313.653026
11.000000,107.000000,2479.494361
12.000000,107.000000,2640.477547
13.000000,107.000000,2802.683904
14.000000,107.000000,2969.459216
15.000000,107.000000,3133.958066
16.000000,107.000000,3298.850640
17.000000,107.000000,3467.743970
8.000000,107.500000,2006.873701
9.000000,107.500000,2162.139265
10.000000,107.500000,2322.843488
11.000000,107.500000,2488.986369
12.000000,107.500000,2649.801255
13.000000,107.500000,2812.290864
14.000000,107.500000,2979.347694
15.000000,107.500000,3143.693875
16.000000,107.500000,3308.823406
17.000000,107.500000,3477.951762
8.000000,108.000000,2015.468786
9.000000,108.000000,2171.042908
10.000000,108.000000,2332.052145
11.000000,108.000000,2498.496496
12.000000,108.000000,2659.141387
13.000000,108.000000,2821.914255
14.000000,108.000000,2989.252608
15.000000,108.000000,3153.444782
16.000000,108.000000,3318.811223
17.000000,108.000000,3488.174556
8.000000,108.500000,2024.109926
9.000000,108.500000,2179.996357
10.000000,108.500000,2341.314770
11.000000,108.500000,2508.065167
12.000000,108.500000,2668.566793
13.000000,108.500000,2831.651337
14.000000,108.500000,2999.301419
15.000000,108.500000,3163.337704
16.000000,108.500000,3328.932460
17.000000,108.500000,3498.522409
8.000000,109.000000,2032.769524
9.000000,109.000000,2188.968206
10.000000,109.000000,2350.595734
11.000000,109.000000,2517.652110
12.000000,109.000000,2678.008863
13.000000,109.000000,2841.405181
14.000000,109.000000,3009.367085
15.000000,109.000000,3173.246112
16.000000,109.000000,3339.069096
17.000000,109.000000,3508.885576
8.000000,109.500000,2041.479158
9.000000,109.500000,2198.008731
10.000000,109.500000,2359.965612
11.000000,109.500000,2527.349801
12.000000,109.500000,2687.586000
13.000000,109.500000,2851.313654
14.000000,109.500000,3019.608109
15.000000,109.500000,3183.287306
16.000000,109.500000,3349.291052
17.000000,109.500000,3519.283618
8.000000,110.000000,2050.207389
9.000000,110.000000,2207.067865
10.000000,110.000000,2369.354107
11.000000,110.000000,2537.066114
12.000000,110.000000,2697.180216
13.000000,110.000000,2861.239358
14.000000,110.000000,3029.866517
15.000000,110.000000,3193.344348
16.000000,110.000000,3359.528616
17.000000,110.000000,3529.697031
8.000000,110.500000,2059.021772
9.000000,110.500000,2216.203420
10.000000,110.500000,2378.807680
11.000000,110.500000,2546.698267
12.000000,110.500000,2706.842853
13.000000,110.500000,2871.244983
14.000000,110.500000,3040.216724
8.000000,111.000000,2067.855022
9.000000,111.000000,2225.357809
10.000000,111.000000,2388.280049
11.000000,111.000000,2556.348650
12.000000,111.000000,2716.522752
13.000000,111.000000,2881.268059
14.000000,111.000000,3050.584571
8.000000,111.500000,2076.741819
9.000000,111.500000,2234.547969
10.000000,111.500000,2397.769595
11.000000,111.500000,2565.714606
12.000000,111.500000,2726.252473
13.000000,111.500000,2891.363514
8.000000,112.000000,2085.647626
9.000000,112.000000,2243.757022
10.000000,112.000000,2407.277915
11.000000,112.000000,2575.097652
12.000000,112.000000,2735.999563
13.000000,112.000000,2901.476609
8.000000,112.500000,2094.611342
9.000000,112.500000,2253.024950
10.000000,112.500000,2416.845860
11.000000,112.500000,2584.532990
12.000000,112.500000,2745.679240
13.000000,112.500000,2911.395981
8.000000,113.000000,2103.594231
9.000000,113.000000,2262.311937
10.000000,113.000000,2426.432743
11.000000,113.000000,2593.985551
12.000000,113.000000,2755.375984
13.000000,113.000000,2921.332259
8.000000,113.500000,2112.558102
9.000000,113.500000,2271.613473
10.000000,113.500000,2436.070031
11.000000,113.500000,2603.501671
12.000000,113.500000,2765.118427
13.000000,113.500000,2931.295675
8.000000,114.000000,2121.540992
9.000000,114.000000,2280.934058
10.000000,114.000000,2445.726392
11.000000,114.000000,2613.035193
12.000000,114.000000,2774.878044
13.000000,114.000000,2941.276035
8.000000,114.500000,2130.389310
9.000000,114.500000,2290.182891
10.000000,114.500000,2455.379011
11.000000,114.500000,2622.617013
12.000000,114.500000,2784.682719
13.000000,114.500000,2951.297703
8.000000,115.000000,2139.255998
9.000000,115.000000,2299.450396
10.000000,115.000000,2465.050601
11.000000,115.000000,2632.216335
12.000000,115.000000,2794.504655
13.000000,115.000000,2961.336391
8.000000,115.500000,2148.204406
9.000000,115.500000,2308.781731
10.000000,115.500000,2474.767261
11.000000,115.500000,2641.858453
12.000000,115.500000,2804.373438
13.000000,115.500000,2971.426229
8.000000,116.000000,2157.171425
9.000000,116.000000,2318.131889
10.000000,116.000000,2484.502955
11.000000,116.000000,2651.518120
12.000000,116.000000,2814.259541
13.000000,116.000000,2981.533159
8.000000,116.500000,2166.182912
9.000000,116.500000,2327.446683
10.000000,116.500000,2494.117500
11.000000,116.500000,2661.029519
12.000000,116.500000,2824.064810
13.000000,116.500000,2991.630447
8.000000,117.000000,2175.213099
9.000000,117.000000,2336.780067
10.000000,117.000000,2503.750523
11.000000,117.000000,2670.557863
12.000000,117.000000,2833.887060
13.000000,117.000000,3001.744746
8.000000,117.500000,2184.289774
9.000000,117.500000,2346.122768
10.000000,117.500000,2513.353056
11.000000,117.500000,2680.049912
12.000000,117.500000,2843.704401
13.000000,117.500000,3011.887384
8.000000,118.000000,2193.385276
9.000000,118.000000,2355.484032
10.000000,118.000000,2522.973890
11.000000,118.000000,2689.558730
12.000000,118.000000,2853.538660
13.000000,118.000000,3022.047083
8.000000,118.500000,2202.559221
9.000000,118.500000,2364.941858
10.000000,118.500000,2532.710568
11.000000,118.500000,2699.214796
12.000000,118.500000,2863.558216
13.000000,118.500000,3032.432282
8.000000,119.000000,2211.752251
9.000000,119.000000,2374.418569
10.000000,119.000000,2542.465929
11.000000,119.000000,2708.888104
12.000000,119.000000,2873.595282
13.000000,119.000000,3042.835253
8.000000,119.500000,2221.032062
9.000000,119.500000,2383.994027
10.000000,119.500000,2552.332032
11.000000,119.500000,2718.681141
12.000000,119.500000,2883.750693
13.000000,119.500000,3053.354958
8.000000,120.000000,2230.331231
9.000000,120.000000,2393.588688
10.000000,120.000000,2562.217180
11.000000,120.000000,2728.491798
12.000000,120.000000,2893.923976
13.000000,120.000000,3063.892784
8.000000,120.500000,2239.723528
9.000000,120.500000,2403.294945
10.000000,120.500000,2572.233225
11.000000,120.500000,2738.442174
12.000000,120.500000,2904.227263
13.000000,120.500000,3074.549912
8.000000,121.000000,2249.135488
9.000000,121.000000,2413.020775
10.000000,121.000000,2582.268750
11.000000,121.000000,2748.410616
12.000000,121.000000,2914.548824
13.000000,121.000000,3085.225516
8.000000,121.500000,2258.638353
9.000000,121.500000,2422.860781
10.000000,121.500000,2592.442833
11.000000,121.500000,2758.518190
12.000000,121.500000,2924.992610
13.000000,121.500000,3096.005474
8.000000,122.000000,2268.161171
9.000000,122.000000,2432.720740
10.000000,122.000000,2602.636862
11.000000,122.000000,2768.644270
12.000000,122.000000,2935.455036
13.000000,122.000000,3106.804201
8.000000,122.500000,2277.779754
9.000000,122.500000,2442.681548
10.000000,122.500000,2612.936808
11.000000,122.500000,2778.873890
12.000000,122.500000,2946.027135
13.000000,122.500000,3117.719034
8.000000,123.000000,2287.418624
9.000000,123.000000,2452.662656
10.000000,123.000000,2623.257057
11.000000,123.000000,2789.122343
12.000000,123.000000,2956.618213
13.000000,123.000000,3128.652986
8.000000,123.500000,2297.087952
9.000000,123.500000,2462.707748
10.000000,123.500000,2633.677132
11.000000,123.500000,2799.475639
12.000000,123.500000,2967.322039
13.000000,123.500000,3139.707797
8.000000,124.000000,2306.777630
9.000000,124.000000,2472.773335
10.000000,124.000000,2644.117838
11.000000,124.000000,2809.848098
12.000000,124.000000,2978.045192
13.000000,124.000000,3150.782096
8.000000,124.500000,2316.426770
9.000000,124.500000,2482.820556
10.000000,124.500000,2654.565619
11.000000,124.500000,2820.242774
12.000000,124.500000,2988.773189
13.000000,124.500000,3161.842553
7.000000,125.000000,2164.657666
8.000000,125.000000,2326.096004
9.000000,125.000000,2492.888096
10.000000,125.000000,2665.033943
11.000000,125.000000,2830.656594
12.000000,125.000000,2999.520437
13.000000,125.000000,3172.922362
7.000000,125.500000,2174.204273
8.000000,125.500000,2335.978141
9.000000,125.500000,2503.103902
10.000000,125.500000,2675.581553
11.000000,125.500000,2841.041540
12.000000,125.500000,3010.125585
7.000000,126.000000,2183.771856
8.000000,126.000000,2345.881186
9.000000,126.000000,2513.340544
10.000000,126.000000,2686.149930
11.000000,126.000000,2851.445426
12.000000,126.000000,3020.749358
7.000000,126.500000,2193.370524
8.000000,126.500000,2355.834101
9.000000,126.500000,2523.647006
10.000000,126.500000,2696.664334
11.000000,126.500000,2861.837677
12.000000,126.500000,3031.267512
7.000000,127.000000,2202.990210
8.000000,127.000000,2365.808043
9.000000,127.000000,2533.974503
10.000000,127.000000,2707.199212
11.000000,127.000000,2872.248755
12.000000,127.000000,3041.803854
7.000000,127.500000,2212.633680
8.000000,127.500000,2375.765842
9.000000,127.500000,2544.243151
10.000000,127.500000,2717.365309
11.000000,127.500000,2882.608908
12.000000,127.500000,3052.350527
7.000000,128.000000,2222.298176
8.000000,128.000000,2385.744508
9.000000,128.000000,2554.532506
10.000000,128.000000,2727.550391
11.000000,128.000000,2892.987637
12.000000,128.000000,3062.915372
7.000000,128.500000,2231.975203
8.000000,128.500000,2395.669544
9.000000,128.500000,2564.697389
10.000000,128.500000,2737.564964
11.000000,128.500000,2903.304477
12.000000,128.500000,3073.533230
7.000000,129.000000,2241.673212
8.000000,129.000000,2405.615129
9.000000,129.000000,2574.882392
10.000000,129.000000,2747.597818
11.000000,129.000000,2913.639607
12.000000,129.000000,3084.169383
7.000000,129.500000,2251.399664
8.000000,129.500000,2415.603242
9.000000,129.500000,2585.123945
10.000000,129.500000,2757.711993
11.000000,129.500000,2924.073247
12.000000,129.500000,3094.921838
7.000000,130.000000,2261.147101
8.000000,130.000000,2425.611977
9.000000,130.000000,2595.385754
10.000000,130.000000,2767.844681
11.000000,130.000000,2934.525466
12.000000,130.000000,3105.692938
