weight_g,550.000000
thrust_N,velocity_m_s,power_W
18.000000,0.000000,3189.923163
19.000000,0.000000,3369.915780
20.000000,0.000000,3554.809155
21.000000,0.000000,3744.603290
22.000000,0.000000,3939.298183
23.000000,0.000000,4138.893835
24.000000,0.000000,4325.429478
25.000000,0.000000,4515.989456
26.000000,0.000000,4710.613785
27.000000,0.000000,4909.302465
18.000000,0.500000,3193.644982
19.000000,0.500000,3374.006178
20.000000,0.500000,3559.282402
21.000000,0.500000,3749.473655
22.000000,0.500000,3944.579936
23.000000,0.500000,4143.643524
24.000000,0.500000,4330.383300
25.000000,0.500000,4521.172800
26.000000,0.500000,4716.032044
27.000000,0.500000,4914.961033
18.000000,1.000000,3197.368598
19.000000,1.000000,3378.098659
20.000000,1.000000,3563.758039
21.000000,1.000000,3754.346737
22.000000,1.000000,3949.864753
23.000000,1.000000,4148.395340
24.000000,1.000000,4335.339363
25.000000,1.000000,4526.358528
26.000000,1.000000,4721.452833
27.000000,1.000000,4920.622280
18.000000,1.500000,3201.140414
19.000000,1.500000,3382.243268
20.000000,1.500000,3568.289882
21.000000,1.500000,3759.280255
22.000000,1.500000,3955.214386
23.000000,1.500000,4153.154855
24.000000,1.500000,4340.318242
25.000000,1.500000,4531.561950
26.000000,1.500000,4726.885978
27.000000,1.500000,4926.290325
18.000000,2.000000,3204.914073
19.000000,2.000000,3386.390014
20.000000,2.000000,3572.824176
21.000000,2.000000,3764.216557
22.000000,2.000000,3960.567158
23.000000,2.000000,4157.916499
24.000000,2.000000,4345.299388
25.000000,2.000000,4536.767778
26.000000,2.000000,4732.321670
27.000000,2.000000,4931.961063
18.000000,2.500000,3208.736749
19.000000,2.500000,3390.589748
20.000000,2.500000,3577.415580
21.000000,2.500000,3769.214244
22.000000,2.500000,3965.985741
23.000000,2.500000,4162.704131
24.000000,2.500000,4350.301596
25.000000,2.500000,4541.989525
26.000000,2.500000,4737.767919
27.000000,2.500000,4937.636778
18.000000,3.000000,3212.561317
19.000000,3.000000,3394.791673
20.000000,3.000000,3582.009496
21.000000,3.000000,3774.214785
22.000000,3.000000,3971.407540
23.000000,3.000000,4167.493921
24.000000,3.000000,4355.306094
25.000000,3.000000,4547.213698
26.000000,3.000000,4743.216733
27.000000,3.000000,4943.315199
18.000000,3.500000,3216.407356
19.000000,3.500000,3398.968852
20.000000,3.500000,3586.529913
21.000000,3.500000,3779.090540
22.000000,3.500000,3976.650734
23.000000,3.500000,4172.071029
24.000000,3.500000,4360.146487
25.000000,3.500000,4552.324680
26.000000,3.500000,4748.605607
27.000000,3.500000,4948.989269
18.000000,4.000000,3220.255304
19.000000,4.000000,3403.148181
20.000000,4.000000,3591.052738
21.000000,4.000000,3783.968976
22.000000,4.000000,3981.896894
23.000000,4.000000,4176.650058
24.000000,4.000000,4364.988988
25.000000,4.000000,4557.437963
26.000000,4.000000,4753.996983
27.000000,4.000000,4954.666047
18.000000,4.500000,3224.254635
19.000000,4.500000,3407.454869
20.000000,4.500000,3595.677270
21.000000,4.500000,3788.921838
22.000000,4.500000,3987.188573
23.000000,4.500000,4181.250957
24.000000,4.500000,4369.851765
25.000000,4.500000,4562.569822
26.000000,4.500000,4759.405129
27.000000,4.500000,4960.357685
18.000000,5.000000,3228.256096
19.000000,5.000000,3411.763898
20.000000,5.000000,3600.304364
21.000000,5.000000,3793.877493
22.000000,5.000000,3992.483286
23.000000,5.000000,4185.853816
24.000000,5.000000,4374.716685
25.000000,5.000000,4567.704015
26.000000,5.000000,4764.815805
27.000000,5.000000,4966.052056
18.000000,5.500000,3232.354101
19.000000,5.500000,3416.163784
20.000000,5.500000,3605.016323
21.000000,5.500000,3798.911720
22.000000,5.500000,3997.849974
23.000000,5.500000,4190.592011
24.000000,5.500000,4379.726289
25.000000,5.500000,4572.992322
26.000000,5.500000,4770.390111
18.000000,6.000000,3236.454381
19.000000,6.000000,3420.566165
20.000000,6.000000,3609.731010
21.000000,6.000000,3803.948916
22.000000,6.000000,4003.219883
23.000000,6.000000,4195.332429
24.000000,6.000000,4384.738294
25.000000,6.000000,4578.283215
26.000000,6.000000,4775.967191
18.000000,6.500000,3240.573297
19.000000,6.500000,3424.992955
20.000000,6.500000,3614.476143
21.000000,6.500000,3809.022859
22.000000,6.500000,4008.633104
23.000000,6.500000,4200.115490
24.000000,6.500000,4389.804610
25.000000,6.500000,4583.640603
26.000000,6.500000,4781.623470
18.000000,7.000000,3244.694511
19.000000,7.000000,3429.422272
20.000000,7.000000,3619.224039
21.000000,7.000000,3814.099814
22.000000,7.000000,4014.049596
23.000000,7.000000,4204.900819
24.000000,7.000000,4394.873390
25.000000,7.000000,4589.000660
26.000000,7.000000,4787.282627
18.000000,7.500000,3248.835679
19.000000,7.500000,3433.877418
20.000000,7.500000,3624.003911
21.000000,7.500000,3819.215157
22.000000,7.500000,4019.511157
23.000000,7.500000,4209.724454
24.000000,7.500000,4399.982790
25.000000,7.500000,4594.403715
26.000000,7.500000,4792.987229
18.000000,8.000000,3252.979171
19.000000,8.000000,3438.335122
20.000000,8.000000,3628.786584
21.000000,8.000000,3824.333556
22.000000,8.000000,4024.976039
23.000000,8.000000,4214.550394
24.000000,8.000000,4405.094695
25.000000,8.000000,4599.809482
26.000000,8.000000,4798.694756
18.000000,8.500000,3257.355752
19.000000,8.500000,3442.984146
20.000000,8.500000,3633.716292
21.000000,8.500000,3829.552190
22.000000,8.500000,4030.491839
23.000000,8.500000,4219.415163
24.000000,8.500000,4410.247764
25.000000,8.500000,4605.258818
26.000000,8.500000,4804.448322
17.000000,9.000000,3080.945882
18.000000,9.000000,3261.734911
19.000000,9.000000,3447.635938
20.000000,9.000000,3638.648966
21.000000,9.000000,3834.773992
22.000000,9.000000,4036.011018
23.000000,9.000000,4224.282274
24.000000,9.000000,4415.403379
25.000000,9.000000,4610.710909
26.000000,9.000000,4810.204862
17.000000,9.500000,3085.383174
18.000000,9.500000,3266.405501
19.000000,9.500000,3452.545902
20.000000,9.500000,3643.804378
21.000000,9.500000,3840.180928
22.000000,9.500000,4041.397550
23.000000,9.500000,4229.264257
24.000000,9.500000,4420.655753
25.000000,9.500000,4616.240766
26.000000,9.500000,4816.019297
17.000000,10.000000,3089.823250
18.000000,10.000000,3271.079023
19.000000,10.000000,3457.458949
20.000000,10.000000,3648.963029
21.000000,10.000000,3845.591262
22.000000,10.000000,4046.787244
23.000000,10.000000,4234.248701
24.000000,10.000000,4425.910773
25.000000,10.000000,4621.773462
26.000000,10.000000,4821.836766
17.000000,10.500000,3094.308277
18.000000,10.500000,3275.920820
19.000000,10.500000,3462.670252
20.000000,10.500000,3654.556576
21.000000,10.500000,3851.579790
22.000000,10.500000,4052.097158
23.000000,10.500000,4239.757623
24.000000,10.500000,4431.622539
25.000000,10.500000,4627.691906
26.000000,10.500000,4827.965725
17.000000,11.000000,3098.796142
18.000000,11.000000,3280.765760
19.000000,11.000000,3467.885022
20.000000,11.000000,3660.153927
21.000000,11.000000,3857.572476
22.000000,11.000000,4057.409957
23.000000,11.000000,4245.269553
24.000000,11.000000,4437.337437
25.000000,11.000000,4633.613609
26.000000,11.000000,4834.098069
17.000000,11.500000,3103.325872
18.000000,11.500000,3285.650310
19.000000,11.500000,3473.136975
20.000000,11.500000,3665.785868
21.000000,11.500000,3863.596988
22.000000,11.500000,4062.739285
23.000000,11.500000,4250.872412
24.000000,11.500000,4443.220868
25.000000,11.500000,4639.784653
26.000000,11.500000,4840.563767
17.000000,12.000000,3107.858488
18.000000,12.000000,3290.538052
19.000000,12.000000,3478.392443
20.000000,12.000000,3671.421660
21.000000,12.000000,3869.625704
22.000000,12.000000,4068.071530
23.000000,12.000000,4256.478396
24.000000,12.000000,4449.107637
25.000000,12.000000,4645.959253
26.000000,12.000000,4847.033245
17.000000,12.500000,3112.563810
18.000000,12.500000,3295.570719
19.000000,12.500000,3483.763246
20.000000,12.500000,3677.141393
21.000000,12.500000,3875.705160
22.000000,12.500000,4073.418292
23.000000,12.500000,4262.099604
24.000000,12.500000,4455.010347
25.000000,12.500000,4652.150522
26.000000,12.500000,4853.520128
17.000000,13.000000,3117.272259
18.000000,13.000000,3300.606783
19.000000,13.000000,3489.137730
20.000000,13.000000,3682.865101
21.000000,13.000000,3881.788895
22.000000,13.000000,4078.767998
23.000000,13.000000,4267.723964
24.000000,13.000000,4460.916422
25.000000,13.000000,4658.345375
26.000000,13.000000,4860.010820
17.000000,13.500000,3122.301512
18.000000,13.500000,3305.904103
19.000000,13.500000,3494.710100
20.000000,13.500000,3688.719502
21.000000,13.500000,3887.932309
22.000000,13.500000,4084.132327
23.000000,13.500000,4273.363657
24.000000,13.500000,4466.838552
25.000000,13.500000,4664.557011
26.000000,13.500000,4866.519036
17.000000,14.000000,3127.334368
18.000000,14.000000,3311.205212
19.000000,14.000000,3500.286447
20.000000,14.000000,3694.578073
21.000000,14.000000,3894.080091
22.000000,14.000000,4089.499627
23.000000,14.000000,4279.006529
24.000000,14.000000,4472.764073
25.000000,14.000000,4670.772260
26.000000,14.000000,4873.031089
17.000000,14.500000,3132.438832
18.000000,14.500000,3316.610548
19.000000,14.500000,3506.001380
20.000000,14.500000,3700.611329
21.000000,14.500000,3900.440394
22.000000,14.500000,4095.064390
23.000000,14.500000,4284.804226
24.000000,14.500000,4478.799671
25.000000,14.500000,4677.050725
17.000000,15.000000,3137.547003
18.000000,15.000000,3322.019829
19.000000,15.000000,3511.720504
20.000000,15.000000,3706.649028
21.000000,15.000000,3906.805401
22.000000,15.000000,4100.632392
23.000000,15.000000,4290.605312
24.000000,15.000000,4484.838812
25.000000,15.000000,4683.332891
17.000000,15.500000,3142.709992
18.000000,15.500000,3327.522331
19.000000,15.500000,3517.573423
20.000000,15.500000,3712.863269
21.000000,15.500000,3913.391869
22.000000,15.500000,4106.435201
23.000000,15.500000,4296.632608
24.000000,15.500000,4491.094816
25.000000,15.500000,4689.821825
17.000000,16.000000,3147.876773
18.000000,16.000000,3333.028937
19.000000,16.000000,3523.430770
20.000000,16.000000,3719.082273
21.000000,16.000000,3919.983446
22.000000,16.000000,4112.241618
23.000000,16.000000,4302.663635
24.000000,16.000000,4497.354678
25.000000,16.000000,4696.314747
17.000000,16.500000,3153.128852
18.000000,16.500000,3338.613844
19.000000,16.500000,3529.358838
20.000000,16.500000,3725.363835
21.000000,16.500000,3926.628834
22.000000,16.500000,4118.135935
23.000000,16.500000,4308.866653
24.000000,16.500000,4503.874300
25.000000,16.500000,4703.158876
17.000000,17.000000,3158.384876
18.000000,17.000000,3344.202992
19.000000,17.000000,3535.291453
20.000000,17.000000,3731.650259
21.000000,17.000000,3933.279411
22.000000,17.000000,4124.033976
23.000000,17.000000,4315.073640
24.000000,17.000000,4510.398143
25.000000,17.000000,4710.007484
17.000000,17.500000,3163.912499
18.000000,17.500000,3350.014895
19.000000,17.500000,3541.394520
20.000000,17.500000,3738.051375
21.000000,17.500000,3939.985461
22.000000,17.500000,4129.975793
23.000000,17.500000,4321.328155
24.000000,17.500000,4516.973394
25.000000,17.500000,4716.911511
17.000000,18.000000,3169.444614
18.000000,18.000000,3355.831479
19.000000,18.000000,3547.502462
20.000000,18.000000,3744.457563
21.000000,18.000000,3946.696783
22.000000,18.000000,4135.921387
23.000000,18.000000,4327.586697
24.000000,18.000000,4523.552930
25.000000,18.000000,4723.820088
17.000000,18.500000,3174.888093
18.000000,18.500000,3361.588168
19.000000,18.500000,3553.580975
20.000000,18.500000,3750.866514
21.000000,18.500000,3953.307932
22.000000,18.500000,4141.910463
23.000000,18.500000,4333.891174
24.000000,18.500000,4530.180923
25.000000,18.500000,4730.779710
17.000000,19.000000,3180.335908
18.000000,19.000000,3367.349430
19.000000,19.000000,3559.664303
20.000000,19.000000,3757.280527
21.000000,19.000000,3959.924161
22.000000,19.000000,4147.903369
23.000000,19.000000,4340.199736
24.000000,19.000000,4536.813262
25.000000,19.000000,4737.743947
17.000000,19.500000,3185.829120
18.000000,19.500000,3373.212112
19.000000,19.500000,3565.908285
20.000000,19.500000,3763.917638
21.000000,19.500000,3965.914330
22.000000,19.500000,4154.145679
23.000000,19.500000,4346.699258
24.000000,19.500000,4543.575066
25.000000,19.500000,4744.773105
16.000000,20.000000,3008.898964
17.000000,20.000000,3191.326748
18.000000,20.000000,3379.079556
19.000000,20.000000,3572.157386
20.000000,20.000000,3770.560240
21.000000,20.000000,3971.908599
22.000000,20.000000,4160.392237
23.000000,20.000000,4353.203178
24.000000,20.000000,4550.341422
25.000000,20.000000,4751.806969
16.000000,20.500000,3014.107342
17.000000,20.500000,3196.932006
18.000000,20.500000,3385.095683
19.000000,20.500000,3578.598371
20.000000,20.500000,3777.440072
21.000000,20.500000,3978.125177
22.000000,20.500000,4166.809667
23.000000,20.500000,4359.823888
24.000000,20.500000,4557.167841
25.000000,20.500000,4758.841526
16.000000,21.000000,3019.319910
17.000000,21.000000,3202.541855
18.000000,21.000000,3391.116820
19.000000,21.000000,3585.044804
20.000000,21.000000,3784.325806
21.000000,21.000000,3984.346186
22.000000,21.000000,4173.231588
23.000000,21.000000,4366.449151
24.000000,21.000000,4563.998873
25.000000,21.000000,4765.880755
16.000000,21.500000,3025.180287
17.000000,21.500000,3208.682456
18.000000,21.500000,3397.543822
19.000000,21.500000,3591.764386
20.000000,21.500000,3791.344146
21.000000,21.500000,3990.607625
22.000000,21.500000,4179.836016
23.000000,21.500000,4373.405378
24.000000,21.500000,4571.315712
25.000000,21.500000,4773.567016
16.000000,22.000000,3031.046002
17.000000,22.000000,3214.828589
18.000000,22.000000,3403.976554
19.000000,22.000000,3598.489897
20.000000,22.000000,3798.368619
21.000000,22.000000,3996.873550
22.000000,22.000000,4186.445203
23.000000,22.000000,4380.366647
24.000000,22.000000,4578.637881
25.000000,22.000000,4781.258906
16.000000,22.500000,3036.955482
17.000000,22.500000,3221.010388
18.000000,22.500000,3410.436329
19.000000,22.500000,3605.233306
20.000000,22.500000,3805.401317
21.000000,22.500000,4003.166597
22.000000,22.500000,4193.089425
23.000000,22.500000,4387.371172
24.000000,22.500000,4586.011839
25.000000,22.500000,4789.011425
16.000000,23.000000,3042.870372
17.000000,23.000000,3227.197776
18.000000,23.000000,3416.901875
19.000000,23.000000,3611.982668
20.000000,23.000000,3812.440157
21.000000,23.000000,4009.464164
22.000000,23.000000,4199.738450
23.000000,23.000000,4394.380792
24.000000,23.000000,4593.391192
25.000000,23.000000,4796.769648
16.000000,23.500000,3048.815642
17.000000,23.500000,3233.437747
18.000000,23.500000,3423.443448
19.000000,23.500000,3618.832743
20.000000,23.500000,3819.605634
21.000000,23.500000,4015.902366
22.000000,23.500000,4206.509453
23.000000,23.500000,4401.492719
24.000000,23.500000,4600.852162
16.000000,24.000000,3054.766367
17.000000,24.000000,3239.683395
18.000000,24.000000,3429.990922
19.000000,24.000000,3625.688950
20.000000,24.000000,3826.777477
21.000000,24.000000,4022.345296
22.000000,24.000000,4213.285439
23.000000,24.000000,4408.609887
24.000000,24.000000,4608.318639
16.000000,24.500000,3060.838584
17.000000,24.500000,3246.159885
18.000000,24.500000,3436.884664
19.000000,24.500000,3633.012921
20.000000,24.500000,3834.544655
21.000000,24.500000,4029.313126
22.000000,24.500000,4220.469890
23.000000,24.500000,4416.013219
24.000000,24.500000,4615.943112
16.000000,25.000000,3066.916487
17.000000,25.000000,3252.642492
18.000000,25.000000,3443.784968
19.000000,25.000000,3640.343915
20.000000,25.000000,3842.319333
21.000000,25.000000,4036.286527
22.000000,25.000000,4227.659971
23.000000,25.000000,4423.422237
24.000000,25.000000,4623.573325
16.000000,25.500000,3073.420398
17.000000,25.500000,3259.490550
18.000000,25.500000,3450.985719
19.000000,25.500000,3647.905905
20.000000,25.500000,3850.251109
21.000000,25.500000,4043.351786
22.000000,25.500000,4234.932581
23.000000,25.500000,4430.903981
24.000000,25.500000,4631.265987
16.000000,26.000000,3079.930929
17.000000,26.000000,3266.345518
18.000000,26.000000,3458.193678
19.000000,26.000000,3655.475406
20.000000,26.000000,3858.190705
21.000000,26.000000,4050.422776
22.000000,26.000000,4242.210967
23.000000,26.000000,4438.391546
24.000000,26.000000,4638.964512
16.000000,26.500000,3086.564995
17.000000,26.500000,3273.305858
18.000000,26.500000,3465.487518
19.000000,26.500000,3663.109975
20.000000,26.500000,3866.173230
21.000000,26.500000,4057.585533
22.000000,26.500000,4249.678218
23.000000,26.500000,4446.169613
24.000000,26.500000,4647.059717
16.000000,27.000000,3093.205943
17.000000,27.000000,3280.273324
18.000000,27.000000,3472.788734
19.000000,27.000000,3670.752173
20.000000,27.000000,3874.163639
21.000000,27.000000,4064.754182
22.000000,27.000000,4257.151593
23.000000,27.000000,4453.954041
24.000000,27.000000,4655.161524
16.000000,27.500000,3099.874998
17.000000,27.500000,3287.270475
18.000000,27.500000,3480.121253
19.000000,27.500000,3678.427332
20.000000,27.500000,3882.188711
21.000000,27.500000,4071.958717
22.000000,27.500000,4264.666378
23.000000,27.500000,4461.785647
24.000000,27.500000,4663.316523
16.000000,28.000000,3106.550974
17.000000,28.000000,3294.274794
18.000000,28.000000,3487.461190
19.000000,28.000000,3686.110164
20.000000,28.000000,3890.221714
21.000000,28.000000,4079.169196
22.000000,28.000000,4272.187351
23.000000,28.000000,4469.623690
24.000000,28.000000,4671.478213
16.000000,28.500000,3113.346895
17.000000,28.500000,3301.440250
18.000000,28.500000,3495.005717
19.000000,28.500000,3694.043295
20.000000,28.500000,3897.594953
21.000000,28.500000,4086.614209
22.000000,28.500000,4279.881151
23.000000,28.500000,4477.569701
24.000000,28.500000,4679.679860
16.000000,29.000000,3120.149979
17.000000,29.000000,3308.613210
18.000000,29.000000,3502.558095
19.000000,29.000000,3701.984632
20.000000,29.000000,3904.974786
21.000000,29.000000,4094.065604
22.000000,29.000000,4287.581457
23.000000,29.000000,4485.522344
24.000000,29.000000,4687.888264
16.000000,29.500000,3127.504097
17.000000,29.500000,3316.307326
18.000000,29.500000,3510.599252
19.000000,29.500000,3710.379876
20.000000,29.500000,3912.573623
21.000000,29.500000,4101.823889
22.000000,29.500000,4295.498026
23.000000,29.500000,4493.596035
24.000000,29.500000,4696.117914
15.000000,30.000000,2951.218841
16.000000,30.000000,3134.866597
17.000000,30.000000,3324.010099
18.000000,30.000000,3518.649346
19.000000,30.000000,3718.784339
20.000000,30.000000,3920.179500
21.000000,30.000000,4109.589152
22.000000,30.000000,4303.421511
23.000000,30.000000,4501.676577
24.000000,30.000000,4704.354350
15.000000,30.500000,2958.543174
16.000000,30.500000,3142.470264
17.000000,30.500000,3331.896444
18.000000,30.500000,3526.821712
19.000000,30.500000,3727.246070
20.000000,30.500000,3927.780027
21.000000,30.500000,4117.410805
22.000000,30.500000,4311.466009
23.000000,30.500000,4509.945640
24.000000,30.500000,4712.849699
15.000000,31.000000,2965.876302
16.000000,31.000000,3150.082857
17.000000,31.000000,3339.791846
18.000000,31.000000,3535.003268
19.000000,31.000000,3735.717124
20.000000,31.000000,3935.387563
21.000000,31.000000,4125.239521
22.000000,31.000000,4319.517624
23.000000,31.000000,4518.221874
24.000000,31.000000,4721.352270
15.000000,31.500000,2973.223973
16.000000,31.500000,3157.696014
17.000000,31.500000,3347.672974
18.000000,31.500000,3543.154853
19.000000,31.500000,3744.141651
20.000000,31.500000,3942.981420
21.000000,31.500000,4133.174743
22.000000,31.500000,4327.801640
23.000000,31.500000,4526.862111
15.000000,32.000000,2980.580452
16.000000,32.000000,3165.318073
17.000000,32.000000,3355.563099
18.000000,32.000000,3551.315531
19.000000,32.000000,3752.575368
20.000000,32.000000,3950.582237
21.000000,32.000000,4141.117218
22.000000,32.000000,4336.093207
23.000000,32.000000,4535.510204
15.000000,32.500000,2987.972555
16.000000,32.500000,3172.978691
17.000000,32.500000,3363.494821
18.000000,32.500000,3559.520943
19.000000,32.500000,3761.057058
20.000000,32.500000,3958.267718
21.000000,32.500000,4149.168438
22.000000,32.500000,4344.518645
23.000000,32.500000,4544.318340
15.000000,33.000000,2995.373538
16.000000,33.000000,3180.648289
17.000000,33.000000,3371.435621
18.000000,33.000000,3567.735534
19.000000,33.000000,3769.548028
20.000000,33.000000,3965.960311
21.000000,33.000000,4157.227109
22.000000,33.000000,4352.951883
23.000000,33.000000,4553.134632
15.000000,33.500000,3003.130672
16.000000,33.500000,3188.715212
17.000000,33.500000,3379.816534
18.000000,33.500000,3576.434638
19.000000,33.500000,3778.569526
20.000000,33.500000,3974.159884
21.000000,33.500000,4165.678133
22.000000,33.500000,4361.656784
23.000000,33.500000,4562.095836
15.000000,34.000000,3010.897653
16.000000,34.000000,3196.792152
17.000000,34.000000,3388.207637
18.000000,34.000000,3585.144108
19.000000,34.000000,3787.601563
20.000000,34.000000,3982.367614
21.000000,34.000000,4174.137405
22.000000,34.000000,4370.370023
23.000000,34.000000,4571.065467
15.000000,34.500000,3018.991897
16.000000,34.500000,3205.188110
17.000000,34.500000,3396.908379
18.000000,34.500000,3594.152707
19.000000,34.500000,3796.921092
20.000000,34.500000,3990.813231
21.000000,34.500000,4182.777717
22.000000,34.500000,4379.204474
23.000000,34.500000,4580.093500
15.000000,35.000000,3027.096851
16.000000,35.000000,3213.594906
17.000000,35.000000,3405.620091
18.000000,35.000000,3603.172405
19.000000,35.000000,3806.251848
20.000000,35.000000,3999.267499
21.000000,35.000000,4191.426640
22.000000,35.000000,4388.047491
23.000000,35.000000,4589.130054
15.000000,35.500000,3035.218778
16.000000,35.500000,3222.018457
17.000000,35.500000,3414.348300
18.000000,35.500000,3612.208307
19.000000,35.500000,3815.598477
20.000000,35.500000,4007.774103
21.000000,35.500000,4200.192444
22.000000,35.500000,4397.074939
23.000000,35.500000,4598.421590
15.000000,36.000000,3043.351428
16.000000,36.000000,3230.452859
17.000000,36.000000,3423.087489
18.000000,36.000000,3621.255316
19.000000,36.000000,3824.956341
20.000000,36.000000,4016.289447
21.000000,36.000000,4208.967084
22.000000,36.000000,4406.111319
23.000000,36.000000,4607.722152
15.000000,36.500000,3051.509502
16.000000,36.500000,3238.924588
17.000000,36.500000,3431.876582
18.000000,36.500000,3630.365483
19.000000,36.500000,3834.391291
20.000000,36.500000,4024.971725
21.000000,36.500000,4218.008835
22.000000,36.500000,4415.519433
23.000000,36.500000,4617.503518
15.000000,37.000000,3059.678336
16.000000,37.000000,3247.407236
17.000000,37.000000,3440.676752
18.000000,37.000000,3639.486886
19.000000,37.000000,3843.837637
20.000000,37.000000,4033.663080
21.000000,37.000000,4227.059966
22.000000,37.000000,4424.937233
23.000000,37.000000,4627.294882
15.000000,37.500000,3068.277339
16.000000,37.500000,3256.238330
17.000000,37.500000,3449.738148
18.000000,37.500000,3648.776792
19.000000,37.500000,3852.724921
20.000000,37.500000,4042.508613
21.000000,37.500000,4236.327246
22.000000,37.500000,4434.635810
23.000000,37.500000,4637.434307
15.000000,38.000000,3076.888240
16.000000,38.000000,3265.081235
17.000000,38.000000,3458.811265
18.000000,38.000000,3658.078328
19.000000,38.000000,3861.622215
20.000000,38.000000,4051.363534
21.000000,38.000000,4245.604344
22.000000,38.000000,4444.344647
23.000000,38.000000,4647.584441
15.000000,38.500000,3086.046461
16.000000,38.500000,3274.583622
17.000000,38.500000,3468.661410
18.000000,38.500000,3668.279824
19.000000,38.500000,3870.990481
20.000000,38.500000,4060.945321
21.000000,38.500000,4255.398845
22.000000,38.500000,4454.351053
23.000000,38.500000,4657.801943
15.000000,39.000000,3095.218143
16.000000,39.000000,3284.099644
17.000000,39.000000,3478.525362
18.000000,39.000000,3678.495296
19.000000,39.000000,3880.369783
20.000000,39.000000,4070.538095
21.000000,39.000000,4265.204280
22.000000,39.000000,4464.368339
23.000000,39.000000,4668.030272
15.000000,39.500000,3104.435251
16.000000,39.500000,3293.680487
17.000000,39.500000,3488.474592
18.000000,39.500000,3688.817565
19.000000,39.500000,3889.835377
20.000000,39.500000,4080.193868
21.000000,39.500000,4275.048255
22.000000,39.500000,4474.398537
14.000000,40.000000,2929.610228
15.000000,40.000000,3113.665908
16.000000,40.000000,3303.275106
17.000000,40.000000,3498.437823
18.000000,40.000000,3699.154059
19.000000,40.000000,3899.312182
20.000000,40.000000,4089.860744
21.000000,40.000000,4284.903222
22.000000,40.000000,4484.439617
14.000000,40.500000,2938.511526
15.000000,40.500000,3122.926620
16.000000,40.500000,3312.899854
17.000000,40.500000,3508.431230
18.000000,40.500000,3709.520747
19.000000,40.500000,3908.821458
20.000000,40.500000,4099.639217
21.000000,40.500000,4294.952676
22.000000,40.500000,4494.761836
14.000000,41.000000,2947.426191
15.000000,41.000000,3132.200924
16.000000,41.000000,3322.538420
17.000000,41.000000,3518.438678
18.000000,41.000000,3719.901700
19.000000,41.000000,3918.341998
20.000000,41.000000,4109.429036
21.000000,41.000000,4305.013558
22.000000,41.000000,4505.095566
14.000000,41.500000,2956.674909
15.000000,41.500000,3141.780272
16.000000,41.500000,3332.450613
17.000000,41.500000,3528.685933
18.000000,41.500000,3730.486232
19.000000,41.500000,3928.059230
20.000000,41.500000,4119.462897
21.000000,41.500000,4315.367897
22.000000,41.500000,4515.774231
14.000000,42.000000,2965.937995
15.000000,42.000000,3151.374102
16.000000,42.000000,3342.377400
17.000000,42.000000,3538.947889
18.000000,42.000000,3741.085569
19.000000,42.000000,3937.788196
20.000000,42.000000,4129.508685
21.000000,42.000000,4325.734357
22.000000,42.000000,4526.465213
14.000000,42.500000,2975.729482
15.000000,42.500000,3161.410374
16.000000,42.500000,3352.654482
17.000000,42.500000,3549.461804
18.000000,42.500000,3751.832341
19.000000,42.500000,3947.658231
20.000000,42.500000,4139.720795
21.000000,42.500000,4336.293480
22.000000,42.500000,4537.376286
14.000000,43.000000,2985.537010
15.000000,43.000000,3171.462483
16.000000,43.000000,3362.947191
17.000000,43.000000,3559.991132
18.000000,43.000000,3762.594308
19.000000,43.000000,3957.540343
20.000000,43.000000,4149.945239
21.000000,43.000000,4346.865194
22.000000,43.000000,4548.300209
14.000000,43.500000,2995.428879
15.000000,43.500000,3181.691299
16.000000,43.500000,3373.514696
17.000000,43.500000,3570.899069
18.000000,43.500000,3773.844420
19.000000,43.500000,3967.939200
20.000000,43.500000,4160.557103
21.000000,43.500000,4357.687930
22.000000,43.500000,4559.331680
14.000000,44.000000,3005.337016
15.000000,44.000000,3191.936482
16.000000,44.000000,3384.098667
17.000000,44.000000,3581.823570
18.000000,44.000000,3785.111192
19.000000,44.000000,3978.351517
20.000000,44.000000,4171.182308
21.000000,44.000000,4368.523883
22.000000,44.000000,4570.376242
14.000000,44.500000,3015.271912
15.000000,44.500000,3202.208116
16.000000,44.500000,3394.708737
17.000000,44.500000,3592.773775
18.000000,44.500000,3796.403229
19.000000,44.500000,3988.769196
20.000000,44.500000,4181.811357
21.000000,44.500000,4379.362103
22.000000,44.500000,4581.421434
14.000000,45.000000,3025.223108
15.000000,45.000000,3212.496147
16.000000,45.000000,3405.335299
17.000000,45.000000,3603.740567
18.000000,45.000000,3807.711948
19.000000,45.000000,3999.200306
20.000000,45.000000,4192.453713
21.000000,45.000000,4390.213503
22.000000,45.000000,4592.479676
14.000000,45.500000,3035.439242
15.000000,45.500000,3223.020328
16.000000,45.500000,3416.167007
17.000000,45.500000,3614.879280
18.000000,45.500000,3819.157147
19.000000,45.500000,4009.784093
20.000000,45.500000,4203.289714
21.000000,45.500000,4401.301423
22.000000,45.500000,4603.819221
14.000000,46.000000,3045.672512
15.000000,46.000000,3233.561624
16.000000,46.000000,3427.015806
17.000000,46.000000,3626.035060
18.000000,46.000000,3830.619385
19.000000,46.000000,4020.381683
20.000000,46.000000,4214.139501
21.000000,46.000000,4412.403110
22.000000,46.000000,4615.172511
14.000000,46.500000,3056.366702
15.000000,46.500000,3244.483332
16.000000,46.500000,3438.158842
17.000000,46.500000,3637.393233
18.000000,46.500000,3841.331793
19.000000,46.500000,4031.132942
20.000000,46.500000,4225.186091
21.000000,46.500000,4423.746730
22.000000,46.500000,4626.814861
14.000000,47.000000,3067.079568
15.000000,47.000000,3255.423372
16.000000,47.000000,3449.319867
17.000000,47.000000,3648.769051
18.000000,47.000000,3852.059001
19.000000,47.000000,4041.898385
20.000000,47.000000,4236.246960
21.000000,47.000000,4435.104725
22.000000,47.000000,4638.471680
14.000000,47.500000,3077.994969
15.000000,47.500000,3266.599686
16.000000,47.500000,3460.752572
17.000000,47.500000,3660.453627
18.000000,47.500000,3862.886655
19.000000,47.500000,4053.010475
20.000000,47.500000,4247.644432
21.000000,47.500000,4446.788524
14.000000,48.000000,3088.929695
15.000000,48.000000,3277.795073
16.000000,48.000000,3472.204099
17.000000,48.000000,3672.156771
18.000000,48.000000,3873.729353
19.000000,48.000000,4064.137664
20.000000,48.000000,4259.057057
21.000000,48.000000,4458.487532
14.000000,48.500000,3099.983583
15.000000,48.500000,3289.230061
16.000000,48.500000,3484.022617
17.000000,48.500000,3684.361252
18.000000,48.500000,3885.131397
19.000000,48.500000,4075.695422
20.000000,48.500000,4270.764643
21.000000,48.500000,4470.339061
14.000000,49.000000,3111.057149
15.000000,49.000000,3300.684884
16.000000,49.000000,3495.861128
17.000000,49.000000,3696.585879
18.000000,49.000000,3896.550062
19.000000,49.000000,4087.269448
20.000000,49.000000,4282.488148
21.000000,49.000000,4482.206164
14.000000,49.500000,3122.307906
15.000000,49.500000,3312.281898
16.000000,49.500000,3507.804448
17.000000,49.500000,3708.875554
18.000000,49.500000,3907.966164
19.000000,49.500000,4098.837962
20.000000,49.500000,4294.203098
21.000000,49.500000,4494.061571
13.000000,50.000000,2948.807244
14.000000,50.000000,3133.578907
15.000000,50.000000,3323.899175
16.000000,50.000000,3519.768046
17.000000,50.000000,3721.185522
18.000000,50.000000,3919.398826
19.000000,50.000000,4110.422679
20.000000,50.000000,4305.933896
21.000000,50.000000,4505.932477
13.000000,50.500000,2960.166250
14.000000,50.500000,3145.240983
15.000000,50.500000,3335.860919
16.000000,50.500000,3532.026059
17.000000,50.500000,3733.736404
18.000000,50.500000,3931.035479
19.000000,50.500000,4122.263604
20.000000,50.500000,4317.975386
21.000000,50.500000,4518.170824
13.000000,51.000000,2971.547052
14.000000,51.000000,3156.924667
15.000000,51.000000,3347.844082
16.000000,51.000000,3544.305299
17.000000,51.000000,3746.308316
18.000000,51.000000,3942.689247
19.000000,51.000000,4134.121420
20.000000,51.000000,4330.033543
21.000000,51.000000,4530.425615
13.000000,51.500000,2983.267845
14.000000,51.500000,3168.879304
15.000000,51.500000,3360.024373
16.000000,51.500000,3556.703053
17.000000,51.500000,3758.915345
18.000000,51.500000,3954.403688
19.000000,51.500000,4146.143303
20.000000,51.500000,4342.364013
21.000000,51.500000,4543.065819
13.000000,52.000000,2995.011674
14.000000,52.000000,3180.856485
15.000000,52.000000,3372.226718
16.000000,52.000000,3569.122371
17.000000,52.000000,3771.543445
18.000000,52.000000,3966.135371
19.000000,52.000000,4158.182501
20.000000,52.000000,4354.711873
21.000000,52.000000,4555.723485
13.000000,52.500000,3006.794156
14.000000,52.500000,3192.959298
15.000000,52.500000,3384.647103
16.000000,52.500000,3581.857569
17.000000,52.500000,3784.590697
18.000000,52.500000,3978.362752
19.000000,52.500000,4170.695158
20.000000,52.500000,4367.509090
21.000000,52.500000,4568.804546
13.000000,53.000000,3018.599732
14.000000,53.000000,3205.085051
15.000000,53.000000,3397.090270
16.000000,53.000000,3594.615390
17.000000,53.000000,3797.660411
18.000000,53.000000,3990.608861
19.000000,53.000000,4183.226509
20.000000,53.000000,4380.324963
21.000000,53.000000,4581.904226
13.000000,53.500000,3030.528007
14.000000,53.500000,3217.377345
15.000000,53.500000,3409.746397
16.000000,53.500000,3607.635164
17.000000,53.500000,3811.043645
18.000000,53.500000,4003.153448
19.000000,53.500000,4195.996693
20.000000,53.500000,4393.316731
21.000000,53.500000,4595.113562
13.000000,54.000000,3042.479769
14.000000,54.000000,3229.693130
15.000000,54.000000,3422.426018
16.000000,54.000000,3620.678433
17.000000,54.000000,3824.450374
18.000000,54.000000,4015.717650
19.000000,54.000000,4208.786250
20.000000,54.000000,4406.327625
21.000000,54.000000,4608.341775
13.000000,54.500000,3054.711353
14.000000,54.500000,3242.242533
15.000000,54.500000,3435.289832
16.000000,54.500000,3633.853252
17.000000,54.500000,3837.932792
18.000000,54.500000,4028.330363
19.000000,54.500000,4221.611108
20.000000,54.500000,4419.359930
21.000000,54.500000,4621.576829
13.000000,55.000000,3066.967447
14.000000,55.000000,3254.816238
15.000000,55.000000,3448.177743
16.000000,55.000000,3647.051961
17.000000,55.000000,3851.438892
18.000000,55.000000,4040.962782
19.000000,55.000000,4234.455385
20.000000,55.000000,4432.411364
21.000000,55.000000,4634.830717
13.000000,55.500000,3079.737905
14.000000,55.500000,3267.796357
15.000000,55.500000,3461.356814
16.000000,55.500000,3660.419275
17.000000,55.500000,3864.150644
18.000000,55.500000,4053.695613
19.000000,55.500000,4247.454037
20.000000,55.500000,4445.673652
21.000000,55.500000,4648.354458
13.000000,56.000000,3092.534877
14.000000,56.000000,3280.802285
15.000000,56.000000,3474.560995
16.000000,56.000000,3673.811007
17.000000,56.000000,3876.883288
18.000000,56.000000,4066.448405
19.000000,56.000000,4260.472525
20.000000,56.000000,4458.955649
21.000000,56.000000,4661.897777
13.000000,56.500000,3105.346935
14.000000,56.500000,3293.811502
15.000000,56.500000,3487.756045
16.000000,56.500000,3687.180567
17.000000,56.500000,3889.378582
18.000000,56.500000,4079.294762
19.000000,56.500000,4273.671890
20.000000,56.500000,4472.509966
13.000000,57.000000,3118.185458
14.000000,57.000000,3306.846435
15.000000,57.000000,3500.976072
16.000000,57.000000,3700.574371
17.000000,57.000000,3901.893922
18.000000,57.000000,4092.161311
19.000000,57.000000,4286.891593
20.000000,57.000000,4486.084767
13.000000,57.500000,3131.197750
14.000000,57.500000,3320.244671
15.000000,57.500000,3514.759803
16.000000,57.500000,3714.743147
17.000000,57.500000,3915.311849
18.000000,57.500000,4105.780233
19.000000,57.500000,4300.705342
20.000000,57.500000,4500.087175
13.000000,58.000000,3144.237116
14.000000,58.000000,3333.669971
15.000000,58.000000,3528.570588
16.000000,58.000000,3728.938966
17.000000,58.000000,3928.752763
18.000000,58.000000,4119.421726
19.000000,58.000000,4314.541249
20.000000,58.000000,4514.111330
13.000000,58.500000,3157.364452
14.000000,58.500000,3347.222183
15.000000,58.500000,3542.549302
16.000000,58.500000,3743.345809
17.000000,58.500000,3942.387689
18.000000,58.500000,4133.248903
19.000000,58.500000,4328.553996
20.000000,58.500000,4528.302969
13.000000,59.000000,3170.519116
14.000000,59.000000,3360.801864
15.000000,59.000000,3556.555626
16.000000,59.000000,3757.780401
17.000000,59.000000,3956.046189
18.000000,59.000000,4147.099193
19.000000,59.000000,4342.589401
20.000000,59.000000,4542.516812
13.000000,59.500000,3183.817232
14.000000,59.500000,3374.457962
15.000000,59.500000,3570.566470
16.000000,59.500000,3772.142754
17.000000,59.500000,3969.578915
18.000000,59.500000,4160.858116
19.000000,59.500000,4356.569638
20.000000,59.500000,4556.713480
13.000000,60.000000,3197.143177
14.000000,60.000000,3388.141747
15.000000,60.000000,3584.604847
16.000000,60.000000,3786.532478
17.000000,60.000000,3983.134700
18.000000,60.000000,4174.639769
19.000000,60.000000,4370.572278
20.000000,60.000000,4570.932225
13.000000,60.500000,3210.499349
14.000000,60.500000,3401.847993
15.000000,60.500000,3598.657544
16.000000,60.500000,3800.928002
17.000000,60.500000,3996.726233
18.000000,60.500000,4188.531100
19.000000,60.500000,4384.761961
20.000000,60.500000,4585.418817
12.000000,61.000000,3037.642095
13.000000,61.000000,3223.883361
14.000000,61.000000,3415.581902
15.000000,61.000000,3612.737718
16.000000,61.000000,3815.350809
17.000000,61.000000,4010.340865
18.000000,61.000000,4202.445447
19.000000,61.000000,4398.974577
20.000000,61.000000,4599.928256
12.000000,61.500000,3050.710590
13.000000,61.500000,3237.317460
14.000000,61.500000,3429.378789
15.000000,61.500000,3626.894578
16.000000,61.500000,3829.864827
17.000000,61.500000,4024.122125
18.000000,61.500000,4216.613823
19.000000,61.500000,4413.532472
20.000000,61.500000,4614.878073
12.000000,62.000000,3063.807137
13.000000,62.000000,3250.779489
14.000000,62.000000,3443.203479
15.000000,62.000000,3641.079106
16.000000,62.000000,3844.406369
17.000000,62.000000,4037.926976
18.000000,62.000000,4230.805988
19.000000,62.000000,4428.114354
20.000000,62.000000,4629.852073
12.000000,62.500000,3077.112331
13.000000,62.500000,3264.544014
14.000000,62.500000,3457.430212
15.000000,62.500000,3655.770925
16.000000,62.500000,3859.566153
17.000000,62.500000,4052.354714
18.000000,62.500000,4245.504346
19.000000,62.500000,4443.079185
20.000000,62.500000,4645.079232
12.000000,63.000000,3090.446354
13.000000,63.000000,3278.337618
14.000000,63.000000,3471.686274
15.000000,63.000000,3670.492323
16.000000,63.000000,3874.755765
17.000000,63.000000,4066.808170
18.000000,63.000000,4260.228169
19.000000,63.000000,4458.069222
20.000000,63.000000,4660.331330
12.000000,63.500000,3104.396439
13.000000,63.500000,3292.613573
14.000000,63.500000,3486.282307
15.000000,63.500000,3685.402640
16.000000,63.500000,3889.974573
17.000000,63.500000,4081.319388
18.000000,63.500000,4275.088451
19.000000,63.500000,4473.278176
20.000000,63.500000,4675.888563
12.000000,64.000000,3118.377937
13.000000,64.000000,3306.920542
14.000000,64.000000,3500.908955
15.000000,64.000000,3700.343176
16.000000,64.000000,3905.223205
17.000000,64.000000,4095.856435
18.000000,64.000000,4289.974582
19.000000,64.000000,4488.512994
20.000000,64.000000,4691.471671
12.000000,64.500000,3132.453487
13.000000,64.500000,3321.317553
14.000000,64.500000,3515.621334
15.000000,64.500000,3715.364831
16.000000,64.500000,3919.964540
17.000000,64.500000,4110.469248
18.000000,64.500000,4304.924720
19.000000,64.500000,4503.799497
12.000000,65.000000,3146.560731
13.000000,65.000000,3335.745832
14.000000,65.000000,3530.364559
15.000000,65.000000,3730.416910
16.000000,65.000000,3934.733637
17.000000,65.000000,4125.108065
18.000000,65.000000,4319.900835
19.000000,65.000000,4519.111949
12.000000,65.500000,3160.712897
13.000000,65.500000,3350.255586
14.000000,65.500000,3545.227924
15.000000,65.500000,3745.629910
16.000000,65.500000,3949.232831
17.000000,65.500000,4139.923832
18.000000,65.500000,4335.031177
19.000000,65.500000,4534.554867
12.000000,66.000000,3174.896814
13.000000,66.000000,3364.796824
14.000000,66.000000,3560.122507
15.000000,66.000000,3760.873862
16.000000,66.000000,3963.758678
17.000000,66.000000,4154.766140
18.000000,66.000000,4350.187946
19.000000,66.000000,4550.024095
12.000000,66.500000,3189.246049
13.000000,66.500000,3379.536806
14.000000,66.500000,3575.250932
15.000000,66.500000,3776.388425
16.000000,66.500000,3978.567719
17.000000,66.500000,4169.860392
18.000000,66.500000,4365.563923
19.000000,66.500000,4565.678312
12.000000,67.000000,3203.627634
13.000000,67.000000,3394.309000
14.000000,67.000000,3590.411429
15.000000,67.000000,3791.934918
16.000000,67.000000,3993.404361
17.000000,67.000000,4184.982000
18.000000,67.000000,4380.967011
19.000000,67.000000,4581.359396
12.000000,67.500000,3218.388966
13.000000,67.500000,3409.491289
14.000000,67.500000,3606.013337
15.000000,67.500000,3807.955110
16.000000,67.500000,4008.679916
17.000000,67.500000,4200.460434
18.000000,67.500000,4396.640535
19.000000,67.500000,4597.220219
12.000000,68.000000,3233.184228
13.000000,68.000000,3424.707455
14.000000,68.000000,3621.649069
15.000000,68.000000,3824.009069
16.000000,68.000000,4023.984623
17.000000,68.000000,4215.967429
18.000000,68.000000,4412.342032
19.000000,68.000000,4613.108434
12.000000,68.500000,3248.102577
13.000000,68.500000,3440.022716
14.000000,68.500000,3637.358299
15.000000,68.500000,3840.109326
16.000000,68.500000,4039.341476
17.000000,68.500000,4231.659193
18.000000,68.500000,4428.367324
19.000000,68.500000,4629.465870
12.000000,69.000000,3263.055265
13.000000,69.000000,3455.372144
14.000000,69.000000,3653.101523
15.000000,69.000000,3856.243399
16.000000,69.000000,4054.727567
17.000000,69.000000,4247.380097
18.000000,69.000000,4444.421657
19.000000,69.000000,4645.852249
12.000000,69.500000,3278.078999
13.000000,69.500000,3470.808028
14.000000,69.500000,3668.947519
15.000000,69.500000,3872.497473
16.000000,69.500000,4070.239176
17.000000,69.500000,4263.214364
18.000000,69.500000,4460.576452
19.000000,69.500000,4662.325440
12.000000,70.000000,3293.137240
13.000000,70.000000,3486.278311
14.000000,70.000000,3684.827806
15.000000,70.000000,3888.785725
16.000000,70.000000,4085.780390
17.000000,70.000000,4279.078084
18.000000,70.000000,4476.760546
19.000000,70.000000,4678.827776
12.000000,70.500000,3308.298462
13.000000,70.500000,3501.883980
14.000000,70.500000,3700.877769
15.000000,70.500000,3905.279827
16.000000,70.500000,4101.536683
17.000000,70.500000,4295.139618
18.000000,70.500000,4493.124027
19.000000,70.500000,4695.489911
12.000000,71.000000,3323.494503
13.000000,71.000000,3517.524499
14.000000,71.000000,3716.962610
15.000000,71.000000,3921.808834
16.000000,71.000000,4117.323294
17.000000,71.000000,4311.231233
18.000000,71.000000,4509.517353
19.000000,71.000000,4712.181653
12.000000,71.500000,3339.095110
13.000000,71.500000,3533.532431
14.000000,71.500000,3733.374794
15.000000,71.500000,3938.622197
16.000000,71.500000,4133.363211
17.000000,71.500000,4327.567586
18.000000,71.500000,4526.146132
19.000000,71.500000,4729.098850
11.000000,72.000000,3165.289750
12.000000,72.000000,3354.732245
13.000000,72.000000,3549.576706
14.000000,72.000000,3749.823132
15.000000,72.000000,3955.471524
16.000000,72.000000,4149.434308
17.000000,72.000000,4343.934827
18.000000,72.000000,4542.805508
19.000000,72.000000,4746.046351
11.000000,72.500000,3180.661359
12.000000,72.500000,3370.521930
13.000000,72.500000,3565.781672
14.000000,72.500000,3766.440585
15.000000,72.500000,3972.498668
16.000000,72.500000,4165.633994
17.000000,72.500000,4360.384503
18.000000,72.500000,4559.498895
19.000000,72.500000,4762.977171
11.000000,73.000000,3196.070199
12.000000,73.000000,3386.348685
13.000000,73.000000,3582.023544
14.000000,73.000000,3783.094776
15.000000,73.000000,3989.562383
16.000000,73.000000,4181.865237
17.000000,73.000000,4376.865261
18.000000,73.000000,4576.222890
19.000000,73.000000,4779.938125
11.000000,73.500000,3211.558252
12.000000,73.500000,3402.242055
13.000000,73.500000,3598.318689
14.000000,73.500000,3799.788153
15.000000,73.500000,4006.374192
16.000000,73.500000,4198.331790
17.000000,73.500000,4393.819417
18.000000,73.500000,4593.668995
11.000000,74.000000,3227.083740
12.000000,74.000000,3418.172635
13.000000,74.000000,3614.650815
14.000000,74.000000,3816.518278
15.000000,74.000000,4023.221348
16.000000,74.000000,4214.830696
17.000000,74.000000,4410.806342
18.000000,74.000000,4611.148285
11.000000,74.500000,3242.699339
12.000000,74.500000,3434.224240
13.000000,74.500000,3631.136661
14.000000,74.500000,3833.436604
15.000000,74.500000,4039.481614
16.000000,74.500000,4231.548516
17.000000,74.500000,4427.984516
18.000000,74.500000,4628.789614
11.000000,75.000000,3258.352628
12.000000,75.000000,3450.313444
13.000000,75.000000,3647.660017
14.000000,75.000000,3850.392346
15.000000,75.000000,4055.774670
16.000000,75.000000,4248.299422
17.000000,75.000000,4445.196071
18.000000,75.000000,4646.464617
11.000000,75.500000,3274.431053
12.000000,75.500000,3466.806174
13.000000,75.500000,3664.563708
14.000000,75.500000,3867.703653
15.000000,75.500000,4072.406930
16.000000,75.500000,4265.335766
17.000000,75.500000,4462.636346
18.000000,75.500000,4664.308671
11.000000,76.000000,3290.549049
12.000000,76.000000,3483.338229
13.000000,76.000000,3681.506475
14.000000,76.000000,3885.053789
15.000000,76.000000,4089.073223
16.000000,76.000000,4282.406198
17.000000,76.000000,4480.110761
18.000000,76.000000,4682.186915
11.000000,76.500000,3306.649182
12.000000,76.500000,3499.886474
13.000000,76.500000,3698.501831
14.000000,76.500000,3902.495252
15.000000,76.500000,4105.884744
16.000000,76.500000,4299.603992
17.000000,76.500000,4497.693512
18.000000,76.500000,4700.153303
11.000000,77.000000,3322.788606
12.000000,77.000000,3516.473934
13.000000,77.000000,3715.536325
14.000000,77.000000,3919.975778
15.000000,77.000000,4122.730752
16.000000,77.000000,4316.836248
17.000000,77.000000,4515.310692
18.000000,77.000000,4718.154084
11.000000,77.500000,3338.951306
12.000000,77.500000,3533.106322
13.000000,77.500000,3732.638559
14.000000,77.500000,3937.548017
15.000000,77.500000,4139.628930
16.000000,77.500000,4334.025167
17.000000,77.500000,4532.784750
18.000000,77.500000,4735.907681
11.000000,78.000000,3355.153219
12.000000,78.000000,3549.777951
13.000000,78.000000,3749.780063
14.000000,78.000000,3955.159554
15.000000,78.000000,4156.561667
16.000000,78.000000,4351.248236
17.000000,78.000000,4550.292548
18.000000,78.000000,4753.694604
11.000000,78.500000,3371.461271
12.000000,78.500000,3566.555336
13.000000,78.500000,3767.026684
14.000000,78.500000,3972.875317
15.000000,78.500000,4173.602960
16.000000,78.500000,4368.670037
17.000000,78.500000,4568.093882
18.000000,78.500000,4771.874495
11.000000,79.000000,3387.808859
12.000000,79.000000,3583.372274
13.000000,79.000000,3784.312877
14.000000,79.000000,3990.630667
15.000000,79.000000,4190.679114
16.000000,79.000000,4386.126645
17.000000,79.000000,4585.929968
18.000000,79.000000,4790.089082
11.000000,79.500000,3404.276778
12.000000,79.500000,3600.336121
13.000000,79.500000,3801.773966
14.000000,79.500000,4008.590313
15.000000,79.500000,4207.980542
16.000000,79.500000,4403.783998
17.000000,79.500000,4603.940762
18.000000,79.500000,4808.450834
11.000000,80.000000,3420.784624
12.000000,80.000000,3617.340026
13.000000,80.000000,3819.275245
14.000000,80.000000,4026.590280
15.000000,80.000000,4225.317611
16.000000,80.000000,4421.476821
17.000000,80.000000,4621.986854
18.000000,80.000000,4826.847711
11.000000,80.500000,3437.396973
12.000000,80.500000,3634.436961
13.000000,80.500000,3836.857048
14.000000,80.500000,4044.657231
15.000000,80.500000,4242.753375
16.000000,80.500000,4439.253591
17.000000,80.500000,4640.100948
18.000000,80.500000,4845.295447
11.000000,81.000000,3454.049548
12.000000,81.000000,3651.574191
13.000000,81.000000,3854.479211
14.000000,81.000000,4062.764609
15.000000,81.000000,4260.225033
16.000000,81.000000,4457.066023
17.000000,81.000000,4658.250468
18.000000,81.000000,4863.778369
11.000000,81.500000,3470.759767
12.000000,81.500000,3668.694848
13.000000,81.500000,3872.006570
14.000000,81.500000,4080.694930
15.000000,81.500000,4277.571692
16.000000,81.500000,4474.841451
17.000000,81.500000,4676.455195
10.000000,82.000000,3294.537964
11.000000,82.000000,3487.510300
12.000000,82.000000,3685.855538
13.000000,82.000000,3889.573677
14.000000,82.000000,4098.664718
15.000000,82.000000,4294.953591
16.000000,82.000000,4492.652253
17.000000,82.000000,4694.695424
10.000000,82.500000,3311.107691
11.000000,82.500000,3504.468572
12.000000,82.500000,3703.196792
13.000000,82.500000,3907.292351
14.000000,82.500000,4116.755251
15.000000,82.500000,4312.454998
16.000000,82.500000,4510.576994
17.000000,82.500000,4713.043731
10.000000,83.000000,3327.718972
11.000000,83.000000,3521.467964
12.000000,83.000000,3720.578733
13.000000,83.000000,3925.051282
14.000000,83.000000,4134.885609
15.000000,83.000000,4329.991988
16.000000,83.000000,4528.537421
17.000000,83.000000,4731.427823
10.000000,83.500000,3344.472808
11.000000,83.500000,3538.603123
12.000000,83.500000,3738.089173
13.000000,83.500000,3942.930957
14.000000,83.500000,4152.575877
15.000000,83.500000,4347.669428
16.000000,83.500000,4546.655242
17.000000,83.500000,4749.987232
10.000000,84.000000,3361.268705
11.000000,84.000000,3555.779863
12.000000,84.000000,3755.640713
13.000000,84.000000,3960.851254
14.000000,84.000000,4170.303901
15.000000,84.000000,4365.382877
16.000000,84.000000,4564.809233
17.000000,84.000000,4768.582969
10.000000,84.500000,3378.345258
11.000000,84.500000,3573.261281
12.000000,84.500000,3773.521936
13.000000,84.500000,3979.127224
14.000000,84.500000,4187.938829
15.000000,84.500000,4383.403878
16.000000,84.500000,4583.215058
17.000000,84.500000,4787.372370
10.000000,85.000000,3395.465075
11.000000,85.000000,3590.785562
12.000000,85.000000,3791.445622
13.000000,85.000000,3997.445256
14.000000,85.000000,4205.610964
15.000000,85.000000,4401.461998
16.000000,85.000000,4601.657914
17.000000,85.000000,4806.198713
10.000000,85.500000,3412.727160
11.000000,85.500000,3608.500864
12.000000,85.500000,3809.611613
13.000000,85.500000,4016.059408
14.000000,85.500000,4223.587077
15.000000,85.500000,4419.761074
16.000000,85.500000,4620.275601
17.000000,85.500000,4825.130660
10.000000,86.000000,3430.033012
11.000000,86.000000,3626.259756
12.000000,86.000000,3827.821017
13.000000,86.000000,4034.716797
14.000000,86.000000,4241.601527
15.000000,86.000000,4438.098109
16.000000,86.000000,4638.930873
17.000000,86.000000,4844.099820
10.000000,86.500000,3447.565096
11.000000,86.500000,3644.239038
12.000000,86.500000,3846.244285
13.000000,86.500000,4053.580837
14.000000,86.500000,4259.832016
15.000000,86.500000,4456.704983
16.000000,86.500000,4657.911911
17.000000,86.500000,4863.452800
10.000000,87.000000,3465.141867
11.000000,87.000000,3662.262776
12.000000,87.000000,3864.711777
13.000000,87.000000,4072.488869
14.000000,87.000000,4278.101597
15.000000,87.000000,4475.350780
16.000000,87.000000,4676.931701
17.000000,87.000000,4882.844361
10.000000,87.500000,3482.925717
11.000000,87.500000,3680.461882
12.000000,87.500000,3883.320803
13.000000,87.500000,4091.502479
14.000000,87.500000,4296.471911
15.000000,87.500000,4494.126561
16.000000,87.500000,4696.111885
17.000000,87.500000,4902.427884
10.000000,88.000000,3500.755076
11.000000,88.000000,3698.706087
12.000000,88.000000,3901.974517
13.000000,88.000000,4110.560365
14.000000,88.000000,4314.881581
15.000000,88.000000,4512.941644
16.000000,88.000000,4715.331317
17.000000,88.000000,4922.050600
10.000000,88.500000,3518.707033
11.000000,88.500000,3717.061039
12.000000,88.500000,3920.726368
13.000000,88.500000,4129.703019
14.000000,88.500000,4333.404888
15.000000,88.500000,4531.905223
16.000000,88.500000,4734.735504
17.000000,88.500000,4941.895732
10.000000,89.000000,3536.704891
11.000000,89.000000,3735.461414
12.000000,89.000000,3939.523163
13.000000,89.000000,4148.890137
14.000000,89.000000,4351.967868
15.000000,89.000000,4550.908560
16.000000,89.000000,4754.179534
17.000000,89.000000,4961.780789
10.000000,89.500000,3554.502880
11.000000,89.500000,3753.735781
12.000000,89.500000,3958.272494
13.000000,89.500000,4168.113017
14.000000,89.500000,4370.669860
15.000000,89.500000,4570.086518
16.000000,89.500000,4773.834982
17.000000,89.500000,4981.915251
10.000000,90.000000,3572.345533
11.000000,90.000000,3772.054732
12.000000,90.000000,3977.066326
13.000000,90.000000,4187.380315
14.000000,90.000000,4389.411947
15.000000,90.000000,4589.304797
16.000000,90.000000,4793.530976
17.000000,90.000000,5002.090482
10.000000,90.500000,3590.152864
11.000000,90.500000,3790.386271
12.000000,90.500000,3995.923433
13.000000,90.500000,4206.764353
14.000000,90.500000,4408.295759
15.000000,90.500000,4608.655628
16.000000,90.500000,4813.349623
10.000000,91.000000,3608.004461
11.000000,91.000000,3808.762236
12.000000,91.000000,4014.825129
13.000000,91.000000,4226.193140
14.000000,91.000000,4427.220100
15.000000,91.000000,4628.047168
16.000000,91.000000,4833.209155
10.000000,91.500000,3626.185049
11.000000,91.500000,3827.564318
12.000000,91.500000,4034.254003
13.000000,91.500000,4246.254105
14.000000,91.500000,4446.639191
15.000000,91.500000,4647.837202
16.000000,91.500000,4853.366814
10.000000,92.000000,3644.411308
11.000000,92.000000,3846.412680
12.000000,92.000000,4053.729766
13.000000,92.000000,4266.362565
14.000000,92.000000,4466.100777
15.000000,92.000000,4667.669457
16.000000,92.000000,4873.566420
10.000000,92.500000,3662.797656
11.000000,92.500000,3865.448267
12.000000,92.500000,4073.420961
13.000000,92.500000,4286.715737
14.000000,92.500000,4485.747037
15.000000,92.500000,4687.699005
16.000000,92.500000,4893.976858
10.000000,93.000000,3681.230253
11.000000,93.000000,3884.530832
12.000000,93.000000,4093.159861
13.000000,93.000000,4307.117341
14.000000,93.000000,4505.436414
15.000000,93.000000,4707.771433
16.000000,93.000000,4914.429941
10.000000,93.500000,3699.830213
11.000000,93.500000,3903.808039
12.000000,93.500000,4113.121739
9.000000,94.000000,3519.164403
10.000000,94.000000,3718.477032
11.000000,94.000000,3923.132955
12.000000,94.000000,4133.132174
9.000000,94.500000,3537.287002
10.000000,94.500000,3737.282140
11.000000,94.500000,3942.628265
12.000000,94.500000,4153.325378
9.000000,95.000000,3555.456124
10.000000,95.000000,3756.134670
11.000000,95.000000,3962.171892
12.000000,95.000000,4173.567792
9.000000,95.500000,3573.990891
10.000000,95.500000,3775.144173
11.000000,95.500000,3981.652100
12.000000,95.500000,4193.514671
9.000000,96.000000,3592.573825
10.000000,96.000000,3794.201649
11.000000,96.000000,4001.180075
12.000000,96.000000,4213.509104
9.000000,96.500000,3611.433569
10.000000,96.500000,3813.476947
11.000000,96.500000,4020.864332
12.000000,96.500000,4233.595724
9.000000,97.000000,3630.342668
10.000000,97.000000,3832.801065
11.000000,97.000000,4040.596873
12.000000,97.000000,4253.730093
9.000000,97.500000,3649.428876
10.000000,97.500000,3852.298373
11.000000,97.500000,4060.498288
12.000000,97.500000,4274.028622
9.000000,98.000000,3668.565113
10.000000,98.000000,3871.845135
11.000000,98.000000,4080.448584
12.000000,98.000000,4294.375459
9.000000,98.500000,3687.875637
10.000000,98.500000,3891.561633
11.000000,98.500000,4100.563644
12.000000,98.500000,4314.881670
9.000000,99.000000,3707.236844
10.000000,99.000000,3911.328199
11.000000,99.000000,4120.728158
12.000000,99.000000,4335.436722
9.000000,99.500000,3726.769712
10.000000,99.500000,3931.262421
11.000000,99.500000,4141.056331
12.000000,99.500000,4356.151440
9.000000,100.000000,3746.353900
10.000000,100.000000,3951.247308
11.000000,100.000000,4161.434516
12.000000,100.000000,4376.915522
9.000000,100.500000,3765.777176
10.000000,100.500000,3971.166938
11.000000,100.500000,4181.848104
12.000000,100.500000,4397.820672
9.000000,101.000000,3785.250663
10.000000,101.000000,3991.136644
11.000000,101.000000,4202.311630
12.000000,101.000000,4418.775621
9.000000,101.500000,3804.824786
10.000000,101.500000,4011.262764
11.000000,101.500000,4222.990534
12.000000,101.500000,4440.008096
9.000000,102.000000,3824.449384
10.000000,102.000000,4031.439494
11.000000,102.000000,4243.720182
12.000000,102.000000,4461.291449
9.000000,102.500000,3844.265681
10.000000,102.500000,4051.800236
11.000000,102.500000,4264.625621
9.000000,103.000000,3864.133181
10.000000,103.000000,4072.212260
11.000000,103.000000,4285.582420
9.000000,103.500000,3884.188610
10.000000,103.500000,4092.803185
11.000000,103.500000,4306.708491
9.000000,104.000000,3904.295948
10.000000,104.000000,4113.446035
11.000000,104.000000,4327.886501
9.000000,104.500000,3924.648841
10.000000,104.500000,4134.352225
11.000000,104.500000,4349.346240
9.000000,105.000000,3945.054641
10.000000,105.000000,4155.311402
11.000000,105.000000,4370.859043
9.000000,105.500000,3965.755295
10.000000,105.500000,4176.554380
11.000000,105.500000,4392.643526
8.000000,106.000000,3780.457951
9.000000,106.000000,3986.510110
10.000000,106.000000,4197.851511
11.000000,106.000000,4414.482153
8.000000,106.500000,3800.792655
9.000000,106.500000,4007.394675
10.000000,106.500000,4219.285170
11.000000,106.500000,4436.464141
8.000000,107.000000,3821.181893
9.000000,107.000000,4028.333793
10.000000,107.000000,4240.773401
11.000000,107.000000,4458.500716
8.000000,107.500000,3841.661686
9.000000,107.500000,4049.206353
10.000000,107.500000,4262.029375
11.000000,107.500000,4480.130755
8.000000,108.000000,3862.196203
9.000000,108.000000,4070.132839
10.000000,108.000000,4283.338481
11.000000,108.000000,4501.813132
8.000000,108.500000,3882.840652
9.000000,108.500000,4091.189659
10.000000,108.500000,4304.799132
11.000000,108.500000,4523.669069
8.000000,109.000000,3903.540114
9.000000,109.000000,4112.300798
10.000000,109.000000,4326.313403
11.000000,109.000000,4545.577929
8.000000,109.500000,3924.575516
9.000000,109.500000,4133.727691
10.000000,109.500000,4348.121931
11.000000,109.500000,4567.758236
8.000000,110.000000,3945.667429
9.000000,110.000000,4155.210249
10.000000,110.000000,4369.985281
11.000000,110.000000,4589.992523
8.000000,110.500000,3966.476016
9.000000,110.500000,4176.564987
10.000000,110.500000,4391.885390
11.000000,110.500000,4612.437225
8.000000,111.000000,3987.339325
9.000000,111.000000,4197.974454
10.000000,111.000000,4413.840235
11.000000,111.000000,4634.936666
8.000000,111.500000,4008.337339
9.000000,111.500000,4219.534901
10.000000,111.500000,4435.962965
11.000000,111.500000,4657.621529
8.000000,112.000000,4029.390496
9.000000,112.000000,4241.150571
10.000000,112.000000,4458.140995
11.000000,112.000000,4680.361768
8.000000,112.500000,4050.646742
9.000000,112.500000,4262.965542
10.000000,112.500000,4480.513981
8.000000,113.000000,4071.958905
9.000000,113.000000,4284.836472
10.000000,113.000000,4502.942965
8.000000,113.500000,4093.505296
9.000000,113.500000,4306.982383
10.000000,113.500000,4525.689614
8.000000,114.000000,4115.108541
9.000000,114.000000,4329.185374
10.000000,114.000000,4548.493569
8.000000,114.500000,4136.942544
9.000000,114.500000,4351.632028
10.000000,114.500000,4571.554218
8.000000,115.000000,4158.834314
9.000000,115.000000,4374.136723
10.000000,115.000000,4594.673177
8.000000,115.500000,4180.960126
9.000000,115.500000,4396.888229
10.000000,115.500000,4618.052086
8.000000,116.000000,4203.144637
9.000000,116.000000,4419.698750
10.000000,116.000000,4641.490323
8.000000,116.500000,4225.585987
9.000000,116.500000,4442.761183
10.000000,116.500000,4665.174584
8.000000,117.000000,4248.087082
9.000000,117.000000,4465.883630
10.000000,117.000000,4688.919119
