weight_g,780.000000
thrust_N,velocity_m_s,power_W
13.000000,26.000000,14689.709729
14.000000,26.000000,15753.515611
15.000000,26.000000,16854.487471
13.000000,26.500000,14700.938188
14.000000,26.500000,15765.519338
15.000000,26.500000,16867.292484
13.000000,27.000000,14712.170875
14.000000,27.000000,15777.527584
15.000000,27.000000,16880.102313
13.000000,27.500000,14723.499204
14.000000,27.500000,15789.689910
15.000000,27.500000,16893.128447
13.000000,28.000000,14734.831832
14.000000,28.000000,15801.856870
15.000000,28.000000,16906.159559
13.000000,28.500000,14746.515104
14.000000,28.500000,15814.289491
15.000000,28.500000,16919.364610
13.000000,29.000000,14758.202950
14.000000,29.000000,15826.726950
15.000000,29.000000,16932.574771
13.000000,29.500000,14770.838896
14.000000,29.500000,15839.811558
15.000000,29.500000,16946.108002
13.000000,30.000000,14783.480211
14.000000,30.000000,15852.901532
15.000000,30.000000,16959.646597
13.000000,30.500000,14796.139181
14.000000,30.500000,15866.026253
15.000000,30.500000,16973.238164
12.000000,31.000000,13775.776631
13.000000,31.000000,14808.803529
14.000000,31.000000,15879.156363
15.000000,31.000000,16986.835131
12.000000,31.500000,13787.981540
13.000000,31.500000,14821.503504
14.000000,31.500000,15892.354648
15.000000,31.500000,17000.534972
12.000000,32.000000,13800.191816
13.000000,32.000000,14834.208881
14.000000,32.000000,15905.558373
15.000000,32.000000,17014.240291
12.000000,32.500000,13812.451546
13.000000,32.500000,14847.286674
14.000000,32.500000,15919.480251
15.000000,32.500000,17029.032277
12.000000,33.000000,13824.716681
13.000000,33.000000,14860.370188
14.000000,33.000000,15933.408174
15.000000,33.000000,17043.830641
12.000000,33.500000,13837.096346
13.000000,33.500000,14873.943241
14.000000,33.500000,15948.226896
15.000000,33.500000,17059.947311
12.000000,34.000000,13849.481512
13.000000,34.000000,14887.522445
14.000000,34.000000,15963.052453
15.000000,34.000000,17076.071537
12.000000,34.500000,13863.059138
13.000000,34.500000,14901.985115
14.000000,34.500000,15978.427569
15.000000,34.500000,17092.386500
12.000000,35.000000,13876.643357
13.000000,35.000000,14916.454746
14.000000,35.000000,15993.810025
15.000000,35.000000,17108.709193
12.000000,35.500000,13891.159224
13.000000,35.500000,14931.600136
14.000000,35.500000,16009.591872
15.000000,35.500000,17125.134433
12.000000,36.000000,13905.682603
13.000000,36.000000,14946.753140
14.000000,36.000000,16025.381436
15.000000,36.000000,17141.567493
12.000000,36.500000,13920.228671
13.000000,36.500000,14961.913205
14.000000,36.500000,16041.161290
15.000000,36.500000,17157.972927
12.000000,37.000000,13934.782268
13.000000,37.000000,14977.080884
14.000000,37.000000,16056.948845
15.000000,37.000000,17174.386150
12.000000,37.500000,13949.355770
13.000000,37.500000,14992.253179
14.000000,37.500000,16072.724612
15.000000,37.500000,17190.770071
12.000000,38.000000,13963.936815
13.000000,38.000000,15007.433086
14.000000,38.000000,16088.508063
15.000000,38.000000,17207.161747
12.000000,38.500000,13978.681335
13.000000,38.500000,15023.066640
14.000000,38.500000,16105.055455
15.000000,38.500000,17224.647780
12.000000,39.000000,13993.433561
13.000000,39.000000,15038.708265
14.000000,39.000000,16121.611291
15.000000,39.000000,17242.142637
12.000000,39.500000,14008.795631
13.000000,39.500000,15055.179236
14.000000,39.500000,16139.229931
15.000000,39.500000,17260.947716
12.000000,40.000000,14024.166062
13.000000,40.000000,15071.659161
14.000000,40.000000,16156.858139
15.000000,40.000000,17279.762996
12.000000,40.500000,14041.131632
13.000000,40.500000,15089.328011
14.000000,40.500000,16175.236090
15.000000,40.500000,17298.855868
12.000000,41.000000,14058.107408
13.000000,41.000000,15107.007163
14.000000,41.000000,16193.624440
15.000000,41.000000,17317.959237
12.000000,41.500000,14075.457129
13.000000,41.500000,15124.952496
14.000000,41.500000,16212.162621
12.000000,42.000000,14092.817503
13.000000,42.000000,15142.908435
14.000000,42.000000,16230.711362
12.000000,42.500000,14110.182978
13.000000,42.500000,15160.872130
14.000000,42.500000,16249.270720
12.000000,43.000000,14127.559101
13.000000,43.000000,15178.846429
14.000000,43.000000,16267.840636
12.000000,43.500000,14144.940796
13.000000,43.500000,15196.828981
14.000000,43.500000,16286.421693
12.000000,44.000000,14162.333131
13.000000,44.000000,15214.822134
14.000000,44.000000,16305.013310
12.000000,44.500000,14179.924304
13.000000,44.500000,15233.256732
14.000000,44.500000,16324.305567
12.000000,45.000000,14197.526349
13.000000,45.000000,15251.702444
14.000000,45.000000,16343.609184
12.000000,45.500000,14216.610009
13.000000,45.500000,15271.772814
14.000000,45.500000,16364.686691
12.000000,46.000000,14235.706448
13.000000,46.000000,15291.856338
14.000000,46.000000,16385.777735
12.000000,46.500000,14256.124466
13.000000,46.500000,15313.028246
14.000000,46.500000,16407.704181
12.000000,47.000000,14276.557079
13.000000,47.000000,15334.214759
14.000000,47.000000,16429.645240
12.000000,47.500000,14297.048365
13.000000,47.500000,15355.442011
14.000000,47.500000,16451.607727
11.000000,48.000000,13296.196055
12.000000,48.000000,14317.554310
13.000000,48.000000,15376.683904
14.000000,48.000000,16473.584835
11.000000,48.500000,13315.971608
12.000000,48.500000,14338.066535
13.000000,48.500000,15397.932083
14.000000,48.500000,16495.568252
11.000000,49.000000,13335.761826
12.000000,49.000000,14358.593407
13.000000,49.000000,15419.194891
14.000000,49.000000,16517.566279
11.000000,49.500000,13355.558701
12.000000,49.500000,14379.126839
13.000000,49.500000,15440.464170
14.000000,49.500000,16539.570694
11.000000,50.000000,13375.370229
12.000000,50.000000,14399.674906
13.000000,50.000000,15461.748066
14.000000,50.000000,16561.589707
11.000000,50.500000,13395.305616
12.000000,50.500000,14420.315578
13.000000,50.500000,15483.090746
14.000000,50.500000,16583.631119
11.000000,51.000000,13415.255818
12.000000,51.000000,14440.970996
13.000000,51.000000,15504.448102
14.000000,51.000000,16605.687137
11.000000,51.500000,13437.732682
12.000000,51.500000,14464.241910
13.000000,51.500000,15528.509518
14.000000,51.500000,16630.535505
11.000000,52.000000,13460.228327
12.000000,52.000000,14487.531526
13.000000,52.000000,15552.589554
14.000000,52.000000,16655.402414
11.000000,52.500000,13483.282941
12.000000,52.500000,14511.260856
13.000000,52.500000,15576.979975
14.000000,52.500000,16680.440297
11.000000,53.000000,13506.357252
12.000000,53.000000,14535.009573
13.000000,53.000000,15601.389472
14.000000,53.000000,16705.496949
11.000000,53.500000,13529.402023
12.000000,53.500000,14558.653158
13.000000,53.500000,15625.612964
14.000000,53.500000,16730.281441
11.000000,54.000000,13552.466408
12.000000,54.000000,14582.315926
13.000000,54.000000,15649.855213
14.000000,54.000000,16755.084268
11.000000,54.500000,13575.517898
12.000000,54.500000,14605.963661
13.000000,54.500000,15674.080258
14.000000,54.500000,16779.867688
11.000000,55.000000,13598.588947
12.000000,55.000000,14629.630523
13.000000,55.000000,15698.324003
14.000000,55.000000,16804.669388
11.000000,55.500000,13621.648128
12.000000,55.500000,14653.286126
13.000000,55.500000,15722.557261
14.000000,55.500000,16829.461534
11.000000,56.000000,13644.726814
12.000000,56.000000,14676.960807
13.000000,56.000000,15746.809175
14.000000,56.000000,16854.271918
11.000000,56.500000,13668.842181
12.000000,56.500000,14701.456647
13.000000,56.500000,15771.648656
14.000000,56.500000,16879.418209
11.000000,57.000000,13692.978809
12.000000,57.000000,14725.972878
13.000000,57.000000,15796.507677
14.000000,57.000000,16904.583208
11.000000,57.500000,13719.140897
12.000000,57.500000,14752.537977
13.000000,57.500000,15823.435512
11.000000,58.000000,13745.327921
12.000000,58.000000,14779.126984
13.000000,58.000000,15850.386248
11.000000,58.500000,13771.889528
12.000000,58.500000,14806.334312
13.000000,58.500000,15878.215585
11.000000,59.000000,13798.476741
12.000000,59.000000,14833.566630
13.000000,59.000000,15906.069303
11.000000,59.500000,13825.046087
12.000000,59.500000,14860.781940
13.000000,59.500000,15933.907095
11.000000,60.000000,13851.640954
12.000000,60.000000,14888.022163
13.000000,60.000000,15961.769198
11.000000,60.500000,13878.218329
12.000000,60.500000,14915.245748
13.000000,60.500000,15989.615736
11.000000,61.000000,13904.821144
12.000000,61.000000,14942.494168
13.000000,61.000000,16017.486514
11.000000,61.500000,13931.406835
12.000000,61.500000,14969.726312
13.000000,61.500000,16045.342079
11.000000,62.000000,13958.017884
12.000000,62.000000,14996.983218
13.000000,62.000000,16073.221815
11.000000,62.500000,13986.795308
12.000000,62.500000,15025.842501
13.000000,62.500000,16102.094687
11.000000,63.000000,14015.602342
12.000000,63.000000,15054.729500
13.000000,63.000000,16130.993443
11.000000,63.500000,14045.462351
12.000000,63.500000,15084.675640
13.000000,63.500000,16160.955483
11.000000,64.000000,14075.354113
12.000000,64.000000,15114.651511
13.000000,64.000000,16190.945298
11.000000,64.500000,14105.926300
12.000000,64.500000,15146.028329
13.000000,64.500000,16223.105466
10.000000,65.000000,13132.579436
11.000000,65.000000,14136.531630
12.000000,65.000000,15177.437656
13.000000,65.000000,16255.297514
10.000000,65.500000,13162.358829
11.000000,65.500000,14167.130138
12.000000,65.500000,15208.833703
13.000000,65.500000,16287.469525
10.000000,66.000000,13192.171928
11.000000,66.000000,14197.761702
12.000000,66.000000,15240.262163
13.000000,66.000000,16319.673312
10.000000,66.500000,13221.983463
11.000000,66.500000,14228.385479
12.000000,66.500000,15271.676313
13.000000,66.500000,16351.855964
10.000000,67.000000,13251.828623
11.000000,67.000000,14259.042225
12.000000,67.000000,15303.122780
13.000000,67.000000,16384.070288
10.000000,67.500000,13281.926980
11.000000,67.500000,14289.876677
12.000000,67.500000,15334.665496
13.000000,67.500000,16416.293440
10.000000,68.000000,13312.059460
11.000000,68.000000,14320.744409
12.000000,68.000000,15366.240662
13.000000,68.000000,16448.548218
10.000000,68.500000,13345.512237
11.000000,68.500000,14354.171396
12.000000,68.500000,15399.550798
13.000000,68.500000,16481.650443
10.000000,69.000000,13379.006983
11.000000,69.000000,14387.637334
12.000000,69.000000,15432.896978
13.000000,69.000000,16514.785915
10.000000,69.500000,13412.621286
11.000000,69.500000,14421.274804
12.000000,69.500000,15466.470493
13.000000,69.500000,16548.208354
10.000000,70.000000,13446.277752
11.000000,70.000000,14454.951533
12.000000,70.000000,15500.080466
13.000000,70.000000,16581.664551
10.000000,70.500000,13480.147594
11.000000,70.500000,14489.578315
12.000000,70.500000,15535.429321
13.000000,70.500000,16617.700613
10.000000,71.000000,13514.060029
11.000000,71.000000,14524.246508
12.000000,71.000000,15570.818421
13.000000,71.000000,16653.775770
10.000000,71.500000,13548.011431
11.000000,71.500000,14559.048576
12.000000,71.500000,15606.443133
13.000000,71.500000,16690.195101
10.000000,72.000000,13582.005417
11.000000,72.000000,14593.892277
12.000000,72.000000,15642.108535
13.000000,72.000000,16726.654191
10.000000,72.500000,13616.006013
11.000000,72.500000,14628.735413
12.000000,72.500000,15677.765861
13.000000,72.500000,16763.097358
10.000000,73.000000,13650.049103
11.000000,73.000000,14663.620079
12.000000,73.000000,15713.463766
13.000000,73.000000,16799.580162
10.000000,73.500000,13685.313596
11.000000,73.500000,14699.339019
12.000000,73.500000,15749.578639
10.000000,74.000000,13720.623575
11.000000,74.000000,14735.101397
12.000000,74.000000,15785.734951
10.000000,74.500000,13757.647003
11.000000,74.500000,14772.149359
12.000000,74.500000,15822.714973
10.000000,75.000000,13794.720309
11.000000,75.000000,14809.243827
12.000000,75.000000,15859.738245
10.000000,75.500000,13832.284285
11.000000,75.500000,14846.859061
12.000000,75.500000,15897.313717
10.000000,76.000000,13869.899330
11.000000,76.000000,14884.521995
12.000000,76.000000,15934.933634
10.000000,76.500000,13907.776689
11.000000,76.500000,14922.913145
12.000000,76.500000,15973.779768
10.000000,77.000000,13945.705691
11.000000,77.000000,14961.353732
12.000000,77.000000,16012.673181
10.000000,77.500000,13983.968545
11.000000,77.500000,15000.592719
12.000000,77.500000,16052.861111
10.000000,78.000000,14022.283811
11.000000,78.000000,15039.883087
12.000000,78.000000,16093.099398
10.000000,78.500000,14060.635167
11.000000,78.500000,15079.201972
12.000000,78.500000,16133.358230
10.000000,79.000000,14099.038891
11.000000,79.000000,15118.572177
12.000000,79.000000,16173.667343
10.000000,79.500000,14138.875617
11.000000,79.500000,15158.854878
12.000000,79.500000,16214.329459
10.000000,80.000000,14178.768539
11.000000,80.000000,15199.191166
12.000000,80.000000,16255.042613
10.000000,80.500000,14219.352139
11.000000,80.500000,15239.987074
12.000000,80.500000,16295.967264
10.000000,81.000000,14259.993733
11.000000,81.000000,15280.837651
12.000000,81.000000,16336.943356
10.000000,81.500000,14301.329393
11.000000,81.500000,15322.341126
12.000000,81.500000,16378.527181
10.000000,82.000000,14342.724874
11.000000,82.000000,15363.900880
12.000000,82.000000,16420.163852
10.000000,82.500000,14384.194064
11.000000,82.500000,15405.620827
12.000000,82.500000,16462.053349
9.000000,83.000000,13438.973537
10.000000,83.000000,14425.723114
11.000000,83.000000,15447.397335
12.000000,83.000000,16503.996200
9.000000,83.500000,13480.263325
10.000000,83.500000,14468.246892
11.000000,83.500000,15491.137213
12.000000,83.500000,16548.934288
9.000000,84.000000,13521.616443
10.000000,84.000000,14510.833250
11.000000,84.000000,15534.938924
12.000000,84.000000,16593.933464
9.000000,84.500000,13563.183049
10.000000,84.500000,14553.594390
11.000000,84.500000,15578.873716
12.000000,84.500000,16639.021027
9.000000,85.000000,13604.813445
10.000000,85.000000,14596.418440
11.000000,85.000000,15622.870542
12.000000,85.000000,16684.169751
9.000000,85.500000,13647.613959
10.000000,85.500000,14640.093071
11.000000,85.500000,15667.373728
12.000000,85.500000,16729.455930
9.000000,86.000000,13690.481690
10.000000,86.000000,14683.832941
11.000000,86.000000,15711.940203
12.000000,86.000000,16774.803477
9.000000,86.500000,13734.348208
10.000000,86.500000,14728.279533
11.000000,86.500000,15756.899190
12.000000,86.500000,16820.207178
9.000000,87.000000,13778.284888
10.000000,87.000000,14772.793286
11.000000,87.000000,15801.922401
12.000000,87.000000,16865.672232
9.000000,87.500000,13822.907228
10.000000,87.500000,14817.841179
11.000000,87.500000,15847.316683
12.000000,87.500000,16911.333742
9.000000,88.000000,13867.601704
10.000000,88.000000,14862.957645
11.000000,88.000000,15892.776066
12.000000,88.000000,16957.056969
9.000000,88.500000,13912.281263
10.000000,88.500000,14907.992982
11.000000,88.500000,15938.084146
9.000000,89.000000,13957.032677
10.000000,89.000000,14953.096439
11.000000,89.000000,15983.456709
9.000000,89.500000,14002.156672
10.000000,89.500000,14999.420259
11.000000,89.500000,16030.954444
9.000000,90.000000,14047.353488
10.000000,90.000000,15045.815716
11.000000,90.000000,16078.522642
9.000000,90.500000,14092.937277
10.000000,90.500000,15092.708670
11.000000,90.500000,16126.705624
9.000000,91.000000,14138.594901
10.000000,91.000000,15139.674582
11.000000,91.000000,16174.960688
9.000000,91.500000,14184.457292
10.000000,91.500000,15186.759643
11.000000,91.500000,16223.243277
9.000000,92.000000,14230.393942
10.000000,92.000000,15233.917804
11.000000,92.000000,16271.597816
9.000000,92.500000,14278.042140
10.000000,92.500000,15282.227038
11.000000,92.500000,16320.501519
9.000000,93.000000,14325.769976
10.000000,93.000000,15330.612748
11.000000,93.000000,16369.478598
9.000000,93.500000,14373.847701
10.000000,93.500000,15379.212100
11.000000,93.500000,16418.523632
9.000000,94.000000,14422.005967
10.000000,94.000000,15427.888361
11.000000,94.000000,16467.642025
9.000000,94.500000,14469.755309
10.000000,94.500000,15476.288798
11.000000,94.500000,16516.627955
9.000000,95.000000,14517.583566
10.000000,95.000000,15524.765036
11.000000,95.000000,16565.686630
9.000000,95.500000,14565.430071
10.000000,95.500000,15573.584902
11.000000,95.500000,16615.436256
9.000000,96.000000,14613.355293
10.000000,96.000000,15622.481408
11.000000,96.000000,16665.260472
9.000000,96.500000,14661.740163
10.000000,96.500000,15672.169107
11.000000,96.500000,16716.228636
9.000000,97.000000,14710.205001
10.000000,97.000000,15721.935698
11.000000,97.000000,16767.274621
9.000000,97.500000,14758.952260
10.000000,97.500000,15771.813888
11.000000,97.500000,16818.249863
9.000000,98.000000,14807.780155
10.000000,98.000000,15821.771074
11.000000,98.000000,16869.302473
9.000000,98.500000,14858.071877
10.000000,98.500000,15873.029012
11.000000,98.500000,16921.479328
9.000000,99.000000,14908.448858
10.000000,99.000000,15924.369846
11.000000,99.000000,16973.736749
9.000000,99.500000,14958.799883
10.000000,99.500000,15975.758167
11.000000,99.500000,17026.120275
9.000000,100.000000,15009.235791
10.000000,100.000000,16027.229271
11.000000,100.000000,17078.584507
9.000000,100.500000,15060.091506
10.000000,100.500000,16079.005953
11.000000,100.500000,17131.232121
8.000000,101.000000,14124.462054
9.000000,101.000000,15111.033232
10.000000,101.000000,16130.866133
11.000000,101.000000,17183.960757
8.000000,101.500000,14174.931654
9.000000,101.500000,15162.370773
10.000000,101.500000,16183.014184
11.000000,101.500000,17236.861885
8.000000,102.000000,14225.491262
9.000000,102.000000,15213.795372
10.000000,102.000000,16235.246390
11.000000,102.000000,17289.844316
8.000000,102.500000,14276.308973
9.000000,102.500000,15265.808891
10.000000,102.500000,16288.420026
11.000000,102.500000,17344.142377
8.000000,103.000000,14327.217291
9.000000,103.000000,15317.911171
10.000000,103.000000,16341.680596
11.000000,103.000000,17398.525565
8.000000,103.500000,14378.596773
9.000000,103.500000,15370.299870
10.000000,103.500000,16395.029929
11.000000,103.500000,17452.786952
8.000000,104.000000,14430.068218
9.000000,104.000000,15422.778002
10.000000,104.000000,16448.466203
11.000000,104.000000,17507.132821
8.000000,104.500000,14482.077104
9.000000,104.500000,15475.909218
10.000000,104.500000,16502.677933
8.000000,105.000000,14534.179545
9.000000,105.000000,15529.131795
10.000000,105.000000,16556.978853
8.000000,105.500000,14586.338425
9.000000,105.500000,15582.762465
10.000000,105.500000,16612.062657
8.000000,106.000000,14638.590727
9.000000,106.000000,15636.485583
10.000000,106.000000,16667.237938
8.000000,106.500000,14692.055678
9.000000,106.500000,15691.110051
10.000000,106.500000,16722.980800
8.000000,107.000000,14745.618087
9.000000,107.000000,15745.829766
10.000000,107.000000,16778.816720
8.000000,107.500000,14799.852338
9.000000,107.500000,15801.069530
10.000000,107.500000,16835.010075
8.000000,108.000000,14854.186143
9.000000,108.000000,15856.406021
10.000000,108.000000,16891.297369
8.000000,108.500000,14908.323610
9.000000,108.500000,15911.730694
10.000000,108.500000,16947.770090
8.000000,109.000000,14962.559553
9.000000,109.000000,15967.151716
10.000000,109.000000,17004.337057
8.000000,109.500000,15016.370270
9.000000,109.500000,16022.318331
10.000000,109.500000,17060.832618
8.000000,110.000000,15070.277575
9.000000,110.000000,16077.580083
10.000000,110.000000,17117.421874
