weight_g,230.000000
thrust_N,velocity_m_s,power_W
15.000000,0.000000,4585.746555
16.000000,0.000000,4890.461292
17.000000,0.000000,5204.938266
18.000000,0.000000,5529.177475
19.000000,0.000000,5863.178921
20.000000,0.000000,6174.787761
21.000000,0.000000,6493.489288
22.000000,0.000000,6820.168693
15.000000,0.500000,4590.006503
16.000000,0.500000,4895.136008
17.000000,0.500000,5210.045264
18.000000,0.500000,5534.734272
19.000000,0.500000,5868.559752
20.000000,0.500000,6180.010931
21.000000,0.500000,6499.005424
22.000000,0.500000,6825.986027
15.000000,1.000000,4594.268271
16.000000,1.000000,4899.812796
17.000000,1.000000,5215.154603
18.000000,1.000000,5540.293693
19.000000,1.000000,5873.942863
20.000000,1.000000,6185.236122
21.000000,1.000000,6504.523727
22.000000,1.000000,6831.805677
15.000000,1.500000,4598.544860
16.000000,1.500000,4904.503817
17.000000,1.500000,5220.277516
18.000000,1.500000,5545.865958
19.000000,1.500000,5878.886386
20.000000,1.500000,6190.469481
21.000000,1.500000,6510.055381
22.000000,1.500000,6837.644087
15.000000,2.000000,4602.823285
16.000000,2.000000,4909.196926
17.000000,2.000000,5225.402784
18.000000,2.000000,5551.440860
19.000000,2.000000,5883.831795
20.000000,2.000000,6195.704870
21.000000,2.000000,6515.589215
22.000000,2.000000,6843.484829
15.000000,2.500000,4607.116296
16.000000,2.500000,4913.904061
17.000000,2.500000,5230.541449
18.000000,2.500000,5557.028461
19.000000,2.500000,5888.781489
20.000000,2.500000,6200.949488
21.000000,2.500000,6521.137442
22.000000,2.500000,6849.345353
15.000000,3.000000,4611.411160
16.000000,3.000000,4918.613299
17.000000,3.000000,5235.682484
18.000000,3.000000,5562.618713
19.000000,3.000000,5893.733077
20.000000,3.000000,6206.196146
21.000000,3.000000,6526.687862
22.000000,3.000000,6855.208225
15.000000,3.500000,4615.720389
16.000000,3.500000,4923.336370
17.000000,3.500000,5240.836750
18.000000,3.500000,5568.221530
19.000000,3.500000,5898.689996
20.000000,3.500000,6211.453067
21.000000,3.500000,6532.253697
22.000000,3.500000,6861.091886
15.000000,4.000000,4620.031488
16.000000,4.000000,4928.061560
17.000000,4.000000,5245.993402
18.000000,4.000000,5573.827013
19.000000,4.000000,5903.648816
20.000000,4.000000,6216.712038
21.000000,4.000000,6537.821737
22.000000,4.000000,6866.977913
15.000000,4.500000,4624.370219
16.000000,4.500000,4932.810542
17.000000,4.500000,5251.169711
18.000000,4.500000,5579.447725
19.000000,4.500000,5908.613982
20.000000,4.500000,6221.982281
21.000000,4.500000,6543.406196
22.000000,4.500000,6872.885726
15.000000,5.000000,4628.710845
16.000000,5.000000,4937.561667
17.000000,5.000000,5256.348424
18.000000,5.000000,5585.071119
19.000000,5.000000,5913.581058
20.000000,5.000000,6227.254586
21.000000,5.000000,6548.992874
22.000000,5.000000,6878.795921
15.000000,5.500000,4633.419058
16.000000,5.500000,4942.650279
17.000000,5.500000,5261.831883
18.000000,5.500000,5590.963871
19.000000,5.500000,5918.728803
20.000000,5.500000,6232.665430
21.000000,5.500000,6554.673611
22.000000,5.500000,6884.753346
15.000000,6.000000,4638.129507
16.000000,6.000000,4947.741353
17.000000,6.000000,5267.318039
18.000000,6.000000,5596.859567
19.000000,6.000000,5923.878603
20.000000,6.000000,6238.078448
21.000000,6.000000,6560.356644
22.000000,6.000000,6890.713192
15.000000,6.500000,4642.930735
16.000000,6.500000,4953.012964
17.000000,6.500000,5273.079956
18.000000,6.500000,5603.131710
19.000000,6.500000,5929.395114
20.000000,6.500000,6243.885105
21.000000,6.500000,6566.461178
22.000000,6.500000,6897.123335
15.000000,7.000000,4647.734287
16.000000,7.000000,4958.287217
17.000000,7.000000,5278.844850
18.000000,7.000000,5609.407187
19.000000,7.000000,5934.913989
20.000000,7.000000,6249.694273
21.000000,7.000000,6572.568374
22.000000,7.000000,6903.536293
15.000000,7.500000,4652.573408
16.000000,7.500000,4963.599641
17.000000,7.500000,5284.650615
18.000000,7.500000,5615.726330
19.000000,7.500000,5940.461752
20.000000,7.500000,6255.558342
21.000000,7.500000,6578.757767
22.000000,7.500000,6910.060025
15.000000,8.000000,4657.414885
16.000000,8.000000,4968.914742
17.000000,8.000000,5290.459397
18.000000,8.000000,5622.048851
19.000000,8.000000,5946.011905
20.000000,8.000000,6261.424973
21.000000,8.000000,6584.949896
22.000000,8.000000,6916.586674
15.000000,8.500000,4662.292218
16.000000,8.500000,4974.268319
17.000000,8.500000,5296.309372
18.000000,8.500000,5628.415378
19.000000,8.500000,5951.582470
20.000000,8.500000,6267.313565
21.000000,8.500000,6591.165588
22.000000,8.500000,6923.138537
15.000000,9.000000,4667.171941
16.000000,9.000000,4979.624609
17.000000,9.000000,5302.162405
18.000000,9.000000,5634.785328
19.000000,9.000000,5957.155443
20.000000,9.000000,6273.204738
21.000000,9.000000,6597.384036
22.000000,9.000000,6929.693338
15.000000,9.500000,4672.128396
16.000000,9.500000,4985.049097
17.000000,9.500000,5308.074402
18.000000,9.500000,5641.204312
19.000000,9.500000,5962.749038
20.000000,9.500000,6279.118092
21.000000,9.500000,6603.626276
22.000000,9.500000,6936.273591
15.000000,10.000000,4677.087317
16.000000,10.000000,4990.476367
17.000000,10.000000,5313.989518
18.000000,10.000000,5647.626769
19.000000,10.000000,5968.345060
20.000000,10.000000,6285.034046
21.000000,10.000000,6609.871294
22.000000,10.000000,6942.856805
15.000000,10.500000,4682.413332
16.000000,10.500000,4996.179657
17.000000,10.500000,5320.083024
18.000000,10.500000,5654.123434
19.000000,10.500000,5973.961915
20.000000,10.500000,6290.972402
21.000000,10.500000,6616.140334
22.000000,10.500000,6949.465711
15.000000,11.000000,4687.742206
16.000000,11.000000,5001.886028
17.000000,11.000000,5326.179843
18.000000,11.000000,5660.623650
19.000000,11.000000,5979.581214
20.000000,11.000000,6296.913377
21.000000,11.000000,6622.412173
22.000000,11.000000,6956.077601
15.000000,11.500000,4693.134332
16.000000,11.500000,5007.683515
17.000000,11.500000,5332.397448
18.000000,11.500000,5667.276130
19.000000,11.500000,5985.401850
20.000000,11.500000,6303.001508
21.000000,11.500000,6628.773746
22.000000,11.500000,6962.718564
14.000000,12.000000,4393.754102
15.000000,12.000000,4698.529396
16.000000,12.000000,5013.484206
17.000000,12.000000,5338.618534
18.000000,12.000000,5673.932378
19.000000,12.000000,5991.225162
20.000000,12.000000,6309.092424
21.000000,12.000000,6635.138216
22.000000,12.000000,6969.362536
14.000000,12.500000,4398.783146
15.000000,12.500000,4703.959739
16.000000,12.500000,5019.331305
17.000000,12.500000,5344.897843
18.000000,12.500000,5680.659354
19.000000,12.500000,5997.262537
20.000000,12.500000,6315.557195
21.000000,12.500000,6642.043936
14.000000,13.000000,4403.814900
15.000000,13.000000,4709.393063
16.000000,13.000000,5025.181665
17.000000,13.000000,5351.180708
18.000000,13.000000,5687.390191
19.000000,13.000000,6003.302798
20.000000,13.000000,6322.025102
21.000000,13.000000,6648.953054
14.000000,13.500000,4408.871904
15.000000,13.500000,4714.853491
16.000000,13.500000,5031.061050
17.000000,13.500000,5357.494582
18.000000,13.500000,5694.154087
19.000000,13.500000,6009.445684
20.000000,13.500000,6328.676803
21.000000,13.500000,6656.131058
14.000000,14.000000,4413.931644
15.000000,14.000000,4720.316927
16.000000,14.000000,5036.943728
17.000000,14.000000,5363.812045
18.000000,14.000000,5700.921878
19.000000,14.000000,6015.591547
20.000000,14.000000,6335.331812
21.000000,14.000000,6663.312719
14.000000,14.500000,4419.085744
15.000000,14.500000,4725.861349
16.000000,14.500000,5042.892845
17.000000,14.500000,5370.180230
18.000000,14.500000,5707.723505
19.000000,14.500000,6021.783558
20.000000,14.500000,6342.037790
21.000000,14.500000,6670.550354
14.000000,15.000000,4424.242703
15.000000,15.000000,4731.408884
16.000000,15.000000,5048.845338
17.000000,15.000000,5376.552065
18.000000,15.000000,5714.529065
19.000000,15.000000,6027.978588
20.000000,15.000000,6348.747122
21.000000,15.000000,6677.791697
14.000000,15.500000,4429.648622
15.000000,15.500000,4737.156357
16.000000,15.500000,5054.944725
17.000000,15.500000,5383.013727
18.000000,15.500000,5720.747958
19.000000,15.500000,6034.220525
20.000000,15.500000,6355.508261
21.000000,15.500000,6685.089937
14.000000,16.000000,4435.057739
15.000000,16.000000,4742.907212
16.000000,16.000000,5061.047683
17.000000,16.000000,5389.479152
18.000000,16.000000,5726.970097
19.000000,16.000000,6040.465522
20.000000,16.000000,6362.272802
21.000000,16.000000,6692.391937
14.000000,16.500000,4440.504040
15.000000,16.500000,4748.731848
16.000000,16.500000,5067.263332
17.000000,16.500000,5396.098490
18.000000,16.500000,5732.905922
19.000000,16.500000,6046.869719
20.000000,16.500000,6369.161275
21.000000,16.500000,6699.780592
14.000000,17.000000,4445.953582
15.000000,17.000000,4754.559951
16.000000,17.000000,5073.482681
17.000000,17.000000,5402.721772
18.000000,17.000000,5738.844670
19.000000,17.000000,6053.277132
20.000000,17.000000,6376.053273
21.000000,17.000000,6707.173093
14.000000,17.500000,4451.471856
15.000000,17.500000,4760.590353
16.000000,17.500000,5080.046470
17.000000,17.500000,5409.840208
18.000000,17.500000,5745.307985
19.000000,17.500000,6060.086595
20.000000,17.500000,6383.217729
21.000000,17.500000,6714.701385
14.000000,18.000000,4456.993448
15.000000,18.000000,4766.624462
16.000000,18.000000,5086.614377
17.000000,18.000000,5416.963193
18.000000,18.000000,5751.774756
19.000000,18.000000,6066.899687
20.000000,18.000000,6390.385987
21.000000,18.000000,6722.233659
14.000000,18.500000,4462.551622
15.000000,18.500000,4772.706082
16.000000,18.500000,5093.241366
17.000000,18.500000,5424.157474
18.000000,18.500000,5758.304333
19.000000,18.500000,6073.824598
20.000000,18.500000,6397.717723
21.000000,18.500000,6729.983709
14.000000,19.000000,4468.113155
15.000000,19.000000,4778.791462
16.000000,19.000000,5099.872541
17.000000,19.000000,5431.356390
18.000000,19.000000,5764.837433
19.000000,19.000000,6080.753269
20.000000,19.000000,6405.053464
21.000000,19.000000,6737.738017
14.000000,19.500000,4473.917690
15.000000,19.500000,4785.067004
16.000000,19.500000,5106.637023
17.000000,19.500000,5438.627747
18.000000,19.500000,5771.396522
19.000000,19.500000,6087.743955
20.000000,19.500000,6412.489164
21.000000,19.500000,6745.632152
14.000000,20.000000,4479.725884
15.000000,20.000000,4791.346544
16.000000,20.000000,5113.405859
17.000000,20.000000,5445.903829
18.000000,20.000000,5777.959164
19.000000,20.000000,6094.738475
20.000000,20.000000,6419.928993
21.000000,20.000000,6753.530719
14.000000,20.500000,4485.929956
15.000000,20.500000,4797.927118
16.000000,20.500000,5120.373855
17.000000,20.500000,5453.270168
18.000000,20.500000,5784.543755
19.000000,20.500000,6101.760363
20.000000,20.500000,6427.401845
21.000000,20.500000,6761.468200
14.000000,21.000000,4492.138189
15.000000,21.000000,4804.512072
16.000000,21.000000,5127.346457
17.000000,21.000000,5460.641344
18.000000,21.000000,5791.131922
19.000000,21.000000,6108.786115
20.000000,21.000000,6434.878859
21.000000,21.000000,6769.410153
14.000000,21.500000,4498.377170
15.000000,21.500000,4811.120650
16.000000,21.500000,5134.335028
17.000000,21.500000,5468.020303
18.000000,21.500000,5797.743022
19.000000,21.500000,6115.840275
20.000000,21.500000,6442.389994
21.000000,21.500000,6777.392179
14.000000,22.000000,4504.620348
15.000000,22.000000,4817.733636
16.000000,22.000000,5141.328222
17.000000,22.000000,5475.404106
18.000000,22.000000,5804.357723
19.000000,22.000000,6122.898328
20.000000,22.000000,6449.905325
21.000000,22.000000,6785.378717
14.000000,22.500000,4510.991289
15.000000,22.500000,4824.657780
16.000000,22.500000,5148.827606
17.000000,22.500000,5483.500766
18.000000,22.500000,5811.559287
19.000000,22.500000,6130.382597
20.000000,22.500000,6457.677172
21.000000,22.500000,6793.443011
14.000000,23.000000,4517.366594
15.000000,23.000000,4831.586745
16.000000,23.000000,5156.332288
17.000000,23.000000,5491.603225
18.000000,23.000000,5818.765091
19.000000,23.000000,6137.871225
20.000000,23.000000,6465.453494
21.000000,23.000000,6801.511899
14.000000,23.500000,4523.814540
15.000000,23.500000,4838.651408
16.000000,23.500000,5164.039696
17.000000,23.500000,5499.979405
18.000000,23.500000,5826.166489
19.000000,23.500000,6145.500610
20.000000,23.500000,6473.312604
21.000000,23.500000,6809.602471
14.000000,24.000000,4530.266948
15.000000,24.000000,4845.721078
16.000000,24.000000,5171.752687
17.000000,24.000000,5508.361776
18.000000,24.000000,5833.572362
19.000000,24.000000,6153.134516
20.000000,24.000000,6481.176281
21.000000,24.000000,6817.697657
14.000000,24.500000,4537.160718
15.000000,24.500000,4853.135491
16.000000,24.500000,5179.706597
17.000000,24.500000,5516.874035
18.000000,24.500000,5841.091256
19.000000,24.500000,6161.029714
20.000000,24.500000,6489.457150
21.000000,24.500000,6826.373563
14.000000,25.000000,4544.059548
15.000000,25.000000,4860.555384
16.000000,25.000000,5187.666423
17.000000,25.000000,5525.392663
18.000000,25.000000,5848.614758
19.000000,25.000000,6168.929751
20.000000,25.000000,6497.743092
21.000000,25.000000,6835.054782
14.000000,25.500000,4551.229312
15.000000,25.500000,4868.190509
16.000000,25.500000,5195.781491
17.000000,25.500000,5534.002258
18.000000,25.500000,5856.233473
19.000000,25.500000,6177.002392
20.000000,25.500000,6506.282970
14.000000,26.000000,4558.404538
15.000000,26.000000,4875.831430
16.000000,26.000000,5203.902699
17.000000,26.000000,5542.618344
18.000000,26.000000,5863.856907
19.000000,26.000000,6185.080083
20.000000,26.000000,6514.828239
14.000000,26.500000,4565.633007
15.000000,26.500000,4883.529140
16.000000,26.500000,5212.084352
17.000000,26.500000,5551.298646
18.000000,26.500000,5871.530081
19.000000,26.500000,6193.205948
20.000000,26.500000,6523.419984
14.000000,27.000000,4572.867008
15.000000,27.000000,4891.232718
16.000000,27.000000,5220.272222
17.000000,27.000000,5559.985520
18.000000,27.000000,5879.208029
19.000000,27.000000,6201.336917
20.000000,27.000000,6532.017173
14.000000,27.500000,4580.152814
15.000000,27.500000,4899.002096
16.000000,27.500000,5228.540767
17.000000,27.500000,5568.768827
18.000000,27.500000,5886.989316
19.000000,27.500000,6209.551266
20.000000,27.500000,6540.676518
13.000000,28.000000,4278.816002
14.000000,28.000000,4587.444224
15.000000,28.000000,4906.777441
16.000000,28.000000,5236.815653
17.000000,28.000000,5577.558862
18.000000,28.000000,5894.775522
19.000000,28.000000,6217.770832
20.000000,28.000000,6549.341387
13.000000,28.500000,4285.685119
14.000000,28.500000,4594.828676
15.000000,28.500000,4914.696143
16.000000,28.500000,5245.287521
17.000000,28.500000,5586.602810
18.000000,28.500000,5902.819531
19.000000,28.500000,6226.172098
20.000000,28.500000,6558.107262
13.000000,29.000000,4292.559545
14.000000,29.000000,4602.218878
15.000000,29.000000,4922.621053
16.000000,29.000000,5253.766070
17.000000,29.000000,5595.653930
18.000000,29.000000,5910.868838
19.000000,29.000000,6234.578844
20.000000,29.000000,6566.878800
13.000000,29.500000,4299.773518
14.000000,29.500000,4609.877677
15.000000,29.500000,4930.737386
16.000000,29.500000,5262.352643
17.000000,29.500000,5603.407799
18.000000,29.500000,5918.918608
19.000000,29.500000,6242.978871
20.000000,29.500000,6575.636047
13.000000,30.000000,4306.993462
14.000000,30.000000,4617.542744
15.000000,30.000000,4938.860288
16.000000,30.000000,5270.946094
17.000000,30.000000,5611.166861
18.000000,30.000000,5926.973672
19.000000,30.000000,6251.384362
20.000000,30.000000,6584.398930
13.000000,30.500000,4314.325663
14.000000,30.500000,4625.296675
15.000000,30.500000,4947.046725
16.000000,30.500000,5279.575815
17.000000,30.500000,5618.894854
18.000000,30.500000,5935.112217
19.000000,30.500000,6259.944170
20.000000,30.500000,6593.390716
13.000000,31.000000,4321.664025
14.000000,31.000000,4633.057018
15.000000,31.000000,4955.239831
16.000000,31.000000,5288.212464
17.000000,31.000000,5626.627994
18.000000,31.000000,5943.256175
19.000000,31.000000,6268.509667
20.000000,31.000000,6602.388472
13.000000,31.500000,4329.025259
14.000000,31.500000,4640.836541
15.000000,31.500000,4963.448121
16.000000,31.500000,5296.859999
17.000000,31.500000,5634.387895
18.000000,31.500000,5951.474916
19.000000,31.500000,6277.200569
20.000000,31.500000,6611.564854
13.000000,32.000000,4336.392680
14.000000,32.000000,4648.622497
15.000000,32.000000,4971.663093
16.000000,32.000000,5305.514467
17.000000,32.000000,5642.152977
18.000000,32.000000,5959.699174
19.000000,32.000000,6285.897334
20.000000,32.000000,6620.747458
13.000000,32.500000,4343.782470
14.000000,32.500000,4656.452981
15.000000,32.500000,4979.946209
16.000000,32.500000,5314.262154
17.000000,32.500000,5650.029881
18.000000,32.500000,5968.015739
19.000000,32.500000,6294.665659
20.000000,32.500000,6629.979642
13.000000,33.000000,4351.178474
14.000000,33.000000,4664.289960
15.000000,33.000000,4988.236107
16.000000,33.000000,5323.016914
17.000000,33.000000,5657.912115
18.000000,33.000000,5976.337942
19.000000,33.000000,6303.439940
20.000000,33.000000,6639.218107
13.000000,33.500000,4358.671483
14.000000,33.500000,4672.322705
15.000000,33.500000,4996.827188
16.000000,33.500000,5332.184932
17.000000,33.500000,5666.280076
18.000000,33.500000,5985.020018
19.000000,33.500000,6312.440542
20.000000,33.500000,6648.541647
13.000000,34.000000,4366.170861
14.000000,34.000000,4680.362274
15.000000,34.000000,5005.425563
16.000000,34.000000,5341.360730
17.000000,34.000000,5674.654088
18.000000,34.000000,5993.708258
19.000000,34.000000,6321.447423
20.000000,34.000000,6657.871582
13.000000,34.500000,4374.595050
14.000000,34.500000,4689.139203
15.000000,34.500000,5014.559279
16.000000,34.500000,5350.855277
17.000000,34.500000,5683.182937
18.000000,34.500000,6002.510885
19.000000,34.500000,6330.525773
20.000000,34.500000,6667.227600
13.000000,35.000000,4383.027214
14.000000,35.000000,4697.924222
15.000000,35.000000,5023.701199
16.000000,35.000000,5360.358143
17.000000,35.000000,5691.718068
18.000000,35.000000,6011.319841
19.000000,35.000000,6339.610498
20.000000,35.000000,6676.590040
13.000000,35.500000,4391.397382
14.000000,35.500000,4706.666062
15.000000,35.500000,5032.820203
16.000000,35.500000,5369.859807
17.000000,35.500000,5700.270646
18.000000,35.500000,6020.171734
19.000000,35.500000,6348.764997
20.000000,35.500000,6686.050437
13.000000,36.000000,4399.775391
14.000000,36.000000,4715.415896
15.000000,36.000000,5041.947356
16.000000,36.000000,5379.369773
17.000000,36.000000,5708.829521
18.000000,36.000000,6029.030006
19.000000,36.000000,6357.925959
20.000000,36.000000,6695.517381
13.000000,36.500000,4408.131960
14.000000,36.500000,4724.153607
15.000000,36.500000,5051.072384
16.000000,36.500000,5388.888293
17.000000,36.500000,5717.495294
18.000000,36.500000,6038.173732
19.000000,36.500000,6367.560343
20.000000,36.500000,6705.655128
13.000000,37.000000,4416.496319
14.000000,37.000000,4732.899278
15.000000,37.000000,5060.205544
16.000000,37.000000,5398.415117
17.000000,37.000000,5726.167511
18.000000,37.000000,6047.324249
19.000000,37.000000,6377.201872
20.000000,37.000000,6715.800382
13.000000,37.500000,4424.909194
14.000000,37.500000,4741.711498
15.000000,37.500000,5069.424383
16.000000,37.500000,5408.047848
17.000000,37.500000,5735.003151
18.000000,37.500000,6056.707689
19.000000,37.500000,6387.149309
20.000000,37.500000,6726.328011
13.000000,38.000000,4433.329939
14.000000,38.000000,4750.531787
15.000000,38.000000,5078.651494
16.000000,38.000000,5417.689058
17.000000,38.000000,5743.845471
18.000000,38.000000,6066.098260
19.000000,38.000000,6397.104342
20.000000,38.000000,6736.863717
13.000000,38.500000,4441.982887
14.000000,38.500000,4759.619239
15.000000,38.500000,5088.182470
16.000000,38.500000,5427.672583
17.000000,38.500000,5752.978235
18.000000,38.500000,6075.702645
19.000000,38.500000,6407.192021
13.000000,39.000000,4450.644147
14.000000,39.000000,4768.715253
15.000000,39.000000,5097.722267
16.000000,39.000000,5437.665187
17.000000,39.000000,5762.118117
18.000000,39.000000,6085.314479
19.000000,39.000000,6417.287489
13.000000,39.500000,4459.973647
14.000000,39.500000,4778.493819
15.000000,39.500000,5107.958059
16.000000,39.500000,5448.366368
17.000000,39.500000,5771.784442
18.000000,39.500000,6095.290327
19.000000,39.500000,6427.575063
13.000000,40.000000,4469.312822
14.000000,40.000000,4788.282300
15.000000,40.000000,5118.204010
16.000000,40.000000,5459.077952
17.000000,40.000000,5781.458723
18.000000,40.000000,6105.274190
19.000000,40.000000,6437.870713
13.000000,40.500000,4478.671154
14.000000,40.500000,4798.090884
15.000000,40.500000,5128.471037
16.000000,40.500000,5469.811613
17.000000,40.500000,5791.139807
18.000000,40.500000,6115.265098
19.000000,40.500000,6448.173659
13.000000,41.000000,4488.039179
14.000000,41.000000,4807.909402
15.000000,41.000000,5138.748242
16.000000,41.000000,5480.555699
17.000000,41.000000,5800.828842
18.000000,41.000000,6125.264018
19.000000,41.000000,6458.484678
13.000000,41.500000,4497.426456
14.000000,41.500000,4817.748123
15.000000,41.500000,5149.046629
16.000000,41.500000,5491.321973
17.000000,41.500000,5810.568534
18.000000,41.500000,6135.362548
19.000000,41.500000,6468.946867
13.000000,42.000000,4506.823444
14.000000,42.000000,4827.596798
15.000000,42.000000,5159.355214
16.000000,42.000000,5502.098694
17.000000,42.000000,5820.316248
18.000000,42.000000,6145.469245
19.000000,42.000000,6479.417364
13.000000,42.500000,4516.315462
14.000000,42.500000,4837.521192
15.000000,42.500000,5169.718660
16.000000,42.500000,5512.449820
17.000000,42.500000,5830.244766
18.000000,42.500000,6155.917299
19.000000,42.500000,6490.398102
12.000000,43.000000,4215.177480
13.000000,43.000000,4525.817372
14.000000,43.000000,4847.455677
15.000000,43.000000,5180.092394
16.000000,43.000000,5522.810549
17.000000,43.000000,5840.181597
18.000000,43.000000,6166.374072
19.000000,43.000000,6501.387975
12.000000,43.500000,4224.542872
13.000000,43.500000,4535.609857
14.000000,43.500000,4857.681265
15.000000,43.500000,5190.757096
16.000000,43.500000,5532.564600
17.000000,43.500000,5850.467984
18.000000,43.500000,6177.206752
19.000000,43.500000,6512.780904
12.000000,44.000000,4233.918585
13.000000,44.000000,4545.412846
14.000000,44.000000,4867.917540
15.000000,44.000000,5201.432667
16.000000,44.000000,5542.327130
17.000000,44.000000,5860.763282
18.000000,44.000000,6188.048787
19.000000,44.000000,6524.183643
12.000000,44.500000,4243.798104
13.000000,44.500000,4555.706044
14.000000,44.500000,4878.628146
15.000000,44.500000,5212.564410
16.000000,44.500000,5552.546170
17.000000,44.500000,5871.401166
18.000000,44.500000,6199.112385
19.000000,44.500000,6535.679828
12.000000,45.000000,4253.689086
13.000000,45.000000,4566.010825
14.000000,45.000000,4889.350454
15.000000,45.000000,5223.707974
16.000000,45.000000,5562.774513
17.000000,45.000000,5882.048569
18.000000,45.000000,6210.185723
19.000000,45.000000,6547.185973
12.000000,45.500000,4263.610894
13.000000,45.500000,4576.395779
14.000000,45.500000,4900.205705
15.000000,45.500000,5235.040672
16.000000,45.500000,5573.236786
17.000000,45.500000,5892.868275
18.000000,45.500000,6221.365932
19.000000,45.500000,6558.729758
12.000000,46.000000,4273.544209
13.000000,46.000000,4586.792471
14.000000,46.000000,4911.072927
15.000000,46.000000,5246.385577
16.000000,46.000000,5583.708786
17.000000,46.000000,5903.697803
18.000000,46.000000,6232.556058
19.000000,46.000000,6570.283550
12.000000,46.500000,4283.531706
13.000000,46.500000,4597.236119
14.000000,46.500000,4921.979258
15.000000,46.500000,5257.761123
16.000000,46.500000,5594.193850
17.000000,46.500000,5914.536794
18.000000,46.500000,6243.751846
19.000000,46.500000,6581.839006
12.000000,47.000000,4293.530808
13.000000,47.000000,4607.691584
14.000000,47.000000,4932.897619
15.000000,47.000000,5269.148913
16.000000,47.000000,5604.688644
17.000000,47.000000,5925.385603
18.000000,47.000000,6254.957539
19.000000,47.000000,6593.404453
12.000000,47.500000,4303.650847
13.000000,47.500000,4618.243395
14.000000,47.500000,4943.885754
15.000000,47.500000,5280.577924
16.000000,47.500000,5615.241927
17.000000,47.500000,5936.409700
18.000000,47.500000,6266.461620
19.000000,47.500000,6605.397686
12.000000,48.000000,4313.782744
13.000000,48.000000,4628.807213
14.000000,48.000000,4954.886044
15.000000,48.000000,5292.019239
16.000000,48.000000,5625.805028
17.000000,48.000000,5947.443915
18.000000,48.000000,6277.976122
19.000000,48.000000,6617.401648
12.000000,48.500000,4324.402225
13.000000,48.500000,4639.821541
14.000000,48.500000,4966.296039
15.000000,48.500000,5303.825718
16.000000,48.500000,5636.688722
17.000000,48.500000,5958.801188
18.000000,48.500000,6289.815973
19.000000,48.500000,6629.733079
12.000000,49.000000,4335.034699
13.000000,49.000000,4650.848891
14.000000,49.000000,4977.719082
15.000000,49.000000,5315.645271
16.000000,49.000000,5647.582822
17.000000,49.000000,5970.169173
18.000000,49.000000,6301.666848
19.000000,49.000000,6642.075848
12.000000,49.500000,4346.157800
13.000000,49.500000,4662.312464
14.000000,49.500000,4989.519036
15.000000,49.500000,5327.777515
16.000000,49.500000,5658.747410
17.000000,49.500000,5981.798979
18.000000,49.500000,6313.770154
19.000000,49.500000,6654.660935
12.000000,50.000000,4357.295084
13.000000,50.000000,4673.790074
14.000000,50.000000,5001.332880
15.000000,50.000000,5339.923502
16.000000,50.000000,5669.922909
17.000000,50.000000,5993.439988
18.000000,50.000000,6325.884957
19.000000,50.000000,6667.257818
12.000000,50.500000,4368.543181
13.000000,50.500000,4685.561917
14.000000,50.500000,5013.636723
15.000000,50.500000,5352.767600
16.000000,50.500000,5681.715692
17.000000,50.500000,6005.511705
18.000000,50.500000,6338.232805
12.000000,51.000000,4379.805708
13.000000,51.000000,4697.348488
14.000000,51.000000,5025.955596
15.000000,51.000000,5365.627030
16.000000,51.000000,5693.520604
17.000000,51.000000,6017.595447
18.000000,51.000000,6350.592575
12.000000,51.500000,4391.162041
13.000000,51.500000,4709.211366
14.000000,51.500000,5038.331838
15.000000,51.500000,5378.523457
16.000000,51.500000,5705.325177
17.000000,51.500000,6029.680616
18.000000,51.500000,6362.955653
12.000000,52.000000,4402.533009
13.000000,52.000000,4721.089126
14.000000,52.000000,5050.723212
15.000000,52.000000,5391.435265
16.000000,52.000000,5717.141853
17.000000,52.000000,6041.777789
18.000000,52.000000,6375.330635
12.000000,52.500000,4413.979435
13.000000,52.500000,4733.028543
14.000000,52.500000,5063.161313
15.000000,52.500000,5404.377744
16.000000,52.500000,5728.959338
17.000000,52.500000,6053.878432
18.000000,52.500000,6387.711914
12.000000,53.000000,4425.440653
13.000000,53.000000,4744.982960
14.000000,53.000000,5075.614622
15.000000,53.000000,5417.335640
16.000000,53.000000,5740.788901
17.000000,53.000000,6065.991061
18.000000,53.000000,6400.105085
12.000000,53.500000,4437.345967
13.000000,53.500000,4757.280638
14.000000,53.500000,5088.302078
15.000000,53.500000,5430.410287
16.000000,53.500000,5752.769814
17.000000,53.500000,6078.316243
18.000000,53.500000,6412.775274
12.000000,54.000000,4449.267241
13.000000,54.000000,4769.594183
14.000000,54.000000,5101.005305
15.000000,54.000000,5443.500605
16.000000,54.000000,5764.763114
17.000000,54.000000,6090.653840
18.000000,54.000000,6425.457906
12.000000,54.500000,4461.469626
13.000000,54.500000,4782.164421
14.000000,54.500000,5113.938421
15.000000,54.500000,5456.791626
16.000000,54.500000,5777.056701
17.000000,54.500000,6103.335596
18.000000,54.500000,6438.530293
12.000000,55.000000,4473.688705
13.000000,55.000000,4794.751172
14.000000,55.000000,5126.887865
15.000000,55.000000,5470.098786
16.000000,55.000000,5789.363301
17.000000,55.000000,6116.030458
18.000000,55.000000,6451.615880
12.000000,55.500000,4485.977308
13.000000,55.500000,4807.463162
14.000000,55.500000,5140.022090
15.000000,55.500000,5483.096894
16.000000,55.500000,5802.034957
17.000000,55.500000,6129.136799
18.000000,55.500000,6465.161106
12.000000,56.000000,4498.282750
13.000000,56.000000,4820.191958
14.000000,56.000000,5153.173083
15.000000,56.000000,5496.110376
16.000000,56.000000,5814.720401
17.000000,56.000000,6142.257093
18.000000,56.000000,6478.720452
12.000000,56.500000,4510.691246
13.000000,56.500000,4833.055940
14.000000,56.500000,5166.493467
15.000000,56.500000,5508.614242
16.000000,56.500000,5827.593962
17.000000,56.500000,6155.500622
18.000000,56.500000,6492.334224
12.000000,57.000000,4523.116819
13.000000,57.000000,4845.937045
14.000000,57.000000,5179.831018
15.000000,57.000000,5521.132274
16.000000,57.000000,5840.481704
17.000000,57.000000,6168.758346
18.000000,57.000000,6505.962201
12.000000,57.500000,4535.546547
13.000000,57.500000,4858.830058
14.000000,57.500000,5193.188773
15.000000,57.500000,5533.672397
16.000000,57.500000,5853.388527
17.000000,57.500000,6182.031959
18.000000,57.500000,6519.602695
11.000000,58.000000,4235.323111
12.000000,58.000000,4547.993316
13.000000,58.000000,4871.740179
14.000000,58.000000,5206.563701
15.000000,58.000000,5546.226702
16.000000,58.000000,5866.309540
17.000000,58.000000,6195.319768
18.000000,58.000000,6533.257388
11.000000,58.500000,4248.242432
12.000000,58.500000,4561.157169
13.000000,58.500000,4885.132614
14.000000,58.500000,5220.168766
15.000000,58.500000,5558.807992
16.000000,58.500000,5879.277718
17.000000,58.500000,6208.676010
18.000000,58.500000,6547.002869
11.000000,59.000000,4261.181413
12.000000,59.000000,4574.340027
13.000000,59.000000,4898.543407
14.000000,59.000000,5233.791552
15.000000,59.000000,5571.403490
16.000000,59.000000,5892.260155
17.000000,59.000000,6222.046560
18.000000,59.000000,6560.762704
11.000000,59.500000,4274.318123
12.000000,59.500000,4587.804426
13.000000,59.500000,4912.324993
14.000000,59.500000,5247.879824
15.000000,59.500000,5584.525884
16.000000,59.500000,5905.807655
17.000000,59.500000,6236.021634
18.000000,59.500000,6575.167821
11.000000,60.000000,4287.475032
12.000000,60.000000,4601.288589
13.000000,60.000000,4926.125910
14.000000,60.000000,5261.986996
15.000000,60.000000,5597.663661
16.000000,60.000000,5919.370644
17.000000,60.000000,6250.012302
18.000000,60.000000,6589.588634
11.000000,60.500000,4300.599179
12.000000,60.500000,4614.759596
13.000000,60.500000,4939.934811
14.000000,60.500000,5276.124825
15.000000,60.500000,5610.895920
16.000000,60.500000,5933.095804
17.000000,60.500000,6264.236470
18.000000,60.500000,6604.317917
11.000000,61.000000,4313.743361
12.000000,61.000000,4628.250269
13.000000,61.000000,4953.763010
14.000000,61.000000,5290.281583
15.000000,61.000000,5624.143746
16.000000,61.000000,5946.836790
17.000000,61.000000,6278.476723
18.000000,61.000000,6619.063545
19.000000,61.000000,6944.466492
20.000000,61.000000,7275.132787
21.000000,61.000000,7613.438212
11.000000,61.500000,4326.989832
12.000000,61.500000,4642.080017
13.000000,61.500000,4968.183159
14.000000,61.500000,5305.299259
15.000000,61.500000,5638.277046
16.000000,61.500000,5961.331907
17.000000,61.500000,6293.331337
18.000000,61.500000,6634.275336
19.000000,61.500000,6958.725293
20.000000,61.500000,7289.571230
21.000000,61.500000,7628.049007
11.000000,62.000000,4340.256588
12.000000,62.000000,4655.930367
13.000000,62.000000,4982.624229
14.000000,62.000000,5320.338174
15.000000,62.000000,5652.428016
16.000000,62.000000,5975.844595
17.000000,62.000000,6308.203422
18.000000,62.000000,6649.504495
19.000000,62.000000,6972.998603
20.000000,62.000000,7304.023867
21.000000,62.000000,7642.673681
11.000000,62.500000,4353.579196
12.000000,62.500000,4669.834744
13.000000,62.500000,4997.117267
14.000000,62.500000,5335.426765
15.000000,62.500000,5666.596933
16.000000,62.500000,5990.372846
17.000000,62.500000,6323.088560
18.000000,62.500000,6663.627128
19.000000,62.500000,6987.263213
20.000000,62.500000,7318.469957
21.000000,62.500000,7657.294107
11.000000,63.000000,4366.922197
12.000000,63.000000,4683.759821
13.000000,63.000000,5011.631314
14.000000,63.000000,5350.536674
15.000000,63.000000,5680.783519
16.000000,63.000000,6004.918660
17.000000,63.000000,6337.991155
18.000000,63.000000,6677.764634
19.000000,63.000000,7001.542284
20.000000,63.000000,7332.930197
21.000000,63.000000,7671.928375
11.000000,63.500000,4381.148146
12.000000,63.500000,4698.340583
13.000000,63.500000,5026.555763
14.000000,63.500000,5365.793688
15.000000,63.500000,5694.987496
16.000000,63.500000,6019.479444
17.000000,63.500000,6352.906173
18.000000,63.500000,6691.845658
19.000000,63.500000,7015.815591
20.000000,63.500000,7347.388877
21.000000,63.500000,7686.565518
11.000000,64.000000,4395.397218
12.000000,64.000000,4712.943984
13.000000,64.000000,5041.502370
14.000000,64.000000,5381.072377
15.000000,64.000000,5709.209139
16.000000,64.000000,6034.057783
17.000000,64.000000,6367.838633
18.000000,64.000000,6705.941403
19.000000,64.000000,7030.103315
20.000000,64.000000,7361.861674
21.000000,64.000000,7701.216479
11.000000,64.500000,4409.711253
12.000000,64.500000,4727.658165
13.000000,64.500000,5056.608681
14.000000,64.500000,5396.562803
15.000000,64.500000,5723.649738
16.000000,64.500000,6048.820104
17.000000,64.500000,6382.917901
18.000000,64.500000,6720.219670
19.000000,64.500000,7044.867036
20.000000,64.500000,7377.117868
11.000000,65.000000,4424.048546
12.000000,65.000000,4742.395259
13.000000,65.000000,5071.737559
14.000000,65.000000,5412.075446
15.000000,65.000000,5738.108512
16.000000,65.000000,6063.600387
17.000000,65.000000,6398.014920
18.000000,65.000000,6734.513025
19.000000,65.000000,7059.646157
20.000000,65.000000,7392.389779
11.000000,65.500000,4438.500426
12.000000,65.500000,4757.264968
13.000000,65.500000,5087.018130
14.000000,65.500000,5427.759910
15.000000,65.500000,5752.784464
16.000000,65.500000,6078.649591
17.000000,65.500000,6413.435275
18.000000,65.500000,6749.197925
19.000000,65.500000,7074.705105
20.000000,65.500000,7407.823952
11.000000,66.000000,4452.975859
12.000000,66.000000,4772.157932
13.000000,66.000000,5102.321653
14.000000,66.000000,5443.467021
15.000000,66.000000,5767.479102
16.000000,66.000000,6093.717386
17.000000,66.000000,6428.874127
18.000000,66.000000,6763.898746
19.000000,66.000000,7089.780027
20.000000,66.000000,7423.274153
11.000000,66.500000,4467.579194
12.000000,66.500000,4787.229603
13.000000,66.500000,5117.858089
14.000000,66.500000,5459.464651
15.000000,66.500000,5782.491121
16.000000,66.500000,6109.061780
17.000000,66.500000,6444.546014
18.000000,66.500000,6778.802313
19.000000,66.500000,7104.995593
20.000000,66.500000,7438.799702
11.000000,67.000000,4482.206422
12.000000,67.000000,4802.325019
13.000000,67.000000,5133.418119
14.000000,67.000000,5475.485722
15.000000,67.000000,5797.522611
16.000000,67.000000,6124.425423
17.000000,67.000000,6460.236928
18.000000,67.000000,6793.722219
19.000000,67.000000,7120.227406
20.000000,67.000000,7454.341407
11.000000,67.500000,4496.999232
12.000000,67.500000,4817.642909
13.000000,67.500000,5149.261246
14.000000,67.500000,5491.854242
15.000000,67.500000,5812.952868
16.000000,67.500000,6140.189784
17.000000,67.500000,6476.329991
11.000000,68.000000,4511.816402
12.000000,68.000000,4832.985178
13.000000,68.000000,5165.128769
14.000000,68.000000,5508.247175
15.000000,68.000000,5828.403609
16.000000,68.000000,6155.974378
17.000000,68.000000,6492.443040
11.000000,68.500000,4527.340011
12.000000,68.500000,4848.822938
13.000000,68.500000,5181.264803
14.000000,68.500000,5524.119116
15.000000,68.500000,5843.873279
16.000000,68.500000,6171.777065
17.000000,68.500000,6508.573298
11.000000,69.000000,4542.890274
12.000000,69.000000,4864.686597
13.000000,69.000000,5197.425990
14.000000,69.000000,5540.013873
15.000000,69.000000,5859.363427
16.000000,69.000000,6187.599980
17.000000,69.000000,6524.723534
11.000000,69.500000,4558.412089
12.000000,69.500000,4880.542060
13.000000,69.500000,5213.600853
14.000000,69.500000,5555.229595
15.000000,69.500000,5874.904176
16.000000,69.500000,6203.459479
17.000000,69.500000,6540.895505
11.000000,70.000000,4573.960369
12.000000,70.000000,4896.423310
13.000000,70.000000,5229.800833
14.000000,70.000000,5570.466165
15.000000,70.000000,5890.465484
16.000000,70.000000,6219.339248
17.000000,70.000000,6557.087457
11.000000,70.500000,4589.714609
12.000000,70.500000,4912.491528
13.000000,70.500000,5246.167245
14.000000,70.500000,5585.896225
15.000000,70.500000,5906.225337
16.000000,70.500000,6235.422523
17.000000,70.500000,6573.487783
11.000000,71.000000,4605.495929
12.000000,71.000000,4928.586061
13.000000,71.000000,5262.559217
14.000000,71.000000,5601.347613
15.000000,71.000000,5922.006227
16.000000,71.000000,6251.526542
17.000000,71.000000,6589.908559
11.000000,71.500000,4621.392661
12.000000,71.500000,4944.740064
13.000000,71.500000,5278.950821
14.000000,71.500000,5616.791300
15.000000,71.500000,5937.885832
16.000000,71.500000,6267.841649
17.000000,71.500000,6606.658753
11.000000,72.000000,4637.316776
12.000000,72.000000,4960.920490
13.000000,72.000000,5295.367904
14.000000,72.000000,5632.256233
15.000000,72.000000,5953.786679
16.000000,72.000000,6284.177993
17.000000,72.000000,6623.430174
11.000000,72.500000,4653.652092
12.000000,72.500000,4977.732033
13.000000,72.500000,5312.649902
14.000000,72.500000,5648.708641
15.000000,72.500000,5970.456023
16.000000,72.500000,6301.050238
17.000000,72.500000,6640.491284
10.000000,73.000000,4356.292396
11.000000,73.000000,4670.016124
12.000000,73.000000,4994.572009
13.000000,73.000000,5329.960051
14.000000,73.000000,5665.185036
15.000000,73.000000,5987.148656
16.000000,73.000000,6317.945080
17.000000,73.000000,6657.574307
10.000000,73.500000,4372.692443
11.000000,73.500000,4686.799072
12.000000,73.500000,5011.724077
13.000000,73.500000,5347.467458
14.000000,73.500000,5681.816631
15.000000,73.500000,6004.157185
16.000000,73.500000,6335.325171
10.000000,74.000000,4389.123301
11.000000,74.000000,4703.612121
12.000000,74.000000,5028.905543
13.000000,74.000000,5365.003568
14.000000,74.000000,5698.472594
15.000000,74.000000,6021.189825
16.000000,74.000000,6352.729115
10.000000,74.500000,4405.516147
11.000000,74.500000,4720.406930
12.000000,74.500000,5046.090136
13.000000,74.500000,5382.565767
14.000000,74.500000,5715.175605
15.000000,74.500000,6038.263813
16.000000,74.500000,6370.168381
10.000000,75.000000,4421.939546
11.000000,75.000000,4737.231666
12.000000,75.000000,5063.304037
13.000000,75.000000,5400.156660
14.000000,75.000000,5731.903049
15.000000,75.000000,6055.361960
16.000000,75.000000,6387.631529
10.000000,75.500000,4438.664833
11.000000,75.500000,4754.306411
12.000000,75.500000,5080.711738
13.000000,75.500000,5417.880816
14.000000,75.500000,5748.728600
15.000000,75.500000,6072.534797
16.000000,75.500000,6405.144580
10.000000,76.000000,4455.421691
11.000000,76.000000,4771.411871
12.000000,76.000000,5098.149310
13.000000,76.000000,5435.634007
14.000000,76.000000,5765.578799
15.000000,76.000000,6089.731933
16.000000,76.000000,6422.681580
10.000000,76.500000,4472.401457
11.000000,76.500000,4788.671002
12.000000,76.500000,5115.666076
13.000000,76.500000,5453.386681
14.000000,76.500000,5782.452096
15.000000,76.500000,6107.021955
16.000000,76.500000,6440.385076
10.000000,77.000000,4489.413517
11.000000,77.000000,4805.961290
12.000000,77.000000,5133.212883
13.000000,77.000000,5471.168294
14.000000,77.000000,5799.350033
15.000000,77.000000,6124.336468
16.000000,77.000000,6458.112912
10.000000,77.500000,4506.622794
11.000000,77.500000,4823.521584
12.000000,77.500000,5151.107024
13.000000,77.500000,5489.379116
14.000000,77.500000,5816.681477
15.000000,77.500000,6142.009684
16.000000,77.500000,6476.119979
10.000000,78.000000,4523.864992
11.000000,78.000000,4841.113900
12.000000,78.000000,5169.032299
13.000000,78.000000,5507.620191
14.000000,78.000000,5834.038767
15.000000,78.000000,6159.708346
16.000000,78.000000,6494.152090
10.000000,78.500000,4541.350341
11.000000,78.500000,4859.083004
12.000000,78.500000,5187.476475
13.000000,78.500000,5526.530752
14.000000,78.500000,5851.990376
15.000000,78.500000,6177.848727
16.000000,78.500000,6512.464317
10.000000,79.000000,4558.869415
11.000000,79.000000,4877.085396
12.000000,79.000000,5205.953497
13.000000,79.000000,5545.473720
14.000000,79.000000,5869.969553
15.000000,79.000000,6196.015765
16.000000,79.000000,6530.802305
10.000000,79.500000,4576.357168
11.000000,79.500000,4895.053366
12.000000,79.500000,5224.392943
13.000000,79.500000,5564.375901
14.000000,79.500000,5888.065078
15.000000,79.500000,6214.533551
16.000000,79.500000,6549.738205
10.000000,80.000000,4593.878398
11.000000,80.000000,4913.054373
12.000000,80.000000,5242.864987
13.000000,80.000000,5583.310239
14.000000,80.000000,5906.188446
15.000000,80.000000,6233.078959
16.000000,80.000000,6568.701508
10.000000,80.500000,4611.903688
11.000000,80.500000,4931.432326
12.000000,80.500000,5261.577609
13.000000,80.500000,5602.339535
14.000000,80.500000,5924.393978
15.000000,80.500000,6251.687244
16.000000,80.500000,6587.707273
10.000000,81.000000,4629.964271
11.000000,81.000000,4949.844588
12.000000,81.000000,5280.323565
13.000000,81.000000,5621.401201
14.000000,81.000000,5942.627520
15.000000,81.000000,6270.323257
16.000000,81.000000,6606.740485
10.000000,81.500000,4648.404010
11.000000,81.500000,4968.522986
12.000000,81.500000,5299.214657
13.000000,81.500000,5640.398278
14.000000,81.500000,5960.903577
15.000000,81.500000,6288.996943
16.000000,81.500000,6625.806258
10.000000,82.000000,4666.880396
11.000000,82.000000,4987.236560
12.000000,82.000000,5318.139481
13.000000,82.000000,5659.427397
14.000000,82.000000,5979.207687
15.000000,82.000000,6307.698386
16.000000,82.000000,6644.899494
10.000000,82.500000,4685.435824
11.000000,82.500000,5006.002325
12.000000,82.500000,5337.087966
13.000000,82.500000,5677.375257
14.000000,82.500000,5997.576275
15.000000,82.500000,6326.483150
16.000000,82.500000,6664.095881
10.000000,83.000000,4704.028066
11.000000,83.000000,5024.803328
12.000000,83.000000,5356.070147
13.000000,83.000000,5695.351527
14.000000,83.000000,6015.973029
15.000000,83.000000,6345.295836
16.000000,83.000000,6683.319950
10.000000,83.500000,4722.765899
11.000000,83.500000,5043.919996
12.000000,83.500000,5375.549472
13.000000,83.500000,5714.084907
14.000000,83.500000,6034.911115
15.000000,83.500000,6364.420851
16.000000,83.500000,6702.614115
10.000000,84.000000,4741.540978
11.000000,84.000000,5063.072959
12.000000,84.000000,5395.064155
13.000000,84.000000,5732.849046
14.000000,84.000000,6053.878962
15.000000,84.000000,6383.574641
16.000000,84.000000,6721.936084
10.000000,84.500000,4760.061943
11.000000,84.500000,5082.075183
12.000000,84.500000,5414.538815
13.000000,84.500000,5751.667988
14.000000,84.500000,6072.922562
15.000000,84.500000,6402.826312
16.000000,84.500000,6741.379237
10.000000,85.000000,4778.619010
11.000000,85.000000,5101.112998
12.000000,85.000000,5434.048560
13.000000,85.000000,5770.517768
14.000000,85.000000,6091.996067
15.000000,85.000000,6422.106966
16.000000,85.000000,6760.850465
10.000000,85.500000,4797.455854
11.000000,85.500000,5120.362676
12.000000,85.500000,5453.696799
13.000000,85.500000,5789.495272
14.000000,85.500000,6111.469192
15.000000,85.500000,6442.074079
16.000000,85.500000,6781.309933
10.000000,86.000000,4816.329745
11.000000,86.000000,5139.648603
12.000000,86.000000,5473.380493
13.000000,86.000000,5808.503929
14.000000,86.000000,6130.973389
15.000000,86.000000,6462.072183
16.000000,86.000000,6801.800312
10.000000,86.500000,4835.466138
11.000000,86.500000,5159.256611
12.000000,86.500000,5493.448874
13.000000,86.500000,5827.881517
14.000000,86.500000,6150.659017
15.000000,86.500000,6482.053629
10.000000,87.000000,4854.640458
11.000000,87.000000,5178.901942
12.000000,87.000000,5513.553974
13.000000,87.000000,5847.291374
14.000000,87.000000,6170.376197
15.000000,87.000000,6502.065920
10.000000,87.500000,4873.828012
11.000000,87.500000,5198.591675
12.000000,87.500000,5533.736699
13.000000,87.500000,5866.773856
14.000000,87.500000,6190.152741
15.000000,87.500000,6522.123595
9.000000,88.000000,4578.160207
10.000000,88.000000,4893.053397
11.000000,88.000000,5218.318759
12.000000,88.000000,5553.956293
13.000000,88.000000,5886.288741
14.000000,88.000000,6209.960927
15.000000,88.000000,6542.212159
9.000000,88.500000,4597.098683
10.000000,88.500000,4912.515343
11.000000,88.500000,5238.295500
12.000000,88.500000,5574.439154
13.000000,88.500000,5906.023111
14.000000,88.500000,6229.937088
15.000000,88.500000,6562.414223
9.000000,89.000000,4616.076232
10.000000,89.000000,4932.015905
11.000000,89.000000,5258.310399
12.000000,89.000000,5594.959714
13.000000,89.000000,5925.790506
14.000000,89.000000,6249.945327
15.000000,89.000000,6582.647431
9.000000,89.500000,4635.309945
10.000000,89.500000,4951.812653
11.000000,89.500000,5278.663770
12.000000,89.500000,5615.863298
13.000000,89.500000,5945.872720
14.000000,89.500000,6270.173407
15.000000,89.500000,6603.000115
9.000000,90.000000,4654.583631
10.000000,90.000000,4971.649044
11.000000,90.000000,5299.056452
12.000000,90.000000,5636.805857
13.000000,90.000000,5965.988906
14.000000,90.000000,6290.434168
15.000000,90.000000,6623.384215
9.000000,90.500000,4674.167272
10.000000,90.500000,4991.708534
11.000000,90.500000,5319.579052
12.000000,90.500000,5657.778825
13.000000,90.500000,5986.087584
14.000000,90.500000,6310.747978
15.000000,90.500000,6643.895814
9.000000,91.000000,4693.792009
10.000000,91.000000,5011.808402
11.000000,91.000000,5340.141312
12.000000,91.000000,5678.790737
13.000000,91.000000,6006.220061
14.000000,91.000000,6331.094536
15.000000,91.000000,6664.439124
9.000000,91.500000,4713.630942
10.000000,91.500000,5032.144366
11.000000,91.500000,5360.962869
12.000000,91.500000,5700.086452
13.000000,91.500000,6026.832723
14.000000,91.500000,6352.170671
15.000000,91.500000,6685.973632
9.000000,92.000000,4733.511699
10.000000,92.000000,5052.521494
11.000000,92.000000,5381.824934
12.000000,92.000000,5721.422020
13.000000,92.000000,6047.480694
14.000000,92.000000,6373.281829
15.000000,92.000000,6707.542875
9.000000,92.500000,4753.465907
10.000000,92.500000,5073.042774
11.000000,92.500000,5402.906718
12.000000,92.500000,5743.057737
13.000000,92.500000,6068.396024
14.000000,92.500000,6394.530355
15.000000,92.500000,6729.112184
9.000000,93.000000,4773.462076
10.000000,93.000000,5093.605636
11.000000,93.000000,5424.029703
12.000000,93.000000,5764.734278
13.000000,93.000000,6089.347457
14.000000,93.000000,6415.814243
15.000000,93.000000,6750.716117
9.000000,93.500000,4793.724631
10.000000,93.500000,5114.385038
11.000000,93.500000,5445.315773
12.000000,93.500000,5786.516836
13.000000,93.500000,6110.404592
14.000000,93.500000,6437.231003
15.000000,93.500000,6772.481474
9.000000,94.000000,4814.030091
10.000000,94.000000,5135.206729
11.000000,94.000000,5466.643520
12.000000,94.000000,5808.340463
13.000000,94.000000,6131.498069
14.000000,94.000000,6458.683448
15.000000,94.000000,6794.281861
9.000000,94.500000,4834.731775
10.000000,94.500000,5156.362223
11.000000,94.500000,5488.237960
12.000000,94.500000,5830.358985
13.000000,94.500000,6152.794262
14.000000,94.500000,6480.353830
15.000000,94.500000,6816.316021
9.000000,95.000000,4855.477864
10.000000,95.000000,5177.561194
11.000000,95.000000,5509.874957
12.000000,95.000000,5852.419154
13.000000,95.000000,6174.127371
14.000000,95.000000,6502.060504
15.000000,95.000000,6838.385852
9.000000,95.500000,4876.401945
10.000000,95.500000,5198.882977
11.000000,95.500000,5531.575978
12.000000,95.500000,5874.459579
13.000000,95.500000,6195.482231
14.000000,95.500000,6523.801772
15.000000,95.500000,6860.503843
9.000000,96.000000,4897.371005
10.000000,96.000000,5220.248562
11.000000,96.000000,5553.319641
12.000000,96.000000,5896.541421
13.000000,96.000000,6216.873954
14.000000,96.000000,6545.579328
15.000000,96.000000,6882.657545
9.000000,96.500000,4918.424590
10.000000,96.500000,5241.654373
11.000000,96.500000,5575.056502
12.000000,96.500000,5917.504155
13.000000,96.500000,6238.266281
14.000000,96.500000,6567.393517
15.000000,96.500000,6904.885861
9.000000,97.000000,4939.523325
10.000000,97.000000,5263.103973
11.000000,97.000000,5596.835813
12.000000,97.000000,5938.504079
13.000000,97.000000,6259.695349
14.000000,97.000000,6589.243994
15.000000,97.000000,6927.150015
9.000000,97.500000,4960.532545
10.000000,97.500000,5284.709187
11.000000,97.500000,5619.031466
12.000000,97.500000,5960.132008
13.000000,97.500000,6281.708177
14.000000,97.500000,6611.631284
15.000000,97.500000,6949.901328
9.000000,98.000000,4981.586343
10.000000,98.000000,5306.358649
11.000000,98.000000,5641.271037
12.000000,98.000000,5981.799245
13.000000,98.000000,6303.759640
14.000000,98.000000,6634.056538
15.000000,98.000000,6972.689940
9.000000,98.500000,5002.627543
10.000000,98.500000,5328.065542
11.000000,98.500000,5663.642367
12.000000,98.500000,6003.613287
13.000000,98.500000,6325.893821
14.000000,98.500000,6656.496996
9.000000,99.000000,5023.713077
10.000000,99.000000,5349.816735
11.000000,99.000000,5686.057963
12.000000,99.000000,6025.467029
13.000000,99.000000,6348.066791
14.000000,99.000000,6678.975341
9.000000,99.500000,5045.141042
10.000000,99.500000,5371.803930
11.000000,99.500000,5708.595579
12.000000,99.500000,6047.325059
13.000000,99.500000,6370.323139
14.000000,99.500000,6701.620385
9.000000,100.000000,5066.614595
10.000000,100.000000,5393.836205
11.000000,100.000000,5731.177768
12.000000,100.000000,6069.222662
13.000000,100.000000,6392.618433
14.000000,100.000000,6724.303751
9.000000,100.500000,5088.170222
10.000000,100.500000,5415.981131
11.000000,100.500000,5753.905158
12.000000,100.500000,6091.354263
13.000000,100.500000,6415.322982
14.000000,100.500000,6747.580280
9.000000,101.000000,5109.771592
10.000000,101.000000,5438.171412
11.000000,101.000000,5776.677516
12.000000,101.000000,6113.526140
13.000000,101.000000,6438.067777
14.000000,101.000000,6770.897023
9.000000,101.500000,5131.448374
10.000000,101.500000,5460.453247
11.000000,101.500000,5799.558594
12.000000,101.500000,6135.833380
13.000000,101.500000,6460.953441
14.000000,101.500000,6794.360213
9.000000,102.000000,5153.171025
10.000000,102.000000,5482.780627
11.000000,102.000000,5822.484892
12.000000,102.000000,6158.181242
13.000000,102.000000,6483.879707
14.000000,102.000000,6817.863986
9.000000,102.500000,5175.183385
10.000000,102.500000,5505.349796
11.000000,102.500000,5845.601571
12.000000,102.500000,6180.701127
13.000000,102.500000,6506.970644
14.000000,102.500000,6841.524433
9.000000,103.000000,5197.242645
10.000000,103.000000,5527.965311
11.000000,103.000000,5868.764043
12.000000,103.000000,6203.262110
13.000000,103.000000,6530.102623
14.000000,103.000000,6865.225864
9.000000,103.500000,5219.551386
10.000000,103.500000,5550.900611
11.000000,103.500000,5892.320621
12.000000,103.500000,6226.247896
13.000000,103.500000,6553.598785
14.000000,103.500000,6889.227074
9.000000,104.000000,5241.907888
10.000000,104.000000,5573.883379
11.000000,104.000000,5915.924372
12.000000,104.000000,6249.276185
13.000000,104.000000,6577.137139
14.000000,104.000000,6913.270166
9.000000,104.500000,5264.501722
10.000000,104.500000,5597.014341
11.000000,104.500000,5939.581214
12.000000,104.500000,6272.314852
13.000000,104.500000,6600.685236
14.000000,104.500000,6937.322338
9.000000,105.000000,5287.144123
10.000000,105.000000,5620.193184
11.000000,105.000000,5963.285253
12.000000,105.000000,6295.395905
13.000000,105.000000,6624.275411
14.000000,105.000000,6961.416278
9.000000,105.500000,5309.859505
10.000000,105.500000,5643.420162
11.000000,105.500000,5987.011122
12.000000,105.500000,6318.484721
13.000000,105.500000,6647.853243
14.000000,105.500000,6985.476860
8.000000,106.000000,5008.569695
9.000000,106.000000,5332.623560
10.000000,106.000000,5666.695025
11.000000,106.000000,6010.784089
12.000000,106.000000,6341.615798
13.000000,106.000000,6671.472960
14.000000,106.000000,7009.578950
8.000000,106.500000,5030.918799
9.000000,106.500000,5355.633630
10.000000,106.500000,5690.362002
11.000000,106.500000,6035.103915
12.000000,106.500000,6365.291142
13.000000,106.500000,6695.559746
14.000000,106.500000,7034.066961
8.000000,107.000000,5053.317636
9.000000,107.000000,5378.693220
10.000000,107.000000,5714.078285
11.000000,107.000000,6059.472831
12.000000,107.000000,6389.010589
13.000000,107.000000,6719.689925
14.000000,107.000000,7058.597663
8.000000,107.500000,5076.166723
9.000000,107.500000,5402.115196
10.000000,107.500000,5738.063129
11.000000,107.500000,6084.010523
12.000000,107.500000,6412.824330
13.000000,107.500000,6743.868059
14.000000,107.500000,7083.127549
8.000000,108.000000,5099.067337
9.000000,108.000000,5425.588045
10.000000,108.000000,5762.098195
11.000000,108.000000,6108.597788
12.000000,108.000000,6436.682359
13.000000,108.000000,6768.089605
14.000000,108.000000,7107.699976
8.000000,108.500000,5122.302323
9.000000,108.500000,5449.346755
10.000000,108.500000,5786.367382
11.000000,108.500000,6133.364204
12.000000,108.500000,6460.663083
13.000000,108.500000,6792.385835
14.000000,108.500000,7132.296551
8.000000,109.000000,5145.590117
9.000000,109.000000,5473.157363
10.000000,109.000000,5810.687562
11.000000,109.000000,6158.180714
12.000000,109.000000,6484.688387
13.000000,109.000000,6816.725588
14.000000,109.000000,7156.935606
8.000000,109.500000,5168.420183
9.000000,109.500000,5496.691353
10.000000,109.500000,5834.924332
11.000000,109.500000,6183.119122
12.000000,109.500000,6508.851743
13.000000,109.500000,6841.230919
14.000000,109.500000,7181.769151
8.000000,110.000000,5191.300778
9.000000,110.000000,5520.275824
10.000000,110.000000,5859.211535
11.000000,110.000000,6208.107913
12.000000,110.000000,6533.060025
13.000000,110.000000,6865.780210
14.000000,110.000000,7206.645698
8.000000,110.500000,5214.246723
9.000000,110.500000,5543.910832
10.000000,110.500000,5883.533444
11.000000,110.500000,6232.130172
12.000000,110.500000,6557.285440
13.000000,110.500000,6890.385317
14.000000,110.500000,7231.618781
8.000000,111.000000,5237.243260
9.000000,111.000000,5567.596320
10.000000,111.000000,5907.905721
11.000000,111.000000,6256.198809
12.000000,111.000000,6581.555679
13.000000,111.000000,6915.034426
14.000000,111.000000,7256.635050
8.000000,111.500000,5260.424926
9.000000,111.500000,5591.266867
10.000000,111.500000,5932.050832
11.000000,111.500000,6279.693873
12.000000,111.500000,6605.599841
13.000000,111.500000,6939.624382
8.000000,112.000000,5283.657776
9.000000,112.000000,5614.987616
10.000000,112.000000,5956.245172
11.000000,112.000000,6303.232961
12.000000,112.000000,6629.687832
13.000000,112.000000,6964.257973
8.000000,112.500000,5307.117329
9.000000,112.500000,5639.034393
10.000000,112.500000,5980.870620
11.000000,112.500000,6327.336796
12.000000,112.500000,6654.280405
13.000000,112.500000,6989.332393
8.000000,113.000000,5330.628834
9.000000,113.000000,5663.132535
10.000000,113.000000,6005.546849
11.000000,113.000000,6351.486608
12.000000,113.000000,6678.918487
13.000000,113.000000,7014.451852
8.000000,113.500000,5354.339021
9.000000,113.500000,5687.380097
10.000000,113.500000,6030.319491
11.000000,113.500000,6375.686701
12.000000,113.500000,6703.622103
13.000000,113.500000,7039.652887
8.000000,114.000000,5378.101793
9.000000,114.000000,5711.679431
10.000000,114.000000,6055.143100
11.000000,114.000000,6399.932791
12.000000,114.000000,6728.371304
13.000000,114.000000,7064.899093
8.000000,114.500000,5402.024934
9.000000,114.500000,5736.098724
10.000000,114.500000,6080.043920
11.000000,114.500000,6424.227058
12.000000,114.500000,6753.168192
13.000000,114.500000,7090.192425
8.000000,115.000000,5426.001146
9.000000,115.000000,5760.570088
10.000000,115.000000,6104.995817
11.000000,115.000000,6448.567332
12.000000,115.000000,6778.010674
13.000000,115.000000,7115.530940
8.000000,115.500000,5450.170143
9.000000,115.500000,5785.268517
10.000000,115.500000,6130.211217
11.000000,115.500000,6473.226211
12.000000,115.500000,6803.203447
13.000000,115.500000,7141.252935
8.000000,116.000000,5474.392835
9.000000,116.000000,5810.019765
10.000000,116.000000,6155.478565
11.000000,116.000000,6497.932128
12.000000,116.000000,6828.442929
13.000000,116.000000,7167.021313
8.000000,116.500000,5498.847010
9.000000,116.500000,5834.988274
10.000000,116.500000,6180.947541
11.000000,116.500000,6522.848718
12.000000,116.500000,6853.904233
13.000000,116.500000,7193.023112
8.000000,117.000000,5523.355659
9.000000,117.000000,5860.010298
10.000000,117.000000,6206.469078
11.000000,117.000000,6547.812968
12.000000,117.000000,6879.412893
13.000000,117.000000,7219.071964
8.000000,117.500000,5548.104945
9.000000,117.500000,5885.247598
10.000000,117.500000,6232.178529
11.000000,117.500000,6572.976994
12.000000,117.500000,6905.105787
13.000000,117.500000,7245.288464
8.000000,118.000000,5572.909521
9.000000,118.000000,5910.539096
10.000000,118.000000,6257.941093
11.000000,118.000000,6598.189255
12.000000,118.000000,6930.846542
13.000000,118.000000,7271.552450
8.000000,118.500000,5597.931331
9.000000,118.500000,5936.036356
10.000000,118.500000,6283.897278
11.000000,118.500000,6623.629940
12.000000,118.500000,6956.793432
13.000000,118.500000,7297.998781
8.000000,119.000000,5623.009152
9.000000,119.000000,5961.588458
10.000000,119.000000,6309.907147
11.000000,119.000000,6649.119543
12.000000,119.000000,6982.788766
13.000000,119.000000,7324.493084
8.000000,119.500000,5647.579786
9.000000,119.500000,5986.898808
10.000000,119.500000,6335.956759
8.000000,120.000000,5672.203951
9.000000,120.000000,6012.262744
10.000000,120.000000,6362.060006
8.000000,120.500000,5697.009555
9.000000,120.500000,6037.807653
10.000000,120.500000,6388.343457
8.000000,121.000000,5721.869254
9.000000,121.000000,6063.406692
10.000000,121.000000,6414.681071
8.000000,121.500000,5747.116462
9.000000,121.500000,6089.492356
10.000000,121.500000,6441.609788
8.000000,122.000000,5772.419225
9.000000,122.000000,6115.633991
10.000000,122.000000,6468.594889
8.000000,122.500000,5798.064031
9.000000,122.500000,6141.898903
10.000000,122.500000,6495.471822
8.000000,123.000000,5823.765661
9.000000,123.000000,6168.220078
10.000000,123.000000,6522.404458
8.000000,123.500000,5849.519384
9.000000,123.500000,6194.469826
10.000000,123.500000,6549.135283
7.000000,124.000000,5539.584609
8.000000,124.000000,5875.329913
9.000000,124.000000,6220.775295
10.000000,124.000000,6575.920756
7.000000,124.500000,5565.042612
8.000000,124.500000,5901.276514
9.000000,124.500000,6247.194379
10.000000,124.500000,6602.796209
7.000000,125.000000,5590.558971
8.000000,125.000000,5927.280270
9.000000,125.000000,6273.669430
10.000000,125.000000,6629.726452
7.000000,125.500000,5616.250032
8.000000,125.500000,5953.439986
9.000000,125.500000,6300.280597
7.000000,126.000000,5641.999977
8.000000,126.000000,5979.657286
9.000000,126.000000,6326.948064
7.000000,126.500000,5667.990377
8.000000,126.500000,6006.071643
9.000000,126.500000,6353.765770
7.000000,127.000000,5694.040465
8.000000,127.000000,6032.544177
9.000000,127.000000,6380.640160
7.000000,127.500000,5720.290427
8.000000,127.500000,6059.177465
9.000000,127.500000,6407.634192
7.000000,128.000000,5746.600711
8.000000,128.000000,6085.869364
9.000000,128.000000,6434.685150
7.000000,128.500000,5772.522513
8.000000,128.500000,6112.341999
9.000000,128.500000,6461.696674
7.000000,129.000000,5798.502608
8.000000,129.000000,6138.872037
9.000000,129.000000,6488.764718
7.000000,129.500000,5824.392547
8.000000,129.500000,6165.392204
9.000000,129.500000,6515.908144
7.000000,130.000000,5850.340127
8.000000,130.000000,6191.969494
9.000000,130.000000,6543.108177
