weight_g,350.000000
thrust_N,velocity_m_s,power_W
15.000000,0.000000,1415.275562
16.000000,0.000000,1527.445508
17.000000,0.000000,1643.750345
18.000000,0.000000,1764.190073
15.000000,0.500000,1416.606558
16.000000,0.500000,1528.895376
17.000000,0.500000,1645.324510
18.000000,0.500000,1765.893961
15.000000,1.000000,1417.937690
16.000000,1.000000,1530.345435
17.000000,1.000000,1646.898927
18.000000,1.000000,1767.598164
15.000000,1.500000,1419.255194
16.000000,1.500000,1531.781972
17.000000,1.500000,1648.459944
18.000000,1.500000,1769.289110
15.000000,2.000000,1420.572838
16.000000,2.000000,1533.218704
17.000000,2.000000,1650.021215
18.000000,2.000000,1770.980372
15.000000,2.500000,1421.877356
16.000000,2.500000,1534.642388
17.000000,2.500000,1651.569535
18.000000,2.500000,1772.658795
15.000000,3.000000,1423.182018
16.000000,3.000000,1536.066270
17.000000,3.000000,1653.118109
18.000000,3.000000,1774.337534
15.000000,3.500000,1424.474028
16.000000,3.500000,1537.477555
17.000000,3.500000,1654.654155
18.000000,3.500000,1776.003828
15.000000,4.000000,1425.766185
16.000000,4.000000,1538.889040
17.000000,4.000000,1656.190458
18.000000,4.000000,1777.670440
15.000000,4.500000,1427.046141
16.000000,4.500000,1540.288353
17.000000,4.500000,1657.714634
18.000000,4.500000,1779.324983
15.000000,5.000000,1428.326246
16.000000,5.000000,1541.687869
17.000000,5.000000,1659.239068
18.000000,5.000000,1780.979844
15.000000,5.500000,1429.662775
16.000000,5.500000,1543.123527
17.000000,5.500000,1660.778006
18.000000,5.500000,1782.626212
15.000000,6.000000,1430.999464
16.000000,6.000000,1544.559394
17.000000,6.000000,1662.317206
18.000000,6.000000,1784.272898
15.000000,6.500000,1432.396051
16.000000,6.500000,1546.015263
17.000000,6.500000,1663.833931
18.000000,6.500000,1785.852055
14.000000,7.000000,1324.315298
15.000000,7.000000,1433.792806
16.000000,7.000000,1547.471345
17.000000,7.000000,1665.350916
18.000000,7.000000,1787.431517
14.000000,7.500000,1325.658297
15.000000,7.500000,1435.182233
16.000000,7.500000,1548.908030
17.000000,7.500000,1666.835688
18.000000,7.500000,1788.965207
14.000000,8.000000,1327.001421
15.000000,8.000000,1436.571830
16.000000,8.000000,1550.344929
17.000000,8.000000,1668.320717
18.000000,8.000000,1790.499195
14.000000,8.500000,1328.348012
15.000000,8.500000,1437.964749
16.000000,8.500000,1551.784978
17.000000,8.500000,1669.808700
18.000000,8.500000,1792.035914
14.000000,9.000000,1329.694731
15.000000,9.000000,1439.357842
16.000000,9.000000,1553.225245
17.000000,9.000000,1671.296943
18.000000,9.000000,1793.572934
14.000000,9.500000,1331.044892
15.000000,9.500000,1440.754227
16.000000,9.500000,1554.668632
17.000000,9.500000,1672.788108
14.000000,10.000000,1332.395186
15.000000,10.000000,1442.150792
16.000000,10.000000,1556.112242
17.000000,10.000000,1674.279537
14.000000,10.500000,1333.748895
15.000000,10.500000,1443.550621
16.000000,10.500000,1557.558941
17.000000,10.500000,1675.773855
14.000000,11.000000,1335.102741
15.000000,11.000000,1444.950634
16.000000,11.000000,1559.005867
17.000000,11.000000,1677.268443
14.000000,11.500000,1336.483711
15.000000,11.500000,1446.372205
16.000000,11.500000,1560.468281
17.000000,11.500000,1678.771938
14.000000,12.000000,1337.864845
15.000000,12.000000,1447.793981
16.000000,12.000000,1561.930937
17.000000,12.000000,1680.275712
14.000000,12.500000,1339.260161
15.000000,12.500000,1449.263491
16.000000,12.500000,1563.477065
17.000000,12.500000,1681.900882
14.000000,13.000000,1340.655649
15.000000,13.000000,1450.733225
16.000000,13.000000,1565.023467
17.000000,13.000000,1683.526376
14.000000,13.500000,1342.073375
15.000000,13.500000,1452.276296
16.000000,13.500000,1566.697645
17.000000,13.500000,1685.337424
14.000000,14.000000,1343.491284
15.000000,14.000000,1453.819616
16.000000,14.000000,1568.372144
17.000000,14.000000,1687.148867
14.000000,14.500000,1344.848100
15.000000,14.500000,1455.313654
16.000000,14.500000,1570.010296
17.000000,14.500000,1688.938027
14.000000,15.000000,1346.205044
15.000000,15.000000,1456.807898
16.000000,15.000000,1571.648741
17.000000,15.000000,1690.727571
14.000000,15.500000,1347.571313
15.000000,15.500000,1458.306841
16.000000,15.500000,1573.286935
17.000000,15.500000,1692.511596
14.000000,16.000000,1348.937716
15.000000,16.000000,1459.805998
16.000000,16.000000,1574.925428
17.000000,16.000000,1694.296009
14.000000,16.500000,1350.340745
15.000000,16.500000,1461.330267
16.000000,16.500000,1576.576605
17.000000,16.500000,1696.079757
14.000000,17.000000,1351.743937
15.000000,17.000000,1462.854775
16.000000,17.000000,1578.228097
17.000000,17.000000,1697.863903
14.000000,17.500000,1353.185182
15.000000,17.500000,1464.413982
16.000000,17.500000,1579.910451
17.000000,17.500000,1699.674589
14.000000,18.000000,1354.626618
15.000000,18.000000,1465.973443
16.000000,18.000000,1581.593125
17.000000,18.000000,1701.485664
14.000000,18.500000,1356.091091
15.000000,18.500000,1467.581494
16.000000,18.500000,1583.351522
17.000000,18.500000,1703.401177
14.000000,19.000000,1357.555762
15.000000,19.000000,1469.189810
16.000000,19.000000,1585.110257
17.000000,19.000000,1705.317103
14.000000,19.500000,1359.064001
15.000000,19.500000,1470.896137
16.000000,19.500000,1587.025005
17.000000,19.500000,1707.450605
14.000000,20.000000,1360.572455
15.000000,20.000000,1472.602767
16.000000,20.000000,1588.940155
17.000000,20.000000,1709.584620
14.000000,20.500000,1362.093694
15.000000,20.500000,1474.316808
16.000000,20.500000,1590.856970
17.000000,20.500000,1711.714181
14.000000,21.000000,1363.615156
15.000000,21.000000,1476.031159
16.000000,21.000000,1592.774194
17.000000,21.000000,1713.844261
14.000000,21.500000,1365.165369
15.000000,21.500000,1477.764308
16.000000,21.500000,1594.699496
17.000000,21.500000,1715.970934
14.000000,22.000000,1366.715828
15.000000,22.000000,1479.497788
16.000000,22.000000,1596.625222
17.000000,22.000000,1718.098132
14.000000,22.500000,1368.320661
15.000000,22.500000,1481.268069
16.000000,22.500000,1598.568755
17.000000,22.500000,1720.222716
14.000000,23.000000,1369.925790
15.000000,23.000000,1483.038721
16.000000,23.000000,1600.512736
17.000000,23.000000,1722.347835
14.000000,23.500000,1371.542947
15.000000,23.500000,1484.814810
16.000000,23.500000,1602.455099
17.000000,23.500000,1724.463812
14.000000,24.000000,1373.160409
15.000000,24.000000,1486.591277
16.000000,24.000000,1604.397916
17.000000,24.000000,1726.580327
14.000000,24.500000,1374.791315
15.000000,24.500000,1488.380550
16.000000,24.500000,1606.352884
17.000000,24.500000,1728.708315
14.000000,25.000000,1376.422537
15.000000,25.000000,1490.170216
16.000000,25.000000,1608.308326
17.000000,25.000000,1730.836866
14.000000,25.500000,1378.074325
15.000000,25.500000,1491.988229
16.000000,25.500000,1610.300495
17.000000,25.500000,1733.011121
14.000000,26.000000,1379.726448
15.000000,26.000000,1493.806668
16.000000,26.000000,1612.293187
17.000000,26.000000,1735.186003
14.000000,26.500000,1381.405758
15.000000,26.500000,1495.641174
16.000000,26.500000,1614.289967
17.000000,26.500000,1737.352135
14.000000,27.000000,1383.085430
15.000000,27.000000,1497.476127
16.000000,27.000000,1616.287283
17.000000,27.000000,1739.518898
14.000000,27.500000,1384.855286
15.000000,27.500000,1499.370046
16.000000,27.500000,1618.309914
13.000000,28.000000,1276.416442
14.000000,28.000000,1386.625573
15.000000,28.000000,1501.264462
16.000000,28.000000,1620.333108
13.000000,28.500000,1278.137306
14.000000,28.500000,1388.446728
15.000000,28.500000,1503.189018
16.000000,28.500000,1622.364178
13.000000,29.000000,1279.858581
14.000000,29.000000,1390.268347
15.000000,29.000000,1505.114094
16.000000,29.000000,1624.395823
13.000000,29.500000,1281.563106
14.000000,29.500000,1392.073191
15.000000,29.500000,1507.022387
16.000000,29.500000,1626.410694
13.000000,30.000000,1283.268045
14.000000,30.000000,1393.878502
15.000000,30.000000,1508.931200
16.000000,30.000000,1628.426138
13.000000,30.500000,1284.964975
14.000000,30.500000,1395.718911
15.000000,30.500000,1510.921311
16.000000,30.500000,1630.572176
13.000000,31.000000,1286.662328
14.000000,31.000000,1397.559819
15.000000,31.000000,1512.912004
16.000000,31.000000,1632.718881
13.000000,31.500000,1288.360283
14.000000,31.500000,1399.435929
15.000000,31.500000,1514.975004
16.000000,31.500000,1634.977508
13.000000,32.000000,1290.058674
14.000000,32.000000,1401.312575
15.000000,32.000000,1517.038650
16.000000,32.000000,1637.236899
13.000000,32.500000,1292.096693
14.000000,32.500000,1403.454518
15.000000,32.500000,1519.287083
16.000000,32.500000,1639.594388
13.000000,33.000000,1294.135364
14.000000,33.000000,1405.597175
15.000000,33.000000,1521.536292
16.000000,33.000000,1641.952716
13.000000,33.500000,1296.206425
14.000000,33.500000,1407.767269
15.000000,33.500000,1523.807494
16.000000,33.500000,1644.327101
13.000000,34.000000,1298.278180
14.000000,34.000000,1409.938111
15.000000,34.000000,1526.079498
16.000000,34.000000,1646.702343
13.000000,34.500000,1300.346757
14.000000,34.500000,1412.109384
15.000000,34.500000,1528.355855
16.000000,34.500000,1649.086170
13.000000,35.000000,1302.416015
14.000000,35.000000,1414.281399
15.000000,35.000000,1530.633015
16.000000,35.000000,1651.470863
13.000000,35.500000,1304.422532
14.000000,35.500000,1416.409730
15.000000,35.500000,1532.887247
16.000000,35.500000,1653.855084
13.000000,36.000000,1306.429643
14.000000,36.000000,1418.538743
15.000000,36.000000,1535.142251
16.000000,36.000000,1656.240168
13.000000,36.500000,1308.457503
14.000000,36.500000,1420.714783
15.000000,36.500000,1537.472448
16.000000,36.500000,1658.730498
13.000000,37.000000,1310.486011
14.000000,37.000000,1422.891586
15.000000,37.000000,1539.803525
16.000000,37.000000,1661.221830
13.000000,37.500000,1312.514213
14.000000,37.500000,1425.091811
15.000000,37.500000,1542.182947
16.000000,37.500000,1663.787619
13.000000,38.000000,1314.543218
14.000000,38.000000,1427.292934
15.000000,38.000000,1544.563365
16.000000,38.000000,1666.354512
13.000000,38.500000,1316.570679
14.000000,38.500000,1429.485937
15.000000,38.500000,1546.928282
16.000000,38.500000,1668.897714
13.000000,39.000000,1318.598991
14.000000,39.000000,1431.679856
15.000000,39.000000,1549.294184
16.000000,39.000000,1671.441973
13.000000,39.500000,1320.636404
14.000000,39.500000,1433.876987
15.000000,39.500000,1551.656984
16.000000,39.500000,1673.976396
13.000000,40.000000,1322.674673
14.000000,40.000000,1436.075037
15.000000,40.000000,1554.020770
16.000000,40.000000,1676.511870
13.000000,40.500000,1324.721079
14.000000,40.500000,1438.275338
15.000000,40.500000,1556.380500
16.000000,40.500000,1679.036564
13.000000,41.000000,1326.768346
14.000000,41.000000,1440.476561
15.000000,41.000000,1558.741215
16.000000,41.000000,1681.562306
13.000000,41.500000,1328.837224
14.000000,41.500000,1442.703820
15.000000,41.500000,1561.132457
16.000000,41.500000,1684.123136
13.000000,42.000000,1330.907049
14.000000,42.000000,1444.932079
15.000000,42.000000,1563.524755
16.000000,42.000000,1686.685077
13.000000,42.500000,1333.037718
14.000000,42.500000,1447.205438
15.000000,42.500000,1565.945161
16.000000,42.500000,1689.256888
13.000000,43.000000,1335.169458
14.000000,43.000000,1449.479916
15.000000,43.000000,1568.366736
16.000000,43.000000,1691.829917
13.000000,43.500000,1337.389265
14.000000,43.500000,1451.815941
15.000000,43.500000,1570.821130
16.000000,43.500000,1694.404833
13.000000,44.000000,1339.610297
14.000000,44.000000,1454.153210
15.000000,44.000000,1573.276789
16.000000,44.000000,1696.981034
13.000000,44.500000,1341.823210
14.000000,44.500000,1456.488191
15.000000,44.500000,1575.736404
12.000000,45.000000,1233.836065
13.000000,45.000000,1344.037341
14.000000,45.000000,1458.824415
15.000000,45.000000,1578.197286
12.000000,45.500000,1235.918562
13.000000,45.500000,1346.244739
14.000000,45.500000,1461.159686
15.000000,45.500000,1580.663403
12.000000,46.000000,1238.002245
13.000000,46.000000,1348.453351
14.000000,46.000000,1463.496200
15.000000,46.000000,1583.130792
12.000000,46.500000,1240.283719
13.000000,46.500000,1350.816545
14.000000,46.500000,1465.940178
15.000000,46.500000,1585.654617
12.000000,47.000000,1242.566617
13.000000,47.000000,1353.181132
14.000000,47.000000,1468.385517
15.000000,47.000000,1588.179771
12.000000,47.500000,1244.980642
13.000000,47.500000,1355.683097
14.000000,47.500000,1470.974711
15.000000,47.500000,1590.855484
12.000000,48.000000,1247.396269
13.000000,48.000000,1358.186642
14.000000,48.000000,1473.565464
15.000000,48.000000,1593.532735
12.000000,48.500000,1249.883895
13.000000,48.500000,1360.790954
14.000000,48.500000,1476.287354
15.000000,48.500000,1596.373093
12.000000,49.000000,1252.373325
13.000000,49.000000,1363.397061
14.000000,49.000000,1479.011025
15.000000,49.000000,1599.215220
12.000000,49.500000,1254.898243
13.000000,49.500000,1366.068974
14.000000,49.500000,1481.833123
15.000000,49.500000,1602.190687
12.000000,50.000000,1257.424996
13.000000,50.000000,1368.742760
14.000000,50.000000,1484.657127
15.000000,50.000000,1605.168095
12.000000,50.500000,1259.977919
13.000000,50.500000,1371.432566
14.000000,50.500000,1487.486238
15.000000,50.500000,1608.138935
12.000000,51.000000,1262.532696
13.000000,51.000000,1374.124252
14.000000,51.000000,1490.317255
15.000000,51.000000,1611.111704
12.000000,51.500000,1265.069482
13.000000,51.500000,1376.799511
14.000000,51.500000,1493.132947
15.000000,51.500000,1614.069791
12.000000,52.000000,1267.608241
13.000000,52.000000,1379.476734
14.000000,52.000000,1495.950592
15.000000,52.000000,1617.029814
12.000000,52.500000,1270.124134
13.000000,52.500000,1382.138494
14.000000,52.500000,1498.760149
15.000000,52.500000,1619.989098
12.000000,53.000000,1272.642091
13.000000,53.000000,1384.802294
14.000000,53.000000,1501.571709
15.000000,53.000000,1622.950337
12.000000,53.500000,1275.267866
13.000000,53.500000,1387.631931
14.000000,53.500000,1504.611430
15.000000,53.500000,1626.206363
12.000000,54.000000,1277.895903
13.000000,54.000000,1390.463906
14.000000,54.000000,1507.653558
15.000000,54.000000,1629.464859
12.000000,54.500000,1280.558180
13.000000,54.500000,1393.334860
14.000000,54.500000,1510.739716
15.000000,54.500000,1632.772748
12.000000,55.000000,1283.222780
13.000000,55.000000,1396.208226
14.000000,55.000000,1513.828368
15.000000,55.000000,1636.083205
12.000000,55.500000,1285.894756
13.000000,55.500000,1399.100564
14.000000,55.500000,1516.948531
15.000000,55.500000,1639.438655
12.000000,56.000000,1288.569064
13.000000,56.000000,1401.995348
14.000000,56.000000,1520.071248
15.000000,56.000000,1642.796763
12.000000,56.500000,1291.387037
13.000000,56.500000,1404.999058
14.000000,56.500000,1523.264820
15.000000,56.500000,1646.184323
12.000000,57.000000,1294.207616
13.000000,57.000000,1408.005412
14.000000,57.000000,1526.461064
15.000000,57.000000,1649.574572
12.000000,57.500000,1297.274166
13.000000,57.500000,1411.189314
14.000000,57.500000,1529.760072
15.000000,57.500000,1652.986443
12.000000,58.000000,1300.343833
13.000000,58.000000,1414.376205
14.000000,58.000000,1533.061932
15.000000,58.000000,1656.401016
12.000000,58.500000,1303.439362
13.000000,58.500000,1417.594729
14.000000,58.500000,1536.401622
12.000000,59.000000,1306.538060
13.000000,59.000000,1420.816310
14.000000,59.000000,1539.744243
12.000000,59.500000,1309.697459
13.000000,59.500000,1424.144352
14.000000,59.500000,1543.243080
12.000000,60.000000,1312.860188
13.000000,60.000000,1427.475744
14.000000,60.000000,1546.745282
12.000000,60.500000,1316.022754
13.000000,60.500000,1430.799043
14.000000,60.500000,1550.230829
11.000000,61.000000,1208.908617
12.000000,61.000000,1319.188632
13.000000,61.000000,1434.125655
14.000000,61.000000,1553.719685
11.000000,61.500000,1211.984892
12.000000,61.500000,1322.403916
13.000000,61.500000,1437.479335
14.000000,61.500000,1557.211147
11.000000,62.000000,1215.064666
12.000000,62.000000,1325.622644
13.000000,62.000000,1440.836396
14.000000,62.000000,1560.705922
11.000000,62.500000,1218.362400
12.000000,62.500000,1329.008882
13.000000,62.500000,1444.304774
14.000000,62.500000,1564.250078
11.000000,63.000000,1221.664289
12.000000,63.000000,1332.399048
13.000000,63.000000,1447.776842
14.000000,63.000000,1567.797674
11.000000,63.500000,1224.971866
12.000000,63.500000,1335.805431
13.000000,63.500000,1451.276553
14.000000,63.500000,1571.385232
11.000000,64.000000,1228.283592
12.000000,64.000000,1339.215763
13.000000,64.000000,1454.779999
14.000000,64.000000,1574.976300
11.000000,64.500000,1231.589503
12.000000,64.500000,1342.630644
13.000000,64.500000,1458.299654
14.000000,64.500000,1578.596535
11.000000,65.000000,1234.899535
12.000000,65.000000,1346.049490
13.000000,65.000000,1461.823111
14.000000,65.000000,1582.220400
11.000000,65.500000,1238.208802
12.000000,65.500000,1349.481537
13.000000,65.500000,1465.375856
14.000000,65.500000,1585.891758
11.000000,66.000000,1241.522184
12.000000,66.000000,1352.917626
13.000000,66.000000,1468.932567
14.000000,66.000000,1589.567004
15.000000,66.000000,1710.135277
16.000000,66.000000,1830.699689
17.000000,66.000000,1955.232153
11.000000,66.500000,1244.871383
12.000000,66.500000,1356.383456
13.000000,66.500000,1472.512205
14.000000,66.500000,1593.257628
15.000000,66.500000,1713.669696
16.000000,66.500000,1834.389734
17.000000,66.500000,1959.078728
11.000000,67.000000,1248.224787
12.000000,67.000000,1359.853393
13.000000,67.000000,1476.095850
14.000000,67.000000,1596.952158
15.000000,67.000000,1717.207290
16.000000,67.000000,1838.082922
17.000000,67.000000,1962.928400
11.000000,67.500000,1251.894510
12.000000,67.500000,1363.558222
13.000000,67.500000,1479.824276
14.000000,67.500000,1600.692670
15.000000,67.500000,1720.758582
16.000000,67.500000,1841.782401
17.000000,67.500000,1966.776530
11.000000,68.000000,1255.569391
12.000000,68.000000,1367.267820
13.000000,68.000000,1483.557085
14.000000,68.000000,1604.437183
15.000000,68.000000,1724.313050
16.000000,68.000000,1845.485012
17.000000,68.000000,1970.627736
11.000000,68.500000,1259.236974
12.000000,68.500000,1370.974952
13.000000,68.500000,1487.292936
14.000000,68.500000,1608.190923
15.000000,68.500000,1727.899298
16.000000,68.500000,1849.214537
17.000000,68.500000,1974.500409
11.000000,69.000000,1262.909675
12.000000,69.000000,1374.686838
13.000000,69.000000,1491.033178
14.000000,69.000000,1611.948697
15.000000,69.000000,1731.488800
16.000000,69.000000,1852.947251
17.000000,69.000000,1978.376193
11.000000,69.500000,1266.577008
12.000000,69.500000,1378.397027
13.000000,69.500000,1494.775911
14.000000,69.500000,1615.713658
15.000000,69.500000,1735.122012
16.000000,69.500000,1856.741522
17.000000,69.500000,1982.332269
11.000000,70.000000,1270.249428
12.000000,70.000000,1382.111958
13.000000,70.000000,1498.523042
14.000000,70.000000,1619.482679
15.000000,70.000000,1738.758571
16.000000,70.000000,1860.539100
17.000000,70.000000,1986.291595
11.000000,70.500000,1273.953637
12.000000,70.500000,1385.918587
13.000000,70.500000,1502.426494
14.000000,70.500000,1623.477357
15.000000,70.500000,1742.598931
16.000000,70.500000,1864.493598
17.000000,70.500000,1990.357846
11.000000,71.000000,1277.663002
12.000000,71.000000,1389.730178
13.000000,71.000000,1506.334709
14.000000,71.000000,1627.476595
15.000000,71.000000,1746.443045
16.000000,71.000000,1868.451725
17.000000,71.000000,1994.427590
11.000000,71.500000,1281.432624
12.000000,71.500000,1393.688495
13.000000,71.500000,1510.482832
14.000000,71.500000,1631.815635
15.000000,71.500000,1750.565217
16.000000,71.500000,1872.628876
17.000000,71.500000,1998.653843
11.000000,72.000000,1285.207550
12.000000,72.000000,1397.652145
13.000000,72.000000,1514.636311
14.000000,72.000000,1636.160046
15.000000,72.000000,1754.691767
16.000000,72.000000,1876.810188
17.000000,72.000000,2002.884043
11.000000,72.500000,1289.113819
12.000000,72.500000,1401.708253
13.000000,72.500000,1518.837890
14.000000,72.500000,1640.393918
15.000000,72.500000,1758.807936
16.000000,72.500000,1880.987275
17.000000,72.500000,2007.116550
11.000000,73.000000,1293.025915
12.000000,73.000000,1405.770057
13.000000,73.000000,1523.045005
14.000000,73.000000,1644.632833
15.000000,73.000000,1762.928444
16.000000,73.000000,1885.168495
17.000000,73.000000,2011.352987
11.000000,73.500000,1296.926891
12.000000,73.500000,1409.821864
13.000000,73.500000,1527.243207
14.000000,73.500000,1648.672664
15.000000,73.500000,1767.040306
16.000000,73.500000,1889.347266
17.000000,73.500000,2015.593545
11.000000,74.000000,1300.833644
12.000000,74.000000,1413.879321
13.000000,74.000000,1531.446896
14.000000,74.000000,1652.716991
15.000000,74.000000,1771.156471
16.000000,74.000000,1893.530146
17.000000,74.000000,2019.838018
11.000000,74.500000,1304.765904
12.000000,74.500000,1417.999625
13.000000,74.500000,1535.753906
14.000000,74.500000,1656.883016
15.000000,74.500000,1775.362511
16.000000,74.500000,1897.768403
17.000000,74.500000,2024.100695
11.000000,75.000000,1308.703992
12.000000,75.000000,1422.125737
13.000000,75.000000,1540.066673
14.000000,75.000000,1661.053853
15.000000,75.000000,1779.573067
16.000000,75.000000,1902.010883
17.000000,75.000000,2028.367302
11.000000,75.500000,1312.661792
12.000000,75.500000,1426.274469
13.000000,75.500000,1544.405161
14.000000,75.500000,1665.238152
15.000000,75.500000,1783.815171
16.000000,75.500000,1906.304568
17.000000,75.500000,2032.706342
10.000000,76.000000,1207.338664
11.000000,76.000000,1316.625452
12.000000,76.000000,1430.429047
13.000000,76.000000,1548.749448
14.000000,76.000000,1669.427289
15.000000,76.000000,1788.061880
16.000000,76.000000,1910.602625
17.000000,76.000000,2037.049524
10.000000,76.500000,1211.125512
11.000000,76.500000,1320.598292
12.000000,76.500000,1434.587135
13.000000,76.500000,1553.092038
14.000000,76.500000,1673.613884
15.000000,76.500000,1792.311454
16.000000,76.500000,1914.908257
17.000000,76.500000,2041.404295
10.000000,77.000000,1214.918227
11.000000,77.000000,1324.577017
12.000000,77.000000,1438.751108
13.000000,77.000000,1557.440500
14.000000,77.000000,1677.805439
15.000000,77.000000,1796.565727
16.000000,77.000000,1919.218322
17.000000,77.000000,2045.763224
10.000000,77.500000,1218.820010
11.000000,77.500000,1328.636751
12.000000,77.500000,1442.964504
13.000000,77.500000,1561.803270
14.000000,77.500000,1682.028285
15.000000,77.500000,1800.949694
16.000000,77.500000,1923.762246
17.000000,77.500000,2050.465940
10.000000,78.000000,1222.728043
11.000000,78.000000,1332.702672
12.000000,78.000000,1447.184001
13.000000,78.000000,1566.172030
14.000000,78.000000,1686.256254
15.000000,78.000000,1805.338742
16.000000,78.000000,1928.311189
17.000000,78.000000,2055.173596
10.000000,78.500000,1226.669716
11.000000,78.500000,1336.794428
12.000000,78.500000,1451.420443
13.000000,78.500000,1570.547761
14.000000,78.500000,1690.499382
15.000000,78.500000,1809.762788
16.000000,78.500000,1932.916288
10.000000,79.000000,1230.617729
11.000000,79.000000,1340.892435
12.000000,79.000000,1455.663018
13.000000,79.000000,1574.929479
14.000000,79.000000,1694.747648
15.000000,79.000000,1814.191977
16.000000,79.000000,1937.526517
10.000000,79.500000,1234.571627
11.000000,79.500000,1344.993200
12.000000,79.500000,1459.905335
13.000000,79.500000,1579.308032
14.000000,79.500000,1699.004145
15.000000,79.500000,1818.630359
16.000000,79.500000,1942.146713
10.000000,80.000000,1238.531859
11.000000,80.000000,1349.100198
12.000000,80.000000,1464.153762
13.000000,80.000000,1583.692550
14.000000,80.000000,1703.265794
15.000000,80.000000,1823.073892
16.000000,80.000000,1946.772039
10.000000,80.500000,1242.531497
11.000000,80.500000,1353.230855
12.000000,80.500000,1468.409140
13.000000,80.500000,1588.066351
14.000000,80.500000,1707.532234
15.000000,80.500000,1827.524895
16.000000,80.500000,1951.406840
10.000000,81.000000,1246.537580
11.000000,81.000000,1357.367810
12.000000,81.000000,1472.670655
13.000000,81.000000,1592.446113
14.000000,81.000000,1711.803875
15.000000,81.000000,1831.981089
16.000000,81.000000,1956.046788
10.000000,81.500000,1250.559306
11.000000,81.500000,1361.515131
12.000000,81.500000,1476.936767
13.000000,81.500000,1596.824215
14.000000,81.500000,1716.084192
15.000000,81.500000,1836.449033
16.000000,81.500000,1960.702573
10.000000,82.000000,1254.587503
11.000000,82.000000,1365.668757
12.000000,82.000000,1481.209006
13.000000,82.000000,1601.208248
14.000000,82.000000,1720.369717
15.000000,82.000000,1840.922210
16.000000,82.000000,1965.363597
10.000000,82.500000,1258.928941
11.000000,82.500000,1370.126328
12.000000,82.500000,1485.774605
13.000000,82.500000,1605.873769
14.000000,82.500000,1724.881229
15.000000,82.500000,1845.544709
16.000000,82.500000,1970.091752
10.000000,83.000000,1263.277861
11.000000,83.000000,1374.591132
12.000000,83.000000,1490.347178
13.000000,83.000000,1610.546000
14.000000,83.000000,1729.398519
15.000000,83.000000,1850.172808
16.000000,83.000000,1974.825312
10.000000,83.500000,1267.781098
11.000000,83.500000,1379.216351
12.000000,83.500000,1495.086542
13.000000,83.500000,1615.391672
14.000000,83.500000,1734.071552
15.000000,83.500000,1854.934974
16.000000,83.500000,1979.669780
10.000000,84.000000,1272.292322
11.000000,84.000000,1383.849300
12.000000,84.000000,1499.833373
13.000000,84.000000,1620.244543
14.000000,84.000000,1738.750763
15.000000,84.000000,1859.703078
16.000000,84.000000,1984.519934
10.000000,84.500000,1276.776326
11.000000,84.500000,1388.466671
12.000000,84.500000,1504.577280
13.000000,84.500000,1625.108154
14.000000,84.500000,1743.474496
15.000000,84.500000,1864.554575
16.000000,84.500000,1989.495421
10.000000,85.000000,1281.268191
11.000000,85.000000,1393.091691
12.000000,85.000000,1509.328616
13.000000,85.000000,1629.978965
14.000000,85.000000,1748.204509
15.000000,85.000000,1869.412227
16.000000,85.000000,1994.476931
10.000000,85.500000,1285.843545
11.000000,85.500000,1397.798573
12.000000,85.500000,1514.159570
13.000000,85.500000,1634.926536
14.000000,85.500000,1752.992517
15.000000,85.500000,1874.305886
16.000000,85.500000,1999.470896
10.000000,86.000000,1290.427030
11.000000,86.000000,1402.513353
12.000000,86.000000,1518.998179
13.000000,86.000000,1639.881510
14.000000,86.000000,1757.786938
15.000000,86.000000,1879.205770
16.000000,86.000000,2004.470889
10.000000,86.500000,1295.059469
11.000000,86.500000,1407.281069
12.000000,86.500000,1523.893709
13.000000,86.500000,1644.790783
14.000000,86.500000,1762.624036
15.000000,86.500000,1884.130295
16.000000,86.500000,2009.476250
10.000000,87.000000,1299.700185
11.000000,87.000000,1412.056833
12.000000,87.000000,1528.797046
13.000000,87.000000,1649.707288
14.000000,87.000000,1767.467637
15.000000,87.000000,1889.061083
16.000000,87.000000,2014.487627
10.000000,87.500000,1304.287710
11.000000,87.500000,1416.795492
12.000000,87.500000,1533.679521
13.000000,87.500000,1654.453801
14.000000,87.500000,1772.349087
15.000000,87.500000,1894.073813
16.000000,87.500000,2019.627980
10.000000,88.000000,1308.883313
11.000000,88.000000,1421.542066
12.000000,88.000000,1538.569719
13.000000,88.000000,1659.207011
14.000000,88.000000,1777.237117
15.000000,88.000000,1899.092997
16.000000,88.000000,2024.774652
10.000000,88.500000,1313.484282
11.000000,88.500000,1426.362609
12.000000,88.500000,1543.607960
13.000000,88.500000,1664.174227
14.000000,88.500000,1782.316368
15.000000,88.500000,1904.277504
16.000000,88.500000,2030.057635
10.000000,89.000000,1318.093323
11.000000,89.000000,1431.191307
12.000000,89.000000,1548.654412
13.000000,89.000000,1669.148805
14.000000,89.000000,1787.402760
15.000000,89.000000,1909.468916
16.000000,89.000000,2035.347271
10.000000,89.500000,1322.749388
11.000000,89.500000,1436.082891
12.000000,89.500000,1553.781401
13.000000,89.500000,1674.200324
14.000000,89.500000,1792.540999
15.000000,89.500000,1914.684842
16.000000,89.500000,2040.631855
10.000000,90.000000,1327.413662
11.000000,90.000000,1440.982814
12.000000,90.000000,1558.916841
13.000000,90.000000,1679.259422
14.000000,90.000000,1797.686511
15.000000,90.000000,1919.907719
16.000000,90.000000,2045.923044
10.000000,90.500000,1332.125969
11.000000,90.500000,1445.923941
12.000000,90.500000,1564.085681
13.000000,90.500000,1684.351311
14.000000,90.500000,1802.945044
15.000000,90.500000,1925.330025
10.000000,91.000000,1336.846625
11.000000,91.000000,1450.873519
12.000000,91.000000,1569.263049
13.000000,91.000000,1689.450851
14.000000,91.000000,1808.211168
15.000000,91.000000,1930.759851
10.000000,91.500000,1341.640217
11.000000,91.500000,1455.890419
12.000000,91.500000,1574.500491
13.000000,91.500000,1694.594312
14.000000,91.500000,1813.513268
15.000000,91.500000,1936.217105
10.000000,92.000000,1346.442385
11.000000,92.000000,1460.915976
12.000000,92.000000,1579.746632
13.000000,92.000000,1699.745528
14.000000,92.000000,1818.823036
15.000000,92.000000,1941.681927
10.000000,92.500000,1351.309512
11.000000,92.500000,1465.983785
12.000000,92.500000,1585.010396
13.000000,92.500000,1704.896069
14.000000,92.500000,1824.135162
15.000000,92.500000,1947.152397
9.000000,93.000000,1245.658050
10.000000,93.000000,1356.185419
11.000000,93.000000,1471.060362
12.000000,93.000000,1590.282881
13.000000,93.000000,1710.054331
14.000000,93.000000,1829.454930
15.000000,93.000000,1952.630418
9.000000,93.500000,1250.408757
10.000000,93.500000,1361.118057
11.000000,93.500000,1476.168053
12.000000,93.500000,1595.558747
13.000000,93.500000,1715.206600
14.000000,93.500000,1834.778754
15.000000,93.500000,1958.123528
9.000000,94.000000,1255.168500
10.000000,94.000000,1366.059649
11.000000,94.000000,1481.284584
12.000000,94.000000,1600.843305
13.000000,94.000000,1720.366543
14.000000,94.000000,1840.110208
15.000000,94.000000,1963.624216
9.000000,94.500000,1259.920428
10.000000,94.500000,1371.048829
11.000000,94.500000,1486.510421
12.000000,94.500000,1606.305205
13.000000,94.500000,1725.716437
14.000000,94.500000,1845.582137
15.000000,94.500000,1969.211047
9.000000,95.000000,1264.681328
10.000000,95.000000,1376.047103
11.000000,95.000000,1491.745460
12.000000,95.000000,1611.776399
13.000000,95.000000,1731.074618
14.000000,95.000000,1851.062142
15.000000,95.000000,1974.805725
9.000000,95.500000,1269.438275
10.000000,95.500000,1381.045359
11.000000,95.500000,1496.984954
12.000000,95.500000,1617.257059
13.000000,95.500000,1736.433319
14.000000,95.500000,1856.541654
15.000000,95.500000,1980.398511
9.000000,96.000000,1274.204147
10.000000,96.000000,1386.052677
11.000000,96.000000,1502.233633
12.000000,96.000000,1622.747015
13.000000,96.000000,1741.800283
14.000000,96.000000,1862.029211
15.000000,96.000000,1985.999103
9.000000,96.500000,1279.181705
10.000000,96.500000,1391.209560
11.000000,96.500000,1507.562817
12.000000,96.500000,1628.241478
13.000000,96.500000,1747.163421
14.000000,96.500000,1867.547281
15.000000,96.500000,1991.667844
9.000000,97.000000,1284.168950
10.000000,97.000000,1396.376015
11.000000,97.000000,1512.901438
12.000000,97.000000,1633.745219
13.000000,97.000000,1752.534785
14.000000,97.000000,1873.073477
15.000000,97.000000,1997.344599
9.000000,97.500000,1289.148224
10.000000,97.500000,1401.555879
11.000000,97.500000,1518.277154
12.000000,97.500000,1639.312048
13.000000,97.500000,1757.977821
14.000000,97.500000,1878.678429
15.000000,97.500000,2003.108416
9.000000,98.000000,1294.137126
10.000000,98.000000,1406.745333
11.000000,98.000000,1523.662402
12.000000,98.000000,1644.888334
13.000000,98.000000,1763.429280
14.000000,98.000000,1884.291729
15.000000,98.000000,2008.880502
9.000000,98.500000,1299.144152
10.000000,98.500000,1411.957767
11.000000,98.500000,1529.076048
12.000000,98.500000,1650.498994
13.000000,98.500000,1768.909427
14.000000,98.500000,1889.929195
15.000000,98.500000,2014.671922
9.000000,99.000000,1304.160842
10.000000,99.000000,1417.179841
11.000000,99.000000,1534.499291
12.000000,99.000000,1656.119192
13.000000,99.000000,1774.398055
14.000000,99.000000,1895.575054
15.000000,99.000000,2020.471639
9.000000,99.500000,1309.197776
10.000000,99.500000,1422.425843
11.000000,99.500000,1539.950170
12.000000,99.500000,1661.770758
13.000000,99.500000,1779.911904
14.000000,99.500000,1901.243469
15.000000,99.500000,2026.291078
9.000000,100.000000,1314.244417
10.000000,100.000000,1427.681536
11.000000,100.000000,1545.410707
12.000000,100.000000,1667.431931
13.000000,100.000000,1785.434283
14.000000,100.000000,1906.920314
15.000000,100.000000,2032.118843
9.000000,100.500000,1319.299073
10.000000,100.500000,1432.922842
11.000000,100.500000,1550.835149
12.000000,100.500000,1672.883929
13.000000,100.500000,1790.961705
14.000000,100.500000,1912.633307
15.000000,100.500000,2038.013332
9.000000,101.000000,1324.363424
10.000000,101.000000,1438.173743
11.000000,101.000000,1556.269085
12.000000,101.000000,1678.344815
13.000000,101.000000,1796.497669
14.000000,101.000000,1918.354839
15.000000,101.000000,2043.916324
9.000000,101.500000,1329.509511
10.000000,101.500000,1443.496892
11.000000,101.500000,1561.763620
12.000000,101.500000,1683.735528
13.000000,101.500000,1802.063434
14.000000,101.500000,1924.090792
15.000000,101.500000,2049.817603
9.000000,102.000000,1334.665563
10.000000,102.000000,1448.829864
11.000000,102.000000,1567.267832
12.000000,102.000000,1689.134881
13.000000,102.000000,1807.637805
14.000000,102.000000,1929.835292
15.000000,102.000000,2055.727342
9.000000,102.500000,1339.854283
10.000000,102.500000,1454.200469
11.000000,102.500000,1572.814240
12.000000,102.500000,1694.575813
13.000000,102.500000,1813.244302
14.000000,102.500000,1935.602423
15.000000,102.500000,2061.650176
9.000000,103.000000,1345.053055
10.000000,103.000000,1459.581004
11.000000,103.000000,1578.370444
12.000000,103.000000,1700.025493
13.000000,103.000000,1818.859475
14.000000,103.000000,1941.378138
15.000000,103.000000,2067.581483
9.000000,103.500000,1350.251798
10.000000,103.500000,1464.969384
11.000000,103.500000,1583.944022
12.000000,103.500000,1705.518880
13.000000,103.500000,1824.550139
14.000000,103.500000,1947.264551
9.000000,104.000000,1355.460553
10.000000,104.000000,1470.367679
11.000000,104.000000,1589.527414
12.000000,104.000000,1711.021123
13.000000,104.000000,1830.249688
14.000000,104.000000,1953.159875
9.000000,104.500000,1360.690031
10.000000,104.500000,1475.794256
11.000000,104.500000,1595.147200
9.000000,105.000000,1365.929564
10.000000,105.000000,1481.230817
11.000000,105.000000,1600.776895
9.000000,105.500000,1371.258100
10.000000,105.500000,1486.747538
11.000000,105.500000,1606.476274
9.000000,106.000000,1376.596987
10.000000,106.000000,1492.274500
11.000000,106.000000,1612.185773
9.000000,106.500000,1381.998256
10.000000,106.500000,1497.902988
11.000000,106.500000,1618.038618
9.000000,107.000000,1387.410075
10.000000,107.000000,1503.542056
11.000000,107.000000,1623.902060
9.000000,107.500000,1392.849945
10.000000,107.500000,1509.201592
11.000000,107.500000,1629.777272
9.000000,108.000000,1398.300433
10.000000,108.000000,1514.871747
11.000000,108.000000,1635.663089
9.000000,108.500000,1403.765080
10.000000,108.500000,1520.552909
11.000000,108.500000,1641.556406
9.000000,109.000000,1409.240367
10.000000,109.000000,1526.244695
11.000000,109.000000,1647.460320
9.000000,109.500000,1414.751525
10.000000,109.500000,1531.994057
11.000000,109.500000,1653.446429
8.000000,110.000000,1307.001001
9.000000,110.000000,1420.273417
10.000000,110.000000,1537.754209
11.000000,110.000000,1659.443379
8.000000,110.500000,1312.330891
9.000000,110.500000,1425.842767
10.000000,110.500000,1543.560936
11.000000,110.500000,1665.485400
8.000000,111.000000,1317.671583
9.000000,111.000000,1431.422977
10.000000,111.000000,1549.378576
11.000000,111.000000,1671.538380
8.000000,111.500000,1322.998089
9.000000,111.500000,1437.001115
10.000000,111.500000,1555.207448
11.000000,111.500000,1677.617088
8.000000,112.000000,1328.335298
9.000000,112.000000,1442.590067
10.000000,112.000000,1561.047236
11.000000,112.000000,1683.706807
8.000000,112.500000,1333.731122
9.000000,112.500000,1448.222616
10.000000,112.500000,1566.914812
11.000000,112.500000,1689.807710
8.000000,113.000000,1339.137857
9.000000,113.000000,1453.866115
10.000000,113.000000,1572.793371
11.000000,113.000000,1695.919626
8.000000,113.500000,1344.589592
9.000000,113.500000,1459.498116
10.000000,113.500000,1578.599927
11.000000,113.500000,1701.895027
8.000000,114.000000,1350.052387
9.000000,114.000000,1465.140986
10.000000,114.000000,1584.417162
11.000000,114.000000,1707.880916
8.000000,114.500000,1355.522761
9.000000,114.500000,1470.794709
10.000000,114.500000,1590.248095
11.000000,114.500000,1713.882918
8.000000,115.000000,1361.004167
9.000000,115.000000,1476.459293
10.000000,115.000000,1596.089713
11.000000,115.000000,1719.895428
8.000000,115.500000,1366.533974
9.000000,115.500000,1482.211860
10.000000,115.500000,1602.062198
8.000000,116.000000,1372.074959
9.000000,116.000000,1487.975578
10.000000,116.000000,1608.045802
8.000000,116.500000,1377.663025
9.000000,116.500000,1493.786331
10.000000,116.500000,1614.075671
8.000000,117.000000,1383.262398
9.000000,117.000000,1499.608363
10.000000,117.000000,1620.116784
8.000000,117.500000,1388.889136
9.000000,117.500000,1505.443385
10.000000,117.500000,1626.155502
8.000000,118.000000,1394.527255
9.000000,118.000000,1511.289698
10.000000,118.000000,1632.205417
8.000000,118.500000,1400.195658
9.000000,118.500000,1517.162395
10.000000,118.500000,1638.277699
8.000000,119.000000,1405.875525
9.000000,119.000000,1523.046445
10.000000,119.000000,1644.361223
8.000000,119.500000,1411.608615
9.000000,119.500000,1529.002212
10.000000,119.500000,1650.536311
8.000000,120.000000,1417.353334
9.000000,120.000000,1534.969563
10.000000,120.000000,1656.722936
8.000000,120.500000,1423.158665
9.000000,120.500000,1540.987377
10.000000,120.500000,1662.948124
8.000000,121.000000,1428.975808
9.000000,121.000000,1547.016918
10.000000,121.000000,1669.184946
8.000000,121.500000,1434.826215
9.000000,121.500000,1553.064999
10.000000,121.500000,1675.425068
8.000000,122.000000,1440.688514
9.000000,122.000000,1559.124821
10.000000,122.000000,1681.676774
8.000000,122.500000,1446.452708
9.000000,122.500000,1565.134934
10.000000,122.500000,1687.931125
8.000000,123.000000,1452.228350
9.000000,123.000000,1571.156550
10.000000,123.000000,1694.197028
8.000000,123.500000,1457.985117
9.000000,123.500000,1577.189084
10.000000,123.500000,1700.505550
8.000000,124.000000,1463.753217
9.000000,124.000000,1583.233129
10.000000,124.000000,1706.825753
8.000000,124.500000,1469.576608
9.000000,124.500000,1589.334176
10.000000,124.500000,1713.204173
8.000000,125.000000,1475.411510
9.000000,125.000000,1595.446915
10.000000,125.000000,1719.594458
8.000000,125.500000,1481.189640
9.000000,125.500000,1601.515121
10.000000,125.500000,1725.954098
8.000000,126.000000,1486.978941
9.000000,126.000000,1607.594729
10.000000,126.000000,1732.325366
8.000000,126.500000,1492.775651
9.000000,126.500000,1613.660069
10.000000,126.500000,1738.658134
8.000000,127.000000,1498.583509
9.000000,127.000000,1619.736719
10.000000,127.000000,1745.002362
8.000000,127.500000,1504.481225
9.000000,127.500000,1625.877039
10.000000,127.500000,1751.382170
7.000000,128.000000,1392.858160
8.000000,128.000000,1510.390433
9.000000,128.000000,1632.028897
10.000000,128.000000,1757.773552
7.000000,128.500000,1398.630797
8.000000,128.500000,1516.399444
9.000000,128.500000,1638.270590
10.000000,128.500000,1764.244235
7.000000,129.000000,1404.415307
8.000000,129.000000,1522.420323
9.000000,129.000000,1644.524140
10.000000,129.000000,1770.726756
7.000000,129.500000,1410.305784
8.000000,129.500000,1528.550428
9.000000,129.500000,1650.889945
10.000000,129.500000,1777.324334
7.000000,130.000000,1416.208531
8.000000,130.000000,1534.692797
9.000000,130.000000,1657.268000
10.000000,130.000000,1783.934142
