weight_g,550.000000
thrust_N,velocity_m_s,power_W
13.000000,26.000000,9302.978632
14.000000,26.000000,9985.952441
15.000000,26.000000,10693.086380
13.000000,26.500000,9310.591661
14.000000,26.500000,9994.047197
15.000000,26.500000,10701.677600
13.000000,27.000000,9318.207706
14.000000,27.000000,10002.145148
15.000000,27.000000,10710.272197
13.000000,27.500000,9325.881793
14.000000,27.500000,10010.337330
15.000000,27.500000,10718.999589
13.000000,28.000000,9333.558942
14.000000,28.000000,10018.532781
15.000000,28.000000,10727.730464
13.000000,28.500000,9341.437919
14.000000,28.500000,10026.885578
15.000000,28.500000,10736.570531
13.000000,29.000000,9349.320133
14.000000,29.000000,10035.241775
15.000000,29.000000,10745.414166
13.000000,29.500000,9357.724982
14.000000,29.500000,10043.960575
15.000000,29.500000,10754.447709
13.000000,30.000000,9366.133545
14.000000,30.000000,10052.683097
15.000000,30.000000,10763.484981
13.000000,30.500000,9374.557555
14.000000,30.500000,10061.434565
15.000000,30.500000,10772.565591
12.000000,31.000000,8720.036504
13.000000,31.000000,9382.985289
14.000000,31.000000,10070.189775
15.000000,31.000000,10781.649961
12.000000,31.500000,8728.143793
13.000000,31.500000,9391.439383
14.000000,31.500000,10078.993852
15.000000,31.500000,10790.807201
12.000000,32.000000,8736.254789
13.000000,32.000000,9399.897220
14.000000,32.000000,10087.801709
15.000000,32.000000,10799.968257
12.000000,32.500000,8744.399771
13.000000,32.500000,9408.598324
14.000000,32.500000,10097.077043
15.000000,32.500000,10809.835928
12.000000,33.000000,8752.548488
13.000000,33.000000,9417.303388
14.000000,33.000000,10106.356569
15.000000,33.000000,10819.708029
12.000000,33.500000,8760.775783
13.000000,33.500000,9426.339878
14.000000,33.500000,10116.238234
15.000000,33.500000,10830.470852
12.000000,34.000000,8769.006881
13.000000,34.000000,9435.380629
14.000000,34.000000,10126.124645
15.000000,34.000000,10841.238931
12.000000,34.500000,8778.079754
13.000000,34.500000,9445.042976
14.000000,34.500000,10136.394594
15.000000,34.500000,10852.134606
12.000000,35.000000,8787.157225
13.000000,35.000000,9454.710175
14.000000,35.000000,10146.669652
15.000000,35.000000,10863.035656
12.000000,35.500000,8796.891908
13.000000,35.500000,9464.851920
14.000000,35.500000,10157.221873
15.000000,35.500000,10874.001768
12.000000,36.000000,8806.631860
13.000000,36.000000,9474.998989
14.000000,36.000000,10167.779474
15.000000,36.000000,10884.973316
12.000000,36.500000,8816.384665
13.000000,36.500000,9485.146427
14.000000,36.500000,10178.324055
15.000000,36.500000,10895.917550
12.000000,37.000000,8826.142749
13.000000,37.000000,9495.299186
14.000000,37.000000,10188.874000
15.000000,37.000000,10906.867191
12.000000,37.500000,8835.911493
13.000000,37.500000,9505.450414
14.000000,37.500000,10199.409344
15.000000,37.500000,10917.788285
12.000000,38.000000,8845.685523
13.000000,38.000000,9515.606957
14.000000,38.000000,10209.950035
15.000000,38.000000,10928.714755
12.000000,38.500000,8855.562001
13.000000,38.500000,9526.050069
14.000000,38.500000,10220.974345
15.000000,38.500000,10940.334828
12.000000,39.000000,8865.443873
13.000000,39.000000,9536.498803
14.000000,39.000000,10232.004507
15.000000,39.000000,10951.960986
12.000000,39.500000,8875.688289
13.000000,39.500000,9547.445643
14.000000,39.500000,10243.677102
15.000000,39.500000,10964.382665
12.000000,40.000000,8885.938514
13.000000,40.000000,9558.398668
14.000000,40.000000,10255.356267
15.000000,40.000000,10976.811309
12.000000,40.500000,8897.128585
13.000000,40.500000,9570.053413
14.000000,40.500000,10267.479318
15.000000,40.500000,10989.406300
12.000000,41.000000,8908.325619
13.000000,41.000000,9581.715183
14.000000,41.000000,10279.609456
15.000000,41.000000,11002.008441
12.000000,41.500000,8919.744616
13.000000,41.500000,9593.535693
14.000000,41.500000,10291.829978
12.000000,42.000000,8931.170855
13.000000,42.000000,9605.363418
14.000000,42.000000,10304.057687
12.000000,42.500000,8942.601608
13.000000,42.500000,9617.197451
14.000000,42.500000,10316.293637
12.000000,43.000000,8954.039598
13.000000,43.000000,9629.038697
14.000000,43.000000,10328.536774
12.000000,43.500000,8965.482418
13.000000,43.500000,9640.886585
14.000000,43.500000,10340.788503
12.000000,44.000000,8976.932471
13.000000,44.000000,9652.741684
14.000000,44.000000,10353.047421
12.000000,44.500000,8988.511407
13.000000,44.500000,9664.881589
14.000000,44.500000,10365.757846
12.000000,45.000000,9000.097733
13.000000,45.000000,9677.029050
14.000000,45.000000,10378.475994
12.000000,45.500000,9012.585984
13.000000,45.500000,9690.188085
14.000000,45.500000,10392.320680
12.000000,46.000000,9025.082831
13.000000,46.000000,9703.355994
14.000000,46.000000,10406.174520
12.000000,46.500000,9038.407430
13.000000,46.500000,9717.211022
14.000000,46.500000,10420.562632
12.000000,47.000000,9051.741800
13.000000,47.000000,9731.075868
14.000000,47.000000,10434.960609
12.000000,47.500000,9065.113851
13.000000,47.500000,9744.968881
14.000000,47.500000,10449.376474
11.000000,48.000000,8422.674141
12.000000,48.000000,9078.495715
13.000000,48.000000,9758.871739
14.000000,48.000000,10463.802213
11.000000,48.500000,8435.539586
12.000000,48.500000,9091.882096
13.000000,48.500000,9772.781083
14.000000,48.500000,10478.236548
11.000000,49.000000,8448.414801
12.000000,49.000000,9105.278281
13.000000,49.000000,9786.700266
14.000000,49.000000,10492.680755
11.000000,49.500000,8461.293421
12.000000,49.500000,9118.679626
13.000000,49.500000,9800.626493
14.000000,49.500000,10507.134020
11.000000,50.000000,8474.181802
12.000000,50.000000,9132.090769
13.000000,50.000000,9814.562554
14.000000,50.000000,10521.597155
11.000000,50.500000,8487.149318
12.000000,50.500000,9145.562800
13.000000,50.500000,9828.539708
14.000000,50.500000,10536.080043
11.000000,51.000000,8500.126701
12.000000,51.000000,9159.044703
13.000000,51.000000,9842.526741
14.000000,51.000000,10550.572814
11.000000,51.500000,8514.716141
12.000000,51.500000,9174.171249
13.000000,51.500000,9858.189100
14.000000,51.500000,10566.769695
11.000000,52.000000,8529.318041
12.000000,52.000000,9189.310223
13.000000,52.000000,9873.863857
14.000000,52.000000,10582.978941
11.000000,52.500000,8544.258923
12.000000,52.500000,9204.716654
13.000000,52.500000,9889.728377
14.000000,52.500000,10599.294093
11.000000,53.000000,8559.212835
12.000000,53.000000,9220.135940
13.000000,53.000000,9905.605580
14.000000,53.000000,10615.621755
11.000000,53.500000,8574.150454
12.000000,53.500000,9235.490485
13.000000,53.500000,9921.366158
14.000000,53.500000,10631.777473
11.000000,54.000000,8589.101049
12.000000,54.000000,9250.857754
13.000000,54.000000,9937.139211
14.000000,54.000000,10647.945420
11.000000,54.500000,8604.046078
12.000000,54.500000,9266.218269
13.000000,54.500000,9952.904307
14.000000,54.500000,10664.104191
11.000000,55.000000,8619.004050
12.000000,55.000000,9281.591477
13.000000,55.000000,9968.681846
14.000000,55.000000,10680.275158
11.000000,55.500000,8633.957135
12.000000,55.500000,9296.960377
13.000000,55.500000,9984.455769
14.000000,55.500000,10696.443312
11.000000,56.000000,8648.923133
12.000000,56.000000,9312.341941
13.000000,56.000000,10000.242109
14.000000,56.000000,10712.623637
11.000000,56.500000,8664.558060
12.000000,56.500000,9328.254368
13.000000,56.500000,10016.409490
14.000000,56.500000,10729.023425
11.000000,57.000000,8680.207056
12.000000,57.000000,9344.180326
13.000000,57.000000,10032.589874
14.000000,57.000000,10745.435699
11.000000,57.500000,8697.151348
12.000000,57.500000,9361.400717
13.000000,57.500000,10050.060459
11.000000,58.000000,8714.112108
12.000000,58.000000,9378.636910
13.000000,58.000000,10067.546194
11.000000,58.500000,8731.309026
12.000000,58.500000,9396.256923
13.000000,58.500000,10085.573569
11.000000,59.000000,8748.522843
12.000000,59.000000,9413.893424
13.000000,59.000000,10103.617026
11.000000,59.500000,8765.725707
12.000000,59.500000,9431.520307
13.000000,59.500000,10121.652400
11.000000,60.000000,8782.945415
12.000000,60.000000,9449.163629
13.000000,60.000000,10139.703811
11.000000,60.500000,8800.154578
12.000000,60.500000,9466.797773
13.000000,60.500000,10157.747612
11.000000,61.000000,8817.380533
12.000000,61.000000,9484.448308
13.000000,61.000000,10175.807408
11.000000,61.500000,8834.596356
12.000000,61.500000,9502.090113
13.000000,61.500000,10193.860074
11.000000,62.000000,8851.828917
12.000000,62.000000,9519.748261
13.000000,62.000000,10211.928695
11.000000,62.500000,8870.383174
12.000000,62.500000,9538.385860
13.000000,62.500000,10230.606573
11.000000,63.000000,8888.956820
12.000000,63.000000,9557.041647
13.000000,63.000000,10249.301478
11.000000,63.500000,8908.181232
12.000000,63.500000,9576.361627
13.000000,63.500000,10268.673359
11.000000,64.000000,8927.426378
12.000000,64.000000,9595.701080
13.000000,64.000000,10288.063489
11.000000,64.500000,8947.111229
12.000000,64.500000,9615.944678
13.000000,64.500000,10308.854078
10.000000,65.000000,8321.490081
11.000000,65.000000,8966.817724
12.000000,65.000000,9636.209567
13.000000,65.000000,10329.665609
10.000000,65.500000,8340.629849
11.000000,65.500000,8986.523985
12.000000,65.500000,9656.470379
13.000000,65.500000,10350.469032
10.000000,66.000000,8359.791572
11.000000,66.000000,9006.251840
12.000000,66.000000,9676.752428
13.000000,66.000000,10371.293337
10.000000,66.500000,8378.956175
11.000000,66.500000,9025.978879
12.000000,66.500000,9697.029777
13.000000,66.500000,10392.108868
10.000000,67.000000,8398.142688
11.000000,67.000000,9045.727463
12.000000,67.000000,9717.328307
13.000000,67.000000,10412.945221
10.000000,67.500000,8417.487941
11.000000,67.500000,9065.588783
12.000000,67.500000,9737.689858
13.000000,67.500000,10433.791166
10.000000,68.000000,8436.855419
11.000000,68.000000,9085.471848
12.000000,68.000000,9758.072678
13.000000,68.000000,10454.657910
10.000000,68.500000,8458.258145
11.000000,68.500000,9106.925766
12.000000,68.500000,9779.522630
13.000000,68.500000,10476.048738
10.000000,69.000000,8479.687966
11.000000,69.000000,9128.404960
12.000000,69.000000,9800.996099
13.000000,69.000000,10497.461384
10.000000,69.500000,8501.195420
11.000000,69.500000,9149.993747
12.000000,69.500000,9822.613495
13.000000,69.500000,10519.054662
10.000000,70.000000,8522.730097
11.000000,70.000000,9171.608010
12.000000,70.000000,9844.254672
13.000000,70.000000,10540.670084
10.000000,70.500000,8544.400666
11.000000,70.500000,9193.812213
12.000000,70.500000,9866.972476
13.000000,70.500000,10563.881454
10.000000,71.000000,8566.098734
11.000000,71.000000,9216.043240
12.000000,71.000000,9889.716436
13.000000,71.000000,10587.118321
10.000000,71.500000,8587.825412
11.000000,71.500000,9238.361535
12.000000,71.500000,9912.610592
13.000000,71.500000,10610.572583
10.000000,72.000000,8609.579591
11.000000,72.000000,9260.706799
12.000000,72.000000,9935.531190
13.000000,72.000000,10634.052765
10.000000,72.500000,8631.342478
11.000000,72.500000,9283.056522
12.000000,72.500000,9958.451788
13.000000,72.500000,10657.528274
10.000000,73.000000,8653.132817
11.000000,73.000000,9305.433160
12.000000,73.000000,9981.398766
13.000000,73.000000,10681.029635
10.000000,73.500000,8675.675395
11.000000,73.500000,9328.325546
12.000000,73.500000,10004.606212
10.000000,74.000000,8698.247283
11.000000,74.000000,9351.246036
12.000000,74.000000,10027.840580
10.000000,74.500000,8721.873283
11.000000,74.500000,9374.959927
12.000000,74.500000,10051.586487
10.000000,75.000000,8745.531316
11.000000,75.000000,9398.703832
12.000000,75.000000,10075.360452
10.000000,75.500000,8769.496453
11.000000,75.500000,9422.774225
12.000000,75.500000,10099.481151
10.000000,76.000000,8793.494370
11.000000,76.000000,9446.875386
12.000000,76.000000,10123.630665
10.000000,76.500000,8817.660493
11.000000,76.500000,9471.433355
12.000000,76.500000,10148.545773
10.000000,77.000000,8841.859767
11.000000,77.000000,9496.023188
12.000000,77.000000,10173.491483
10.000000,77.500000,8866.271590
11.000000,77.500000,9521.113468
12.000000,77.500000,10199.245397
10.000000,78.000000,8890.717057
11.000000,78.000000,9546.236837
12.000000,78.000000,10225.031850
10.000000,78.500000,8915.190954
11.000000,78.500000,9571.384251
12.000000,78.500000,10250.837713
10.000000,79.000000,8939.698480
11.000000,79.000000,9596.564731
12.000000,79.000000,10276.676081
10.000000,79.500000,8965.084749
11.000000,79.500000,9622.307699
12.000000,79.500000,10302.736501
10.000000,80.000000,8990.507005
11.000000,80.000000,9648.085137
12.000000,80.000000,10328.829904
10.000000,80.500000,9016.357510
11.000000,80.500000,9674.150541
12.000000,80.500000,10355.060394
10.000000,81.000000,9042.245120
11.000000,81.000000,9700.251097
12.000000,81.000000,10381.324130
10.000000,81.500000,9068.565178
11.000000,81.500000,9726.760484
12.000000,81.500000,10407.970649
10.000000,82.000000,9094.923483
11.000000,82.000000,9753.306036
12.000000,82.000000,10434.651304
10.000000,82.500000,9121.335473
11.000000,82.500000,9779.959243
12.000000,82.500000,10461.497455
9.000000,83.000000,8511.788912
10.000000,83.000000,9147.785753
11.000000,83.000000,9806.648808
12.000000,83.000000,10488.378079
9.000000,83.500000,8538.014734
10.000000,83.500000,9174.860591
11.000000,83.500000,9834.564333
12.000000,83.500000,10517.125961
9.000000,84.000000,8564.280895
10.000000,84.000000,9201.975433
11.000000,84.000000,9862.519526
12.000000,84.000000,10545.913175
9.000000,84.500000,8590.690191
10.000000,84.500000,9229.209147
11.000000,84.500000,9890.567382
12.000000,84.500000,10574.764896
9.000000,85.000000,8617.140140
10.000000,85.000000,9256.483095
11.000000,85.000000,9918.655054
12.000000,85.000000,10603.656017
9.000000,85.500000,8644.350086
10.000000,85.500000,9284.311973
11.000000,85.500000,9947.076429
12.000000,85.500000,10632.643453
9.000000,86.000000,8671.602920
10.000000,86.000000,9312.182614
11.000000,86.000000,9975.538455
12.000000,86.000000,10661.670443
9.000000,86.500000,8699.505738
10.000000,86.500000,9340.515737
11.000000,86.500000,10004.260953
12.000000,86.500000,10690.741386
9.000000,87.000000,8727.453371
10.000000,87.000000,9368.891888
11.000000,87.000000,10033.024729
12.000000,87.000000,10719.851893
9.000000,87.500000,8755.848879
10.000000,87.500000,9397.617081
11.000000,87.500000,10062.031027
12.000000,87.500000,10749.090718
9.000000,88.000000,8784.290499
10.000000,88.000000,9426.386233
11.000000,88.000000,10091.079183
12.000000,88.000000,10778.369347
9.000000,88.500000,8812.729339
10.000000,88.500000,9455.111758
11.000000,88.500000,10120.040354
9.000000,89.000000,8841.214132
10.000000,89.000000,9483.880975
11.000000,89.000000,10149.043012
9.000000,89.500000,8869.935393
10.000000,89.500000,9513.410643
11.000000,89.500000,10179.366016
9.000000,90.000000,8898.703222
10.000000,90.000000,9542.986204
11.000000,90.000000,10209.734242
9.000000,90.500000,8927.703328
10.000000,90.500000,9572.870244
11.000000,90.500000,10240.491912
9.000000,91.000000,8956.750605
10.000000,91.000000,9602.800993
11.000000,91.000000,10271.295834
9.000000,91.500000,8985.923108
10.000000,91.500000,9632.806029
11.000000,91.500000,10302.119433
9.000000,92.000000,9015.143036
10.000000,92.000000,9662.857860
11.000000,92.000000,10332.989203
9.000000,92.500000,9045.328779
10.000000,92.500000,9693.561467
11.000000,92.500000,10364.172761
9.000000,93.000000,9075.564972
10.000000,93.000000,9724.313775
11.000000,93.000000,10395.403297
9.000000,93.500000,9106.012856
10.000000,93.500000,9755.197224
11.000000,93.500000,10426.678680
9.000000,94.000000,9136.511730
10.000000,94.000000,9786.129636
11.000000,94.000000,10458.001034
9.000000,94.500000,9166.769889
10.000000,94.500000,9816.901101
11.000000,94.500000,10489.248490
9.000000,95.000000,9197.078071
10.000000,95.000000,9847.720867
11.000000,95.000000,10520.542553
9.000000,95.500000,9227.399212
10.000000,95.500000,9878.737402
11.000000,95.500000,10552.229947
9.000000,96.000000,9257.770252
10.000000,96.000000,9909.802703
11.000000,96.000000,10583.964987
9.000000,96.500000,9288.418940
10.000000,96.500000,9941.326339
11.000000,96.500000,10616.350935
9.000000,97.000000,9319.118276
10.000000,97.000000,9972.900033
11.000000,97.000000,10648.786355
9.000000,97.500000,9350.006847
10.000000,97.500000,10004.555975
11.000000,97.500000,10681.189638
9.000000,98.000000,9380.946524
10.000000,98.000000,10036.262078
11.000000,98.000000,10713.642145
9.000000,98.500000,9412.829280
10.000000,98.500000,10068.798257
11.000000,98.500000,10746.802384
9.000000,99.000000,9444.766124
10.000000,99.000000,10101.387089
11.000000,99.000000,10780.013862
9.000000,99.500000,9476.690102
10.000000,99.500000,10134.010659
11.000000,99.500000,10813.311079
9.000000,100.000000,9508.667941
10.000000,100.000000,10166.686825
11.000000,100.000000,10846.659640
9.000000,100.500000,9540.897885
10.000000,100.500000,10199.551606
11.000000,100.500000,10880.128727
8.000000,101.000000,8935.788183
9.000000,101.000000,9573.182358
10.000000,101.000000,10232.469421
11.000000,101.000000,10913.649371
8.000000,101.500000,8967.702509
9.000000,101.500000,9605.705228
10.000000,101.500000,10265.566057
11.000000,101.500000,10947.284997
8.000000,102.000000,8999.673724
9.000000,102.000000,9638.283249
10.000000,102.000000,10298.716132
11.000000,102.000000,10980.972374
8.000000,102.500000,9031.798508
9.000000,102.500000,9671.219368
10.000000,102.500000,10332.442546
11.000000,102.500000,11015.468044
8.000000,103.000000,9063.980525
9.000000,103.000000,9704.211665
10.000000,103.000000,10366.224094
11.000000,103.000000,11050.017811
8.000000,103.500000,9096.439500
9.000000,103.500000,9737.375991
10.000000,103.500000,10400.065157
11.000000,103.500000,11084.507000
8.000000,104.000000,9128.956489
9.000000,104.000000,9770.596889
10.000000,104.000000,10433.961369
11.000000,104.000000,11119.049928
8.000000,104.500000,9161.791071
9.000000,104.500000,9804.213809
10.000000,104.500000,10468.336710
8.000000,105.000000,9194.684594
9.000000,105.000000,9837.888460
10.000000,105.000000,10502.768584
8.000000,105.500000,9227.618888
9.000000,105.500000,9871.821404
10.000000,105.500000,10537.690895
8.000000,106.000000,9260.612058
9.000000,106.000000,9905.812769
10.000000,106.000000,10572.671169
8.000000,106.500000,9294.394606
9.000000,106.500000,9940.393221
10.000000,106.500000,10608.025435
8.000000,107.000000,9328.238661
9.000000,107.000000,9975.033926
10.000000,107.000000,10643.438714
8.000000,107.500000,9362.523180
9.000000,107.500000,10010.017584
10.000000,107.500000,10679.090292
8.000000,108.000000,9396.870587
9.000000,108.000000,10045.062480
10.000000,108.000000,10714.801480
8.000000,108.500000,9431.118784
9.000000,108.500000,10080.118158
10.000000,108.500000,10750.641213
8.000000,109.000000,9465.429278
9.000000,109.000000,10115.234899
10.000000,109.000000,10786.540786
8.000000,109.500000,9499.492526
9.000000,109.500000,10150.209857
10.000000,109.500000,10822.411723
8.000000,110.000000,9533.616957
9.000000,110.000000,10185.245177
10.000000,110.000000,10858.342206
