weight_g,550.000000
thrust_N,velocity_m_s,power_W
14.000000,0.000000,6280.129963
15.000000,0.000000,6737.355857
16.000000,0.000000,7210.595845
17.000000,0.000000,7699.849926
14.000000,0.500000,6282.131607
15.000000,0.500000,6739.592533
16.000000,0.500000,7213.079024
17.000000,0.500000,7702.591081
14.000000,1.000000,6284.133491
15.000000,1.000000,6741.829503
16.000000,1.000000,7215.562557
17.000000,1.000000,7705.332652
14.000000,1.500000,6286.146497
15.000000,1.500000,6744.078701
16.000000,1.500000,7218.059472
14.000000,2.000000,6288.159747
15.000000,2.000000,6746.328198
16.000000,2.000000,7220.556745
14.000000,2.500000,6290.184209
15.000000,2.500000,6748.590015
16.000000,2.500000,7223.067498
14.000000,3.000000,6292.208918
15.000000,3.000000,6750.852135
16.000000,3.000000,7225.578613
14.000000,3.500000,6294.244928
15.000000,3.500000,6753.126669
16.000000,3.500000,7228.103306
14.000000,4.000000,6296.281188
15.000000,4.000000,6755.401510
16.000000,4.000000,7230.628366
14.000000,4.500000,6298.328839
15.000000,4.500000,6757.688859
16.000000,4.500000,7233.167103
14.000000,5.000000,6300.376743
15.000000,5.000000,6759.976519
16.000000,5.000000,7235.706211
14.000000,5.500000,6302.436128
15.000000,5.500000,6762.276781
16.000000,5.500000,7238.259095
14.000000,6.000000,6304.495770
15.000000,6.000000,6764.577358
16.000000,6.000000,7240.812355
14.000000,6.500000,6306.683217
15.000000,6.500000,6766.968065
16.000000,6.500000,7243.415173
14.000000,7.000000,6308.870961
15.000000,7.000000,6769.359116
16.000000,7.000000,7246.018383
14.000000,7.500000,6311.151583
15.000000,7.500000,6771.865352
16.000000,7.500000,7248.760393
14.000000,8.000000,6313.432534
15.000000,8.000000,6774.371972
16.000000,8.000000,7251.502846
14.000000,8.500000,6315.721804
15.000000,8.500000,6776.895508
16.000000,8.500000,7254.271363
14.000000,9.000000,6318.011408
15.000000,9.000000,6779.419437
16.000000,9.000000,7257.040333
14.000000,9.500000,6320.285979
15.000000,9.500000,6781.940210
16.000000,9.500000,7259.818866
14.000000,10.000000,6322.560882
15.000000,10.000000,6784.461375
16.000000,10.000000,7262.597855
14.000000,10.500000,6324.733915
15.000000,10.500000,6786.923695
16.000000,10.500000,7265.364277
14.000000,11.000000,6326.907241
15.000000,11.000000,6789.386384
16.000000,11.000000,7268.131150
14.000000,11.500000,6329.098737
15.000000,11.500000,6791.869162
16.000000,11.500000,7270.920121
13.000000,12.000000,5884.524199
14.000000,12.000000,6331.290531
15.000000,12.000000,6794.352315
16.000000,12.000000,7273.709551
13.000000,12.500000,5886.596682
14.000000,12.500000,6333.605763
15.000000,12.500000,6796.922512
16.000000,12.500000,7276.546927
13.000000,13.000000,5888.669428
14.000000,13.000000,6335.921325
15.000000,13.000000,6799.493108
16.000000,13.000000,7279.384777
13.000000,13.500000,5890.946319
14.000000,13.500000,6338.394170
15.000000,13.500000,6802.170395
16.000000,13.500000,7282.274995
13.000000,14.000000,5893.223520
14.000000,14.000000,6340.867385
15.000000,14.000000,6804.848113
16.000000,14.000000,7285.165704
13.000000,14.500000,5895.508379
14.000000,14.500000,6343.406040
15.000000,14.500000,6807.653141
16.000000,14.500000,7288.249682
13.000000,15.000000,5897.793557
14.000000,15.000000,6345.945094
15.000000,15.000000,6810.458652
16.000000,15.000000,7291.334231
13.000000,15.500000,5900.085723
14.000000,15.500000,6348.503375
15.000000,15.500000,6813.296456
16.000000,15.500000,7294.464966
13.000000,16.000000,5902.378216
14.000000,16.000000,6351.062066
15.000000,16.000000,6816.134759
16.000000,16.000000,7297.596292
13.000000,16.500000,5904.672126
14.000000,16.500000,6353.601587
15.000000,16.500000,6818.931750
16.000000,16.500000,7300.662614
13.000000,17.000000,5906.966368
14.000000,17.000000,6356.141512
15.000000,17.000000,6821.729221
16.000000,17.000000,7303.729495
13.000000,17.500000,5909.264332
14.000000,17.500000,6358.683889
15.000000,17.500000,6824.527736
16.000000,17.500000,7306.795872
13.000000,18.000000,5911.562633
14.000000,18.000000,6361.226673
15.000000,18.000000,6827.326731
16.000000,18.000000,7309.862808
13.000000,18.500000,5913.984377
14.000000,18.500000,6363.864802
15.000000,18.500000,6830.190665
16.000000,18.500000,7312.961965
13.000000,19.000000,5916.406502
14.000000,19.000000,6366.503374
15.000000,19.000000,6833.055104
16.000000,19.000000,7316.061692
13.000000,19.500000,5918.995590
14.000000,19.500000,6369.267975
15.000000,19.500000,6836.001126
16.000000,19.500000,7319.195044
13.000000,20.000000,5921.585147
14.000000,20.000000,6372.033083
15.000000,20.000000,6838.947695
16.000000,20.000000,7322.328982
13.000000,20.500000,5924.198506
14.000000,20.500000,6374.825420
15.000000,20.500000,6841.925128
16.000000,20.500000,7325.497627
13.000000,21.000000,5926.812339
14.000000,21.000000,6377.618274
15.000000,21.000000,6844.903118
16.000000,21.000000,7328.666873
13.000000,21.500000,5929.503054
14.000000,21.500000,6380.618582
15.000000,21.500000,6848.228194
16.000000,21.500000,7332.331888
13.000000,22.000000,5932.194271
14.000000,22.000000,6383.619487
15.000000,22.000000,6851.553966
16.000000,22.000000,7335.997708
13.000000,22.500000,5934.927891
14.000000,22.500000,6386.679791
15.000000,22.500000,6854.957259
16.000000,22.500000,7339.760293
13.000000,23.000000,5937.662028
14.000000,23.000000,6389.740715
15.000000,23.000000,6858.361282
16.000000,23.000000,7343.523728
13.000000,23.500000,5940.429038
14.000000,23.500000,6392.825612
15.000000,23.500000,6861.779698
16.000000,23.500000,7347.291296
13.000000,24.000000,5943.196574
14.000000,24.000000,6395.911138
15.000000,24.000000,6865.198852
16.000000,24.000000,7351.059717
13.000000,24.500000,5946.123815
14.000000,24.500000,6399.109616
15.000000,24.500000,6868.680462
16.000000,24.500000,7354.836355
13.000000,25.000000,5949.051652
14.000000,25.000000,6402.308774
15.000000,25.000000,6872.162841
16.000000,25.000000,7358.613853
13.000000,25.500000,5952.271193
14.000000,25.500000,6405.711015
15.000000,25.500000,6875.752655
16.000000,25.500000,7362.396111
13.000000,26.000000,5955.491461
14.000000,26.000000,6409.114029
15.000000,26.000000,6879.343287
16.000000,26.000000,7366.179233
13.000000,26.500000,5958.758248
14.000000,26.500000,6412.545598
15.000000,26.500000,6882.943131
16.000000,26.500000,7369.950849
13.000000,27.000000,5962.025784
14.000000,27.000000,6415.977953
15.000000,27.000000,6886.543800
16.000000,27.000000,7373.723326
13.000000,27.500000,5965.329903
14.000000,27.500000,6419.489236
15.000000,27.500000,6890.268657
13.000000,28.000000,5968.634789
14.000000,28.000000,6423.001345
15.000000,28.000000,6893.994399
13.000000,28.500000,5971.997099
14.000000,28.500000,6426.634010
15.000000,28.500000,6897.908249
13.000000,29.000000,5975.360210
14.000000,29.000000,6430.267571
15.000000,29.000000,6901.823092
13.000000,29.500000,5978.750354
14.000000,29.500000,6433.940033
15.000000,29.500000,6905.789495
13.000000,30.000000,5982.141314
14.000000,30.000000,6437.613414
15.000000,30.000000,6909.756923
13.000000,30.500000,5985.679787
14.000000,30.500000,6441.403060
15.000000,30.500000,6913.806586
13.000000,31.000000,5989.219180
14.000000,31.000000,6445.193703
15.000000,31.000000,6917.857324
13.000000,31.500000,5992.964046
14.000000,31.500000,6449.138025
15.000000,31.500000,6922.005480
13.000000,32.000000,5996.709980
14.000000,32.000000,6453.083450
15.000000,32.000000,6926.154773
13.000000,32.500000,6000.478597
14.000000,32.500000,6457.058854
15.000000,32.500000,6930.341769
13.000000,33.000000,6004.248297
14.000000,33.000000,6461.035377
15.000000,33.000000,6934.529922
13.000000,33.500000,6007.866799
14.000000,33.500000,6464.928618
15.000000,33.500000,6938.707966
13.000000,34.000000,6011.486291
14.000000,34.000000,6468.822926
15.000000,34.000000,6942.887156
13.000000,34.500000,6015.203907
14.000000,34.500000,6472.904527
15.000000,34.500000,6947.348962
12.000000,35.000000,5577.617870
13.000000,35.000000,6018.922566
14.000000,35.000000,6476.987304
15.000000,35.000000,6951.812082
12.000000,35.500000,5581.053632
13.000000,35.500000,6022.806284
14.000000,35.500000,6481.342430
15.000000,35.500000,6956.662071
12.000000,36.000000,5584.490350
13.000000,36.000000,6026.691142
14.000000,36.000000,6485.698898
15.000000,36.000000,6961.513619
12.000000,36.500000,5588.254305
13.000000,36.500000,6030.854785
14.000000,36.500000,6490.281205
15.000000,36.500000,6966.533562
12.000000,37.000000,5592.019407
13.000000,37.000000,6035.019740
14.000000,37.000000,6494.864996
15.000000,37.000000,6971.555174
12.000000,37.500000,5596.285026
13.000000,37.500000,6039.566834
14.000000,37.500000,6499.702440
15.000000,37.500000,6976.691844
12.000000,38.000000,5600.552114
13.000000,38.000000,6044.115485
14.000000,38.000000,6504.541533
15.000000,38.000000,6981.830257
12.000000,38.500000,5604.820937
13.000000,38.500000,6048.671928
14.000000,38.500000,6509.394888
15.000000,38.500000,6986.989820
12.000000,39.000000,5609.091235
13.000000,39.000000,6053.229936
14.000000,39.000000,6514.249905
15.000000,39.000000,6992.151140
12.000000,39.500000,5613.364320
13.000000,39.500000,6057.796804
14.000000,39.500000,6519.120266
15.000000,39.500000,6997.334707
12.000000,40.000000,5617.638885
13.000000,40.000000,6062.365246
14.000000,40.000000,6523.992300
15.000000,40.000000,7002.520048
12.000000,40.500000,5621.917256
13.000000,40.500000,6066.943590
14.000000,40.500000,6528.880747
15.000000,40.500000,7007.728728
12.000000,41.000000,5626.197113
13.000000,41.000000,6071.523518
14.000000,41.000000,6533.770880
15.000000,41.000000,7012.939198
12.000000,41.500000,5630.699108
13.000000,41.500000,6076.377684
14.000000,41.500000,6538.990796
15.000000,41.500000,7018.538444
12.000000,42.000000,5635.202755
13.000000,42.000000,6081.233653
14.000000,42.000000,6544.212670
15.000000,42.000000,7024.139807
12.000000,42.500000,5640.011623
13.000000,42.500000,6086.291372
14.000000,42.500000,6549.524327
15.000000,42.500000,7029.710487
12.000000,43.000000,5644.822384
13.000000,43.000000,6091.351053
14.000000,43.000000,6554.838015
15.000000,43.000000,7035.283268
12.000000,43.500000,5650.001494
13.000000,43.500000,6096.677480
14.000000,43.500000,6560.308210
15.000000,43.500000,7040.893684
12.000000,44.000000,5655.182817
13.000000,44.000000,6102.006092
14.000000,44.000000,6565.780563
15.000000,44.000000,7046.506229
12.000000,44.500000,5660.360909
13.000000,44.500000,6107.332430
14.000000,44.500000,6571.251685
15.000000,44.500000,7052.118676
12.000000,45.000000,5665.541210
13.000000,45.000000,6112.660950
14.000000,45.000000,6576.724964
15.000000,45.000000,7057.733252
12.000000,45.500000,5670.718461
13.000000,45.500000,6117.987378
14.000000,45.500000,6582.197195
15.000000,45.500000,7063.347912
12.000000,46.000000,5675.897918
13.000000,46.000000,6123.315987
14.000000,46.000000,6587.671581
15.000000,46.000000,7068.964700
12.000000,46.500000,5681.083975
13.000000,46.500000,6128.666835
14.000000,46.500000,6593.184988
15.000000,46.500000,7074.638433
12.000000,47.000000,5686.272243
13.000000,47.000000,6134.019882
14.000000,47.000000,6598.700580
15.000000,47.000000,7080.314336
12.000000,47.500000,5691.795054
13.000000,47.500000,6139.685565
14.000000,47.500000,6604.504171
15.000000,47.500000,7086.250873
12.000000,48.000000,5697.320407
13.000000,48.000000,6145.353733
14.000000,48.000000,6610.310192
15.000000,48.000000,7092.189784
12.000000,48.500000,5703.284460
13.000000,48.500000,6151.661052
14.000000,48.500000,6616.969190
12.000000,49.000000,5709.251499
13.000000,49.000000,6157.971465
14.000000,49.000000,6623.631391
12.000000,49.500000,5715.471144
13.000000,49.500000,6164.494201
14.000000,49.500000,6630.461833
12.000000,50.000000,5721.694052
13.000000,50.000000,6171.020253
14.000000,50.000000,6637.295644
12.000000,50.500000,5727.925319
13.000000,50.500000,6177.558430
14.000000,50.500000,6644.145605
12.000000,51.000000,5734.159852
13.000000,51.000000,6184.099930
14.000000,51.000000,6650.998947
12.000000,51.500000,5740.403325
13.000000,51.500000,6190.654196
14.000000,51.500000,6657.869142
12.000000,52.000000,5746.650069
13.000000,52.000000,6197.211793
14.000000,52.000000,6664.742728
12.000000,52.500000,5752.906342
13.000000,52.500000,6203.782808
14.000000,52.500000,6671.633884
11.000000,53.000000,5324.954632
12.000000,53.000000,5759.165891
13.000000,53.000000,6210.357161
14.000000,53.000000,6678.528442
11.000000,53.500000,5331.608096
12.000000,53.500000,5766.019130
13.000000,53.500000,6217.405083
14.000000,53.500000,6685.765956
11.000000,54.000000,5338.265589
12.000000,54.000000,5772.876311
13.000000,54.000000,6224.456861
14.000000,54.000000,6693.007238
11.000000,54.500000,5345.298494
12.000000,54.500000,5780.084258
13.000000,54.500000,6231.831807
14.000000,54.500000,6700.541142
11.000000,55.000000,5352.335898
12.000000,55.000000,5787.296567
13.000000,55.000000,6239.210981
14.000000,55.000000,6708.079140
11.000000,55.500000,5359.521752
12.000000,55.500000,5794.785449
13.000000,55.500000,6247.004231
14.000000,55.500000,6716.178100
11.000000,56.000000,5366.712293
12.000000,56.000000,5802.279035
13.000000,56.000000,6254.802204
14.000000,56.000000,6724.281799
11.000000,56.500000,5373.903846
12.000000,56.500000,5809.767168
13.000000,56.500000,6262.587789
14.000000,56.500000,6732.365711
11.000000,57.000000,5381.100081
12.000000,57.000000,5817.259993
13.000000,57.000000,6270.378078
14.000000,57.000000,6740.454336
11.000000,57.500000,5388.150079
12.000000,57.500000,5824.639217
13.000000,57.500000,6278.090315
14.000000,57.500000,6748.503374
11.000000,58.000000,5395.204569
12.000000,58.000000,5832.022990
13.000000,58.000000,6285.807159
14.000000,58.000000,6756.557075
11.000000,58.500000,5402.259540
12.000000,58.500000,5839.402255
13.000000,58.500000,6293.514110
14.000000,58.500000,6764.595107
11.000000,59.000000,5409.319004
12.000000,59.000000,5846.786061
13.000000,59.000000,6301.225654
14.000000,59.000000,6772.637782
11.000000,59.500000,5417.205530
12.000000,59.500000,5854.762474
13.000000,59.500000,6309.274835
14.000000,59.500000,6780.742612
11.000000,60.000000,5425.097710
12.000000,60.000000,5862.744221
13.000000,60.000000,6317.329037
14.000000,60.000000,6788.852156
11.000000,60.500000,5433.308021
12.000000,60.500000,5871.227689
13.000000,60.500000,6326.081525
14.000000,60.500000,6797.869527
11.000000,61.000000,5441.524455
12.000000,61.000000,5879.717189
13.000000,61.000000,6334.839953
14.000000,61.000000,6806.892745
11.000000,61.500000,5449.768059
12.000000,61.500000,5888.301261
13.000000,61.500000,6343.765431
14.000000,61.500000,6816.160570
11.000000,62.000000,5458.017816
12.000000,62.000000,5896.891493
13.000000,62.000000,6352.697075
14.000000,62.000000,6825.434564
11.000000,62.500000,5466.295588
12.000000,62.500000,5905.560127
13.000000,62.500000,6361.761326
14.000000,62.500000,6834.899184
11.000000,63.000000,5474.579546
12.000000,63.000000,5914.235031
13.000000,63.000000,6370.831928
14.000000,63.000000,6844.370237
11.000000,63.500000,5483.062963
12.000000,63.500000,5923.061490
13.000000,63.500000,6380.001967
14.000000,63.500000,6853.884396
11.000000,64.000000,5491.552859
12.000000,64.000000,5931.894428
13.000000,64.000000,6389.178486
14.000000,64.000000,6863.405033
11.000000,64.500000,5500.110634
12.000000,64.500000,5940.785068
13.000000,64.500000,6398.401564
11.000000,65.000000,5508.674979
12.000000,65.000000,5949.682259
13.000000,65.000000,6407.631174
11.000000,65.500000,5518.006937
12.000000,65.500000,5959.112762
13.000000,65.500000,6417.139687
11.000000,66.000000,5527.346718
12.000000,66.000000,5968.550637
13.000000,66.000000,6426.655132
11.000000,66.500000,5536.840941
12.000000,66.500000,5978.166521
13.000000,66.500000,6436.373530
11.000000,67.000000,5546.343236
12.000000,67.000000,5987.790050
13.000000,67.000000,6446.099154
11.000000,67.500000,5556.044513
12.000000,67.500000,5997.885302
13.000000,67.500000,6456.589323
11.000000,68.000000,5565.754193
12.000000,68.000000,6007.988970
13.000000,68.000000,6467.087920
11.000000,68.500000,5575.548274
12.000000,68.500000,6018.183348
13.000000,68.500000,6477.683776
11.000000,69.000000,5585.350890
12.000000,69.000000,6028.386279
13.000000,69.000000,6488.288202
11.000000,69.500000,5595.344104
12.000000,69.500000,6038.663231
13.000000,69.500000,6498.840774
11.000000,70.000000,5605.346178
12.000000,70.000000,6048.948849
13.000000,70.000000,6509.401817
11.000000,70.500000,5615.360262
12.000000,70.500000,6059.229283
13.000000,70.500000,6519.939206
10.000000,71.000000,5198.079568
11.000000,71.000000,5625.383210
12.000000,71.000000,6069.518358
13.000000,71.000000,6530.485011
10.000000,71.500000,5208.867841
11.000000,71.500000,5636.194431
12.000000,71.500000,6080.320484
13.000000,71.500000,6541.246000
10.000000,72.000000,5219.667226
11.000000,72.000000,5647.015948
12.000000,72.000000,6091.132119
13.000000,72.000000,6552.015740
10.000000,72.500000,5230.515283
11.000000,72.500000,5657.888111
12.000000,72.500000,6101.996520
13.000000,72.500000,6562.840512
10.000000,73.000000,5241.374528
11.000000,73.000000,5668.770646
12.000000,73.000000,6112.870507
13.000000,73.000000,6573.674110
10.000000,73.500000,5252.228422
11.000000,73.500000,5679.839461
12.000000,73.500000,6124.137337
13.000000,73.500000,6585.122047
10.000000,74.000000,5263.093469
11.000000,74.000000,5690.918992
12.000000,74.000000,6135.414452
13.000000,74.000000,6596.579848
10.000000,74.500000,5274.164531
11.000000,74.500000,5702.334345
12.000000,74.500000,6147.166554
13.000000,74.500000,6608.661160
10.000000,75.000000,5285.247163
11.000000,75.000000,5713.761066
12.000000,75.000000,6158.929825
13.000000,75.000000,6620.753440
10.000000,75.500000,5296.527603
11.000000,75.500000,5725.328097
12.000000,75.500000,6170.770854
13.000000,75.500000,6632.855874
10.000000,76.000000,5307.820018
11.000000,76.000000,5736.906764
12.000000,76.000000,6182.623183
13.000000,76.000000,6644.969275
10.000000,76.500000,5319.113004
11.000000,76.500000,5748.480889
12.000000,76.500000,6194.465525
13.000000,76.500000,6657.066911
10.000000,77.000000,5330.417940
11.000000,77.000000,5760.066616
12.000000,77.000000,6206.319124
13.000000,77.000000,6669.175463
10.000000,77.500000,5342.641662
11.000000,77.500000,5772.305033
12.000000,77.500000,6218.536267
13.000000,77.500000,6681.335362
10.000000,78.000000,5354.879346
11.000000,78.000000,5784.556387
12.000000,78.000000,6230.765355
13.000000,78.000000,6693.506250
10.000000,78.500000,5367.119998
11.000000,78.500000,5796.884808
12.000000,78.500000,6243.151393
13.000000,78.500000,6705.919754
10.000000,79.000000,5379.374584
11.000000,79.000000,5809.226301
12.000000,79.000000,6255.549664
13.000000,79.000000,6718.344673
10.000000,79.500000,5391.608993
11.000000,79.500000,5821.554130
12.000000,79.500000,6267.941473
10.000000,80.000000,5403.857259
11.000000,80.000000,5833.894973
12.000000,80.000000,6280.345475
10.000000,80.500000,5416.586104
11.000000,80.500000,5846.900625
12.000000,80.500000,6293.611197
10.000000,81.000000,5429.329880
11.000000,81.000000,5859.920707
12.000000,81.000000,6306.890856
10.000000,81.500000,5442.213773
11.000000,81.500000,5873.105302
12.000000,81.500000,6320.360963
10.000000,82.000000,5455.112891
11.000000,82.000000,5886.304661
12.000000,82.000000,6333.845381
10.000000,82.500000,5468.070921
11.000000,82.500000,5899.537150
12.000000,82.500000,6347.335129
10.000000,83.000000,5481.044278
11.000000,83.000000,5912.784444
12.000000,83.000000,6360.839167
13.000000,83.000000,6816.643721
14.000000,83.000000,7251.750418
15.000000,83.000000,7700.265434
10.000000,83.500000,5494.841221
11.000000,83.500000,5926.567326
12.000000,83.500000,6374.566998
13.000000,83.500000,6828.915485
14.000000,83.500000,7264.065609
15.000000,83.500000,7712.603219
10.000000,84.000000,5508.655472
11.000000,84.000000,5940.366207
12.000000,84.000000,6388.309568
13.000000,84.000000,6841.198202
14.000000,84.000000,7276.391162
15.000000,84.000000,7724.950792
10.000000,84.500000,5522.489441
11.000000,84.500000,5954.252012
12.000000,84.500000,6402.211398
13.000000,84.500000,6853.696089
14.000000,84.500000,7288.856795
15.000000,84.500000,7737.358425
10.000000,85.000000,5536.340723
11.000000,85.000000,5968.153980
12.000000,85.000000,6416.128280
13.000000,85.000000,6866.205301
14.000000,85.000000,7301.333012
15.000000,85.000000,7749.775927
10.000000,85.500000,5550.209737
11.000000,85.500000,5982.120156
12.000000,85.500000,6430.159404
13.000000,85.500000,6878.855792
14.000000,85.500000,7313.912746
15.000000,85.500000,7762.256711
10.000000,86.000000,5564.096063
11.000000,86.000000,5996.102607
12.000000,86.000000,6444.205796
13.000000,86.000000,6891.517847
14.000000,86.000000,7326.503225
15.000000,86.000000,7774.747451
10.000000,86.500000,5578.313659
11.000000,86.500000,6010.352762
12.000000,86.500000,6458.450764
13.000000,86.500000,6904.338891
14.000000,86.500000,7339.264090
15.000000,86.500000,7787.420430
10.000000,87.000000,5592.549368
11.000000,87.000000,6024.619789
12.000000,87.000000,6472.711405
13.000000,87.000000,6917.171775
14.000000,87.000000,7352.035978
15.000000,87.000000,7800.103641
10.000000,87.500000,5607.023675
11.000000,87.500000,6039.452576
12.000000,87.500000,6487.888463
13.000000,87.500000,6931.216671
14.000000,87.500000,7366.282266
15.000000,87.500000,7814.536963
9.000000,88.000000,5204.722537
10.000000,88.000000,5621.516660
11.000000,88.000000,6054.303564
12.000000,88.000000,6503.083248
13.000000,88.000000,6945.275743
14.000000,88.000000,7380.542262
15.000000,88.000000,7828.983525
9.000000,88.500000,5218.991206
10.000000,88.500000,5636.115891
11.000000,88.500000,6069.215618
12.000000,88.500000,6518.290389
13.000000,88.500000,6959.316396
14.000000,88.500000,7394.777225
15.000000,88.500000,7843.398149
9.000000,89.000000,5233.279387
10.000000,89.000000,5650.734026
11.000000,89.000000,6084.145978
12.000000,89.000000,6533.515242
13.000000,89.000000,6973.371158
14.000000,89.000000,7409.025819
15.000000,89.000000,7857.825929
9.000000,89.500000,5248.580173
10.000000,89.500000,5666.085990
11.000000,89.500000,6099.507190
12.000000,89.500000,6548.843776
13.000000,89.500000,6987.406438
14.000000,89.500000,7423.248362
15.000000,89.500000,7872.220803
9.000000,90.000000,5263.903289
10.000000,90.000000,5681.458765
11.000000,90.000000,6114.887744
12.000000,90.000000,6564.190224
13.000000,90.000000,7001.455756
14.000000,90.000000,7437.484456
15.000000,90.000000,7886.628746
9.000000,90.500000,5279.220903
10.000000,90.500000,5696.822356
11.000000,90.500000,6130.255411
12.000000,90.500000,6579.520068
13.000000,90.500000,7015.521606
14.000000,90.500000,7451.715831
15.000000,90.500000,7901.009475
9.000000,91.000000,5294.560765
10.000000,91.000000,5712.206676
11.000000,91.000000,6145.642336
12.000000,91.000000,6594.867745
13.000000,91.000000,7029.601500
14.000000,91.000000,7465.960721
15.000000,91.000000,7915.403199
9.000000,91.500000,5309.979807
10.000000,91.500000,5727.740910
11.000000,91.500000,6161.255302
12.000000,91.500000,6610.522983
13.000000,91.500000,7043.994605
14.000000,91.500000,7480.402980
15.000000,91.500000,7929.870943
9.000000,92.000000,5325.421262
10.000000,92.000000,5743.296223
11.000000,92.000000,6176.888049
12.000000,92.000000,6626.196742
13.000000,92.000000,7058.402368
14.000000,92.000000,7494.859113
15.000000,92.000000,7944.351792
9.000000,92.500000,5340.960953
10.000000,92.500000,5758.903566
11.000000,92.500000,6192.523133
12.000000,92.500000,6641.819654
13.000000,92.500000,7072.818754
14.000000,92.500000,7509.389569
15.000000,92.500000,7958.976644
9.000000,93.000000,5356.523276
10.000000,93.000000,5774.532070
11.000000,93.000000,6208.177952
12.000000,93.000000,6657.460921
13.000000,93.000000,7087.249782
14.000000,93.000000,7523.934013
15.000000,93.000000,7973.614841
9.000000,93.500000,5372.028342
10.000000,93.500000,5790.259395
11.000000,93.500000,6224.099688
12.000000,93.500000,6673.549219
13.000000,93.500000,7102.064484
14.000000,93.500000,7538.692167
15.000000,93.500000,7988.285995
9.000000,94.000000,5387.555807
10.000000,94.000000,5806.008094
11.000000,94.000000,6240.041793
12.000000,94.000000,6689.656904
13.000000,94.000000,7116.894601
14.000000,94.000000,7553.464703
15.000000,94.000000,8002.970529
9.000000,94.500000,5403.406033
10.000000,94.500000,5822.165149
11.000000,94.500000,6256.483524
12.000000,94.500000,6706.361157
13.000000,94.500000,7132.534198
14.000000,94.500000,7569.243956
15.000000,94.500000,8018.869328
9.000000,95.000000,5419.279533
10.000000,95.000000,5838.344644
11.000000,95.000000,6272.946874
12.000000,95.000000,6723.086222
13.000000,95.000000,7148.190925
14.000000,95.000000,7585.039621
15.000000,95.000000,8034.783833
9.000000,95.500000,5436.267854
10.000000,95.500000,5855.290330
11.000000,95.500000,6289.799233
12.000000,95.500000,6739.154258
13.000000,95.500000,7163.904123
14.000000,95.500000,7600.956799
15.000000,95.500000,8050.888726
9.000000,96.000000,5453.282758
10.000000,96.000000,5872.260565
11.000000,96.000000,6306.674188
12.000000,96.000000,6755.241452
13.000000,96.000000,7179.634536
14.000000,96.000000,7616.890611
15.000000,96.000000,8067.009677
9.000000,96.500000,5470.123310
10.000000,96.500000,5889.094466
11.000000,96.500000,6323.454352
12.000000,96.500000,6770.752178
13.000000,96.500000,7195.357616
14.000000,96.500000,7632.809421
9.000000,97.000000,5486.989822
10.000000,97.000000,5905.952454
11.000000,97.000000,6340.256798
12.000000,97.000000,6786.280666
13.000000,97.000000,7211.097855
14.000000,97.000000,7648.744795
9.000000,97.500000,5503.760682
10.000000,97.500000,5922.809197
11.000000,97.500000,6357.159770
12.000000,97.500000,6802.031539
13.000000,97.500000,7226.980614
14.000000,97.500000,7664.737697
9.000000,98.000000,5520.557130
10.000000,98.000000,5939.689953
11.000000,98.000000,6374.085231
12.000000,98.000000,6817.800643
13.000000,98.000000,7242.880805
14.000000,98.000000,7680.747247
9.000000,98.500000,5537.393753
10.000000,98.500000,5956.618323
11.000000,98.500000,6391.066361
12.000000,98.500000,6833.650696
13.000000,98.500000,7258.842694
14.000000,98.500000,7696.798050
9.000000,99.000000,5554.256007
10.000000,99.000000,5973.570773
11.000000,99.000000,6408.070067
12.000000,99.000000,6849.519124
13.000000,99.000000,7274.822112
14.000000,99.000000,7712.865551
9.000000,99.500000,5571.100969
10.000000,99.500000,5990.476186
11.000000,99.500000,6424.995106
12.000000,99.500000,6865.330057
13.000000,99.500000,7290.826182
14.000000,99.500000,7729.044987
9.000000,100.000000,5587.971432
10.000000,100.000000,6007.405478
11.000000,100.000000,6441.942451
12.000000,100.000000,6881.159189
13.000000,100.000000,7306.847795
14.000000,100.000000,7745.241320
9.000000,100.500000,5605.362454
10.000000,100.500000,6025.135726
11.000000,100.500000,6459.989782
12.000000,100.500000,6898.153533
13.000000,100.500000,7323.613010
14.000000,100.500000,7761.732641
9.000000,101.000000,5622.780495
10.000000,101.000000,6042.892096
11.000000,101.000000,6478.062347
12.000000,101.000000,6915.168813
13.000000,101.000000,7340.397398
14.000000,101.000000,7778.241445
9.000000,101.500000,5640.821291
10.000000,101.500000,6061.191462
11.000000,101.500000,6496.590671
12.000000,101.500000,6932.588609
13.000000,101.500000,7357.771541
14.000000,101.500000,7795.535804
9.000000,102.000000,5658.890982
10.000000,102.000000,6079.518491
11.000000,102.000000,6515.145445
12.000000,102.000000,6950.030295
13.000000,102.000000,7375.166189
14.000000,102.000000,7812.849327
9.000000,102.500000,5676.878223
10.000000,102.500000,6097.792672
11.000000,102.500000,6533.679475
12.000000,102.500000,6967.536377
13.000000,102.500000,7392.822061
14.000000,102.500000,7830.632596
9.000000,103.000000,5694.894005
10.000000,103.000000,6116.094275
11.000000,103.000000,6552.239819
12.000000,103.000000,6985.064454
13.000000,103.000000,7410.499013
14.000000,103.000000,7848.436045
9.000000,103.500000,5712.867088
10.000000,103.500000,6134.375561
11.000000,103.500000,6570.804099
12.000000,103.500000,7002.600784
13.000000,103.500000,7428.171921
14.000000,103.500000,7866.222533
9.000000,104.000000,5730.868487
10.000000,104.000000,6152.684124
11.000000,104.000000,6589.394629
12.000000,104.000000,7020.159075
13.000000,104.000000,7445.865848
14.000000,104.000000,7884.029116
9.000000,104.500000,5749.271398
10.000000,104.500000,6171.259394
11.000000,104.500000,6608.106781
12.000000,104.500000,7037.758751
13.000000,104.500000,7463.574710
14.000000,104.500000,7901.822675
9.000000,105.000000,5767.703810
10.000000,105.000000,6189.862658
11.000000,105.000000,6626.845450
12.000000,105.000000,7055.380435
13.000000,105.000000,7481.304575
14.000000,105.000000,7919.636254
9.000000,105.500000,5786.155948
10.000000,105.500000,6208.437471
11.000000,105.500000,6645.504296
12.000000,105.500000,7072.929929
13.000000,105.500000,7498.993418
14.000000,105.500000,7937.442056
9.000000,106.000000,5804.637554
10.000000,106.000000,6227.040107
11.000000,106.000000,6664.189357
12.000000,106.000000,7090.501194
13.000000,106.000000,7516.703116
14.000000,106.000000,7955.267812
9.000000,106.500000,5823.339985
10.000000,106.500000,6245.801899
11.000000,106.500000,6682.967315
12.000000,106.500000,7108.176430
13.000000,106.500000,7534.527441
14.000000,106.500000,7973.219378
8.000000,107.000000,5434.213437
9.000000,107.000000,5842.072496
10.000000,107.000000,6264.591908
11.000000,107.000000,6701.771674
12.000000,107.000000,7125.873641
13.000000,107.000000,7552.372841
14.000000,107.000000,7991.191136
8.000000,107.500000,5453.168877
9.000000,107.500000,5861.460492
10.000000,107.500000,6284.392674
11.000000,107.500000,6721.965422
12.000000,107.500000,7144.719710
13.000000,107.500000,7570.829314
14.000000,107.500000,8009.203125
8.000000,108.000000,5472.157318
9.000000,108.000000,5880.880607
10.000000,108.000000,6304.224682
11.000000,108.000000,6742.189543
12.000000,108.000000,7163.590655
13.000000,108.000000,7589.308289
14.000000,108.000000,8027.235353
8.000000,108.500000,5491.096304
9.000000,108.500000,5900.229847
10.000000,108.500000,6323.963211
11.000000,108.500000,6762.296394
12.000000,108.500000,7182.468994
13.000000,108.500000,7608.049057
14.000000,108.500000,8045.798651
8.000000,109.000000,5510.068007
9.000000,109.000000,5919.610867
10.000000,109.000000,6343.732590
11.000000,109.000000,6782.433177
12.000000,109.000000,7201.372164
13.000000,109.000000,7626.812915
14.000000,109.000000,8064.383357
8.000000,109.500000,5528.989180
9.000000,109.500000,5938.925573
10.000000,109.500000,6363.419099
11.000000,109.500000,6802.469759
12.000000,109.500000,7220.508234
13.000000,109.500000,7646.246444
14.000000,109.500000,8084.099269
8.000000,110.000000,5547.942784
9.000000,110.000000,5958.271737
10.000000,110.000000,6383.136105
11.000000,110.000000,6822.535886
12.000000,110.000000,7239.669685
13.000000,110.000000,7665.704686
14.000000,110.000000,8103.839234
8.000000,110.500000,5567.731442
9.000000,110.500000,5978.242267
10.000000,110.500000,6403.250005
11.000000,110.500000,6842.754657
12.000000,110.500000,7258.941176
13.000000,110.500000,7685.217393
14.000000,110.500000,8123.574822
8.000000,111.000000,5587.555327
9.000000,111.000000,5998.246208
10.000000,111.000000,6423.395544
11.000000,111.000000,6863.003337
12.000000,111.000000,7278.238274
13.000000,111.000000,7704.754890
14.000000,111.000000,8143.334394
8.000000,111.500000,5607.488220
9.000000,111.500000,6018.319311
10.000000,111.500000,6443.567658
8.000000,112.000000,5627.456604
9.000000,112.000000,6038.425944
10.000000,112.000000,6463.771395
8.000000,112.500000,5647.547129
9.000000,112.500000,6058.608248
10.000000,112.500000,6484.001123
8.000000,113.000000,5667.673453
9.000000,113.000000,6078.824223
10.000000,113.000000,6504.262455
8.000000,113.500000,5687.890603
9.000000,113.500000,6099.241316
10.000000,113.500000,6524.843103
8.000000,114.000000,5708.143746
9.000000,114.000000,6119.692639
10.000000,114.000000,6545.456259
8.000000,114.500000,5728.425500
9.000000,114.500000,6140.338862
10.000000,114.500000,6566.442470
8.000000,115.000000,5748.743222
9.000000,115.000000,6161.019853
10.000000,115.000000,6587.462272
8.000000,115.500000,5768.746361
9.000000,115.500000,6181.454145
10.000000,115.500000,6608.308746
8.000000,116.000000,5788.784242
9.000000,116.000000,6201.922268
10.000000,116.000000,6629.188154
8.000000,116.500000,5809.334673
9.000000,116.500000,6222.745196
10.000000,116.500000,6650.252127
8.000000,117.000000,5829.921510
9.000000,117.000000,6243.603019
10.000000,117.000000,6671.349513
8.000000,117.500000,5850.670054
9.000000,117.500000,6264.777399
10.000000,117.500000,6692.928519
8.000000,118.000000,5871.455449
9.000000,118.000000,6285.987621
10.000000,118.000000,6714.542367
8.000000,118.500000,5892.244342
9.000000,118.500000,6307.227679
10.000000,118.500000,6736.214371
8.000000,119.000000,5913.069970
9.000000,119.000000,6328.503561
10.000000,119.000000,6757.921293
8.000000,119.500000,5933.972507
9.000000,119.500000,6349.856642
10.000000,119.500000,6779.705738
8.000000,120.000000,5954.911922
9.000000,120.000000,6371.245686
10.000000,120.000000,6801.525237
8.000000,120.500000,5976.220584
9.000000,120.500000,6393.021450
10.000000,120.500000,6823.749559
8.000000,121.000000,5997.567301
9.000000,121.000000,6414.834363
10.000000,121.000000,6846.010130
8.000000,121.500000,6019.048392
9.000000,121.500000,6436.768634
10.000000,121.500000,6868.378065
8.000000,122.000000,6040.567881
9.000000,122.000000,6458.740341
10.000000,122.000000,6890.782482
8.000000,122.500000,6062.383166
9.000000,122.500000,6480.869124
10.000000,122.500000,6913.195456
8.000000,123.000000,6084.237771
9.000000,123.000000,6503.035750
10.000000,123.000000,6935.644821
8.000000,123.500000,6106.233942
9.000000,123.500000,6525.367272
10.000000,123.500000,6958.284100
8.000000,124.000000,6128.269799
9.000000,124.000000,6547.737070
10.000000,124.000000,6980.960268
8.000000,124.500000,6150.447446
9.000000,124.500000,6570.404427
10.000000,124.500000,7004.100468
8.000000,125.000000,6172.665147
9.000000,125.000000,6593.110947
10.000000,125.000000,7027.278952
8.000000,125.500000,6194.925134
9.000000,125.500000,6615.878713
10.000000,125.500000,7050.539070
8.000000,126.000000,6217.225183
9.000000,126.000000,6638.685719
10.000000,126.000000,7073.837614
8.000000,126.500000,6239.947306
9.000000,126.500000,6661.762059
10.000000,126.500000,7097.241527
8.000000,127.000000,6262.710864
9.000000,127.000000,6684.878428
10.000000,127.000000,7120.684086
8.000000,127.500000,6285.526886
9.000000,127.500000,6707.932997
10.000000,127.500000,7143.943163
7.000000,128.000000,5899.311574
8.000000,128.000000,6308.384384
9.000000,128.000000,6731.027246
10.000000,128.000000,7167.240160
7.000000,128.500000,5921.663561
8.000000,128.500000,6331.027603
9.000000,128.500000,6753.929673
7.000000,129.000000,5944.057800
8.000000,129.000000,6353.711378
9.000000,129.000000,6776.870992
7.000000,129.500000,5966.111093
8.000000,129.500000,6376.179712
9.000000,129.500000,6799.731649
7.000000,130.000000,5988.205210
8.000000,130.000000,6398.687695
9.000000,130.000000,6822.630796
