weight_g,60.000000
thrust_N,velocity_m_s,power_W
17.000000,0.000000,641.012863
18.000000,0.000000,699.110535
19.000000,0.000000,759.479179
20.000000,0.000000,822.118793
21.000000,0.000000,888.232432
22.000000,0.000000,959.036142
23.000000,0.000000,1032.213592
24.000000,0.000000,1107.764784
17.000000,0.500000,642.724062
18.000000,0.500000,700.873466
19.000000,0.500000,761.293987
20.000000,0.500000,823.985623
21.000000,0.500000,890.249256
22.000000,0.500000,961.093703
23.000000,0.500000,1034.311484
24.000000,0.500000,1109.902599
16.000000,1.000000,588.506320
17.000000,1.000000,644.436228
18.000000,1.000000,702.637396
19.000000,1.000000,763.109824
20.000000,1.000000,825.853511
21.000000,1.000000,892.267068
22.000000,1.000000,963.152269
23.000000,1.000000,1036.410396
24.000000,1.000000,1112.041449
16.000000,1.500000,590.149282
17.000000,1.500000,646.134971
18.000000,1.500000,704.392364
19.000000,1.500000,764.921460
20.000000,1.500000,827.722261
21.000000,1.500000,894.287379
22.000000,1.500000,965.213294
23.000000,1.500000,1038.511720
24.000000,1.500000,1114.182659
16.000000,2.000000,591.793168
17.000000,2.000000,647.834673
18.000000,2.000000,706.148326
19.000000,2.000000,766.734126
20.000000,2.000000,829.592074
21.000000,2.000000,896.308683
22.000000,2.000000,967.275328
23.000000,2.000000,1040.614070
24.000000,2.000000,1116.324908
16.000000,2.500000,593.420651
17.000000,2.500000,649.522087
18.000000,2.500000,707.896409
19.000000,2.500000,768.543617
20.000000,2.500000,831.463712
21.000000,2.500000,898.332477
22.000000,2.500000,969.339814
23.000000,2.500000,1042.718824
24.000000,2.500000,1118.469507
16.000000,3.000000,595.049047
17.000000,3.000000,651.210453
18.000000,3.000000,709.645483
19.000000,3.000000,770.354138
20.000000,3.000000,833.336417
21.000000,3.000000,900.357270
22.000000,3.000000,971.405313
23.000000,3.000000,1044.824606
24.000000,3.000000,1120.615150
16.000000,3.500000,596.662173
17.000000,3.500000,652.887622
18.000000,3.500000,711.387724
19.000000,3.500000,772.162479
20.000000,3.500000,835.211887
21.000000,3.500000,902.384545
22.000000,3.500000,973.473254
23.000000,3.500000,1046.932784
24.000000,3.500000,1122.763133
16.000000,4.000000,598.276202
17.000000,4.000000,654.565737
18.000000,4.000000,713.130954
19.000000,4.000000,773.971851
20.000000,4.000000,837.088431
21.000000,4.000000,904.412824
22.000000,4.000000,975.542215
23.000000,4.000000,1049.041995
24.000000,4.000000,1124.912164
16.000000,4.500000,599.876053
17.000000,4.500000,656.233710
18.000000,4.500000,714.868363
19.000000,4.500000,775.780013
20.000000,4.500000,838.968658
21.000000,4.500000,906.443576
22.000000,4.500000,977.613607
23.000000,4.500000,1051.153590
24.000000,4.500000,1127.063524
16.000000,5.000000,601.476796
17.000000,5.000000,657.902623
18.000000,5.000000,716.606760
19.000000,5.000000,777.589208
20.000000,5.000000,840.849966
21.000000,5.000000,908.475336
22.000000,5.000000,979.686024
23.000000,5.000000,1053.266225
24.000000,5.000000,1129.215937
16.000000,5.500000,603.196174
17.000000,5.500000,659.669592
18.000000,5.500000,718.420925
19.000000,5.500000,779.450174
20.000000,5.500000,842.757339
21.000000,5.500000,910.519673
22.000000,5.500000,981.767968
23.000000,5.500000,1055.385150
24.000000,5.500000,1131.371219
16.000000,6.000000,604.916600
17.000000,6.000000,661.437626
18.000000,6.000000,720.236172
19.000000,6.000000,781.312238
20.000000,6.000000,844.665824
21.000000,6.000000,912.565032
22.000000,6.000000,983.850948
23.000000,6.000000,1057.505123
24.000000,6.000000,1133.527558
16.000000,6.500000,606.705725
17.000000,6.500000,663.330895
18.000000,6.500000,722.236819
19.000000,6.500000,783.423499
20.000000,6.500000,846.890934
21.000000,6.500000,914.926393
22.000000,6.500000,986.203420
23.000000,6.500000,1059.845104
24.000000,6.500000,1135.851445
16.000000,7.000000,608.495999
17.000000,7.000000,665.225397
18.000000,7.000000,724.238788
19.000000,7.000000,785.536172
20.000000,7.000000,849.117549
21.000000,7.000000,917.289108
22.000000,7.000000,988.557205
23.000000,7.000000,1062.186357
24.000000,7.000000,1138.176561
16.000000,7.500000,610.318907
17.000000,7.500000,667.153505
18.000000,7.500000,726.275346
19.000000,7.500000,787.684429
20.000000,7.500000,851.380754
21.000000,7.500000,919.707228
22.000000,7.500000,991.009873
23.000000,7.500000,1064.672326
24.000000,7.500000,1140.694587
16.000000,8.000000,612.143001
17.000000,8.000000,669.082887
18.000000,8.000000,728.313269
19.000000,8.000000,789.834144
20.000000,8.000000,853.645515
21.000000,8.000000,922.126772
22.000000,8.000000,993.463972
23.000000,8.000000,1067.159735
24.000000,8.000000,1143.214059
16.000000,8.500000,613.998201
17.000000,8.500000,671.039598
18.000000,8.500000,730.374437
19.000000,8.500000,792.002717
20.000000,8.500000,855.924438
21.000000,8.500000,924.548655
22.000000,8.500000,995.920164
23.000000,8.500000,1069.648968
16.000000,9.000000,615.854624
17.000000,9.000000,672.997617
18.000000,9.000000,732.437001
19.000000,9.000000,794.172774
20.000000,9.000000,858.204938
21.000000,9.000000,926.971969
22.000000,9.000000,998.377793
23.000000,9.000000,1072.139647
16.000000,9.500000,617.742031
17.000000,9.500000,674.982634
18.000000,9.500000,734.522257
19.000000,9.500000,796.360899
20.000000,9.500000,860.498562
21.000000,9.500000,929.397576
22.000000,9.500000,1000.837465
23.000000,9.500000,1074.632097
16.000000,10.000000,619.630697
17.000000,10.000000,676.968992
18.000000,10.000000,736.608937
19.000000,10.000000,798.550534
20.000000,10.000000,862.793781
21.000000,10.000000,931.824620
22.000000,10.000000,1003.298583
23.000000,10.000000,1077.126000
16.000000,10.500000,621.465320
17.000000,10.500000,678.916564
18.000000,10.500000,738.673067
19.000000,10.500000,800.734831
20.000000,10.500000,865.143063
21.000000,10.500000,934.253910
22.000000,10.500000,1005.761693
23.000000,10.500000,1079.621623
16.000000,11.000000,623.301182
17.000000,11.000000,680.865466
18.000000,11.000000,740.738620
19.000000,11.000000,802.920645
20.000000,11.000000,867.493875
21.000000,11.000000,936.684645
22.000000,11.000000,1008.226254
23.000000,11.000000,1082.118705
16.000000,11.500000,625.082912
17.000000,11.500000,682.770312
18.000000,11.500000,742.770820
19.000000,11.500000,805.084438
20.000000,11.500000,869.865579
21.000000,11.500000,939.097737
22.000000,11.500000,1010.679756
23.000000,11.500000,1084.611634
16.000000,12.000000,626.865871
17.000000,12.000000,684.676478
18.000000,12.000000,744.804436
19.000000,12.000000,807.249745
20.000000,12.000000,872.238711
21.000000,12.000000,941.512271
22.000000,12.000000,1013.134708
23.000000,12.000000,1087.106024
16.000000,12.500000,628.634081
17.000000,12.500000,686.560296
18.000000,12.500000,746.807814
19.000000,12.500000,809.376636
20.000000,12.500000,874.554164
21.000000,12.500000,943.884465
22.000000,12.500000,1015.563283
23.000000,12.500000,1089.590617
16.000000,13.000000,630.403517
17.000000,13.000000,688.445436
18.000000,13.000000,748.812615
19.000000,13.000000,811.505053
20.000000,13.000000,876.871067
21.000000,13.000000,946.258116
22.000000,13.000000,1017.993320
23.000000,13.000000,1092.076680
16.000000,13.500000,632.165144
17.000000,13.500000,690.325021
18.000000,13.500000,750.814294
19.000000,13.500000,813.632962
20.000000,13.500000,879.186733
21.000000,13.500000,948.661076
22.000000,13.500000,1020.485121
23.000000,13.500000,1094.658870
16.000000,14.000000,633.927992
17.000000,14.000000,692.205928
18.000000,14.000000,752.817400
19.000000,14.000000,815.762405
20.000000,14.000000,881.503863
21.000000,14.000000,951.065556
22.000000,14.000000,1022.978500
23.000000,14.000000,1097.242696
16.000000,14.500000,635.677234
17.000000,14.500000,694.074754
18.000000,14.500000,754.810180
19.000000,14.500000,817.883514
20.000000,14.500000,883.813319
21.000000,14.500000,953.481303
22.000000,14.500000,1025.502976
23.000000,14.500000,1099.878340
16.000000,15.000000,637.427660
17.000000,15.000000,695.944872
18.000000,15.000000,756.804367
19.000000,15.000000,820.006145
20.000000,15.000000,886.124232
21.000000,15.000000,955.898572
22.000000,15.000000,1028.029042
23.000000,15.000000,1102.515642
16.000000,15.500000,639.249197
17.000000,15.500000,697.866595
18.000000,15.500000,758.829254
19.000000,15.500000,822.137175
20.000000,15.500000,888.426544
21.000000,15.500000,958.312769
22.000000,15.500000,1030.557874
23.000000,15.500000,1105.161857
16.000000,16.000000,641.071996
17.000000,16.000000,699.789669
18.000000,16.000000,760.855583
19.000000,16.000000,824.269739
20.000000,16.000000,890.730306
21.000000,16.000000,960.728488
22.000000,16.000000,1033.088299
23.000000,16.000000,1107.809741
16.000000,16.500000,643.112663
17.000000,16.500000,701.872510
18.000000,16.500000,762.979163
19.000000,16.500000,826.432620
20.000000,16.500000,893.026756
21.000000,16.500000,963.142432
22.000000,16.500000,1035.622799
23.000000,16.500000,1110.467855
15.000000,17.000000,588.698240
16.000000,17.000000,645.154901
17.000000,17.000000,703.956928
18.000000,17.000000,765.104322
19.000000,17.000000,828.597082
20.000000,17.000000,895.324651
21.000000,17.000000,965.557899
22.000000,17.000000,1038.158899
23.000000,17.000000,1113.127651
15.000000,17.500000,590.675381
16.000000,17.500000,647.195818
17.000000,17.500000,706.061656
18.000000,17.500000,767.272894
19.000000,17.500000,830.829532
20.000000,17.500000,897.706821
21.000000,17.500000,968.038233
22.000000,17.500000,1040.739191
23.000000,17.500000,1115.809696
15.000000,18.000000,592.654065
16.000000,18.000000,649.238317
17.000000,18.000000,708.168003
18.000000,18.000000,769.443122
19.000000,18.000000,833.063674
20.000000,18.000000,900.090549
21.000000,18.000000,970.520174
22.000000,18.000000,1043.321142
23.000000,18.000000,1118.493452
15.000000,18.500000,594.622365
16.000000,18.500000,651.326907
17.000000,18.500000,710.380947
18.000000,18.500000,771.784487
19.000000,18.500000,835.537525
20.000000,18.500000,902.720623
21.000000,18.500000,973.182421
22.000000,18.500000,1046.013164
23.000000,18.500000,1121.212850
15.000000,19.000000,596.592206
16.000000,19.000000,653.417168
17.000000,19.000000,712.595698
18.000000,19.000000,774.127796
19.000000,19.000000,838.013462
20.000000,19.000000,905.352596
21.000000,19.000000,975.846519
22.000000,19.000000,1048.706989
23.000000,19.000000,1123.934004
15.000000,19.500000,598.551668
16.000000,19.500000,655.504503
17.000000,19.500000,714.815516
18.000000,19.500000,776.484707
19.000000,19.500000,840.512075
20.000000,19.500000,908.005064
21.000000,19.500000,978.546415
22.000000,19.500000,1051.452893
23.000000,19.500000,1126.724499
15.000000,20.000000,600.512667
16.000000,20.000000,657.593517
17.000000,20.000000,717.037160
18.000000,20.000000,778.843595
19.000000,20.000000,843.012823
20.000000,20.000000,910.659473
21.000000,20.000000,981.248235
22.000000,20.000000,1054.200706
23.000000,20.000000,1129.516885
15.000000,20.500000,602.541807
16.000000,20.500000,659.735479
17.000000,20.500000,719.295314
18.000000,20.500000,781.221310
19.000000,20.500000,845.513470
20.000000,20.500000,913.306713
21.000000,20.500000,983.961844
22.000000,20.500000,1056.980456
23.000000,20.500000,1132.362548
15.000000,21.000000,604.572601
16.000000,21.000000,661.879213
17.000000,21.000000,721.555360
18.000000,21.000000,783.601042
19.000000,21.000000,848.016258
20.000000,21.000000,915.955897
21.000000,21.000000,986.677416
22.000000,21.000000,1059.762187
23.000000,21.000000,1135.210209
15.000000,21.500000,606.698736
16.000000,21.500000,664.096713
17.000000,21.500000,723.865635
18.000000,21.500000,786.005500
19.000000,21.500000,850.516311
20.000000,21.500000,918.592136
21.000000,21.500000,989.385696
22.000000,21.500000,1062.542602
23.000000,21.500000,1138.062853
15.000000,22.000000,608.826759
16.000000,22.000000,666.316166
17.000000,22.000000,726.177926
18.000000,22.000000,788.412041
19.000000,22.000000,853.018511
20.000000,22.000000,921.230307
21.000000,22.000000,992.095932
22.000000,22.000000,1065.324998
23.000000,22.000000,1140.917504
15.000000,22.500000,610.962842
16.000000,22.500000,668.539240
17.000000,22.500000,728.489077
18.000000,22.500000,790.812352
19.000000,22.500000,855.509066
20.000000,22.500000,923.857042
21.000000,22.500000,994.800361
22.000000,22.500000,1068.107533
23.000000,22.500000,1143.778560
15.000000,23.000000,613.100830
16.000000,23.000000,670.764277
17.000000,23.000000,730.802246
18.000000,23.000000,793.214739
19.000000,23.000000,858.001754
20.000000,23.000000,926.485698
21.000000,23.000000,997.506742
22.000000,23.000000,1070.892054
23.000000,23.000000,1146.641632
15.000000,23.500000,615.250178
16.000000,23.500000,673.008757
17.000000,23.500000,733.143618
18.000000,23.500000,795.654761
19.000000,23.500000,860.542186
20.000000,23.500000,929.152956
21.000000,23.500000,1000.241860
22.000000,23.500000,1073.694637
15.000000,24.000000,617.401460
16.000000,24.000000,675.255253
17.000000,24.000000,735.487089
18.000000,24.000000,798.096966
19.000000,24.000000,863.084886
20.000000,24.000000,931.822234
21.000000,24.000000,1002.979001
22.000000,24.000000,1076.499244
15.000000,24.500000,619.567691
16.000000,24.500000,677.528077
17.000000,24.500000,737.869203
18.000000,24.500000,800.591068
19.000000,24.500000,865.719396
20.000000,24.500000,934.540149
21.000000,24.500000,1005.750772
22.000000,24.500000,1079.323363
15.000000,25.000000,621.735894
16.000000,25.000000,679.802993
17.000000,25.000000,740.253530
18.000000,25.000000,803.087503
19.000000,25.000000,868.356231
20.000000,25.000000,937.260210
21.000000,25.000000,1008.524649
22.000000,25.000000,1082.149548
15.000000,25.500000,623.863813
16.000000,25.500000,682.052488
17.000000,25.500000,742.628165
18.000000,25.500000,805.590844
19.000000,25.500000,871.035652
20.000000,25.500000,940.005395
21.000000,25.500000,1011.334850
22.000000,25.500000,1085.024017
15.000000,26.000000,625.993713
16.000000,26.000000,684.304087
17.000000,26.000000,745.005030
18.000000,26.000000,808.096543
19.000000,26.000000,873.717266
20.000000,26.000000,942.752761
21.000000,26.000000,1014.147220
22.000000,26.000000,1087.900643
15.000000,26.500000,628.073671
16.000000,26.500000,686.534660
17.000000,26.500000,747.391419
18.000000,26.500000,810.643945
19.000000,26.500000,876.460845
20.000000,26.500000,945.575854
21.000000,26.500000,1017.050288
22.000000,26.500000,1090.884148
15.000000,27.000000,630.155617
16.000000,27.000000,688.767355
17.000000,27.000000,749.780066
18.000000,27.000000,813.193748
19.000000,27.000000,879.206636
20.000000,27.000000,948.401210
21.000000,27.000000,1019.955670
22.000000,27.000000,1093.870016
15.000000,27.500000,632.233144
16.000000,27.500000,691.001821
17.000000,27.500000,752.177015
18.000000,27.500000,815.758726
19.000000,27.500000,881.959321
20.000000,27.500000,951.234407
21.000000,27.500000,1022.869893
22.000000,27.500000,1096.865777
15.000000,28.000000,634.312677
16.000000,28.000000,693.238429
17.000000,28.000000,754.576247
18.000000,28.000000,818.326132
19.000000,28.000000,884.714233
20.000000,28.000000,954.069885
21.000000,28.000000,1025.786448
22.000000,28.000000,1099.863922
15.000000,28.500000,636.405684
16.000000,28.500000,695.487354
17.000000,28.500000,756.986565
18.000000,28.500000,820.903315
19.000000,28.500000,887.464411
20.000000,28.500000,956.903980
21.000000,28.500000,1028.705116
22.000000,28.500000,1102.867818
15.000000,29.000000,638.500717
16.000000,29.000000,697.738444
17.000000,29.000000,759.399188
18.000000,29.000000,823.482951
19.000000,29.000000,890.216830
20.000000,29.000000,959.740369
21.000000,29.000000,1031.626131
22.000000,29.000000,1105.874113
15.000000,29.500000,640.650877
16.000000,29.500000,700.089345
17.000000,29.500000,761.959433
18.000000,29.500000,826.261141
19.000000,29.500000,893.164200
20.000000,29.500000,962.722086
21.000000,29.500000,1034.639505
22.000000,29.500000,1108.916457
15.000000,30.000000,642.803169
16.000000,30.000000,702.442610
17.000000,30.000000,764.522285
18.000000,30.000000,829.042196
19.000000,30.000000,896.114176
20.000000,30.000000,965.706361
21.000000,30.000000,1037.655391
22.000000,30.000000,1111.961264
15.000000,30.500000,645.057997
16.000000,30.500000,704.913020
17.000000,30.500000,767.217563
18.000000,30.500000,831.971626
19.000000,30.500000,899.172776
20.000000,30.500000,968.769342
21.000000,30.500000,1040.718062
22.000000,30.500000,1115.018937
14.000000,31.000000,589.703156
15.000000,31.000000,647.315204
16.000000,31.000000,707.386069
17.000000,31.000000,769.915752
18.000000,31.000000,834.904253
19.000000,31.000000,902.234201
20.000000,31.000000,971.835033
21.000000,31.000000,1043.783332
22.000000,31.000000,1118.079097
14.000000,31.500000,591.875006
15.000000,31.500000,649.665786
16.000000,31.500000,709.922233
17.000000,31.500000,772.644346
18.000000,31.500000,837.832125
19.000000,31.500000,905.252783
20.000000,31.500000,974.885975
21.000000,31.500000,1046.863726
22.000000,31.500000,1121.186037
14.000000,32.000000,594.049261
15.000000,32.000000,652.018961
16.000000,32.000000,712.461183
17.000000,32.000000,775.375926
18.000000,32.000000,840.763192
19.000000,32.000000,908.274137
20.000000,32.000000,977.939633
21.000000,32.000000,1049.946781
22.000000,32.000000,1124.295581
14.000000,32.500000,596.305586
15.000000,32.500000,654.432470
16.000000,32.500000,715.036908
17.000000,32.500000,778.118901
18.000000,32.500000,843.678448
19.000000,32.500000,911.277118
20.000000,32.500000,981.025759
21.000000,32.500000,1053.116251
22.000000,32.500000,1127.548597
14.000000,33.000000,598.564494
15.000000,33.000000,656.848702
16.000000,33.000000,717.615501
17.000000,33.000000,780.864890
18.000000,33.000000,846.596870
19.000000,33.000000,914.282870
20.000000,33.000000,984.114700
21.000000,33.000000,1056.288584
22.000000,33.000000,1130.804520
14.000000,33.500000,600.816191
15.000000,33.500000,659.253316
16.000000,33.500000,720.177773
17.000000,33.500000,783.589564
18.000000,33.500000,849.488688
19.000000,33.500000,917.270952
20.000000,33.500000,987.218835
21.000000,33.500000,1059.510909
22.000000,33.500000,1134.147175
14.000000,34.000000,603.070456
15.000000,34.000000,661.660629
16.000000,34.000000,722.742881
17.000000,34.000000,786.317212
18.000000,34.000000,852.383621
19.000000,34.000000,920.261796
20.000000,34.000000,990.325836
21.000000,34.000000,1062.736208
22.000000,34.000000,1137.492911
14.000000,34.500000,605.329496
15.000000,34.500000,664.104759
16.000000,34.500000,725.379260
17.000000,34.500000,789.152998
18.000000,34.500000,855.425975
19.000000,34.500000,923.364040
20.000000,34.500000,993.507917
21.000000,34.500000,1065.997880
22.000000,34.500000,1140.833931
14.000000,35.000000,607.591117
15.000000,35.000000,666.551677
16.000000,35.000000,728.018642
17.000000,35.000000,791.992012
18.000000,35.000000,858.471787
19.000000,35.000000,926.469284
20.000000,35.000000,996.693025
21.000000,35.000000,1069.262608
22.000000,35.000000,1144.178032
14.000000,35.500000,609.929377
15.000000,35.500000,669.031983
16.000000,35.500000,730.644878
17.000000,35.500000,794.768061
18.000000,35.500000,861.401534
19.000000,35.500000,929.465408
20.000000,35.500000,999.799607
21.000000,35.500000,1072.480852
14.000000,36.000000,612.270478
15.000000,36.000000,671.515257
16.000000,36.000000,733.274211
17.000000,36.000000,797.547339
18.000000,36.000000,864.334643
19.000000,36.000000,932.464470
20.000000,36.000000,1002.909169
21.000000,36.000000,1075.702118
14.000000,36.500000,614.652346
15.000000,36.500000,674.021529
16.000000,36.500000,735.907304
17.000000,36.500000,800.309670
18.000000,36.500000,867.197492
19.000000,36.500000,935.428590
20.000000,36.500000,1005.992766
21.000000,36.500000,1078.906791
14.000000,37.000000,617.037211
15.000000,37.000000,676.530882
16.000000,37.000000,738.543561
17.000000,37.000000,803.075247
18.000000,37.000000,870.063380
19.000000,37.000000,938.395629
20.000000,37.000000,1009.079326
21.000000,37.000000,1082.114471
14.000000,37.500000,619.420961
15.000000,37.500000,679.047164
16.000000,37.500000,741.195249
17.000000,37.500000,805.865214
18.000000,37.500000,872.941528
19.000000,37.500000,941.380857
20.000000,37.500000,1012.172684
21.000000,37.500000,1085.317009
14.000000,38.000000,621.807734
15.000000,38.000000,681.566561
16.000000,38.000000,743.850142
17.000000,38.000000,808.658478
18.000000,38.000000,875.822591
19.000000,38.000000,944.369035
20.000000,38.000000,1015.269027
21.000000,38.000000,1088.522568
14.000000,38.500000,624.207879
15.000000,38.500000,684.104470
16.000000,38.500000,746.529019
17.000000,38.500000,811.481528
18.000000,38.500000,878.728703
19.000000,38.500000,947.363732
20.000000,38.500000,1018.352711
21.000000,38.500000,1091.695641
14.000000,39.000000,626.611070
15.000000,39.000000,686.645523
16.000000,39.000000,749.211142
17.000000,39.000000,814.307926
18.000000,39.000000,881.637774
19.000000,39.000000,950.361430
20.000000,39.000000,1021.439438
21.000000,39.000000,1094.871800
14.000000,39.500000,629.027085
15.000000,39.500000,689.202351
16.000000,39.500000,751.912253
17.000000,39.500000,817.156792
18.000000,39.500000,884.560251
19.000000,39.500000,953.365025
20.000000,39.500000,1024.524106
21.000000,39.500000,1098.037492
14.000000,40.000000,631.446171
15.000000,40.000000,691.762361
16.000000,40.000000,754.616662
17.000000,40.000000,820.009072
18.000000,40.000000,887.485746
19.000000,40.000000,956.371670
20.000000,40.000000,1027.611852
21.000000,40.000000,1101.206292
14.000000,40.500000,633.830217
15.000000,40.500000,694.296714
16.000000,40.500000,757.305287
17.000000,40.500000,822.855936
18.000000,40.500000,890.401581
19.000000,40.500000,959.368403
20.000000,40.500000,1030.689077
21.000000,40.500000,1104.363603
14.000000,41.000000,636.217413
15.000000,41.000000,696.834338
16.000000,41.000000,759.997305
17.000000,41.000000,825.706317
18.000000,41.000000,893.320526
19.000000,41.000000,962.368245
20.000000,41.000000,1033.769411
21.000000,41.000000,1107.524023
14.000000,41.500000,638.621469
15.000000,41.500000,699.437570
16.000000,41.500000,762.806913
17.000000,41.500000,828.729496
18.000000,41.500000,896.402875
19.000000,41.500000,965.484734
20.000000,41.500000,1036.916496
21.000000,41.500000,1110.698158
14.000000,42.000000,641.028808
15.000000,42.000000,702.044305
16.000000,42.000000,765.620247
17.000000,42.000000,831.756634
18.000000,42.000000,899.488690
19.000000,42.000000,968.604579
20.000000,42.000000,1040.066825
21.000000,42.000000,1113.875429
14.000000,42.500000,643.429040
15.000000,42.500000,704.659695
16.000000,42.500000,768.459286
17.000000,42.500000,834.827814
18.000000,42.500000,902.588617
19.000000,42.500000,971.728891
20.000000,42.500000,1043.211374
21.000000,42.500000,1117.036066
13.000000,43.000000,586.963865
14.000000,43.000000,645.832505
15.000000,43.000000,707.278582
16.000000,43.000000,771.302098
17.000000,43.000000,837.903050
18.000000,43.000000,905.692045
19.000000,43.000000,974.856571
20.000000,43.000000,1046.359158
21.000000,43.000000,1120.199808
13.000000,43.500000,589.184869
14.000000,43.500000,648.257430
15.000000,43.500000,709.915632
16.000000,43.500000,774.159476
17.000000,43.500000,840.988961
18.000000,43.500000,908.769087
19.000000,43.500000,977.958917
20.000000,43.500000,1049.482779
21.000000,43.500000,1123.340673
13.000000,44.000000,591.408901
14.000000,44.000000,650.685631
15.000000,44.000000,712.556215
16.000000,44.000000,777.020652
17.000000,44.000000,844.078942
18.000000,44.000000,911.849575
19.000000,44.000000,981.064580
20.000000,44.000000,1052.609589
21.000000,44.000000,1126.484601
13.000000,44.500000,593.664978
14.000000,44.500000,653.141111
15.000000,44.500000,715.218832
16.000000,44.500000,779.898141
17.000000,44.500000,847.179038
18.000000,44.500000,915.016455
19.000000,44.500000,984.412938
20.000000,44.500000,1056.144514
21.000000,44.500000,1130.211183
13.000000,45.000000,595.924158
14.000000,45.000000,655.599929
15.000000,45.000000,717.885030
16.000000,45.000000,782.779460
17.000000,45.000000,850.283219
18.000000,45.000000,918.186970
19.000000,45.000000,987.765126
20.000000,45.000000,1059.683470
21.000000,45.000000,1133.942002
13.000000,45.500000,598.326468
14.000000,45.500000,658.171115
15.000000,45.500000,720.630081
16.000000,45.500000,785.703366
17.000000,45.500000,853.390969
18.000000,45.500000,921.365206
19.000000,45.500000,991.145867
20.000000,45.500000,1063.272635
21.000000,45.500000,1137.745510
13.000000,46.000000,600.732332
14.000000,46.000000,660.746016
15.000000,46.000000,723.379010
16.000000,46.000000,788.631314
17.000000,46.000000,856.502929
18.000000,46.000000,924.547206
19.000000,46.000000,994.530582
20.000000,46.000000,1066.865987
21.000000,46.000000,1141.553423
13.000000,46.500000,603.238065
14.000000,46.500000,663.397770
15.000000,46.500000,726.179792
16.000000,46.500000,791.584130
17.000000,46.500000,859.610785
18.000000,46.500000,927.729825
19.000000,46.500000,997.918531
20.000000,46.500000,1070.465003
21.000000,46.500000,1145.369239
13.000000,47.000000,605.747682
14.000000,47.000000,666.053509
15.000000,47.000000,728.984659
16.000000,47.000000,794.541133
17.000000,47.000000,862.722931
18.000000,47.000000,930.916289
19.000000,47.000000,1001.310513
20.000000,47.000000,1074.068240
21.000000,47.000000,1149.189469
13.000000,47.500000,608.265593
14.000000,47.500000,668.714867
15.000000,47.500000,731.792462
16.000000,47.500000,797.498376
17.000000,47.500000,865.797730
18.000000,47.500000,934.110415
19.000000,47.500000,1004.710593
20.000000,47.500000,1077.679794
21.000000,47.500000,1153.140477
13.000000,48.000000,610.787401
14.000000,48.000000,671.380232
15.000000,48.000000,734.604381
16.000000,48.000000,800.459847
17.000000,48.000000,868.876684
18.000000,48.000000,937.308445
19.000000,48.000000,1008.114748
20.000000,48.000000,1081.295592
21.000000,48.000000,1157.095781
22.000000,48.000000,1237.625639
23.000000,48.000000,1320.590706
24.000000,48.000000,1405.990984
13.000000,48.500000,613.284504
14.000000,48.500000,674.026008
15.000000,48.500000,737.402141
16.000000,48.500000,803.412903
17.000000,48.500000,871.880998
18.000000,48.500000,940.513854
19.000000,48.500000,1011.526802
20.000000,48.500000,1084.919840
21.000000,48.500000,1161.031733
22.000000,48.500000,1241.616703
23.000000,48.500000,1324.634689
24.000000,48.500000,1410.085691
13.000000,49.000000,615.785471
14.000000,49.000000,676.675762
15.000000,49.000000,740.203995
16.000000,49.000000,806.370170
17.000000,49.000000,874.889054
18.000000,49.000000,943.723177
19.000000,49.000000,1014.942941
20.000000,49.000000,1088.548345
21.000000,49.000000,1164.971951
22.000000,49.000000,1245.611985
23.000000,49.000000,1328.682839
24.000000,49.000000,1414.184513
13.000000,49.500000,618.265096
14.000000,49.500000,679.308921
15.000000,49.500000,742.994270
16.000000,49.500000,809.321144
17.000000,49.500000,877.904147
18.000000,49.500000,946.940418
19.000000,49.500000,1018.368062
20.000000,49.500000,1092.187077
21.000000,49.500000,1168.891168
22.000000,49.500000,1249.586806
23.000000,49.500000,1332.710924
24.000000,49.500000,1418.263521
13.000000,50.000000,620.748553
14.000000,50.000000,681.946031
15.000000,50.000000,745.788617
16.000000,50.000000,812.276310
17.000000,50.000000,880.922985
18.000000,50.000000,950.161589
19.000000,50.000000,1021.797299
20.000000,50.000000,1095.830114
21.000000,50.000000,1172.814671
22.000000,50.000000,1253.565848
23.000000,50.000000,1336.743162
24.000000,50.000000,1422.346615
13.000000,50.500000,623.222784
14.000000,50.500000,684.576599
15.000000,50.500000,748.578813
16.000000,50.500000,815.229425
17.000000,50.500000,883.940959
18.000000,50.500000,953.353932
19.000000,50.500000,1025.168590
20.000000,50.500000,1099.384934
21.000000,50.500000,1176.609293
22.000000,50.500000,1257.450573
23.000000,50.500000,1340.716881
24.000000,50.500000,1426.408218
13.000000,51.000000,625.700927
14.000000,51.000000,687.211177
15.000000,51.000000,751.373115
16.000000,51.000000,818.186741
17.000000,51.000000,886.962676
18.000000,51.000000,956.550184
19.000000,51.000000,1028.543961
20.000000,51.000000,1102.944008
21.000000,51.000000,1180.408134
22.000000,51.000000,1261.339461
23.000000,51.000000,1344.694708
24.000000,51.000000,1430.473873
13.000000,51.500000,628.212160
14.000000,51.500000,689.935392
15.000000,51.500000,754.317785
16.000000,51.500000,821.359340
17.000000,51.500000,890.208314
18.000000,51.500000,959.895064
19.000000,51.500000,1031.987471
20.000000,51.500000,1106.485533
21.000000,51.500000,1184.132158
22.000000,51.500000,1265.173951
23.000000,51.500000,1348.639260
13.000000,52.000000,630.727500
14.000000,52.000000,692.663978
15.000000,52.000000,757.267095
16.000000,52.000000,824.536852
17.000000,52.000000,893.458372
18.000000,52.000000,963.244334
19.000000,52.000000,1035.435339
20.000000,52.000000,1110.031385
21.000000,52.000000,1187.860347
22.000000,52.000000,1269.012560
23.000000,52.000000,1352.587883
13.000000,52.500000,633.260762
14.000000,52.500000,695.419646
15.000000,52.500000,760.253356
16.000000,52.500000,827.761892
17.000000,52.500000,896.734169
18.000000,52.500000,966.613591
19.000000,52.500000,1038.896953
20.000000,52.500000,1113.584255
21.000000,52.500000,1191.602546
22.000000,52.500000,1272.878992
23.000000,52.500000,1356.578990
13.000000,53.000000,635.798170
14.000000,53.000000,698.179756
15.000000,53.000000,763.244360
16.000000,53.000000,830.991982
17.000000,53.000000,900.014462
18.000000,53.000000,969.987288
19.000000,53.000000,1042.362953
20.000000,53.000000,1117.141457
21.000000,53.000000,1195.348924
22.000000,53.000000,1276.749595
23.000000,53.000000,1360.574257
13.000000,53.500000,638.394902
14.000000,53.500000,700.992194
15.000000,53.500000,766.279928
16.000000,53.500000,834.258104
17.000000,53.500000,903.299506
18.000000,53.500000,973.365256
19.000000,53.500000,1045.832619
20.000000,53.500000,1120.701595
21.000000,53.500000,1199.111910
22.000000,53.500000,1280.649223
23.000000,53.500000,1364.611905
13.000000,54.000000,640.995968
14.000000,54.000000,703.809237
15.000000,54.000000,769.320375
16.000000,54.000000,837.529383
17.000000,54.000000,906.589068
18.000000,54.000000,976.747678
19.000000,54.000000,1049.306674
20.000000,54.000000,1124.266057
21.000000,54.000000,1202.879106
22.000000,54.000000,1284.553103
23.000000,54.000000,1368.653846
13.000000,54.500000,643.628899
14.000000,54.500000,706.656880
15.000000,54.500000,772.389898
16.000000,54.500000,840.827953
17.000000,54.500000,909.883400
18.000000,54.500000,980.140027
19.000000,54.500000,1052.796167
20.000000,54.500000,1127.851819
21.000000,54.500000,1206.690323
22.000000,54.500000,1288.518495
23.000000,54.500000,1372.776211
13.000000,55.000000,646.266252
14.000000,55.000000,709.509205
15.000000,55.000000,775.464366
16.000000,55.000000,844.131734
17.000000,55.000000,913.182244
18.000000,55.000000,983.536839
19.000000,55.000000,1056.290073
20.000000,55.000000,1131.441947
21.000000,55.000000,1210.505875
22.000000,55.000000,1292.488346
23.000000,55.000000,1376.903159
13.000000,55.500000,648.855412
14.000000,55.500000,712.335019
15.000000,55.500000,778.535148
16.000000,55.500000,847.455800
17.000000,55.500000,916.506001
18.000000,55.500000,986.989734
19.000000,55.500000,1059.873276
20.000000,55.500000,1135.156625
21.000000,55.500000,1214.436060
22.000000,55.500000,1296.536644
23.000000,55.500000,1381.070059
12.000000,56.000000,590.461222
13.000000,56.000000,651.448939
14.000000,56.000000,715.165494
15.000000,56.000000,781.610887
16.000000,56.000000,850.785118
17.000000,56.000000,919.834326
18.000000,56.000000,990.447241
19.000000,56.000000,1063.461132
20.000000,56.000000,1138.876001
21.000000,56.000000,1218.370872
22.000000,56.000000,1300.589590
23.000000,56.000000,1385.241630
12.000000,56.500000,592.749933
13.000000,56.500000,653.973509
14.000000,56.500000,717.934530
15.000000,56.500000,784.632994
16.000000,56.500000,854.068903
17.000000,56.500000,923.132560
18.000000,56.500000,993.915462
19.000000,56.500000,1067.102888
20.000000,56.500000,1142.694836
21.000000,56.500000,1222.383241
22.000000,56.500000,1304.693577
23.000000,56.500000,1389.436056
12.000000,57.000000,595.042584
13.000000,57.000000,656.502333
14.000000,57.000000,720.708128
15.000000,57.000000,787.659967
16.000000,57.000000,857.357853
17.000000,57.000000,926.435347
18.000000,57.000000,997.388374
19.000000,57.000000,1070.749471
20.000000,57.000000,1146.518637
21.000000,57.000000,1226.400433
22.000000,57.000000,1308.802333
23.000000,57.000000,1393.635196
12.000000,57.500000,597.351044
13.000000,57.500000,659.006380
14.000000,57.500000,723.414167
15.000000,57.500000,790.574404
16.000000,57.500000,860.487091
17.000000,57.500000,929.654432
18.000000,57.500000,1000.872497
19.000000,57.500000,1074.507152
20.000000,57.500000,1150.593071
21.000000,57.500000,1230.559817
22.000000,57.500000,1312.997413
23.000000,57.500000,1397.861320
12.000000,58.000000,599.663479
13.000000,58.000000,661.514641
14.000000,58.000000,726.124661
15.000000,58.000000,793.493539
16.000000,58.000000,863.621275
17.000000,58.000000,932.878103
18.000000,58.000000,1004.361534
19.000000,58.000000,1078.270079
20.000000,58.000000,1154.672999
21.000000,58.000000,1234.724407
22.000000,58.000000,1317.197479
23.000000,58.000000,1402.092214
12.000000,58.500000,601.998741
13.000000,58.500000,664.046056
14.000000,58.500000,728.858203
15.000000,58.500000,796.435183
16.000000,58.500000,866.716885
17.000000,58.500000,936.134218
18.000000,58.500000,1007.885823
19.000000,58.500000,1082.071163
20.000000,58.500000,1158.788794
21.000000,58.500000,1238.886134
22.000000,58.500000,1321.400994
23.000000,58.500000,1406.333373
12.000000,59.000000,604.338084
13.000000,59.000000,666.581779
14.000000,59.000000,731.596279
15.000000,59.000000,799.381587
16.000000,59.000000,869.817223
17.000000,59.000000,939.394976
18.000000,59.000000,1011.415087
19.000000,59.000000,1085.877557
20.000000,59.000000,1162.909976
21.000000,59.000000,1243.053053
22.000000,59.000000,1325.609509
23.000000,59.000000,1410.579344
12.000000,59.500000,606.695240
13.000000,59.500000,669.136223
14.000000,59.500000,734.353968
15.000000,59.500000,802.348475
16.000000,59.500000,872.848355
17.000000,59.500000,942.688745
18.000000,59.500000,1014.980216
19.000000,59.500000,1089.722768
20.000000,59.500000,1167.025138
21.000000,59.500000,1247.223104
22.000000,59.500000,1329.831060
23.000000,59.500000,1414.849008
12.000000,60.000000,609.056516
13.000000,60.000000,671.695015
14.000000,60.000000,737.116230
15.000000,60.000000,805.320161
16.000000,60.000000,875.883856
17.000000,60.000000,945.987216
18.000000,60.000000,1018.550382
19.000000,60.000000,1093.573356
20.000000,60.000000,1171.145656
21.000000,60.000000,1251.398358
22.000000,60.000000,1334.057665
23.000000,60.000000,1419.123577
12.000000,60.500000,611.524731
13.000000,60.500000,674.341864
14.000000,60.500000,739.945659
15.000000,60.500000,808.336116
16.000000,60.500000,878.953007
17.000000,60.500000,949.319929
18.000000,60.500000,1022.155308
19.000000,60.500000,1097.459146
20.000000,60.500000,1175.261588
21.000000,60.500000,1255.591602
22.000000,60.500000,1338.326461
23.000000,60.500000,1423.466165
12.000000,61.000000,613.997422
13.000000,61.000000,676.993341
14.000000,61.000000,742.779865
15.000000,61.000000,811.356994
16.000000,61.000000,882.026606
17.000000,61.000000,952.657419
18.000000,61.000000,1025.765345
19.000000,61.000000,1101.350384
20.000000,61.000000,1179.382875
21.000000,61.000000,1259.790137
22.000000,61.000000,1342.600484
23.000000,61.000000,1427.813916
12.000000,61.500000,616.606010
13.000000,61.500000,679.752965
14.000000,61.500000,745.691570
15.000000,61.500000,814.421826
16.000000,61.500000,885.125728
17.000000,61.500000,955.997985
18.000000,61.500000,1029.355175
19.000000,61.500000,1105.197297
20.000000,61.500000,1183.422817
21.000000,61.500000,1263.949184
22.000000,61.500000,1346.878685
12.000000,62.000000,619.219548
13.000000,62.000000,682.517577
14.000000,62.000000,748.608294
15.000000,62.000000,817.491699
16.000000,62.000000,888.229358
17.000000,62.000000,959.343373
18.000000,62.000000,1032.950146
19.000000,62.000000,1109.049679
20.000000,62.000000,1187.468114
21.000000,62.000000,1268.113583
22.000000,62.000000,1351.162237
12.000000,62.500000,621.862246
13.000000,62.500000,685.359533
14.000000,62.500000,751.654538
15.000000,62.500000,820.747260
16.000000,62.500000,891.544306
17.000000,62.500000,962.851157
18.000000,62.500000,1036.654744
19.000000,62.500000,1112.955064
20.000000,62.500000,1191.513162
21.000000,62.500000,1272.280068
22.000000,62.500000,1355.450274
12.000000,63.000000,624.509984
13.000000,63.000000,688.206740
14.000000,63.000000,754.706238
15.000000,63.000000,824.008480
16.000000,63.000000,894.864405
17.000000,63.000000,966.364247
18.000000,63.000000,1040.364799
19.000000,63.000000,1116.866060
20.000000,63.000000,1195.563562
21.000000,63.000000,1276.451903
22.000000,63.000000,1359.743660
12.000000,63.500000,627.140547
13.000000,63.500000,691.090134
14.000000,63.500000,757.851464
15.000000,63.500000,827.424540
16.000000,63.500000,898.335627
17.000000,63.500000,969.971382
18.000000,63.500000,1044.108310
19.000000,63.500000,1120.746412
20.000000,63.500000,1199.559768
21.000000,63.500000,1280.591135
22.000000,63.500000,1364.026424
12.000000,64.000000,629.776147
13.000000,64.000000,693.978951
14.000000,64.000000,761.002505
15.000000,64.000000,830.846806
16.000000,64.000000,901.812496
17.000000,64.000000,973.584174
18.000000,64.000000,1047.857488
19.000000,64.000000,1124.632439
20.000000,64.000000,1203.561343
21.000000,64.000000,1284.735731
22.000000,64.000000,1368.314545
12.000000,64.500000,632.440035
13.000000,64.500000,696.895478
14.000000,64.500000,764.180547
15.000000,64.500000,834.295242
16.000000,64.500000,905.290359
17.000000,64.500000,977.199520
18.000000,64.500000,1051.610889
19.000000,64.500000,1128.524467
20.000000,64.500000,1207.571911
21.000000,64.500000,1288.890297
22.000000,64.500000,1372.613646
12.000000,65.000000,635.109027
13.000000,65.000000,699.817491
14.000000,65.000000,767.364460
15.000000,65.000000,837.749934
16.000000,65.000000,908.773851
17.000000,65.000000,980.820509
18.000000,65.000000,1055.369947
19.000000,65.000000,1132.422166
20.000000,65.000000,1211.587845
21.000000,65.000000,1293.050225
22.000000,65.000000,1376.918101
12.000000,65.500000,637.755252
13.000000,65.500000,702.732044
14.000000,65.500000,770.556940
15.000000,65.500000,841.229941
16.000000,65.500000,912.263404
17.000000,65.500000,984.448285
18.000000,65.500000,1059.136490
19.000000,65.500000,1136.328017
20.000000,65.500000,1215.635082
21.000000,65.500000,1297.267987
22.000000,65.500000,1381.308753
12.000000,66.000000,640.406545
13.000000,66.000000,705.652088
14.000000,66.000000,773.755331
15.000000,66.000000,844.716275
16.000000,66.000000,915.758591
17.000000,66.000000,988.081709
18.000000,66.000000,1062.908691
19.000000,66.000000,1140.239537
20.000000,66.000000,1219.687764
21.000000,66.000000,1301.491287
22.000000,66.000000,1385.705036
12.000000,66.500000,643.007697
13.000000,66.500000,708.548295
14.000000,66.500000,776.957471
15.000000,66.500000,848.235225
16.000000,66.500000,919.264076
17.000000,66.500000,991.724958
18.000000,66.500000,1066.690081
19.000000,66.500000,1144.159445
20.000000,66.500000,1223.759947
21.000000,66.500000,1305.739506
22.000000,66.500000,1390.131999
12.000000,67.000000,645.613819
13.000000,67.000000,711.449971
14.000000,67.000000,780.165565
15.000000,67.000000,851.760604
16.000000,67.000000,922.775224
17.000000,67.000000,995.373874
18.000000,67.000000,1070.477139
19.000000,67.000000,1148.085021
20.000000,67.000000,1227.837606
21.000000,67.000000,1309.993313
22.000000,67.000000,1394.564661
12.000000,67.500000,648.256177
13.000000,67.500000,714.388454
14.000000,67.500000,783.410856
15.000000,67.500000,855.323380
16.000000,67.500000,926.272145
17.000000,67.500000,998.987778
18.000000,67.500000,1074.207950
19.000000,67.500000,1151.929708
20.000000,67.500000,1231.907171
21.000000,67.500000,1314.299369
22.000000,67.500000,1399.112612
11.000000,68.000000,587.375501
12.000000,68.000000,650.903607
13.000000,68.000000,717.332504
14.000000,68.000000,786.662190
15.000000,68.000000,858.892666
16.000000,68.000000,929.774715
17.000000,68.000000,1002.607330
18.000000,68.000000,1077.944405
19.000000,68.000000,1155.779899
20.000000,68.000000,1235.982376
21.000000,68.000000,1318.611301
22.000000,68.000000,1403.666676
11.000000,68.500000,589.768239
12.000000,68.500000,653.504227
13.000000,68.500000,720.146700
14.000000,68.500000,789.695658
15.000000,68.500000,862.151101
16.000000,68.500000,933.026452
17.000000,68.500000,1006.060037
18.000000,68.500000,1081.601954
19.000000,68.500000,1159.645594
20.000000,68.500000,1240.087258
21.000000,68.500000,1322.961166
22.000000,68.500000,1408.267319
11.000000,69.000000,592.165652
12.000000,69.000000,656.109796
13.000000,69.000000,722.966117
14.000000,69.000000,792.734615
15.000000,69.000000,865.415290
16.000000,69.000000,936.283351
17.000000,69.000000,1009.518078
18.000000,69.000000,1085.265004
19.000000,69.000000,1163.516740
20.000000,69.000000,1244.197846
21.000000,69.000000,1327.316993
22.000000,69.000000,1412.874181
11.000000,69.500000,594.583431
12.000000,69.500000,658.724772
13.000000,69.500000,725.783312
14.000000,69.500000,795.759050
15.000000,69.500000,868.521728
16.000000,69.500000,939.539446
17.000000,69.500000,1013.002028
18.000000,69.500000,1088.982374
19.000000,69.500000,1167.466874
20.000000,69.500000,1248.374350
21.000000,69.500000,1331.724422
22.000000,69.500000,1417.517089
11.000000,70.000000,597.005933
12.000000,70.000000,661.344711
13.000000,70.000000,728.605708
14.000000,70.000000,798.788924
15.000000,70.000000,871.633348
16.000000,70.000000,942.800717
17.000000,70.000000,1016.491410
18.000000,70.000000,1092.705427
19.000000,70.000000,1171.422712
20.000000,70.000000,1252.556755
21.000000,70.000000,1336.137945
22.000000,70.000000,1422.166281
11.000000,70.500000,599.466193
12.000000,70.500000,663.998676
13.000000,70.500000,731.457566
14.000000,70.500000,801.842863
15.000000,70.500000,874.695021
16.000000,70.500000,946.091918
17.000000,70.500000,1020.018228
18.000000,70.500000,1096.473952
19.000000,70.500000,1175.425001
20.000000,70.500000,1256.780657
21.000000,70.500000,1340.587479
22.000000,70.500000,1426.845466
11.000000,71.000000,601.931323
12.000000,71.000000,666.657726
13.000000,71.000000,734.314720
14.000000,71.000000,804.902305
15.000000,71.000000,877.761655
16.000000,71.000000,949.388363
17.000000,71.000000,1023.550572
18.000000,71.000000,1100.248281
19.000000,71.000000,1179.433117
20.000000,71.000000,1261.010557
21.000000,71.000000,1345.043177
22.000000,71.000000,1431.530975
11.000000,71.500000,604.452311
12.000000,71.500000,669.359642
13.000000,71.500000,737.199820
14.000000,71.500000,807.972845
15.000000,71.500000,880.833048
16.000000,71.500000,952.695296
17.000000,71.500000,1027.099233
18.000000,71.500000,1104.044860
19.000000,71.500000,1183.452171
20.000000,71.500000,1265.230586
21.000000,71.500000,1349.467505
11.000000,72.000000,606.978416
12.000000,72.000000,672.066831
13.000000,72.000000,740.090339
14.000000,72.000000,811.048938
15.000000,72.000000,883.909422
16.000000,72.000000,956.007501
17.000000,72.000000,1030.653454
18.000000,72.000000,1107.847282
19.000000,72.000000,1187.477061
20.000000,72.000000,1269.456595
21.000000,72.000000,1353.897956
11.000000,72.500000,609.527150
12.000000,72.500000,674.794746
13.000000,72.500000,742.999349
14.000000,72.500000,814.140960
15.000000,72.500000,887.009757
16.000000,72.500000,959.344457
17.000000,72.500000,1034.233201
18.000000,72.500000,1111.675989
19.000000,72.500000,1191.500515
20.000000,72.500000,1273.648511
21.000000,72.500000,1358.260589
11.000000,73.000000,612.081067
12.000000,73.000000,677.527986
13.000000,73.000000,745.913817
14.000000,73.000000,817.238561
15.000000,73.000000,890.115119
16.000000,73.000000,962.686730
17.000000,73.000000,1037.818551
18.000000,73.000000,1115.510582
19.000000,73.000000,1195.529798
20.000000,73.000000,1277.846359
21.000000,73.000000,1362.629257
11.000000,73.500000,614.660157
12.000000,73.500000,680.291431
13.000000,73.500000,748.863984
14.000000,73.500000,820.377815
15.000000,73.500000,893.283565
16.000000,73.500000,966.116184
17.000000,73.500000,1041.516991
18.000000,73.500000,1119.485984
19.000000,73.500000,1199.671070
20.000000,73.500000,1282.121523
21.000000,73.500000,1367.037879
11.000000,74.000000,617.244504
12.000000,74.000000,683.060295
13.000000,74.000000,751.819720
14.000000,74.000000,823.522779
15.000000,74.000000,896.457237
16.000000,74.000000,969.551246
17.000000,74.000000,1045.221423
18.000000,74.000000,1123.467766
19.000000,74.000000,1203.818581
20.000000,74.000000,1286.402894
21.000000,74.000000,1371.452677
11.000000,74.500000,619.863764
12.000000,74.500000,685.890108
13.000000,74.500000,754.865423
14.000000,74.500000,826.789710
15.000000,74.500000,899.766548
16.000000,74.500000,973.100073
17.000000,74.500000,1049.015136
18.000000,74.500000,1127.511736
19.000000,74.500000,1207.986628
20.000000,74.500000,1290.698555
21.000000,74.500000,1375.875630
11.000000,75.000000,622.488392
12.000000,75.000000,688.725566
13.000000,75.000000,757.917047
14.000000,75.000000,830.062837
15.000000,75.000000,903.081595
16.000000,75.000000,976.654922
17.000000,75.000000,1052.815147
18.000000,75.000000,1131.562271
19.000000,75.000000,1212.160986
20.000000,75.000000,1295.000508
21.000000,75.000000,1380.304855
11.000000,75.500000,625.083145
12.000000,75.500000,691.546695
13.000000,75.500000,760.970645
14.000000,75.500000,833.354995
15.000000,75.500000,906.425488
16.000000,75.500000,980.237100
17.000000,75.500000,1056.641032
18.000000,75.500000,1135.637284
19.000000,75.500000,1216.335835
20.000000,75.500000,1299.303957
21.000000,75.500000,1384.736370
11.000000,76.000000,627.683165
12.000000,76.000000,694.373419
13.000000,76.000000,764.030162
14.000000,76.000000,836.653394
15.000000,76.000000,909.775181
16.000000,76.000000,983.825365
17.000000,76.000000,1060.473284
18.000000,76.000000,1139.718938
19.000000,76.000000,1220.517011
20.000000,76.000000,1303.613701
21.000000,76.000000,1389.174151
11.000000,76.500000,630.162972
12.000000,76.500000,697.120919
13.000000,76.500000,767.053448
14.000000,76.500000,839.960557
15.000000,76.500000,913.148040
16.000000,76.500000,987.435750
17.000000,76.500000,1064.326782
18.000000,76.500000,1143.821136
19.000000,76.500000,1224.696804
20.000000,76.500000,1307.924007
21.000000,76.500000,1393.614123
11.000000,77.000000,632.647637
12.000000,77.000000,699.873761
13.000000,77.000000,770.082543
14.000000,77.000000,843.273982
15.000000,77.000000,916.526759
16.000000,77.000000,991.052290
17.000000,77.000000,1068.186725
18.000000,77.000000,1147.930066
19.000000,77.000000,1228.882951
20.000000,77.000000,1312.240619
21.000000,77.000000,1398.060351
11.000000,77.500000,635.154661
12.000000,77.500000,702.652337
13.000000,77.500000,773.140954
14.000000,77.500000,846.620512
15.000000,77.500000,919.932117
16.000000,77.500000,994.696990
17.000000,77.500000,1072.076326
18.000000,77.500000,1152.021053
19.000000,77.500000,1233.075441
20.000000,77.500000,1316.562264
21.000000,77.500000,1402.510240
11.000000,78.000000,637.666605
12.000000,78.000000,705.436323
13.000000,78.000000,776.205251
14.000000,78.000000,849.973387
15.000000,78.000000,923.343397
16.000000,78.000000,998.347905
17.000000,78.000000,1075.972431
18.000000,78.000000,1156.118584
19.000000,78.000000,1237.274272
20.000000,78.000000,1320.890199
21.000000,78.000000,1406.966367
11.000000,78.500000,640.214405
12.000000,78.500000,708.257980
13.000000,78.500000,779.309340
14.000000,78.500000,853.368485
15.000000,78.500000,926.787501
16.000000,78.500000,1002.031127
17.000000,78.500000,1079.900264
18.000000,78.500000,1160.202629
19.000000,78.500000,1241.538263
20.000000,78.500000,1325.336659
21.000000,78.500000,1411.597817
11.000000,79.000000,642.767222
12.000000,79.000000,711.085143
13.000000,79.000000,782.419412
14.000000,79.000000,856.770031
15.000000,79.000000,930.237596
16.000000,79.000000,1005.720629
17.000000,79.000000,1083.834663
18.000000,79.000000,1164.293080
19.000000,79.000000,1245.808790
20.000000,79.000000,1329.789784
21.000000,79.000000,1416.236062
11.000000,79.500000,645.348538
12.000000,79.500000,713.927719
13.000000,79.500000,785.531592
14.000000,79.500000,860.160156
15.000000,79.500000,933.676221
16.000000,79.500000,1009.407119
17.000000,79.500000,1087.774875
18.000000,79.500000,1168.385797
19.000000,79.500000,1250.093742
20.000000,79.500000,1334.269204
21.000000,79.500000,1420.912182
11.000000,80.000000,647.934966
12.000000,80.000000,716.775862
13.000000,80.000000,788.649792
14.000000,80.000000,863.556754
15.000000,80.000000,937.120889
16.000000,80.000000,1013.099977
17.000000,80.000000,1091.721776
18.000000,80.000000,1172.485055
19.000000,80.000000,1254.385359
20.000000,80.000000,1338.755407
21.000000,80.000000,1425.595199
11.000000,80.500000,650.550432
12.000000,80.500000,719.640455
13.000000,80.500000,791.771349
14.000000,80.500000,866.860162
15.000000,80.500000,940.564412
16.000000,80.500000,1016.803062
17.000000,80.500000,1095.690209
18.000000,80.500000,1176.596914
19.000000,80.500000,1258.680922
20.000000,80.500000,1343.236510
21.000000,80.500000,1430.263678
10.000000,81.000000,586.880258
11.000000,81.000000,653.171116
12.000000,81.000000,722.510686
13.000000,81.000000,794.898968
14.000000,81.000000,870.169732
15.000000,81.000000,944.014023
16.000000,81.000000,1020.512585
17.000000,81.000000,1099.665417
18.000000,81.000000,1180.715364
19.000000,81.000000,1262.983180
20.000000,81.000000,1347.724409
21.000000,81.000000,1434.939050
10.000000,81.500000,589.306508
11.000000,81.500000,655.839203
12.000000,81.500000,725.427052
13.000000,81.500000,798.070056
14.000000,81.500000,873.403713
15.000000,81.500000,947.501573
16.000000,81.500000,1024.259498
17.000000,81.500000,1103.677491
18.000000,81.500000,1184.847203
19.000000,81.500000,1267.285259
20.000000,81.500000,1352.198254
10.000000,82.000000,591.737749
11.000000,82.000000,658.512692
12.000000,82.000000,728.349224
13.000000,82.000000,801.247344
14.000000,82.000000,876.643513
15.000000,82.000000,950.995296
16.000000,82.000000,1028.012931
17.000000,82.000000,1107.696417
18.000000,82.000000,1188.985657
19.000000,82.000000,1271.594039
20.000000,82.000000,1356.678885
10.000000,82.500000,594.206331
11.000000,82.500000,661.222751
12.000000,82.500000,731.306972
13.000000,82.500000,804.458994
14.000000,82.500000,879.916301
15.000000,82.500000,954.522757
16.000000,82.500000,1031.801591
17.000000,82.500000,1111.752803
18.000000,82.500000,1193.143085
19.000000,82.500000,1275.921245
20.000000,82.500000,1361.176628
10.000000,83.000000,596.680028
11.000000,83.000000,663.938327
12.000000,83.000000,734.270628
13.000000,83.000000,807.676933
14.000000,83.000000,883.194983
15.000000,83.000000,958.056484
16.000000,83.000000,1035.596888
17.000000,83.000000,1115.816194
18.000000,83.000000,1197.307240
19.000000,83.000000,1280.255233
20.000000,83.000000,1365.681203
10.000000,83.500000,599.190015
11.000000,83.500000,666.686676
12.000000,83.500000,737.263267
13.000000,83.500000,810.919787
14.000000,83.500000,886.497353
15.000000,83.500000,961.617929
16.000000,83.500000,1039.424079
17.000000,83.500000,1119.915803
18.000000,83.500000,1201.488598
19.000000,83.500000,1284.605639
20.000000,83.500000,1370.201349
10.000000,84.000000,601.705235
11.000000,84.000000,669.440641
12.000000,84.000000,740.261893
13.000000,84.000000,814.168993
14.000000,84.000000,889.805673
15.000000,84.000000,965.185704
16.000000,84.000000,1043.257979
17.000000,84.000000,1124.022500
18.000000,84.000000,1205.676702
19.000000,84.000000,1288.962842
20.000000,84.000000,1374.728338
10.000000,84.500000,604.207527
11.000000,84.500000,672.191127
12.000000,84.500000,743.266812
13.000000,84.500000,817.434584
14.000000,84.500000,893.140008
15.000000,84.500000,968.783193
16.000000,84.500000,1047.125426
17.000000,84.500000,1128.166708
18.000000,84.500000,1209.885257
19.000000,84.500000,1293.344831
20.000000,84.500000,1379.285077
10.000000,85.000000,606.714989
11.000000,85.000000,674.947200
12.000000,85.000000,746.277725
13.000000,85.000000,820.706562
14.000000,85.000000,896.480353
15.000000,85.000000,972.387082
16.000000,85.000000,1050.999661
17.000000,85.000000,1132.318089
18.000000,85.000000,1214.100600
19.000000,85.000000,1297.733688
20.000000,85.000000,1383.848765
10.000000,85.500000,609.190304
11.000000,85.500000,677.651111
12.000000,85.500000,749.216049
13.000000,85.500000,823.885116
14.000000,85.500000,899.723281
15.000000,85.500000,975.892191
16.000000,85.500000,1054.773094
17.000000,85.500000,1136.365988
18.000000,85.500000,1218.235523
19.000000,85.500000,1302.089580
20.000000,85.500000,1388.429196
10.000000,86.000000,611.670650
11.000000,86.000000,680.360410
12.000000,86.000000,752.160115
13.000000,86.000000,827.069764
14.000000,86.000000,902.971977
15.000000,86.000000,979.403464
16.000000,86.000000,1058.553077
17.000000,86.000000,1140.420815
18.000000,86.000000,1222.377090
19.000000,86.000000,1306.452330
20.000000,86.000000,1393.016698
10.000000,86.500000,614.026816
11.000000,86.500000,682.980719
12.000000,86.500000,755.052341
13.000000,86.500000,830.241682
14.000000,86.500000,906.226422
15.000000,86.500000,982.913136
16.000000,86.500000,1062.323776
17.000000,86.500000,1144.458342
18.000000,86.500000,1226.506265
19.000000,86.500000,1310.817584
20.000000,86.500000,1397.621962
10.000000,87.000000,616.387507
11.000000,87.000000,685.606064
12.000000,87.000000,757.950106
13.000000,87.000000,833.419634
14.000000,87.000000,909.486641
15.000000,87.000000,986.428957
16.000000,87.000000,1066.100993
17.000000,87.000000,1148.502749
18.000000,87.000000,1230.642052
19.000000,87.000000,1315.189694
20.000000,87.000000,1402.234320
10.000000,87.500000,618.796794
11.000000,87.500000,688.276456
12.000000,87.500000,760.888949
13.000000,87.500000,836.634273
14.000000,87.500000,912.780654
15.000000,87.500000,989.983776
16.000000,87.500000,1069.922659
17.000000,87.500000,1152.493762
18.000000,87.500000,1234.826432
19.000000,87.500000,1319.616489
20.000000,87.500000,1406.908337
10.000000,88.000000,621.210779
11.000000,88.000000,690.952036
12.000000,88.000000,763.833460
13.000000,88.000000,839.855050
14.000000,88.000000,916.080525
15.000000,88.000000,993.544839
16.000000,88.000000,1073.750949
17.000000,88.000000,1156.491389
18.000000,88.000000,1239.017549
19.000000,88.000000,1324.050305
20.000000,88.000000,1411.589658
10.000000,88.500000,623.675827
11.000000,88.500000,693.681778
12.000000,88.500000,766.835553
13.000000,88.500000,843.137154
14.000000,88.500000,919.417259
15.000000,88.500000,997.113085
16.000000,88.500000,1077.555438
17.000000,88.500000,1160.394958
18.000000,88.500000,1243.187030
19.000000,88.500000,1328.491414
20.000000,88.500000,1416.308110
10.000000,89.000000,626.145756
11.000000,89.000000,696.416893
12.000000,89.000000,769.843507
13.000000,89.000000,846.425599
14.000000,89.000000,922.759964
15.000000,89.000000,1000.687602
16.000000,89.000000,1081.366496
17.000000,89.000000,1164.304881
18.000000,89.000000,1247.363224
19.000000,89.000000,1332.939589
20.000000,89.000000,1421.033976
10.000000,89.500000,628.668583
11.000000,89.500000,699.206640
12.000000,89.500000,772.907473
13.000000,89.500000,849.771083
14.000000,89.500000,926.141592
15.000000,89.500000,1004.290056
16.000000,89.500000,1085.193896
17.000000,89.500000,1168.229877
18.000000,89.500000,1251.561106
19.000000,89.500000,1337.416099
20.000000,89.500000,1425.794855
10.000000,90.000000,631.196482
11.000000,90.000000,702.001952
12.000000,90.000000,775.977489
13.000000,90.000000,853.123094
14.000000,90.000000,929.529305
15.000000,90.000000,1007.898860
16.000000,90.000000,1089.027908
17.000000,90.000000,1172.161268
18.000000,90.000000,1255.765752
19.000000,90.000000,1341.899735
20.000000,90.000000,1430.563215
10.000000,90.500000,633.769091
11.000000,90.500000,704.835924
12.000000,90.500000,779.079331
13.000000,90.500000,856.499311
14.000000,90.500000,932.936057
15.000000,90.500000,1011.532458
16.000000,90.500000,1092.892496
17.000000,90.500000,1176.135044
18.000000,90.500000,1260.011058
19.000000,90.500000,1346.422128
10.000000,91.000000,636.346931
11.000000,91.000000,707.675594
12.000000,91.000000,782.187326
13.000000,91.000000,859.882129
14.000000,91.000000,936.348945
15.000000,91.000000,1015.172470
16.000000,91.000000,1096.763772
17.000000,91.000000,1180.115314
18.000000,91.000000,1264.263217
19.000000,91.000000,1350.951727
10.000000,91.500000,638.937949
11.000000,91.500000,710.504904
12.000000,91.500000,785.260216
13.000000,91.500000,863.203883
14.000000,91.500000,939.720093
15.000000,91.500000,1018.793535
16.000000,91.500000,1100.639624
17.000000,91.500000,1184.086442
18.000000,91.500000,1268.427390
19.000000,91.500000,1355.311022
10.000000,92.000000,641.534230
11.000000,92.000000,713.339858
12.000000,92.000000,788.339122
13.000000,92.000000,866.532022
14.000000,92.000000,943.097256
15.000000,92.000000,1022.420971
16.000000,92.000000,1104.522194
17.000000,92.000000,1188.064059
18.000000,92.000000,1272.598207
19.000000,92.000000,1359.677112
10.000000,92.500000,644.186694
11.000000,92.500000,716.231943
12.000000,92.500000,791.475984
13.000000,92.500000,869.730142
14.000000,92.500000,946.524117
15.000000,92.500000,1026.090801
16.000000,92.500000,1108.439724
17.000000,92.500000,1192.058552
18.000000,92.500000,1276.780186
19.000000,92.500000,1364.048079
10.000000,93.000000,646.844630
11.000000,93.000000,719.129871
12.000000,93.000000,794.619059
13.000000,93.000000,872.934120
14.000000,93.000000,949.957138
15.000000,93.000000,1029.767122
16.000000,93.000000,1112.364072
17.000000,93.000000,1196.059580
18.000000,93.000000,1280.968833
19.000000,93.000000,1368.425841
10.000000,93.500000,649.558263
11.000000,93.500000,722.084336
12.000000,93.500000,797.819380
13.000000,93.500000,876.183408
14.000000,93.500000,953.441788
15.000000,93.500000,1033.491586
16.000000,93.500000,1116.332800
17.000000,93.500000,1200.092558
18.000000,93.500000,1285.190407
19.000000,93.500000,1372.837556
10.000000,94.000000,652.277569
11.000000,94.000000,725.044841
12.000000,94.000000,801.026104
13.000000,94.000000,879.438683
14.000000,94.000000,956.932745
15.000000,94.000000,1037.222669
16.000000,94.000000,1120.308456
17.000000,94.000000,1204.132137
18.000000,94.000000,1289.418714
19.000000,94.000000,1377.256130
10.000000,94.500000,654.953302
11.000000,94.500000,727.944320
12.000000,94.500000,804.153330
13.000000,94.500000,882.608270
14.000000,94.500000,960.349659
15.000000,94.500000,1040.892052
16.000000,94.500000,1124.235448
17.000000,94.500000,1208.150517
18.000000,94.500000,1293.670854
19.000000,94.500000,1381.746260
9.000000,95.000000,587.641425
10.000000,95.000000,657.634511
11.000000,95.000000,730.849583
12.000000,95.000000,807.286641
13.000000,95.000000,885.783543
14.000000,95.000000,963.772629
15.000000,95.000000,1044.567855
16.000000,95.000000,1128.169220
17.000000,95.000000,1212.175457
18.000000,95.000000,1297.929833
19.000000,95.000000,1386.243506
9.000000,95.500000,589.990149
10.000000,95.500000,660.230125
11.000000,95.500000,733.697433
12.000000,95.500000,810.392070
13.000000,95.500000,888.951114
14.000000,95.500000,967.170186
15.000000,95.500000,1048.200002
16.000000,95.500000,1132.040564
17.000000,95.500000,1216.162360
18.000000,95.500000,1302.186435
19.000000,95.500000,1390.775057
9.000000,96.000000,592.343530
10.000000,96.000000,662.830843
11.000000,96.000000,736.550820
12.000000,96.000000,813.503460
13.000000,96.000000,892.124329
14.000000,96.000000,970.573702
15.000000,96.000000,1051.838423
16.000000,96.000000,1135.918493
17.000000,96.000000,1220.155720
18.000000,96.000000,1306.449869
19.000000,96.000000,1395.313807
9.000000,96.500000,594.712341
10.000000,96.500000,665.434045
11.000000,96.500000,739.392938
12.000000,96.500000,816.589021
13.000000,96.500000,895.268944
14.000000,96.500000,973.965443
15.000000,96.500000,1055.482407
16.000000,96.500000,1139.819835
17.000000,96.500000,1224.187037
18.000000,96.500000,1310.759985
19.000000,96.500000,1399.908290
9.000000,97.000000,597.085852
10.000000,97.000000,668.042335
11.000000,97.000000,742.240525
12.000000,97.000000,819.680423
13.000000,97.000000,898.419090
14.000000,97.000000,977.363090
15.000000,97.000000,1059.132665
16.000000,97.000000,1143.727816
17.000000,97.000000,1228.224901
18.000000,97.000000,1315.077045
19.000000,97.000000,1404.510105
9.000000,97.500000,599.490389
10.000000,97.500000,670.667155
11.000000,97.500000,745.089409
12.000000,97.500000,822.757151
13.000000,97.500000,901.554382
14.000000,97.500000,980.755323
15.000000,97.500000,1062.787372
16.000000,97.500000,1147.623537
17.000000,97.500000,1232.296326
18.000000,97.500000,1319.443157
19.000000,97.500000,1409.177152
9.000000,98.000000,601.899738
10.000000,98.000000,673.297108
11.000000,98.000000,747.943743
12.000000,98.000000,825.839642
13.000000,98.000000,904.695136
14.000000,98.000000,984.153427
15.000000,98.000000,1066.448354
16.000000,98.000000,1151.525839
17.000000,98.000000,1236.374393
18.000000,98.000000,1323.816352
19.000000,98.000000,1413.851717
9.000000,98.500000,604.324976
10.000000,98.500000,675.950216
11.000000,98.500000,750.829005
12.000000,98.500000,828.961344
13.000000,98.500000,907.878605
14.000000,98.500000,987.586810
15.000000,98.500000,1070.136973
16.000000,98.500000,1155.341856
17.000000,98.500000,1240.494736
18.000000,98.500000,1328.248216
19.000000,98.500000,1418.602296
9.000000,99.000000,606.755074
10.000000,99.000000,678.608532
11.000000,99.000000,753.719819
12.000000,99.000000,832.088934
13.000000,99.000000,911.067665
14.000000,99.000000,991.026163
15.000000,99.000000,1073.831939
16.000000,99.000000,1159.164136
17.000000,99.000000,1244.621841
18.000000,99.000000,1332.687336
19.000000,99.000000,1423.360621
9.000000,99.500000,609.083827
10.000000,99.500000,681.204892
11.000000,99.500000,756.591534
12.000000,99.500000,835.243755
13.000000,99.500000,914.300369
14.000000,99.500000,994.506217
15.000000,99.500000,1077.564405
16.000000,99.500000,1163.030889
17.000000,99.500000,1248.800781
18.000000,99.500000,1337.185950
19.000000,99.500000,1428.186396
9.000000,100.000000,611.417011
10.000000,100.000000,683.806197
11.000000,100.000000,759.468708
12.000000,100.000000,838.404545
13.000000,100.000000,917.538794
14.000000,100.000000,997.992355
15.000000,100.000000,1081.303317
16.000000,100.000000,1166.904017
17.000000,100.000000,1252.986609
18.000000,100.000000,1341.691964
19.000000,100.000000,1433.020081
9.000000,100.500000,613.520266
10.000000,100.500000,686.221455
11.000000,100.500000,762.207013
12.000000,100.500000,841.476938
13.000000,100.500000,920.723379
14.000000,100.500000,1001.453513
15.000000,100.500000,1085.046828
16.000000,100.500000,1170.807970
17.000000,100.500000,1257.184194
18.000000,100.500000,1346.189832
9.000000,101.000000,615.626950
10.000000,101.000000,688.640868
11.000000,101.000000,764.950197
12.000000,101.000000,844.554938
13.000000,101.000000,923.913481
14.000000,101.000000,1004.920659
15.000000,101.000000,1088.796788
16.000000,101.000000,1174.718378
17.000000,101.000000,1261.388692
18.000000,101.000000,1350.695072
9.000000,101.500000,617.811240
10.000000,101.500000,691.125303
11.000000,101.500000,767.744890
12.000000,101.500000,847.670000
13.000000,101.500000,927.121318
14.000000,101.500000,1008.397283
15.000000,101.500000,1092.548633
16.000000,101.500000,1178.609039
17.000000,101.500000,1265.521071
18.000000,101.500000,1355.072809
9.000000,102.000000,619.999263
10.000000,102.000000,693.614133
11.000000,102.000000,770.544641
12.000000,102.000000,850.790785
13.000000,102.000000,930.334711
14.000000,102.000000,1011.879911
15.000000,102.000000,1096.306927
16.000000,102.000000,1182.506114
17.000000,102.000000,1269.660171
18.000000,102.000000,1359.457571
9.000000,102.500000,622.256221
10.000000,102.500000,696.147512
11.000000,102.500000,773.363018
12.000000,102.500000,853.902738
13.000000,102.500000,933.543298
14.000000,102.500000,1015.372716
15.000000,102.500000,1100.090890
16.000000,102.500000,1186.430736
17.000000,102.500000,1273.827275
18.000000,102.500000,1363.870731
9.000000,103.000000,624.517178
10.000000,103.000000,698.685443
11.000000,103.000000,776.186502
12.000000,103.000000,857.020354
13.000000,103.000000,936.757404
14.000000,103.000000,1018.871539
15.000000,103.000000,1103.881368
16.000000,103.000000,1190.361838
17.000000,103.000000,1278.001166
18.000000,103.000000,1368.290980
9.000000,103.500000,626.841097
10.000000,103.500000,701.283601
11.000000,103.500000,779.067074
12.000000,103.500000,860.191514
13.000000,103.500000,940.015372
14.000000,103.500000,1022.407091
15.000000,103.500000,1107.701034
16.000000,103.500000,1194.311750
17.000000,103.500000,1282.197541
18.000000,103.500000,1372.737447
9.000000,104.000000,629.169258
10.000000,104.000000,703.886535
11.000000,104.000000,781.952955
12.000000,104.000000,863.368520
13.000000,104.000000,943.278993
14.000000,104.000000,1025.948766
15.000000,104.000000,1111.527291
16.000000,104.000000,1198.268180
17.000000,104.000000,1286.400750
18.000000,104.000000,1377.191059
9.000000,104.500000,631.470197
10.000000,104.500000,706.492603
11.000000,104.500000,784.873787
12.000000,104.500000,866.497422
13.000000,104.500000,946.601086
14.000000,104.500000,1029.544919
15.000000,104.500000,1115.403782
16.000000,104.500000,1202.262594
17.000000,104.500000,1290.637402
18.000000,104.500000,1381.673690
9.000000,105.000000,633.775233
10.000000,105.000000,709.103432
11.000000,105.000000,787.800042
12.000000,105.000000,869.631979
13.000000,105.000000,949.929018
14.000000,105.000000,1033.147362
15.000000,105.000000,1119.287011
16.000000,105.000000,1206.263626
17.000000,105.000000,1294.880975
18.000000,105.000000,1386.163542
9.000000,105.500000,636.084167
10.000000,105.500000,711.737213
11.000000,105.500000,790.768815
12.000000,105.500000,872.741701
13.000000,105.500000,953.302486
14.000000,105.500000,1036.790034
15.000000,105.500000,1123.204347
16.000000,105.500000,1210.290441
17.000000,105.500000,1299.151221
18.000000,105.500000,1390.681370
9.000000,106.000000,638.397174
10.000000,106.000000,714.375818
11.000000,106.000000,793.743155
12.000000,106.000000,875.856971
13.000000,106.000000,956.681932
14.000000,106.000000,1040.439110
15.000000,106.000000,1127.128505
16.000000,106.000000,1214.323924
17.000000,106.000000,1303.428440
18.000000,106.000000,1395.206474
9.000000,106.500000,640.709178
10.000000,106.500000,716.950322
11.000000,106.500000,796.587162
12.000000,106.500000,878.801132
13.000000,106.500000,959.955778
14.000000,106.500000,1044.050362
15.000000,106.500000,1131.084885
16.000000,106.500000,1218.392592
17.000000,106.500000,1307.738451
18.000000,106.500000,1399.761815
9.000000,107.000000,643.025220
10.000000,107.000000,719.529346
11.000000,107.000000,799.436173
12.000000,107.000000,881.750179
13.000000,107.000000,963.235206
14.000000,107.000000,1047.667869
15.000000,107.000000,1135.048170
16.000000,107.000000,1222.468013
17.000000,107.000000,1312.055509
18.000000,107.000000,1404.324496
9.000000,107.500000,645.376933
10.000000,107.500000,722.126670
11.000000,107.500000,802.284166
12.000000,107.500000,884.691690
13.000000,107.500000,966.499075
14.000000,107.500000,1051.263464
15.000000,107.500000,1138.984857
16.000000,107.500000,1226.481828
17.000000,107.500000,1316.290450
18.000000,107.500000,1408.783078
9.000000,108.000000,647.732821
10.000000,108.000000,724.728584
11.000000,108.000000,805.137158
12.000000,108.000000,887.638057
13.000000,108.000000,969.768451
14.000000,108.000000,1054.865217
15.000000,108.000000,1142.928357
16.000000,108.000000,1230.502213
17.000000,108.000000,1320.532198
18.000000,108.000000,1413.248700
9.000000,108.500000,650.138951
10.000000,108.500000,727.384595
11.000000,108.500000,808.048113
12.000000,108.500000,890.653427
13.000000,108.500000,973.107246
14.000000,108.500000,1058.536907
15.000000,108.500000,1146.891544
16.000000,108.500000,1234.527117
17.000000,108.500000,1324.734936
18.000000,108.500000,1417.630395
9.000000,109.000000,652.549447
10.000000,109.000000,730.045397
11.000000,109.000000,810.964274
12.000000,109.000000,893.673884
13.000000,109.000000,976.451772
14.000000,109.000000,1062.214976
15.000000,109.000000,1150.861584
16.000000,109.000000,1238.558586
17.000000,109.000000,1328.944348
18.000000,109.000000,1422.018867
9.000000,109.500000,655.080735
10.000000,109.500000,732.800891
11.000000,109.500000,813.946347
12.000000,109.500000,896.754636
13.000000,109.500000,979.865162
14.000000,109.500000,1065.970704
15.000000,109.500000,1154.768462
16.000000,109.500000,1242.623311
17.000000,109.500000,1333.167236
18.000000,109.500000,1426.400238
9.000000,110.000000,657.616863
10.000000,110.000000,735.561530
11.000000,110.000000,816.933860
12.000000,110.000000,899.840673
13.000000,110.000000,983.284506
14.000000,110.000000,1069.733059
15.000000,110.000000,1158.681947
16.000000,110.000000,1246.694686
17.000000,110.000000,1337.396819
18.000000,110.000000,1430.788346
9.000000,110.500000,660.235673
10.000000,110.500000,738.377622
11.000000,110.500000,819.947265
12.000000,110.500000,902.953210
13.000000,110.500000,986.730174
14.000000,110.500000,1073.521212
8.000000,111.000000,587.947944
9.000000,111.000000,662.859643
10.000000,111.000000,741.199056
11.000000,111.000000,822.966183
12.000000,111.000000,906.071105
13.000000,111.000000,990.181868
14.000000,111.000000,1077.316059
8.000000,111.500000,590.450784
9.000000,111.500000,665.545980
10.000000,111.500000,744.067924
11.000000,111.500000,826.016616
12.000000,111.500000,909.215536
13.000000,111.500000,993.627234
14.000000,111.500000,1081.069817
8.000000,112.000000,592.958915
9.000000,112.000000,668.237720
10.000000,112.000000,746.942302
11.000000,112.000000,829.072661
12.000000,112.000000,912.365397
13.000000,112.000000,997.078580
14.000000,112.000000,1084.830105
8.000000,112.500000,595.532632
9.000000,112.500000,670.980681
10.000000,112.500000,749.853429
11.000000,112.500000,832.150876
12.000000,112.500000,915.547408
13.000000,112.500000,1000.556503
14.000000,112.500000,1088.610189
8.000000,113.000000,598.111913
9.000000,113.000000,673.729240
10.000000,113.000000,752.770187
11.000000,113.000000,835.234752
12.000000,113.000000,918.734934
13.000000,113.000000,1004.040475
14.000000,113.000000,1092.396848
8.000000,113.500000,600.607823
9.000000,113.500000,676.423205
10.000000,113.500000,755.664497
11.000000,113.500000,838.331700
12.000000,113.500000,921.921412
13.000000,113.500000,1007.459802
14.000000,113.500000,1096.052385
8.000000,114.000000,603.108918
9.000000,114.000000,679.122523
10.000000,114.000000,758.564332
11.000000,114.000000,841.434342
12.000000,114.000000,925.113381
13.000000,114.000000,1010.884924
14.000000,114.000000,1099.714017
8.000000,114.500000,605.467622
9.000000,114.500000,681.729499
10.000000,114.500000,761.425070
11.000000,114.500000,844.554335
12.000000,114.500000,928.310096
13.000000,114.500000,1014.276536
14.000000,114.500000,1103.302161
8.000000,115.000000,607.830867
9.000000,115.000000,684.341416
10.000000,115.000000,764.291150
11.000000,115.000000,847.680069
12.000000,115.000000,931.512299
13.000000,115.000000,1017.673801
14.000000,115.000000,1106.896122
8.000000,115.500000,609.773752
9.000000,115.500000,686.670527
10.000000,115.500000,767.021224
11.000000,115.500000,850.825842
12.000000,115.500000,934.750415
13.000000,115.500000,1021.112492
14.000000,115.500000,1110.537014
8.000000,116.000000,611.719339
9.000000,116.000000,689.003368
10.000000,116.000000,769.756057
11.000000,116.000000,853.977407
12.000000,116.000000,937.994129
13.000000,116.000000,1024.556961
14.000000,116.000000,1114.183864
8.000000,116.500000,613.740166
9.000000,116.500000,691.410981
10.000000,116.500000,772.565639
11.000000,116.500000,857.204140
12.000000,116.500000,941.282371
13.000000,116.500000,1028.048644
14.000000,116.500000,1117.879757
8.000000,117.000000,615.763989
9.000000,117.000000,693.822598
10.000000,117.000000,775.380243
11.000000,117.000000,860.436924
12.000000,117.000000,944.576344
13.000000,117.000000,1031.546249
14.000000,117.000000,1121.581758
8.000000,117.500000,617.856108
9.000000,117.500000,696.283931
10.000000,117.500000,778.224700
11.000000,117.500000,863.624520
12.000000,117.500000,947.847857
13.000000,117.500000,1035.020391
14.000000,117.500000,1125.259896
8.000000,118.000000,619.951492
9.000000,118.000000,698.749450
10.000000,118.000000,781.074274
11.000000,118.000000,866.817971
12.000000,118.000000,951.124987
13.000000,118.000000,1038.500338
14.000000,118.000000,1128.944022
8.000000,118.500000,622.108711
9.000000,118.500000,701.249180
10.000000,118.500000,783.928641
11.000000,118.500000,869.847610
12.000000,118.500000,954.377120
13.000000,118.500000,1041.977473
14.000000,118.500000,1132.648669
8.000000,119.000000,624.269434
9.000000,119.000000,703.753212
10.000000,119.000000,786.788114
11.000000,119.000000,872.882471
12.000000,119.000000,957.634748
13.000000,119.000000,1045.460375
14.000000,119.000000,1136.359350
8.000000,119.500000,626.581802
9.000000,119.500000,706.409944
10.000000,119.500000,789.800355
11.000000,119.500000,876.037289
12.000000,119.500000,960.981595
13.000000,119.500000,1049.000132
14.000000,119.500000,1140.092900
8.000000,120.000000,628.898283
9.000000,120.000000,709.071584
10.000000,120.000000,792.818301
11.000000,120.000000,879.197768
12.000000,120.000000,964.334247
13.000000,120.000000,1052.545836
14.000000,120.000000,1143.832537
8.000000,120.500000,631.364703
9.000000,120.500000,711.883887
10.000000,120.500000,795.986631
11.000000,120.500000,882.467652
12.000000,120.500000,967.763185
13.000000,120.500000,1056.133052
8.000000,121.000000,633.835852
9.000000,121.000000,714.701706
10.000000,121.000000,799.161261
11.000000,121.000000,885.743595
12.000000,121.000000,971.198188
13.000000,121.000000,1059.726338
8.000000,121.500000,636.402449
9.000000,121.500000,717.610288
10.000000,121.500000,802.421272
11.000000,121.500000,889.068908
12.000000,121.500000,974.686249
13.000000,121.500000,1063.376312
8.000000,122.000000,638.974168
9.000000,122.000000,720.524747
10.000000,122.000000,805.687910
11.000000,122.000000,892.400445
12.000000,122.000000,978.180550
13.000000,122.000000,1067.032539
8.000000,122.500000,641.499043
9.000000,122.500000,723.199969
10.000000,122.500000,808.510453
11.000000,122.500000,895.244651
12.000000,122.500000,981.374838
13.000000,122.500000,1070.586345
8.000000,123.000000,644.028807
9.000000,123.000000,725.880023
10.000000,123.000000,811.337769
11.000000,123.000000,898.093203
12.000000,123.000000,984.574232
13.000000,123.000000,1074.146014
8.000000,123.500000,646.607043
9.000000,123.500000,728.589645
10.000000,123.500000,814.173756
11.000000,123.500000,900.965229
12.000000,123.500000,987.793941
13.000000,123.500000,1077.723614
8.000000,124.000000,649.190360
9.000000,124.000000,731.304210
10.000000,124.000000,817.014548
11.000000,124.000000,903.841687
12.000000,124.000000,991.018813
13.000000,124.000000,1081.307112
8.000000,124.500000,651.791646
9.000000,124.500000,734.060213
10.000000,124.500000,819.921635
11.000000,124.500000,906.788106
12.000000,124.500000,994.244922
13.000000,124.500000,1084.819244
8.000000,125.000000,654.398068
9.000000,125.000000,736.821311
10.000000,125.000000,822.833774
11.000000,125.000000,909.739197
12.000000,125.000000,997.476179
13.000000,125.000000,1088.337000
8.000000,125.500000,656.626836
9.000000,125.500000,739.386023
10.000000,125.500000,825.744320
11.000000,125.500000,912.782751
12.000000,125.500000,1000.794554
13.000000,125.500000,1091.936000
8.000000,126.000000,658.859132
9.000000,126.000000,741.955014
10.000000,126.000000,828.659896
11.000000,126.000000,915.831302
12.000000,126.000000,1004.118375
13.000000,126.000000,1095.540894
8.000000,126.500000,661.130278
9.000000,126.500000,744.510201
10.000000,126.500000,831.505751
11.000000,126.500000,918.822091
12.000000,126.500000,1007.438243
13.000000,126.500000,1099.198010
8.000000,127.000000,663.405089
9.000000,127.000000,747.069582
10.000000,127.000000,834.356327
11.000000,127.000000,921.817632
12.000000,127.000000,1010.763517
13.000000,127.000000,1102.861183
8.000000,127.500000,665.738226
9.000000,127.500000,749.662898
10.000000,127.500000,837.214790
11.000000,127.500000,924.826149
12.000000,127.500000,1014.110545
13.000000,127.500000,1106.555151
8.000000,128.000000,668.075248
9.000000,128.000000,752.260520
10.000000,128.000000,840.077976
11.000000,128.000000,927.839441
12.000000,128.000000,1017.463033
13.000000,128.000000,1110.255261
8.000000,128.500000,670.412002
9.000000,128.500000,754.777927
10.000000,128.500000,842.776405
11.000000,128.500000,930.724417
12.000000,128.500000,1020.732949
13.000000,128.500000,1113.920596
7.000000,129.000000,591.838864
8.000000,129.000000,672.752608
9.000000,129.000000,757.299273
10.000000,129.000000,845.478860
11.000000,129.000000,933.613650
12.000000,129.000000,1024.007991
13.000000,129.000000,1117.591920
7.000000,129.500000,594.038487
8.000000,129.500000,675.139442
9.000000,129.500000,759.873673
10.000000,129.500000,848.241181
11.000000,129.500000,936.573888
12.000000,129.500000,1027.338842
13.000000,129.500000,1121.302978
7.000000,130.000000,596.242014
8.000000,130.000000,677.530293
9.000000,130.000000,762.452202
10.000000,130.000000,851.007742
11.000000,130.000000,939.538627
12.000000,130.000000,1030.674999
13.000000,130.000000,1125.020142
