weight_g,219.000000
thrust_N,velocity_m_s,power_W
16.000000,0.000000,905.771262
17.000000,0.000000,979.559256
18.000000,0.000000,1056.016117
19.000000,0.000000,1135.141847
20.000000,0.000000,1216.936445
16.000000,0.500000,907.393750
17.000000,0.500000,981.256843
18.000000,0.500000,1057.790762
19.000000,0.500000,1136.995510
16.000000,1.000000,909.016947
17.000000,1.000000,982.955188
18.000000,1.000000,1059.566217
19.000000,1.000000,1138.850034
16.000000,1.500000,910.648774
17.000000,1.500000,984.669788
18.000000,1.500000,1061.365889
19.000000,1.500000,1140.737075
16.000000,2.000000,912.281314
17.000000,2.000000,986.385153
18.000000,2.000000,1063.166376
19.000000,2.000000,1142.624984
16.000000,2.500000,913.922641
17.000000,2.500000,988.115028
18.000000,2.500000,1064.987353
19.000000,2.500000,1144.539618
16.000000,3.000000,915.564688
17.000000,3.000000,989.845674
18.000000,3.000000,1066.809153
19.000000,3.000000,1146.455126
16.000000,3.500000,917.213245
17.000000,3.500000,991.583348
18.000000,3.500000,1068.638520
19.000000,3.500000,1148.378763
16.000000,4.000000,918.862528
17.000000,4.000000,993.321799
18.000000,4.000000,1070.468717
19.000000,4.000000,1150.303282
16.000000,4.500000,920.518388
17.000000,4.500000,995.067351
18.000000,4.500000,1072.306559
19.000000,4.500000,1152.236012
16.000000,5.000000,922.174981
17.000000,5.000000,996.813686
18.000000,5.000000,1074.145237
19.000000,5.000000,1154.169632
16.000000,5.500000,923.888383
17.000000,5.500000,998.607121
18.000000,5.500000,1076.020470
19.000000,5.500000,1156.128431
16.000000,6.000000,925.602598
17.000000,6.000000,1000.401405
18.000000,6.000000,1077.896589
19.000000,6.000000,1158.088152
16.000000,6.500000,927.344933
17.000000,6.500000,1002.250247
18.000000,6.500000,1079.855508
19.000000,6.500000,1160.160717
16.000000,7.000000,929.088120
17.000000,7.000000,1004.100016
18.000000,7.000000,1081.815432
19.000000,7.000000,1162.234367
16.000000,7.500000,930.839218
17.000000,7.500000,1005.958467
18.000000,7.500000,1083.784844
19.000000,7.500000,1164.318346
16.000000,8.000000,932.591176
17.000000,8.000000,1007.817855
18.000000,8.000000,1085.755271
19.000000,8.000000,1166.403422
16.000000,8.500000,934.351150
17.000000,8.500000,1009.686038
18.000000,8.500000,1087.735307
19.000000,8.500000,1168.498959
16.000000,9.000000,936.111993
17.000000,9.000000,1011.555167
18.000000,9.000000,1089.716370
19.000000,9.000000,1170.595603
16.000000,9.500000,937.880955
17.000000,9.500000,1013.433203
18.000000,9.500000,1091.707165
19.000000,9.500000,1172.702840
16.000000,10.000000,939.650796
17.000000,10.000000,1015.312196
18.000000,10.000000,1093.698997
19.000000,10.000000,1174.811197
16.000000,10.500000,941.603363
17.000000,10.500000,1017.326131
18.000000,10.500000,1095.774829
19.000000,10.500000,1176.949456
15.000000,11.000000,870.499238
16.000000,11.000000,943.556958
17.000000,11.000000,1019.341136
18.000000,11.000000,1097.851772
19.000000,11.000000,1179.088864
15.000000,11.500000,872.593267
16.000000,11.500000,945.679971
17.000000,11.500000,1021.491394
18.000000,11.500000,1100.027537
19.000000,11.500000,1181.288400
15.000000,12.000000,874.688463
16.000000,12.000000,947.804168
17.000000,12.000000,1023.642853
18.000000,12.000000,1102.204516
19.000000,12.000000,1183.489159
15.000000,12.500000,876.793271
16.000000,12.500000,949.998312
17.000000,12.500000,1025.928498
18.000000,12.500000,1104.583828
19.000000,12.500000,1185.964303
15.000000,13.000000,878.899263
16.000000,13.000000,952.193733
17.000000,13.000000,1028.215513
18.000000,13.000000,1106.964601
19.000000,13.000000,1188.441000
15.000000,13.500000,881.010629
16.000000,13.500000,954.389764
17.000000,13.500000,1030.498077
18.000000,13.500000,1109.335566
19.000000,13.500000,1190.902233
15.000000,14.000000,883.123193
16.000000,14.000000,956.587082
17.000000,14.000000,1032.782015
18.000000,14.000000,1111.707992
19.000000,14.000000,1193.365014
15.000000,14.500000,885.240102
16.000000,14.500000,958.784042
17.000000,14.500000,1035.060600
18.000000,14.500000,1114.069777
19.000000,14.500000,1195.811572
15.000000,15.000000,887.358222
16.000000,15.000000,960.982297
17.000000,15.000000,1037.340563
18.000000,15.000000,1116.433021
19.000000,15.000000,1198.259671
15.000000,15.500000,889.414727
16.000000,15.500000,963.129528
17.000000,15.500000,1039.580521
18.000000,15.500000,1118.767705
15.000000,16.000000,891.472487
16.000000,16.000000,965.278084
17.000000,16.000000,1041.821873
18.000000,16.000000,1121.103853
15.000000,16.500000,893.448041
16.000000,16.500000,967.360677
17.000000,16.500000,1044.014190
18.000000,16.500000,1123.408578
15.000000,17.000000,895.424893
16.000000,17.000000,969.444623
17.000000,17.000000,1046.207915
18.000000,17.000000,1125.714770
15.000000,17.500000,897.414073
16.000000,17.500000,971.550374
17.000000,17.500000,1048.433677
18.000000,17.500000,1128.063983
15.000000,18.000000,899.404569
16.000000,18.000000,973.657519
17.000000,18.000000,1050.660915
18.000000,18.000000,1130.414755
15.000000,18.500000,901.402904
16.000000,18.500000,975.771568
17.000000,18.500000,1052.894344
18.000000,18.500000,1132.771231
15.000000,19.000000,903.402577
16.000000,19.000000,977.887054
17.000000,19.000000,1055.129310
18.000000,19.000000,1135.129348
15.000000,19.500000,905.411074
16.000000,19.500000,980.012100
17.000000,19.500000,1057.374606
18.000000,19.500000,1137.498592
15.000000,20.000000,907.420921
16.000000,20.000000,982.138598
17.000000,20.000000,1059.621455
18.000000,20.000000,1139.869494
15.000000,20.500000,909.488625
16.000000,20.500000,984.311576
17.000000,20.500000,1061.902429
18.000000,20.500000,1142.261183
15.000000,21.000000,911.557785
16.000000,21.000000,986.486088
17.000000,21.000000,1064.185015
18.000000,21.000000,1144.654564
15.000000,21.500000,913.795938
16.000000,21.500000,988.788808
17.000000,21.500000,1066.552012
18.000000,21.500000,1147.085551
15.000000,22.000000,916.035785
16.000000,22.000000,991.093239
17.000000,22.000000,1068.920737
18.000000,22.000000,1149.518282
15.000000,22.500000,918.267494
16.000000,22.500000,993.392430
17.000000,22.500000,1071.287291
18.000000,22.500000,1151.952079
15.000000,23.000000,920.500895
16.000000,23.000000,995.693331
17.000000,23.000000,1073.655574
18.000000,23.000000,1154.387623
15.000000,23.500000,922.744548
16.000000,23.500000,998.039843
17.000000,23.500000,1076.107265
18.000000,23.500000,1156.946813
15.000000,24.000000,924.989935
16.000000,24.000000,1000.388171
17.000000,24.000000,1078.560854
18.000000,24.000000,1159.507985
15.000000,24.500000,927.238531
16.000000,24.500000,1002.759872
17.000000,24.500000,1081.059340
18.000000,24.500000,1162.136936
14.000000,25.000000,856.626131
15.000000,25.000000,929.488885
16.000000,25.000000,1005.133448
17.000000,25.000000,1083.559821
18.000000,25.000000,1164.768002
14.000000,25.500000,858.823172
15.000000,25.500000,931.794399
16.000000,25.500000,1007.550002
17.000000,25.500000,1086.089981
18.000000,25.500000,1167.414336
14.000000,26.000000,861.022020
15.000000,26.000000,934.101803
16.000000,26.000000,1009.968529
17.000000,26.000000,1088.622200
18.000000,26.000000,1170.062814
14.000000,26.500000,863.277223
15.000000,26.500000,936.455988
16.000000,26.500000,1012.423169
17.000000,26.500000,1091.178764
18.000000,26.500000,1172.722775
14.000000,27.000000,865.534412
15.000000,27.000000,938.812204
16.000000,27.000000,1014.879884
17.000000,27.000000,1093.737450
18.000000,27.000000,1175.384904
14.000000,27.500000,867.790762
15.000000,27.500000,941.169322
16.000000,27.500000,1017.339297
17.000000,27.500000,1096.300688
18.000000,27.500000,1178.053495
14.000000,28.000000,870.049109
15.000000,28.000000,943.528481
16.000000,28.000000,1019.800796
17.000000,28.000000,1098.866057
18.000000,28.000000,1180.724262
14.000000,28.500000,872.313552
15.000000,28.500000,945.896934
16.000000,28.500000,1022.275015
17.000000,28.500000,1101.447796
18.000000,28.500000,1183.415277
14.000000,29.000000,874.580000
15.000000,29.000000,948.267442
16.000000,29.000000,1024.751339
17.000000,29.000000,1104.031692
18.000000,29.000000,1186.108501
14.000000,29.500000,876.870377
15.000000,29.500000,950.708611
16.000000,29.500000,1027.348468
17.000000,29.500000,1106.789949
14.000000,30.000000,879.162804
15.000000,30.000000,953.151983
16.000000,30.000000,1029.947957
17.000000,30.000000,1109.550727
14.000000,30.500000,881.543040
15.000000,30.500000,955.668944
16.000000,30.500000,1032.605462
17.000000,30.500000,1112.352594
14.000000,31.000000,883.925520
15.000000,31.000000,958.188263
16.000000,31.000000,1035.265441
17.000000,31.000000,1115.157054
14.000000,31.500000,886.403942
15.000000,31.500000,960.785122
16.000000,31.500000,1037.982794
17.000000,31.500000,1117.996958
14.000000,32.000000,888.884822
15.000000,32.000000,963.384495
16.000000,32.000000,1040.702718
17.000000,32.000000,1120.839493
14.000000,32.500000,891.345965
15.000000,32.500000,965.971278
16.000000,32.500000,1043.417799
17.000000,32.500000,1123.685528
14.000000,33.000000,893.809505
15.000000,33.000000,968.560534
16.000000,33.000000,1046.135429
17.000000,33.000000,1126.534191
14.000000,33.500000,896.280779
15.000000,33.500000,971.157834
16.000000,33.500000,1048.861449
17.000000,33.500000,1129.391624
14.000000,34.000000,898.754461
15.000000,34.000000,973.757619
16.000000,34.000000,1051.590032
17.000000,34.000000,1132.251702
14.000000,34.500000,901.241681
15.000000,34.500000,976.384966
16.000000,34.500000,1054.361229
17.000000,34.500000,1135.170470
14.000000,35.000000,903.731358
15.000000,35.000000,979.014883
16.000000,35.000000,1057.135110
17.000000,35.000000,1138.092039
14.000000,35.500000,906.243347
15.000000,35.500000,981.707493
16.000000,35.500000,1060.014572
17.000000,35.500000,1141.164586
14.000000,36.000000,908.757949
15.000000,36.000000,984.402897
16.000000,36.000000,1062.897018
17.000000,36.000000,1144.240310
14.000000,36.500000,911.262086
15.000000,36.500000,987.091141
16.000000,36.500000,1065.775232
17.000000,36.500000,1147.314359
14.000000,37.000000,913.768944
15.000000,37.000000,989.782260
16.000000,37.000000,1068.656479
17.000000,37.000000,1150.391601
14.000000,37.500000,916.286831
15.000000,37.500000,992.481277
16.000000,37.500000,1071.542281
17.000000,37.500000,1153.469843
13.000000,38.000000,845.303941
14.000000,38.000000,918.807451
15.000000,38.000000,995.183177
16.000000,38.000000,1074.431117
17.000000,38.000000,1156.551273
13.000000,38.500000,847.662186
14.000000,38.500000,921.338403
15.000000,38.500000,997.892281
16.000000,38.500000,1077.323822
17.000000,38.500000,1159.633025
13.000000,39.000000,850.023035
14.000000,39.000000,923.872100
15.000000,39.000000,1000.604276
16.000000,39.000000,1080.219563
17.000000,39.000000,1162.717961
13.000000,39.500000,852.432445
14.000000,39.500000,926.457670
15.000000,39.500000,1003.371613
16.000000,39.500000,1083.174275
17.000000,39.500000,1165.865655
13.000000,40.000000,854.844564
14.000000,40.000000,929.046099
15.000000,40.000000,1006.141964
16.000000,40.000000,1086.132157
17.000000,40.000000,1169.016680
13.000000,40.500000,857.340342
14.000000,40.500000,931.709753
15.000000,40.500000,1008.978527
16.000000,40.500000,1089.146664
17.000000,40.500000,1172.214164
13.000000,41.000000,859.839029
14.000000,41.000000,934.376464
15.000000,41.000000,1011.818299
16.000000,41.000000,1092.164533
17.000000,41.000000,1175.415167
13.000000,41.500000,862.479103
14.000000,41.500000,937.156789
15.000000,41.500000,1014.741668
16.000000,41.500000,1095.233740
13.000000,42.000000,865.122453
14.000000,42.000000,939.940476
15.000000,42.000000,1017.668488
16.000000,42.000000,1098.306488
13.000000,42.500000,867.773505
14.000000,42.500000,942.732495
15.000000,42.500000,1020.604299
16.000000,42.500000,1101.388917
13.000000,43.000000,870.427842
14.000000,43.000000,945.527886
15.000000,43.000000,1023.543572
16.000000,43.000000,1104.474897
13.000000,43.500000,873.089981
14.000000,43.500000,948.331716
15.000000,43.500000,1026.491950
16.000000,43.500000,1107.570682
13.000000,44.000000,875.755411
14.000000,44.000000,951.138928
15.000000,44.000000,1029.443801
16.000000,44.000000,1110.670030
13.000000,44.500000,878.422644
14.000000,44.500000,953.952947
15.000000,44.500000,1032.407500
16.000000,44.500000,1113.786302
13.000000,45.000000,881.093231
14.000000,45.000000,956.770404
15.000000,45.000000,1035.374721
16.000000,45.000000,1116.906182
13.000000,45.500000,883.786822
14.000000,45.500000,959.644339
15.000000,45.500000,1038.434065
16.000000,45.500000,1120.155999
13.000000,46.000000,886.483873
14.000000,46.000000,962.521890
15.000000,46.000000,1041.497184
16.000000,46.000000,1123.409753
13.000000,46.500000,889.192290
14.000000,46.500000,965.420629
15.000000,46.500000,1044.591615
16.000000,46.500000,1126.705246
13.000000,47.000000,891.904315
14.000000,47.000000,968.323147
15.000000,47.000000,1047.689996
16.000000,47.000000,1130.004860
13.000000,47.500000,894.634612
14.000000,47.500000,971.249287
15.000000,47.500000,1050.817801
16.000000,47.500000,1133.340154
13.000000,48.000000,897.368553
14.000000,48.000000,974.179259
15.000000,48.000000,1053.949630
16.000000,48.000000,1136.679665
13.000000,48.500000,900.120970
14.000000,48.500000,977.131949
15.000000,48.500000,1057.108643
16.000000,48.500000,1140.051051
13.000000,49.000000,902.877062
14.000000,49.000000,980.088510
15.000000,49.000000,1060.271725
16.000000,49.000000,1143.426708
13.000000,49.500000,905.646880
14.000000,49.500000,983.065273
15.000000,49.500000,1063.461441
16.000000,49.500000,1146.835384
13.000000,50.000000,908.420457
14.000000,50.000000,986.045987
15.000000,50.000000,1066.655298
16.000000,50.000000,1150.248392
13.000000,50.500000,911.203247
14.000000,50.500000,989.019868
15.000000,50.500000,1069.825358
16.000000,50.500000,1153.619717
12.000000,51.000000,838.975916
13.000000,51.000000,913.989839
14.000000,51.000000,991.997719
15.000000,51.000000,1072.999554
16.000000,51.000000,1156.995346
12.000000,51.500000,841.741955
13.000000,51.500000,916.890223
14.000000,51.500000,995.033564
15.000000,51.500000,1076.171979
16.000000,51.500000,1160.305467
12.000000,52.000000,844.512099
13.000000,52.000000,919.794747
14.000000,52.000000,998.073584
15.000000,52.000000,1079.348611
16.000000,52.000000,1163.619827
12.000000,52.500000,847.290011
13.000000,52.500000,922.737410
14.000000,52.500000,1001.184476
15.000000,52.500000,1082.631207
16.000000,52.500000,1167.077605
12.000000,53.000000,850.072036
13.000000,53.000000,925.684311
14.000000,53.000000,1004.299729
15.000000,53.000000,1085.918291
16.000000,53.000000,1170.539995
12.000000,53.500000,852.862277
13.000000,53.500000,928.642340
14.000000,53.500000,1007.429235
15.000000,53.500000,1089.222963
12.000000,54.000000,855.656642
13.000000,54.000000,931.604624
14.000000,54.000000,1010.563130
15.000000,54.000000,1092.532158
12.000000,54.500000,858.565744
13.000000,54.500000,934.656763
14.000000,54.500000,1013.759715
15.000000,54.500000,1095.874598
12.000000,55.000000,861.479305
13.000000,55.000000,937.713410
14.000000,55.000000,1016.960855
15.000000,55.000000,1099.221641
12.000000,55.500000,864.412885
13.000000,55.500000,940.785516
14.000000,55.500000,1020.172497
15.000000,55.500000,1102.573830
12.000000,56.000000,867.350970
13.000000,56.000000,943.862160
14.000000,56.000000,1023.388711
15.000000,56.000000,1105.930622
12.000000,56.500000,870.199503
13.000000,56.500000,946.922922
14.000000,56.500000,1026.667264
15.000000,56.500000,1109.432527
12.000000,57.000000,873.052438
13.000000,57.000000,949.988306
14.000000,57.000000,1029.950653
15.000000,57.000000,1112.939477
12.000000,57.500000,875.923360
13.000000,57.500000,953.083821
14.000000,57.500000,1033.277183
15.000000,57.500000,1116.503445
12.000000,58.000000,878.798723
13.000000,58.000000,956.184032
14.000000,58.000000,1036.608660
15.000000,58.000000,1120.072607
12.000000,58.500000,881.695879
13.000000,58.500000,959.314155
14.000000,58.500000,1039.979001
15.000000,58.500000,1123.690418
12.000000,59.000000,884.597528
13.000000,59.000000,962.449059
14.000000,59.000000,1043.354413
15.000000,59.000000,1127.313591
12.000000,59.500000,887.520569
13.000000,59.500000,965.607447
14.000000,59.500000,1046.754867
15.000000,59.500000,1130.962830
12.000000,60.000000,890.448209
13.000000,60.000000,968.770713
14.000000,60.000000,1050.160473
15.000000,60.000000,1134.617489
12.000000,60.500000,893.393725
13.000000,60.500000,971.954266
14.000000,60.500000,1053.588871
15.000000,60.500000,1138.297540
12.000000,61.000000,896.343872
13.000000,61.000000,975.142733
14.000000,61.000000,1057.022460
15.000000,61.000000,1141.983052
12.000000,61.500000,899.450442
13.000000,61.500000,978.454493
14.000000,61.500000,1060.543336
15.000000,61.500000,1145.716971
12.000000,62.000000,902.562118
13.000000,62.000000,981.771533
14.000000,62.000000,1064.069657
15.000000,62.000000,1149.456491
12.000000,62.500000,905.719886
13.000000,62.500000,985.138199
14.000000,62.500000,1067.649799
15.000000,62.500000,1153.254687
12.000000,63.000000,908.882900
13.000000,63.000000,988.510313
14.000000,63.000000,1071.235588
15.000000,63.000000,1157.058726
12.000000,63.500000,912.068273
13.000000,63.500000,991.907403
14.000000,63.500000,1074.849180
15.000000,63.500000,1160.893604
12.000000,64.000000,915.258944
13.000000,64.000000,995.310003
14.000000,64.000000,1078.468492
15.000000,64.000000,1164.734409
12.000000,64.500000,918.482522
13.000000,64.500000,998.748664
14.000000,64.500000,1082.126846
11.000000,65.000000,844.346742
12.000000,65.000000,921.711534
13.000000,65.000000,1002.192972
14.000000,65.000000,1085.791059
11.000000,65.500000,847.385213
12.000000,65.500000,924.961104
13.000000,65.500000,1005.658262
14.000000,65.500000,1089.476687
11.000000,66.000000,850.428937
12.000000,66.000000,928.216145
13.000000,66.000000,1009.129236
14.000000,66.000000,1093.168209
11.000000,66.500000,853.522445
12.000000,66.500000,931.515545
13.000000,66.500000,1012.637765
14.000000,66.500000,1096.889107
11.000000,67.000000,856.621417
12.000000,67.000000,934.820590
13.000000,67.000000,1016.152112
14.000000,67.000000,1100.615982
11.000000,67.500000,859.753246
12.000000,67.500000,938.165464
13.000000,67.500000,1019.713930
14.000000,67.500000,1104.398644
11.000000,68.000000,862.890645
12.000000,68.000000,941.516120
13.000000,68.000000,1023.281733
14.000000,68.000000,1108.187485
11.000000,68.500000,866.055124
12.000000,68.500000,944.898998
13.000000,68.500000,1026.887444
14.000000,68.500000,1112.020463
11.000000,69.000000,869.225246
12.000000,69.000000,948.287751
13.000000,69.000000,1030.499258
14.000000,69.000000,1115.859765
11.000000,69.500000,872.431996
12.000000,69.500000,951.716457
13.000000,69.500000,1034.154303
14.000000,69.500000,1119.745532
11.000000,70.000000,875.644517
12.000000,70.000000,955.151174
13.000000,70.000000,1037.815590
14.000000,70.000000,1123.637767
11.000000,70.500000,878.882564
12.000000,70.500000,958.616808
13.000000,70.500000,1041.513768
14.000000,70.500000,1127.573444
11.000000,71.000000,882.126439
12.000000,71.000000,962.088531
13.000000,71.000000,1045.218289
14.000000,71.000000,1131.515715
11.000000,71.500000,885.429916
12.000000,71.500000,965.611829
13.000000,71.500000,1048.964746
14.000000,71.500000,1135.488668
11.000000,72.000000,888.739455
12.000000,72.000000,969.141404
13.000000,72.000000,1052.717683
14.000000,72.000000,1139.468292
11.000000,72.500000,892.091656
12.000000,72.500000,972.708918
13.000000,72.500000,1056.502944
14.000000,72.500000,1143.473735
11.000000,73.000000,895.450061
12.000000,73.000000,976.282826
13.000000,73.000000,1060.294772
14.000000,73.000000,1147.485900
11.000000,73.500000,898.816475
12.000000,73.500000,979.835455
13.000000,73.500000,1064.035167
14.000000,73.500000,1151.415610
11.000000,74.000000,902.189114
12.000000,74.000000,983.394428
13.000000,74.000000,1067.782019
14.000000,74.000000,1155.351888
11.000000,74.500000,905.588698
12.000000,74.500000,986.979889
13.000000,74.500000,1071.554604
14.000000,74.500000,1159.312844
11.000000,75.000000,908.994581
12.000000,75.000000,990.571760
13.000000,75.000000,1075.333704
14.000000,75.000000,1163.280414
11.000000,75.500000,912.411459
12.000000,75.500000,994.163730
13.000000,75.500000,1079.101869
14.000000,75.500000,1167.225877
11.000000,76.000000,915.834652
12.000000,76.000000,997.762102
13.000000,76.000000,1082.876519
14.000000,76.000000,1171.177903
11.000000,76.500000,919.308596
12.000000,76.500000,1001.397085
13.000000,76.500000,1086.671836
11.000000,77.000000,922.789052
12.000000,77.000000,1005.038602
13.000000,77.000000,1090.473705
11.000000,77.500000,926.315452
12.000000,77.500000,1008.717020
13.000000,77.500000,1094.302019
10.000000,78.000000,850.476263
11.000000,78.000000,929.848526
12.000000,78.000000,1012.402090
13.000000,78.000000,1098.136954
10.000000,78.500000,853.848969
11.000000,78.500000,933.401768
12.000000,78.500000,1016.136111
13.000000,78.500000,1102.051995
10.000000,79.000000,857.228297
11.000000,79.000000,936.961720
12.000000,79.000000,1019.876920
13.000000,79.000000,1105.973898
10.000000,79.500000,860.616267
11.000000,79.500000,940.566262
12.000000,79.500000,1023.700995
13.000000,79.500000,1110.020467
10.000000,80.000000,864.010865
11.000000,80.000000,944.177650
12.000000,80.000000,1027.532129
13.000000,80.000000,1114.074300
10.000000,80.500000,867.415744
11.000000,80.500000,947.798404
12.000000,80.500000,1031.371486
13.000000,80.500000,1118.134988
10.000000,81.000000,870.827265
11.000000,81.000000,951.426013
12.000000,81.000000,1035.217902
13.000000,81.000000,1122.202932
10.000000,81.500000,874.151236
11.000000,81.500000,955.017191
12.000000,81.500000,1039.082290
13.000000,81.500000,1126.346533
10.000000,82.000000,877.481533
11.000000,82.000000,958.615109
12.000000,82.000000,1042.953823
13.000000,82.000000,1130.497676
10.000000,82.500000,880.743740
11.000000,82.500000,962.171710
12.000000,82.500000,1046.811770
13.000000,82.500000,1134.663922
10.000000,83.000000,884.011999
11.000000,83.000000,965.734890
12.000000,83.000000,1050.676804
13.000000,83.000000,1138.837742
10.000000,83.500000,887.323695
11.000000,83.500000,969.337301
12.000000,83.500000,1054.576627
13.000000,83.500000,1143.041673
10.000000,84.000000,890.641583
11.000000,84.000000,972.946407
12.000000,84.000000,1058.483629
13.000000,84.000000,1147.253249
10.000000,84.500000,893.994713
11.000000,84.500000,976.548287
12.000000,84.500000,1062.338538
13.000000,84.500000,1151.365466
10.000000,85.000000,897.354143
11.000000,85.000000,980.156818
12.000000,85.000000,1066.200437
13.000000,85.000000,1155.484999
10.000000,85.500000,900.757033
11.000000,85.500000,983.797536
12.000000,85.500000,1070.082307
13.000000,85.500000,1159.611346
10.000000,86.000000,904.166363
11.000000,86.000000,987.444997
12.000000,86.000000,1073.971213
13.000000,86.000000,1163.745009
10.000000,86.500000,907.672269
11.000000,86.500000,991.170413
12.000000,86.500000,1077.917862
13.000000,86.500000,1167.914615
10.000000,87.000000,911.184958
11.000000,87.000000,994.902834
12.000000,87.000000,1081.871727
13.000000,87.000000,1172.091637
10.000000,87.500000,914.786533
11.000000,87.500000,998.685430
12.000000,87.500000,1085.835356
13.000000,87.500000,1176.236310
10.000000,88.000000,918.395211
11.000000,88.000000,1002.475200
12.000000,88.000000,1089.806228
13.000000,88.000000,1180.388295
10.000000,88.500000,922.015121
11.000000,88.500000,1006.283241
12.000000,88.500000,1093.802941
10.000000,89.000000,925.642148
11.000000,89.000000,1010.098496
12.000000,89.000000,1097.806965
10.000000,89.500000,929.284659
11.000000,89.500000,1013.936619
12.000000,89.500000,1101.841334
10.000000,90.000000,932.934321
11.000000,90.000000,1017.782017
12.000000,90.000000,1105.883097
10.000000,90.500000,936.603140
11.000000,90.500000,1021.655287
12.000000,90.500000,1109.961408
10.000000,91.000000,940.279158
11.000000,91.000000,1025.535913
12.000000,91.000000,1114.047221
10.000000,91.500000,943.947688
11.000000,91.500000,1029.422086
12.000000,91.500000,1118.151962
9.000000,92.000000,865.187498
10.000000,92.000000,947.623359
11.000000,92.000000,1033.315608
12.000000,92.000000,1122.264244
9.000000,92.500000,868.623159
10.000000,92.500000,951.302377
11.000000,92.500000,1037.240745
12.000000,92.500000,1126.438265
9.000000,93.000000,872.065616
10.000000,93.000000,954.988520
11.000000,93.000000,1041.173324
12.000000,93.000000,1130.620029
9.000000,93.500000,875.567893
10.000000,93.500000,958.738365
11.000000,93.500000,1045.174574
12.000000,93.500000,1134.876520
9.000000,94.000000,879.077185
10.000000,94.000000,962.495557
11.000000,94.000000,1049.183497
12.000000,94.000000,1139.141005
9.000000,94.500000,882.640125
10.000000,94.500000,966.297727
11.000000,94.500000,1053.227692
12.000000,94.500000,1143.430022
9.000000,95.000000,886.210270
10.000000,95.000000,970.107392
11.000000,95.000000,1057.279666
12.000000,95.000000,1147.727092
9.000000,95.500000,889.819754
10.000000,95.500000,973.952760
11.000000,95.500000,1061.362002
12.000000,95.500000,1152.047482
9.000000,96.000000,893.436563
10.000000,96.000000,977.805732
11.000000,96.000000,1065.452205
12.000000,96.000000,1156.375982
9.000000,96.500000,897.010913
10.000000,96.500000,981.630522
11.000000,96.500000,1069.530311
12.000000,96.500000,1160.710278
9.000000,97.000000,900.592391
10.000000,97.000000,985.462778
11.000000,97.000000,1073.616206
12.000000,97.000000,1165.052676
9.000000,97.500000,904.224843
10.000000,97.500000,989.336730
11.000000,97.500000,1077.734081
12.000000,97.500000,1169.416898
9.000000,98.000000,907.864605
10.000000,98.000000,993.218282
11.000000,98.000000,1081.859837
12.000000,98.000000,1173.789271
9.000000,98.500000,911.494122
10.000000,98.500000,997.065556
11.000000,98.500000,1085.926426
12.000000,98.500000,1178.076732
9.000000,99.000000,915.130873
10.000000,99.000000,1000.920263
11.000000,99.000000,1090.000642
12.000000,99.000000,1182.372009
9.000000,99.500000,918.776435
10.000000,99.500000,1004.769414
11.000000,99.500000,1094.054355
12.000000,99.500000,1186.631258
9.000000,100.000000,922.429235
10.000000,100.000000,1008.625942
11.000000,100.000000,1098.115582
12.000000,100.000000,1190.898155
9.000000,100.500000,925.920078
10.000000,100.500000,1012.385290
11.000000,100.500000,1102.146906
12.000000,100.500000,1195.204925
9.000000,101.000000,929.417432
10.000000,101.000000,1016.151587
11.000000,101.000000,1106.185597
12.000000,101.000000,1199.519464
9.000000,101.500000,932.974525
10.000000,101.500000,1019.986104
11.000000,101.500000,1110.301778
9.000000,102.000000,936.538348
10.000000,102.000000,1023.827807
11.000000,102.000000,1114.425588
9.000000,102.500000,940.183306
10.000000,102.500000,1027.750837
11.000000,102.500000,1118.631235
9.000000,103.000000,943.835302
10.000000,103.000000,1031.681346
11.000000,103.000000,1122.844794
9.000000,103.500000,947.550918
10.000000,103.500000,1035.677162
11.000000,103.500000,1127.124918
9.000000,104.000000,951.273798
10.000000,104.000000,1039.680684
11.000000,104.000000,1131.413180
9.000000,104.500000,955.062477
10.000000,104.500000,1043.753151
11.000000,104.500000,1135.773620
9.000000,105.000000,958.858651
10.000000,105.000000,1047.833562
11.000000,105.000000,1140.142442
9.000000,105.500000,962.749953
10.000000,105.500000,1051.999525
11.000000,105.500000,1144.586216
9.000000,106.000000,966.649115
10.000000,106.000000,1056.173745
11.000000,106.000000,1149.038632
9.000000,106.500000,970.613031
10.000000,106.500000,1060.412499
11.000000,106.500000,1153.554993
9.000000,107.000000,974.585047
10.000000,107.000000,1064.659739
11.000000,107.000000,1158.080212
9.000000,107.500000,978.560558
10.000000,107.500000,1068.870692
11.000000,107.500000,1162.528153
8.000000,108.000000,895.347220
9.000000,108.000000,982.544147
10.000000,108.000000,1073.089943
11.000000,108.000000,1166.984608
8.000000,108.500000,899.094257
9.000000,108.500000,986.515081
10.000000,108.500000,1077.286298
11.000000,108.500000,1171.407908
8.000000,109.000000,902.849100
9.000000,109.000000,990.494002
10.000000,109.000000,1081.490819
11.000000,109.000000,1175.839550
8.000000,109.500000,906.437826
9.000000,109.500000,994.359946
10.000000,109.500000,1085.638491
11.000000,109.500000,1180.273462
8.000000,110.000000,910.033593
9.000000,110.000000,998.233359
10.000000,110.000000,1089.794057
11.000000,110.000000,1184.715688
8.000000,110.500000,913.666759
9.000000,110.500000,1002.098800
10.000000,110.500000,1093.892569
11.000000,110.500000,1189.048065
8.000000,111.000000,917.307099
9.000000,111.000000,1005.971659
10.000000,111.000000,1097.998732
11.000000,111.000000,1193.388318
8.000000,111.500000,920.986577
9.000000,111.500000,1009.877867
10.000000,111.500000,1102.132188
11.000000,111.500000,1197.749541
8.000000,112.000000,924.673368
9.000000,112.000000,1013.791598
10.000000,112.000000,1106.273372
11.000000,112.000000,1202.118689
8.000000,112.500000,928.381847
9.000000,112.500000,1017.727748
10.000000,112.500000,1110.437434
11.000000,112.500000,1206.510904
8.000000,113.000000,932.097690
9.000000,113.000000,1021.671476
10.000000,113.000000,1114.609279
11.000000,113.000000,1210.911100
8.000000,113.500000,935.816230
9.000000,113.500000,1025.566673
10.000000,113.500000,1118.679126
11.000000,113.500000,1215.153589
8.000000,114.000000,939.542100
9.000000,114.000000,1029.469195
10.000000,114.000000,1122.756291
11.000000,114.000000,1219.403386
8.000000,114.500000,943.249125
9.000000,114.500000,1033.360850
10.000000,114.500000,1126.830521
8.000000,115.000000,946.963344
9.000000,115.000000,1037.259734
10.000000,115.000000,1130.912012
8.000000,115.500000,950.711570
9.000000,115.500000,1041.205698
10.000000,115.500000,1135.053948
8.000000,116.000000,954.467098
9.000000,116.000000,1045.159055
10.000000,116.000000,1139.203360
8.000000,116.500000,958.277823
9.000000,116.500000,1049.175671
10.000000,116.500000,1143.424773
8.000000,117.000000,962.096057
9.000000,117.000000,1053.199906
10.000000,117.000000,1147.653910
8.000000,117.500000,965.965296
9.000000,117.500000,1057.286499
10.000000,117.500000,1151.957752
8.000000,118.000000,969.842228
9.000000,118.000000,1061.380930
10.000000,118.000000,1156.269575
8.000000,118.500000,973.690121
9.000000,118.500000,1065.486232
10.000000,118.500000,1160.633208
8.000000,119.000000,977.545506
9.000000,119.000000,1069.599358
10.000000,119.000000,1165.004986
8.000000,119.500000,981.422893
9.000000,119.500000,1073.773264
10.000000,119.500000,1169.479267
8.000000,120.000000,985.307850
9.000000,120.000000,1077.955222
10.000000,120.000000,1173.962072
8.000000,120.500000,989.240407
9.000000,120.500000,1082.191494
10.000000,120.500000,1178.507327
8.000000,121.000000,993.180736
9.000000,121.000000,1086.436027
10.000000,121.000000,1183.061330
8.000000,121.500000,997.193092
9.000000,121.500000,1090.745573
10.000000,121.500000,1187.672641
8.000000,122.000000,1001.213491
9.000000,122.000000,1095.063615
10.000000,122.000000,1192.292896
