weight_g,350.000000
thrust_N,velocity_m_s,power_W
23.000000,0.000000,882.100310
24.000000,0.000000,931.084487
25.000000,0.000000,981.234300
26.000000,0.000000,1032.549748
27.000000,0.000000,1085.030832
28.000000,0.000000,1138.677552
29.000000,0.000000,1193.489907
30.000000,0.000000,1257.425854
31.000000,0.000000,1323.937750
32.000000,0.000000,1391.802162
33.000000,0.000000,1461.019091
34.000000,0.000000,1538.168936
35.000000,0.000000,1624.946092
36.000000,0.000000,1713.395691
37.000000,0.000000,1807.080034
38.000000,0.000000,1914.445583
39.000000,0.000000,2023.867931
40.000000,0.000000,2142.221063
41.000000,0.000000,2265.973047
42.000000,0.000000,2396.242863
43.000000,0.000000,2533.703007
23.000000,0.500000,886.387043
24.000000,0.500000,935.516328
25.000000,0.500000,985.813911
26.000000,0.500000,1037.279791
27.000000,0.500000,1089.913969
28.000000,0.500000,1143.716444
29.000000,0.500000,1198.928072
30.000000,0.500000,1263.509892
31.000000,0.500000,1330.055053
32.000000,0.500000,1397.951322
33.000000,0.500000,1467.198701
34.000000,0.500000,1545.708742
35.000000,0.500000,1632.657142
36.000000,0.500000,1721.279155
37.000000,0.500000,1816.422775
38.000000,0.500000,1923.881720
39.000000,0.500000,2033.394931
40.000000,0.500000,2152.741110
41.000000,0.500000,2276.671560
42.000000,0.500000,2407.827982
43.000000,0.500000,2545.436048
23.000000,1.000000,890.682424
24.000000,1.000000,939.957058
25.000000,1.000000,990.402654
26.000000,1.000000,1042.019210
27.000000,1.000000,1094.806728
28.000000,1.000000,1148.765206
29.000000,1.000000,1204.376862
30.000000,1.000000,1269.605460
31.000000,1.000000,1336.183752
32.000000,1.000000,1404.111737
33.000000,1.000000,1473.389415
34.000000,1.000000,1553.262415
35.000000,1.000000,1640.382159
36.000000,1.000000,1729.176689
37.000000,1.000000,1825.782829
38.000000,1.000000,1933.334924
39.000000,1.000000,2042.938750
40.000000,1.000000,2163.280281
41.000000,1.000000,2287.389072
42.000000,1.000000,2419.434042
43.000000,1.000000,2557.189606
23.000000,1.500000,894.998890
24.000000,1.500000,944.420289
25.000000,1.500000,995.015349
26.000000,1.500000,1046.784072
27.000000,1.500000,1099.726457
28.000000,1.500000,1153.842503
29.000000,1.500000,1210.415770
30.000000,1.500000,1275.677922
31.000000,1.500000,1342.288333
32.000000,1.500000,1410.247000
33.000000,1.500000,1479.553926
34.000000,1.500000,1560.830372
35.000000,1.500000,1648.123585
36.000000,1.500000,1737.092793
37.000000,1.500000,1835.123352
38.000000,1.500000,1942.763873
39.000000,1.500000,2052.591571
40.000000,1.500000,2173.817167
41.000000,1.500000,2298.108447
42.000000,1.500000,2431.027530
43.000000,1.500000,2568.929754
23.000000,2.000000,899.324077
24.000000,2.000000,948.892485
25.000000,2.000000,999.637257
26.000000,2.000000,1051.558395
27.000000,2.000000,1104.655897
28.000000,2.000000,1158.929764
29.000000,2.000000,1216.466287
30.000000,2.000000,1281.761864
31.000000,2.000000,1348.404254
32.000000,2.000000,1416.393458
33.000000,2.000000,1485.729476
34.000000,2.000000,1568.412222
35.000000,2.000000,1655.879009
36.000000,2.000000,1745.023000
37.000000,2.000000,1844.481096
38.000000,2.000000,1952.209785
39.000000,2.000000,2062.261491
40.000000,2.000000,2184.373105
41.000000,2.000000,2308.846756
42.000000,2.000000,2442.641795
43.000000,2.000000,2580.690259
23.000000,2.500000,903.678048
24.000000,2.500000,953.393759
25.000000,2.500000,1004.288515
26.000000,2.500000,1056.362315
27.000000,2.500000,1109.615158
28.000000,2.500000,1164.047046
29.000000,2.500000,1222.494258
30.000000,2.500000,1287.822248
31.000000,2.500000,1354.495587
32.000000,2.500000,1422.514277
33.000000,2.500000,1491.878317
34.000000,2.500000,1576.009227
35.000000,2.500000,1663.651785
36.000000,2.500000,1752.972793
37.000000,2.500000,1853.817071
38.000000,2.500000,1961.629142
39.000000,2.500000,2072.629395
40.000000,2.500000,2194.928904
41.000000,2.500000,2319.589184
23.000000,3.000000,908.040845
24.000000,3.000000,957.904103
25.000000,3.000000,1008.949087
26.000000,3.000000,1061.175795
27.000000,3.000000,1114.584229
28.000000,3.000000,1169.174388
29.000000,3.000000,1228.533790
30.000000,3.000000,1293.894058
31.000000,3.000000,1360.598204
32.000000,3.000000,1428.646228
33.000000,3.000000,1498.038131
34.000000,3.000000,1583.620153
35.000000,3.000000,1671.438590
36.000000,3.000000,1760.936724
37.000000,3.000000,1863.170169
38.000000,3.000000,1971.065350
39.000000,3.000000,2083.016393
40.000000,3.000000,2205.503688
41.000000,3.000000,2330.350487
23.000000,3.500000,912.611371
24.000000,3.500000,962.604900
25.000000,3.500000,1013.781956
26.000000,3.500000,1066.142539
27.000000,3.500000,1119.686648
28.000000,3.500000,1174.414285
29.000000,3.500000,1234.644541
30.000000,3.500000,1300.059169
31.000000,3.500000,1366.816612
32.000000,3.500000,1434.916868
33.000000,3.500000,1505.426531
34.000000,3.500000,1591.386194
35.000000,3.500000,1679.303222
36.000000,3.500000,1768.898955
37.000000,3.500000,1872.482249
38.000000,3.500000,1980.479681
39.000000,3.500000,2093.425264
40.000000,3.500000,2216.106877
23.000000,4.000000,917.191607
24.000000,4.000000,967.315581
25.000000,4.000000,1018.624884
26.000000,4.000000,1071.119515
27.000000,4.000000,1124.799474
28.000000,4.000000,1179.664761
29.000000,4.000000,1240.767316
30.000000,4.000000,1306.236199
31.000000,4.000000,1373.046826
32.000000,4.000000,1441.199198
33.000000,4.000000,1512.828960
34.000000,4.000000,1599.166759
35.000000,4.000000,1687.182268
36.000000,4.000000,1776.875488
37.000000,4.000000,1881.811494
38.000000,4.000000,1989.910902
39.000000,4.000000,2103.853324
40.000000,4.000000,2226.729123
23.000000,4.500000,921.800024
24.000000,4.500000,972.062491
25.000000,4.500000,1023.512483
26.000000,4.500000,1076.149998
27.000000,4.500000,1129.975038
28.000000,4.500000,1184.987603
29.000000,4.500000,1246.966935
30.000000,4.500000,1312.531732
31.000000,4.500000,1379.438514
32.000000,4.500000,1447.687280
33.000000,4.500000,1520.775342
34.000000,4.500000,1607.091547
35.000000,4.500000,1695.081865
36.000000,4.500000,1785.422537
37.000000,4.500000,1891.173720
38.000000,4.500000,1999.526240
39.000000,4.500000,2114.641640
40.000000,4.500000,2237.822964
22.000000,5.000000,877.206816
23.000000,5.000000,926.418267
24.000000,5.000000,976.819439
25.000000,5.000000,1028.410332
26.000000,5.000000,1081.190944
27.000000,5.000000,1135.161276
28.000000,5.000000,1190.321329
29.000000,5.000000,1253.178937
30.000000,5.000000,1318.839665
31.000000,5.000000,1385.842614
32.000000,5.000000,1454.187783
33.000000,5.000000,1528.737294
34.000000,5.000000,1615.031511
35.000000,5.000000,1702.996235
36.000000,5.000000,1793.985692
37.000000,5.000000,1900.553669
38.000000,5.000000,2009.159455
39.000000,5.000000,2125.450732
40.000000,5.000000,2248.937771
22.000000,5.500000,881.720694
23.000000,5.500000,931.067585
24.000000,5.500000,981.606298
25.000000,5.500000,1033.336832
26.000000,5.500000,1086.259187
27.000000,5.500000,1140.373365
28.000000,5.500000,1195.707560
29.000000,5.500000,1259.403973
30.000000,5.500000,1325.174298
31.000000,5.500000,1392.287418
32.000000,5.500000,1460.743330
33.000000,5.500000,1536.712500
34.000000,5.500000,1622.955625
35.000000,5.500000,1710.865041
36.000000,5.500000,1803.129372
37.000000,5.500000,1909.956753
38.000000,5.500000,2018.823520
39.000000,5.500000,2136.302926
40.000000,5.500000,2260.097359
22.000000,6.000000,886.244318
23.000000,6.000000,935.726853
24.000000,6.000000,986.403310
25.000000,6.000000,1038.273690
26.000000,6.000000,1091.337992
27.000000,6.000000,1145.596216
28.000000,6.000000,1201.104821
29.000000,6.000000,1265.641431
30.000000,6.000000,1331.521405
31.000000,6.000000,1398.744741
32.000000,6.000000,1467.311441
33.000000,6.000000,1544.703280
34.000000,6.000000,1630.894853
35.000000,6.000000,1718.748489
36.000000,6.000000,1812.290625
37.000000,6.000000,1919.377578
38.000000,6.000000,2028.505494
39.000000,6.000000,2147.175941
40.000000,6.000000,2271.277954
22.000000,6.500000,890.955697
23.000000,6.500000,940.569794
24.000000,6.500000,991.379448
25.000000,6.500000,1043.384658
26.000000,6.500000,1096.585425
27.000000,6.500000,1150.981748
28.000000,6.500000,1207.385138
29.000000,6.500000,1271.997523
30.000000,6.500000,1337.952474
31.000000,6.500000,1405.249991
32.000000,6.500000,1473.890074
33.000000,6.500000,1552.621866
34.000000,6.500000,1638.759610
35.000000,6.500000,1726.555158
36.000000,6.500000,1821.470518
37.000000,6.500000,1928.824997
38.000000,6.500000,2038.222143
39.000000,6.500000,2158.092798
40.000000,6.500000,2282.504099
22.000000,7.000000,895.677656
23.000000,7.000000,945.423482
24.000000,7.000000,996.366498
25.000000,7.000000,1048.506704
26.000000,7.000000,1101.844099
27.000000,7.000000,1156.378683
28.000000,7.000000,1213.678398
29.000000,7.000000,1278.366479
30.000000,7.000000,1344.396325
31.000000,7.000000,1411.767935
32.000000,7.000000,1480.481309
33.000000,7.000000,1560.555837
34.000000,7.000000,1646.639284
35.000000,7.000000,1734.376267
36.000000,7.000000,1830.667993
37.000000,7.000000,1938.290182
38.000000,7.000000,2047.956742
39.000000,7.000000,2169.030519
40.000000,7.000000,2293.751292
22.000000,7.500000,900.436513
23.000000,7.500000,950.331168
24.000000,7.500000,1001.425515
25.000000,7.500000,1053.719554
26.000000,7.500000,1107.213284
27.000000,7.500000,1161.906707
28.000000,7.500000,1220.118218
29.000000,7.500000,1284.929554
30.000000,7.500000,1351.083427
31.000000,7.500000,1418.579839
32.000000,7.500000,1487.418789
33.000000,7.500000,1568.849245
34.000000,7.500000,1654.865065
35.000000,7.500000,1742.529116
36.000000,7.500000,1840.295752
37.000000,7.500000,1948.065521
38.000000,7.500000,2058.155517
39.000000,7.500000,2180.124857
40.000000,7.500000,2305.101225
22.000000,8.000000,905.206111
23.000000,8.000000,955.249846
24.000000,8.000000,1006.495776
25.000000,8.000000,1058.943899
26.000000,8.000000,1112.594217
27.000000,8.000000,1167.446728
28.000000,8.000000,1226.571701
29.000000,8.000000,1291.506365
30.000000,8.000000,1357.784338
31.000000,8.000000,1425.405619
32.000000,8.000000,1494.370211
33.000000,8.000000,1577.159478
34.000000,8.000000,1663.107082
35.000000,8.000000,1750.697606
36.000000,8.000000,1849.942538
37.000000,8.000000,1957.859650
38.000000,8.000000,2068.373684
39.000000,8.000000,2191.240547
40.000000,8.000000,2316.472480
22.000000,8.500000,910.018643
23.000000,8.500000,960.209071
24.000000,8.500000,1011.604028
25.000000,8.500000,1064.203513
26.000000,8.500000,1118.007526
27.000000,8.500000,1173.016067
28.000000,8.500000,1233.034630
29.000000,8.500000,1298.095205
30.000000,8.500000,1364.499971
31.000000,8.500000,1432.248928
32.000000,8.500000,1501.936499
33.000000,8.500000,1585.542590
34.000000,8.500000,1671.548567
35.000000,8.500000,1759.195839
36.000000,8.500000,1860.039424
37.000000,8.500000,1968.015537
38.000000,8.500000,2079.601164
39.000000,8.500000,2202.801947
22.000000,9.000000,914.842102
23.000000,9.000000,965.179459
24.000000,9.000000,1016.723678
25.000000,9.000000,1069.474760
26.000000,9.000000,1123.432704
27.000000,9.000000,1178.597510
28.000000,9.000000,1239.511257
29.000000,9.000000,1304.697829
30.000000,9.000000,1371.229470
31.000000,9.000000,1439.106180
32.000000,9.000000,1509.518300
33.000000,9.000000,1593.942784
34.000000,9.000000,1680.006930
35.000000,9.000000,1767.710740
36.000000,9.000000,1870.156773
37.000000,9.000000,1978.191513
38.000000,9.000000,2090.851544
39.000000,9.000000,2214.386508
22.000000,9.500000,919.775229
23.000000,9.500000,970.236199
24.000000,9.500000,1021.905121
25.000000,9.500000,1074.781995
26.000000,9.500000,1128.866823
27.000000,9.500000,1184.159603
28.000000,9.500000,1245.944718
29.000000,9.500000,1311.269547
30.000000,9.500000,1377.940579
31.000000,9.500000,1445.957816
32.000000,9.500000,1517.824913
33.000000,9.500000,1602.309240
34.000000,9.500000,1688.431590
35.000000,9.500000,1776.191962
36.000000,9.500000,1880.229022
37.000000,9.500000,1988.321144
38.000000,9.500000,2102.146614
39.000000,9.500000,2226.022291
21.000000,10.000000,875.344205
22.000000,10.000000,924.719862
23.000000,10.000000,975.304559
24.000000,10.000000,1027.098298
25.000000,10.000000,1080.101077
26.000000,10.000000,1134.312898
27.000000,10.000000,1189.733759
28.000000,10.000000,1252.391793
29.000000,10.000000,1317.854987
30.000000,10.000000,1384.665518
31.000000,10.000000,1452.823387
32.000000,10.000000,1526.148709
33.000000,10.000000,1610.692680
34.000000,10.000000,1696.873026
35.000000,10.000000,1784.689748
36.000000,10.000000,1890.321565
37.000000,10.000000,1998.470694
38.000000,10.000000,2113.464638
39.000000,10.000000,2237.681297
21.000000,10.500000,880.171051
22.000000,10.500000,929.669030
23.000000,10.500000,980.377399
24.000000,10.500000,1032.296158
25.000000,10.500000,1085.425309
26.000000,10.500000,1139.764850
27.000000,10.500000,1195.314781
28.000000,10.500000,1258.845233
29.000000,10.500000,1324.457978
30.000000,10.500000,1391.419118
31.000000,10.500000,1459.728654
32.000000,10.500000,1534.472474
33.000000,10.500000,1619.065302
34.000000,10.500000,1705.291777
35.000000,10.500000,1794.432369
36.000000,10.500000,1900.368587
37.000000,10.500000,2008.573475
38.000000,10.500000,2124.830510
39.000000,10.500000,2249.394887
21.000000,11.000000,885.009331
22.000000,11.000000,934.629776
23.000000,11.000000,985.461957
24.000000,11.000000,1037.505875
25.000000,11.000000,1090.761528
26.000000,11.000000,1145.228918
27.000000,11.000000,1200.908044
28.000000,11.000000,1265.312584
29.000000,11.000000,1331.074979
30.000000,11.000000,1398.186830
31.000000,11.000000,1466.648135
32.000000,11.000000,1542.813616
33.000000,11.000000,1627.454992
34.000000,11.000000,1713.727286
35.000000,11.000000,1804.194840
36.000000,11.000000,1910.435733
37.000000,11.000000,2018.696004
38.000000,11.000000,2136.219395
39.000000,11.000000,2261.131769
21.000000,11.500000,889.837439
22.000000,11.500000,939.588891
23.000000,11.500000,990.553702
24.000000,11.500000,1042.731870
25.000000,11.500000,1096.123397
26.000000,11.500000,1150.728281
27.000000,11.500000,1207.273408
28.000000,11.500000,1271.835834
29.000000,11.500000,1337.753546
30.000000,11.500000,1405.022338
31.000000,11.500000,1473.642211
32.000000,11.500000,1551.271332
33.000000,11.500000,1636.089810
34.000000,11.500000,1722.540478
35.000000,11.500000,1814.714410
36.000000,11.500000,1920.890344
37.000000,11.500000,2029.077350
38.000000,11.500000,2147.901200
39.000000,11.500000,2273.079352
21.000000,12.000000,894.677004
22.000000,12.000000,944.559631
23.000000,12.000000,995.657235
24.000000,12.000000,1047.969815
25.000000,12.000000,1101.497373
26.000000,12.000000,1156.239906
27.000000,12.000000,1213.652760
28.000000,12.000000,1278.373235
29.000000,12.000000,1344.446416
30.000000,12.000000,1411.872304
31.000000,12.000000,1480.650897
32.000000,12.000000,1559.747091
33.000000,12.000000,1644.742786
34.000000,12.000000,1731.371943
35.000000,12.000000,1825.256518
36.000000,12.000000,1931.366575
37.000000,12.000000,2039.479412
38.000000,12.000000,2159.607013
39.000000,12.000000,2285.050877
21.000000,12.500000,899.461503
22.000000,12.500000,949.489237
23.000000,12.500000,1000.733747
24.000000,12.500000,1053.195033
25.000000,12.500000,1106.873095
26.000000,12.500000,1161.767933
27.000000,12.500000,1220.062778
28.000000,12.500000,1284.935243
29.000000,12.500000,1351.161967
30.000000,12.500000,1418.742950
31.000000,12.500000,1487.678193
32.000000,12.500000,1568.245858
33.000000,12.500000,1653.428737
34.000000,12.500000,1740.246701
35.000000,12.500000,1835.838140
36.000000,12.500000,1942.055597
37.000000,12.500000,2050.274032
38.000000,12.500000,2171.937005
39.000000,12.500000,2297.699206
21.000000,13.000000,904.257463
22.000000,13.000000,954.430479
23.000000,13.000000,1005.822070
24.000000,13.000000,1058.432236
25.000000,13.000000,1112.260977
26.000000,13.000000,1167.308294
27.000000,13.000000,1226.486879
28.000000,13.000000,1291.511481
29.000000,13.000000,1357.891893
30.000000,13.000000,1425.628117
31.000000,13.000000,1494.720153
32.000000,13.000000,1576.762741
33.000000,13.000000,1662.132957
34.000000,13.000000,1749.139880
35.000000,13.000000,1846.442462
36.000000,13.000000,1952.767083
37.000000,13.000000,2061.090876
38.000000,13.000000,2184.293405
39.000000,13.000000,2310.374107
21.000000,13.500000,909.121690
22.000000,13.500000,959.473625
23.000000,13.500000,1011.047398
24.000000,13.500000,1063.843011
25.000000,13.500000,1117.860463
26.000000,13.500000,1173.099754
27.000000,13.500000,1233.172699
28.000000,13.500000,1298.290720
29.000000,13.500000,1364.763660
30.000000,13.500000,1432.591519
31.000000,13.500000,1502.224377
32.000000,13.500000,1585.297175
33.000000,13.500000,1670.854791
34.000000,13.500000,1758.050712
35.000000,13.500000,1857.018729
36.000000,13.500000,1963.449586
37.000000,13.500000,2072.920165
38.000000,13.500000,2196.689027
39.000000,13.500000,2323.088441
21.000000,14.000000,913.997663
22.000000,14.000000,964.528838
23.000000,14.000000,1016.285120
24.000000,14.000000,1069.266508
25.000000,14.000000,1123.473002
26.000000,14.000000,1178.904602
27.000000,14.000000,1239.873659
28.000000,14.000000,1305.084991
29.000000,14.000000,1371.650349
30.000000,14.000000,1439.569731
31.000000,14.000000,1509.744511
32.000000,14.000000,1593.849774
33.000000,14.000000,1679.594940
34.000000,14.000000,1766.980008
35.000000,14.000000,1867.617582
36.000000,14.000000,1974.154438
37.000000,14.000000,2084.774904
38.000000,14.000000,2209.111079
39.000000,14.000000,2335.829357
21.000000,14.500000,918.878493
22.000000,14.500000,969.591511
23.000000,14.500000,1021.533001
24.000000,14.500000,1074.702964
25.000000,14.500000,1129.101399
26.000000,14.500000,1184.728307
27.000000,14.500000,1246.602496
28.000000,14.500000,1311.986396
29.000000,14.500000,1378.726288
30.000000,14.500000,1446.822173
31.000000,14.500000,1518.515837
32.000000,14.500000,1602.707147
33.000000,14.500000,1688.536029
34.000000,14.500000,1776.002484
35.000000,14.500000,1878.244528
36.000000,14.500000,1984.861163
37.000000,14.500000,2096.931206
38.000000,14.500000,2221.578433
20.000000,15.000000,874.107801
21.000000,15.000000,923.771149
22.000000,15.000000,974.666338
23.000000,15.000000,1026.793371
24.000000,15.000000,1080.152246
25.000000,15.000000,1134.742965
26.000000,15.000000,1190.565525
27.000000,15.000000,1253.346717
28.000000,15.000000,1318.903382
29.000000,15.000000,1385.818008
30.000000,15.000000,1454.090595
31.000000,15.000000,1527.306888
32.000000,15.000000,1611.583965
33.000000,15.000000,1697.496285
34.000000,15.000000,1785.043848
35.000000,15.000000,1888.894254
36.000000,15.000000,1995.590285
37.000000,15.000000,2109.113884
38.000000,15.000000,2234.072265
20.000000,15.500000,878.794546
21.000000,15.500000,928.647232
22.000000,15.500000,979.735174
23.000000,15.500000,1032.058372
24.000000,15.500000,1085.616825
25.000000,15.500000,1140.410534
26.000000,15.500000,1196.451234
27.000000,15.500000,1260.118757
28.000000,15.500000,1325.856093
29.000000,15.500000,1392.953696
30.000000,15.500000,1461.411565
31.000000,15.500000,1536.128486
32.000000,15.500000,1620.527627
33.000000,15.500000,1706.561691
34.000000,15.500000,1795.326395
35.000000,15.500000,1899.632815
36.000000,15.500000,2006.351603
37.000000,15.500000,2121.376934
38.000000,15.500000,2246.639222
20.000000,16.000000,883.492859
21.000000,16.000000,933.535218
22.000000,16.000000,984.816250
23.000000,16.000000,1037.335955
24.000000,16.000000,1091.094334
25.000000,16.000000,1146.091387
26.000000,16.000000,1202.350617
27.000000,16.000000,1266.906285
28.000000,16.000000,1332.824526
29.000000,16.000000,1400.105341
30.000000,16.000000,1468.748728
31.000000,16.000000,1544.969985
32.000000,16.000000,1629.491116
33.000000,16.000000,1715.646845
34.000000,16.000000,1805.631766
35.000000,16.000000,1910.394774
36.000000,16.000000,2017.135669
37.000000,16.000000,2133.666782
38.000000,16.000000,2259.232959
20.000000,16.500000,888.255752
21.000000,16.500000,938.482040
22.000000,16.500000,989.950245
23.000000,16.500000,1042.660368
24.000000,16.500000,1096.612409
25.000000,16.500000,1151.806368
26.000000,16.500000,1208.965853
27.000000,16.500000,1273.704134
28.000000,16.500000,1339.807056
29.000000,16.500000,1407.274619
30.000000,16.500000,1476.106823
31.000000,16.500000,1553.794649
32.000000,16.500000,1638.438279
33.000000,16.500000,1724.716312
34.000000,16.500000,1816.303149
35.000000,16.500000,1921.104777
36.000000,16.500000,2027.880951
37.000000,16.500000,2146.080160
38.000000,16.500000,2272.044556
20.000000,17.000000,893.030474
21.000000,17.000000,943.441007
22.000000,17.000000,995.096706
23.000000,17.000000,1047.997571
24.000000,17.000000,1102.143602
25.000000,17.000000,1157.534800
26.000000,17.000000,1215.596500
27.000000,17.000000,1280.517607
28.000000,17.000000,1346.805423
29.000000,17.000000,1414.459949
30.000000,17.000000,1483.481185
31.000000,17.000000,1562.639163
32.000000,17.000000,1647.405229
33.000000,17.000000,1733.805496
34.000000,17.000000,1826.998408
35.000000,17.000000,1931.838201
36.000000,17.000000,2038.649192
37.000000,17.000000,2158.521230
38.000000,17.000000,2284.884240
20.000000,17.500000,897.985979
21.000000,17.500000,948.584944
22.000000,17.500000,1000.432598
23.000000,17.500000,1053.528940
24.000000,17.500000,1107.873969
25.000000,17.500000,1163.467687
26.000000,17.500000,1222.426762
27.000000,17.500000,1287.495044
28.000000,17.500000,1353.930590
29.000000,17.500000,1421.733400
30.000000,17.500000,1490.903475
31.000000,17.500000,1571.481632
32.000000,17.500000,1656.363921
33.000000,17.500000,1742.879410
34.000000,17.500000,1837.627236
35.000000,17.500000,1942.503310
36.000000,17.500000,2049.347220
37.000000,17.500000,2171.021256
38.000000,17.500000,2297.791283
20.000000,18.000000,902.954058
21.000000,18.000000,953.741809
22.000000,18.000000,1005.781772
23.000000,18.000000,1059.073950
24.000000,18.000000,1113.618341
25.000000,18.000000,1169.414945
26.000000,18.000000,1229.273364
27.000000,18.000000,1294.488870
28.000000,18.000000,1361.072194
29.000000,18.000000,1429.023336
30.000000,18.000000,1498.342295
31.000000,18.000000,1580.344076
32.000000,18.000000,1665.342444
33.000000,18.000000,1751.973007
34.000000,18.000000,1848.279711
35.000000,18.000000,1953.191608
36.000000,18.000000,2060.067969
37.000000,18.000000,2183.549061
38.000000,18.000000,2310.726509
20.000000,18.500000,908.207038
21.000000,18.500000,959.143163
22.000000,18.500000,1011.333107
23.000000,18.500000,1064.776872
24.000000,18.500000,1119.474457
25.000000,18.500000,1175.425863
26.000000,18.500000,1236.141386
27.000000,18.500000,1301.514038
28.000000,18.500000,1368.255836
29.000000,18.500000,1436.366781
30.000000,18.500000,1506.455989
31.000000,18.500000,1589.316018
32.000000,18.500000,1674.491832
33.000000,18.500000,1761.300310
34.000000,18.500000,1859.102680
35.000000,18.500000,1963.940439
36.000000,18.500000,2071.628638
37.000000,18.500000,2196.157080
38.000000,18.500000,2323.734469
20.000000,19.000000,913.473826
21.000000,19.000000,964.558489
22.000000,19.000000,1016.898578
23.000000,19.000000,1070.494091
24.000000,19.000000,1125.345030
25.000000,19.000000,1181.451395
26.000000,19.000000,1243.025829
27.000000,19.000000,1308.555753
28.000000,19.000000,1375.456149
29.000000,19.000000,1443.727020
30.000000,19.000000,1514.588386
31.000000,19.000000,1598.308552
32.000000,19.000000,1683.661848
33.000000,19.000000,1770.648274
34.000000,19.000000,1869.950063
35.000000,19.000000,1974.712749
36.000000,19.000000,2083.214736
37.000000,19.000000,2208.793039
38.000000,19.000000,2336.770714
20.000000,19.500000,918.756513
21.000000,19.500000,970.000104
22.000000,19.500000,1022.501104
23.000000,19.500000,1076.259513
24.000000,19.500000,1131.275332
25.000000,19.500000,1187.548560
26.000000,19.500000,1249.978565
27.000000,19.500000,1315.657148
28.000000,19.500000,1382.707124
29.000000,19.500000,1451.128492
30.000000,19.500000,1523.451011
31.000000,19.500000,1607.395263
32.000000,19.500000,1692.974902
33.000000,19.500000,1780.189928
34.000000,19.500000,1880.927103
35.000000,19.500000,1985.634582
36.000000,19.500000,2095.805961
37.000000,19.500000,2221.709395
19.000000,20.000000,873.909775
20.000000,20.000000,924.053105
21.000000,20.000000,975.455828
22.000000,20.000000,1028.117943
23.000000,20.000000,1082.039451
24.000000,20.000000,1137.220351
25.000000,20.000000,1193.660644
26.000000,20.000000,1256.948014
27.000000,20.000000,1322.775337
28.000000,20.000000,1389.974970
29.000000,20.000000,1458.546913
30.000000,20.000000,1532.334360
31.000000,20.000000,1616.502938
32.000000,20.000000,1702.309159
33.000000,20.000000,1789.753024
34.000000,20.000000,1891.929158
35.000000,20.000000,1996.580554
36.000000,20.000000,2108.426103
37.000000,20.000000,2234.654669
19.000000,20.500000,879.037736
20.000000,20.500000,929.371458
21.000000,20.500000,980.967972
22.000000,20.500000,1033.827278
23.000000,20.500000,1087.949376
24.000000,20.500000,1143.334266
25.000000,20.500000,1200.112834
26.000000,20.500000,1264.089675
27.000000,20.500000,1330.022311
28.000000,20.500000,1397.326246
29.000000,20.500000,1466.001480
30.000000,20.500000,1541.255834
31.000000,20.500000,1625.663837
32.000000,20.500000,1711.712302
33.000000,20.500000,1800.518496
34.000000,20.500000,1903.046979
35.000000,20.500000,2007.779412
36.000000,20.500000,2121.597932
37.000000,20.500000,2248.199889
19.000000,21.000000,884.179426
20.000000,21.000000,934.703892
21.000000,21.000000,986.494553
22.000000,21.000000,1039.551409
23.000000,21.000000,1093.874460
24.000000,21.000000,1149.463705
25.000000,21.000000,1206.581306
26.000000,21.000000,1271.248833
27.000000,21.000000,1337.286646
28.000000,21.000000,1404.694743
29.000000,21.000000,1473.473126
30.000000,21.000000,1550.198162
31.000000,21.000000,1634.845892
32.000000,21.000000,1721.136905
33.000000,21.000000,1811.309054
34.000000,21.000000,1914.190363
35.000000,21.000000,2019.003513
36.000000,21.000000,2134.800935
37.000000,21.000000,2261.776533
19.000000,21.500000,889.286049
20.000000,21.500000,940.023703
21.000000,21.500000,992.031636
22.000000,21.500000,1045.309846
23.000000,21.500000,1099.858335
24.000000,21.500000,1155.677102
25.000000,21.500000,1213.706679
26.000000,21.500000,1278.525313
27.000000,21.500000,1344.715051
28.000000,21.500000,1412.275894
29.000000,21.500000,1481.207842
30.000000,21.500000,1559.445343
31.000000,21.500000,1644.232208
32.000000,21.500000,1730.661092
33.000000,21.500000,1822.320637
34.000000,21.500000,1925.283063
35.000000,21.500000,2030.175399
36.000000,21.500000,2148.050187
37.000000,21.500000,2275.399866
19.000000,22.000000,894.406384
20.000000,22.000000,945.357653
21.000000,22.000000,997.583291
22.000000,22.000000,1051.083297
23.000000,22.000000,1105.857670
24.000000,22.000000,1161.906412
25.000000,22.000000,1220.850007
26.000000,22.000000,1285.819821
27.000000,22.000000,1352.161556
28.000000,22.000000,1419.875213
29.000000,22.000000,1488.960791
30.000000,22.000000,1568.714709
31.000000,22.000000,1653.640543
32.000000,22.000000,1740.207129
33.000000,22.000000,1833.357932
34.000000,22.000000,1936.401157
35.000000,22.000000,2041.372353
36.000000,22.000000,2161.330647
37.000000,22.000000,2289.054637
19.000000,22.500000,899.553218
20.000000,22.500000,950.722260
21.000000,22.500000,1003.169835
22.000000,22.500000,1056.895944
23.000000,22.500000,1111.900585
24.000000,22.500000,1168.183759
25.000000,22.500000,1228.006104
26.000000,22.500000,1293.137394
27.000000,22.500000,1359.641854
28.000000,22.500000,1427.519485
29.000000,22.500000,1496.770286
30.000000,22.500000,1578.055836
31.000000,22.500000,1663.149969
32.000000,22.500000,1749.885219
33.000000,22.500000,1844.503372
34.000000,22.500000,1947.593691
35.000000,22.500000,2052.607007
36.000000,22.500000,2174.718127
37.000000,22.500000,2302.767282
19.000000,23.000000,904.713900
20.000000,23.000000,956.101153
21.000000,23.000000,1008.771112
22.000000,23.000000,1062.723775
23.000000,23.000000,1117.959143
24.000000,23.000000,1174.477216
25.000000,23.000000,1235.180234
26.000000,23.000000,1300.473121
27.000000,23.000000,1367.140426
28.000000,23.000000,1435.182147
29.000000,23.000000,1504.598286
30.000000,23.000000,1587.419558
31.000000,23.000000,1672.681996
32.000000,23.000000,1759.585912
33.000000,23.000000,1855.675283
34.000000,23.000000,1958.812060
35.000000,23.000000,2063.866861
36.000000,23.000000,2188.137039
37.000000,23.000000,2316.511405
19.000000,23.500000,909.874739
20.000000,23.500000,961.483855
21.000000,23.500000,1014.379985
22.000000,23.500000,1068.563130
23.000000,23.500000,1124.033289
24.000000,23.500000,1180.790462
25.000000,23.500000,1242.333933
26.000000,23.500000,1307.796433
27.000000,23.500000,1374.634393
28.000000,23.500000,1442.847814
29.000000,23.500000,1513.392688
30.000000,23.500000,1596.790979
31.000000,23.500000,1682.231971
32.000000,23.500000,1769.315256
33.000000,23.500000,1866.991902
34.000000,23.500000,1970.395838
35.000000,23.500000,2076.855831
36.000000,23.500000,2201.987583
37.000000,23.500000,2330.365032
19.000000,24.000000,915.049480
20.000000,24.000000,966.880913
21.000000,24.000000,1020.003677
22.000000,24.000000,1074.417772
23.000000,24.000000,1130.123197
24.000000,24.000000,1187.119953
25.000000,24.000000,1249.505735
26.000000,24.000000,1315.137953
27.000000,24.000000,1382.146674
28.000000,24.000000,1450.531899
29.000000,24.000000,1522.208538
30.000000,24.000000,1606.185030
31.000000,24.000000,1691.804630
32.000000,24.000000,1779.067340
33.000000,24.000000,1878.335558
34.000000,24.000000,1982.006833
35.000000,24.000000,2089.876042
36.000000,24.000000,2215.871123
37.000000,24.000000,2344.250477
19.000000,24.500000,920.221093
20.000000,24.500000,972.278617
21.000000,24.500000,1025.631846
22.000000,24.500000,1080.280779
23.000000,24.500000,1136.225417
24.000000,24.500000,1193.465759
25.000000,24.500000,1256.659630
26.000000,24.500000,1322.473241
27.000000,24.500000,1389.664555
28.000000,24.500000,1458.233571
29.000000,24.500000,1531.439521
30.000000,24.500000,1615.601038
31.000000,24.500000,1701.406359
32.000000,24.500000,1788.970249
33.000000,24.500000,1889.807969
34.000000,24.500000,1993.814037
35.000000,24.500000,2103.933630
36.000000,24.500000,2230.063326
18.000000,25.000000,874.422669
19.000000,25.000000,925.406663
20.000000,25.000000,977.690742
21.000000,25.000000,1031.274908
22.000000,25.000000,1086.159159
23.000000,25.000000,1142.343497
24.000000,25.000000,1199.827920
25.000000,25.000000,1263.831682
26.000000,25.000000,1329.826816
27.000000,25.000000,1397.200853
28.000000,25.000000,1465.953792
29.000000,25.000000,1540.693261
30.000000,25.000000,1625.039855
31.000000,25.000000,1711.030945
32.000000,25.000000,1798.896430
33.000000,25.000000,1901.308003
34.000000,25.000000,2005.649374
35.000000,25.000000,2118.026405
36.000000,25.000000,2244.290102
18.000000,25.500000,879.487953
19.000000,25.500000,930.687874
20.000000,25.500000,983.191840
21.000000,25.500000,1036.999854
22.000000,25.500000,1092.111914
23.000000,25.500000,1148.528022
24.000000,25.500000,1206.541754
25.000000,25.500000,1271.038574
26.000000,25.500000,1337.222710
27.000000,25.500000,1404.787587
28.000000,25.500000,1473.733207
29.000000,25.500000,1550.007947
30.000000,25.500000,1634.556418
31.000000,25.500000,1720.749892
32.000000,25.500000,1810.225129
33.000000,25.500000,1912.926779
34.000000,25.500000,2017.560814
35.000000,25.500000,2132.066234
36.000000,25.500000,2258.462323
18.000000,26.000000,884.567205
19.000000,26.000000,935.983470
20.000000,26.000000,988.707749
21.000000,26.000000,1042.740041
22.000000,26.000000,1098.080348
23.000000,26.000000,1154.728667
24.000000,26.000000,1213.273023
25.000000,26.000000,1278.263768
26.000000,26.000000,1344.637096
27.000000,26.000000,1412.393008
28.000000,26.000000,1481.531503
29.000000,26.000000,1559.345829
30.000000,26.000000,1644.096228
31.000000,26.000000,1730.492137
32.000000,26.000000,1821.581613
33.000000,26.000000,1924.573639
34.000000,26.000000,2029.500640
35.000000,26.000000,2146.140903
36.000000,26.000000,2272.668770
18.000000,26.500000,889.761711
19.000000,26.500000,941.379832
20.000000,26.500000,994.309233
21.000000,26.500000,1048.549913
22.000000,26.500000,1104.101874
23.000000,26.500000,1160.965114
24.000000,26.500000,1220.310135
25.000000,26.500000,1285.510766
26.000000,26.500000,1352.096420
27.000000,26.500000,1420.067097
28.000000,26.500000,1489.422798
29.000000,26.500000,1568.827173
30.000000,26.500000,1653.834132
31.000000,26.500000,1740.489107
32.000000,26.500000,1833.237534
33.000000,26.500000,1936.404498
34.000000,26.500000,2041.504406
35.000000,26.500000,2160.162223
36.000000,26.500000,2286.820272
18.000000,27.000000,894.970731
19.000000,27.000000,946.791052
20.000000,27.000000,999.925924
21.000000,27.000000,1054.375345
22.000000,27.000000,1110.139316
23.000000,27.000000,1167.217836
24.000000,27.000000,1227.365418
25.000000,27.000000,1292.776207
26.000000,27.000000,1359.574461
27.000000,27.000000,1427.760179
28.000000,27.000000,1497.333363
29.000000,27.000000,1578.332323
30.000000,27.000000,1663.596137
31.000000,27.000000,1750.510474
32.000000,27.000000,1844.922555
33.000000,27.000000,1948.264193
34.000000,27.000000,2053.536748
35.000000,27.000000,2174.218037
36.000000,27.000000,2301.005659
18.000000,27.500000,900.292369
19.000000,27.500000,952.300242
20.000000,27.500000,1005.625455
21.000000,27.500000,1060.268009
22.000000,27.500000,1116.227903
23.000000,27.500000,1173.505138
24.000000,27.500000,1234.433544
25.000000,27.500000,1300.062191
26.000000,27.500000,1367.080171
27.000000,27.500000,1435.487483
28.000000,27.500000,1505.322324
29.000000,27.500000,1587.889089
30.000000,27.500000,1673.418591
31.000000,27.500000,1760.601602
32.000000,27.500000,1856.678296
33.000000,27.500000,1960.264881
34.000000,27.500000,2065.798254
35.000000,27.500000,2188.401112
36.000000,27.500000,2315.229489
18.000000,28.000000,905.629077
19.000000,28.000000,957.824782
20.000000,28.000000,1011.340620
21.000000,28.000000,1066.176593
22.000000,28.000000,1122.332699
23.000000,28.000000,1179.808938
24.000000,28.000000,1241.520107
25.000000,28.000000,1307.366850
26.000000,28.000000,1374.604795
27.000000,28.000000,1443.233941
28.000000,28.000000,1513.330810
29.000000,28.000000,1597.469852
30.000000,28.000000,1683.265390
31.000000,28.000000,1770.717424
32.000000,28.000000,1868.463480
33.000000,28.000000,1972.295091
34.000000,28.000000,2078.089413
35.000000,28.000000,2202.619312
36.000000,28.000000,2329.487352
18.000000,28.500000,911.072421
19.000000,28.500000,963.445061
20.000000,28.500000,1017.140003
21.000000,28.500000,1072.157247
22.000000,28.500000,1128.496793
23.000000,28.500000,1186.158641
24.000000,28.500000,1248.685157
25.000000,28.500000,1314.799843
26.000000,28.500000,1382.309544
27.000000,28.500000,1451.214260
28.000000,28.500000,1522.955297
29.000000,28.500000,1607.286523
30.000000,28.500000,1693.274432
31.000000,28.500000,1780.919021
32.000000,28.500000,1880.369679
33.000000,28.500000,1984.522780
34.000000,28.500000,2092.471305
35.000000,28.500000,2217.162834
18.000000,29.000000,916.531357
19.000000,29.000000,969.081148
20.000000,29.000000,1022.955409
21.000000,29.000000,1078.154141
22.000000,29.000000,1134.677345
23.000000,29.000000,1192.525019
24.000000,29.000000,1255.868965
25.000000,29.000000,1322.252066
26.000000,29.000000,1390.034001
27.000000,29.000000,1459.214770
28.000000,29.000000,1532.604866
29.000000,29.000000,1617.128278
30.000000,29.000000,1703.308555
31.000000,29.000000,1791.145699
32.000000,29.000000,1892.305922
33.000000,29.000000,1996.780962
34.000000,29.000000,2106.890556
35.000000,29.000000,2231.743168
18.000000,29.500000,921.993013
19.000000,29.500000,974.734394
20.000000,29.500000,1028.802862
21.000000,29.500000,1084.198416
22.000000,29.500000,1140.921057
23.000000,29.500000,1198.970785
24.000000,29.500000,1263.165771
25.000000,29.500000,1329.817658
26.000000,29.500000,1397.872245
27.000000,29.500000,1467.329532
28.000000,29.500000,1542.324174
29.000000,29.500000,1627.041611
30.000000,29.500000,1713.416322
31.000000,29.500000,1802.197324
32.000000,29.500000,1904.336032
33.000000,29.500000,2009.105163
34.000000,29.500000,2121.266491
35.000000,29.500000,2246.278682
18.000000,30.000000,927.470297
19.000000,30.000000,980.403543
20.000000,30.000000,1034.666493
21.000000,30.000000,1090.259147
22.000000,30.000000,1147.181505
23.000000,30.000000,1205.433567
24.000000,30.000000,1270.481816
25.000000,30.000000,1337.402968
26.000000,30.000000,1405.730691
27.000000,30.000000,1475.464984
28.000000,30.000000,1552.068943
29.000000,30.000000,1636.980424
30.000000,30.000000,1723.549588
31.000000,30.000000,1813.276988
32.000000,30.000000,1916.396672
33.000000,30.000000,2021.460121
34.000000,30.000000,2135.679460
35.000000,30.000000,2260.850685
18.000000,30.500000,932.985263
19.000000,30.500000,986.136080
20.000000,30.500000,1040.620246
21.000000,30.500000,1096.437761
22.000000,30.500000,1153.588626
23.000000,30.500000,1212.454363
24.000000,30.500000,1277.971898
25.000000,30.500000,1345.132046
26.000000,30.500000,1413.701347
27.000000,30.500000,1483.679801
28.000000,30.500000,1561.834942
29.000000,30.500000,1646.948992
30.000000,30.500000,1733.721520
31.000000,30.500000,1825.116390
32.000000,30.500000,1928.514208
33.000000,30.500000,2033.856297
34.000000,30.500000,2150.048675
35.000000,30.500000,2275.377438
17.000000,31.000000,886.484265
18.000000,31.000000,938.516052
19.000000,31.000000,991.884838
20.000000,31.000000,1046.590623
21.000000,31.000000,1102.633407
22.000000,31.000000,1160.013190
23.000000,31.000000,1219.494288
24.000000,31.000000,1285.482020
25.000000,31.000000,1352.881489
26.000000,31.000000,1421.692695
27.000000,31.000000,1491.915640
28.000000,31.000000,1571.626537
29.000000,31.000000,1656.943219
30.000000,31.000000,1743.919172
31.000000,31.000000,1836.986456
32.000000,31.000000,1940.662494
33.000000,31.000000,2046.283310
34.000000,31.000000,2164.454599
35.000000,31.000000,2289.940357
17.000000,31.500000,891.829146
18.000000,31.500000,944.096399
19.000000,31.500000,997.705048
20.000000,31.500000,1052.655093
21.000000,31.500000,1108.946535
22.000000,31.500000,1166.579374
23.000000,31.500000,1226.924111
24.000000,31.500000,1293.122973
25.000000,31.500000,1360.735141
26.000000,31.500000,1429.760616
27.000000,31.500000,1500.199398
28.000000,31.500000,1581.439821
29.000000,31.500000,1666.974178
30.000000,31.500000,1754.169012
31.000000,31.500000,1848.970010
32.000000,31.500000,1952.982468
33.000000,31.500000,2058.942412
34.000000,31.500000,2178.978422
35.000000,31.500000,2304.533624
17.000000,32.000000,897.189628
18.000000,32.000000,949.692837
19.000000,32.000000,1003.541847
20.000000,32.000000,1058.736658
21.000000,32.000000,1115.277271
22.000000,32.000000,1173.163686
23.000000,32.000000,1234.374377
24.000000,32.000000,1300.784565
25.000000,32.000000,1368.609629
26.000000,32.000000,1437.849569
27.000000,32.000000,1508.504385
28.000000,32.000000,1591.278868
29.000000,32.000000,1677.031017
30.000000,32.000000,1764.444850
31.000000,32.000000,1860.984764
32.000000,32.000000,1965.334009
33.000000,32.000000,2071.633451
34.000000,32.000000,2193.539550
35.000000,32.000000,2319.163154
17.000000,32.500000,902.675586
18.000000,32.500000,955.403967
19.000000,32.500000,1009.481907
20.000000,32.500000,1064.909407
21.000000,32.500000,1121.686467
22.000000,32.500000,1179.813087
23.000000,32.500000,1241.857959
24.000000,32.500000,1308.479713
25.000000,32.500000,1376.518164
26.000000,32.500000,1445.973311
27.000000,32.500000,1517.488233
28.000000,32.500000,1601.145622
29.000000,32.500000,1687.124790
30.000000,32.500000,1774.766659
31.000000,32.500000,1873.122754
32.000000,32.500000,1977.858261
33.000000,32.500000,2085.511250
34.000000,32.500000,2208.231445
35.000000,32.500000,2333.955645
17.000000,33.000000,908.177771
18.000000,33.000000,961.131747
19.000000,33.000000,1015.439047
20.000000,33.000000,1071.099669
21.000000,33.000000,1128.113615
22.000000,33.000000,1186.480884
23.000000,33.000000,1249.362112
24.000000,33.000000,1316.195648
25.000000,33.000000,1384.447701
26.000000,33.000000,1454.118271
27.000000,33.000000,1526.495799
28.000000,33.000000,1611.038378
29.000000,33.000000,1697.244676
30.000000,33.000000,1785.114695
31.000000,33.000000,1885.292538
32.000000,33.000000,1990.414946
33.000000,33.000000,2099.425549
34.000000,33.000000,2222.961650
35.000000,33.000000,2348.785712
17.000000,33.500000,913.783943
18.000000,33.500000,966.963394
19.000000,33.500000,1021.499840
20.000000,33.500000,1077.393283
21.000000,33.500000,1134.643722
22.000000,33.500000,1193.251158
23.000000,33.500000,1256.947740
24.000000,33.500000,1323.984157
25.000000,33.500000,1392.440723
26.000000,33.500000,1462.317440
27.000000,33.500000,1536.203651
28.000000,33.500000,1620.987693
29.000000,33.500000,1707.437087
30.000000,33.500000,1795.559028
31.000000,33.500000,1897.580656
32.000000,33.500000,2003.059758
33.000000,33.500000,2113.967838
34.000000,33.500000,2237.606541
17.000000,34.000000,919.406847
18.000000,34.000000,972.812188
19.000000,34.000000,1027.578203
20.000000,34.000000,1083.704893
21.000000,34.000000,1141.192256
22.000000,34.000000,1200.040294
23.000000,34.000000,1264.554312
24.000000,34.000000,1331.793791
25.000000,34.000000,1400.455053
26.000000,34.000000,1470.538098
27.000000,34.000000,1545.937689
28.000000,34.000000,1630.963382
29.000000,34.000000,1717.656060
30.000000,34.000000,1806.030137
31.000000,34.000000,1909.901189
32.000000,34.000000,2015.737366
33.000000,34.000000,2128.548714
34.000000,34.000000,2252.289286
17.000000,34.500000,925.066608
18.000000,34.500000,978.744966
19.000000,34.500000,1033.789623
20.000000,34.500000,1090.200577
21.000000,34.500000,1147.977829
22.000000,34.500000,1207.121378
23.000000,34.500000,1272.397945
24.000000,34.500000,1339.780960
25.000000,34.500000,1408.584849
26.000000,34.500000,1478.809610
27.000000,34.500000,1555.690336
28.000000,34.500000,1640.956320
29.000000,34.500000,1727.890777
30.000000,34.500000,1818.040504
31.000000,34.500000,1922.269170
32.000000,34.500000,2028.465375
33.000000,34.500000,2143.045621
34.000000,34.500000,2266.885886
17.000000,35.000000,930.743311
18.000000,35.000000,984.695351
19.000000,35.000000,1040.019323
20.000000,35.000000,1096.715228
21.000000,35.000000,1154.783064
22.000000,35.000000,1214.222833
23.000000,35.000000,1280.263695
24.000000,35.000000,1347.790104
25.000000,35.000000,1416.736476
26.000000,35.000000,1487.102809
27.000000,35.000000,1565.469225
28.000000,35.000000,1650.975671
29.000000,35.000000,1738.152079
30.000000,35.000000,1830.082996
31.000000,35.000000,1934.669648
32.000000,35.000000,2041.226253
33.000000,35.000000,2157.580659
34.000000,35.000000,2281.519884
17.000000,35.500000,936.455122
18.000000,35.500000,990.695671
19.000000,35.500000,1046.314103
20.000000,35.500000,1103.310418
21.000000,35.500000,1161.684616
22.000000,35.500000,1221.950046
23.000000,35.500000,1288.158710
24.000000,35.500000,1355.819328
25.000000,35.500000,1424.899076
26.000000,35.500000,1495.397953
27.000000,35.500000,1575.287339
28.000000,35.500000,1661.056277
29.000000,35.500000,1748.497039
30.000000,35.500000,1842.280854
31.000000,35.500000,1947.266418
32.000000,35.500000,2054.225702
33.000000,35.500000,2172.174922
34.000000,35.500000,2296.122374
16.000000,36.000000,889.038115
17.000000,36.000000,942.184056
18.000000,36.000000,996.713842
19.000000,36.000000,1052.627473
20.000000,36.000000,1109.924948
21.000000,36.000000,1168.606269
22.000000,36.000000,1229.699571
23.000000,36.000000,1296.075945
24.000000,36.000000,1363.870615
25.000000,36.000000,1433.083579
26.000000,36.000000,1503.714838
27.000000,36.000000,1585.132013
28.000000,36.000000,1671.163682
29.000000,36.000000,1758.869038
30.000000,36.000000,1854.511603
31.000000,36.000000,1959.896636
32.000000,36.000000,2067.259159
33.000000,36.000000,2186.807703
34.000000,36.000000,2310.762119
16.000000,36.500000,894.542666
17.000000,36.500000,947.981241
18.000000,36.500000,1002.809842
19.000000,36.500000,1059.028471
20.000000,36.500000,1116.637127
21.000000,36.500000,1175.635809
22.000000,36.500000,1237.515367
23.000000,36.500000,1304.025388
24.000000,36.500000,1371.952972
25.000000,36.500000,1441.298119
26.000000,36.500000,1512.060830
27.000000,36.500000,1595.064165
28.000000,36.500000,1681.371318
29.000000,36.500000,1769.354484
30.000000,36.500000,1866.942308
31.000000,36.500000,1972.773353
32.000000,36.500000,2080.925352
33.000000,36.500000,2201.697173
34.000000,36.500000,2325.795364
16.000000,37.000000,900.063897
17.000000,37.000000,953.795865
18.000000,37.000000,1008.924053
19.000000,37.000000,1065.448461
20.000000,37.000000,1123.369089
21.000000,37.000000,1182.685937
22.000000,37.000000,1245.353643
23.000000,37.000000,1311.997159
24.000000,37.000000,1380.057503
25.000000,37.000000,1449.534675
26.000000,37.000000,1520.428677
27.000000,37.000000,1605.023281
28.000000,37.000000,1691.606216
29.000000,37.000000,1779.867491
30.000000,37.000000,1879.406842
31.000000,37.000000,1985.684693
32.000000,37.000000,2094.628194
33.000000,37.000000,2216.626629
34.000000,37.000000,2340.868021
16.000000,37.500000,905.745936
17.000000,37.500000,959.701716
18.000000,37.500000,1015.057004
19.000000,37.500000,1071.811800
20.000000,37.500000,1129.966103
21.000000,37.500000,1189.519914
22.000000,37.500000,1252.894282
23.000000,37.500000,1319.783509
24.000000,37.500000,1388.091946
25.000000,37.500000,1457.819591
26.000000,37.500000,1530.178249
27.000000,37.500000,1615.193625
28.000000,37.500000,1702.044541
29.000000,37.500000,1790.575734
30.000000,37.500000,1892.085928
31.000000,37.500000,1998.742582
32.000000,37.500000,2109.348599
33.000000,37.500000,2231.491911
16.000000,38.000000,911.445513
17.000000,38.000000,965.625483
18.000000,38.000000,1021.208252
19.000000,38.000000,1078.193821
20.000000,38.000000,1136.582188
21.000000,38.000000,1196.373355
22.000000,38.000000,1260.456235
23.000000,38.000000,1327.591502
24.000000,38.000000,1396.148361
25.000000,38.000000,1466.126811
26.000000,38.000000,1539.954987
27.000000,38.000000,1625.391921
28.000000,38.000000,1712.511069
29.000000,38.000000,1801.312428
30.000000,38.000000,1904.799773
31.000000,38.000000,2011.835647
32.000000,38.000000,2124.109189
33.000000,38.000000,2246.396806
16.000000,38.500000,917.206897
17.000000,38.500000,971.606634
18.000000,38.500000,1027.411777
19.000000,38.500000,1084.622323
20.000000,38.500000,1143.238275
21.000000,38.500000,1203.259631
22.000000,38.500000,1268.062359
23.000000,38.500000,1335.458987
24.000000,38.500000,1404.280634
25.000000,38.500000,1474.527300
26.000000,38.500000,1549.978443
27.000000,38.500000,1635.649868
28.000000,38.500000,1723.004206
29.000000,38.500000,1812.894212
30.000000,38.500000,1917.550658
31.000000,38.500000,2024.982634
16.000000,39.000000,922.986126
17.000000,39.000000,977.605959
18.000000,39.000000,1033.633803
19.000000,39.000000,1091.069660
20.000000,39.000000,1149.913529
21.000000,39.000000,1210.165411
22.000000,39.000000,1275.689830
23.000000,39.000000,1343.348252
24.000000,39.000000,1412.435126
25.000000,39.000000,1482.950451
26.000000,39.000000,1560.029988
27.000000,39.000000,1645.935987
28.000000,39.000000,1733.525598
29.000000,39.000000,1824.507489
30.000000,39.000000,1930.336316
31.000000,39.000000,2038.164871
16.000000,39.500000,928.832453
17.000000,39.500000,983.672064
18.000000,39.500000,1039.922195
19.000000,39.500000,1097.582844
20.000000,39.500000,1156.654012
21.000000,39.500000,1217.257110
22.000000,39.500000,1283.411795
23.000000,39.500000,1351.352435
24.000000,39.500000,1420.725756
25.000000,39.500000,1491.531757
26.000000,39.500000,1570.252793
27.000000,39.500000,1656.421324
28.000000,39.500000,1744.275183
29.000000,39.500000,1837.243261
30.000000,39.500000,1943.486428
31.000000,39.500000,2051.732539
16.000000,40.000000,934.696922
17.000000,40.000000,989.756631
18.000000,40.000000,1046.229367
19.000000,40.000000,1104.115131
20.000000,40.000000,1163.413922
21.000000,40.000000,1224.369031
22.000000,40.000000,1291.155512
23.000000,40.000000,1359.378908
24.000000,40.000000,1429.039220
25.000000,40.000000,1500.136447
26.000000,40.000000,1580.504494
27.000000,40.000000,1666.935775
28.000000,40.000000,1755.054098
29.000000,40.000000,1850.014927
30.000000,40.000000,1956.672968
31.000000,40.000000,2065.337168
16.000000,40.500000,940.481881
17.000000,40.500000,995.810583
18.000000,40.500000,1052.556632
19.000000,40.500000,1110.720026
20.000000,40.500000,1170.300767
21.000000,40.500000,1232.021308
22.000000,40.500000,1299.060987
23.000000,40.500000,1367.540879
24.000000,40.500000,1437.460985
25.000000,40.500000,1508.821304
26.000000,40.500000,1590.821303
27.000000,40.500000,1677.540463
28.000000,40.500000,1765.949015
29.000000,40.500000,1863.009161
30.000000,40.500000,1970.143853
15.000000,41.000000,892.107905
16.000000,41.000000,946.284523
17.000000,41.000000,1001.882808
18.000000,41.000000,1058.902760
19.000000,41.000000,1117.344380
20.000000,41.000000,1177.207668
21.000000,41.000000,1239.695733
22.000000,41.000000,1306.989013
23.000000,41.000000,1375.725808
24.000000,41.000000,1445.906118
25.000000,41.000000,1517.529943
26.000000,41.000000,1601.167398
27.000000,41.000000,1688.174754
28.000000,41.000000,1776.873855
29.000000,41.000000,1876.040372
30.000000,41.000000,1983.652545
15.000000,41.500000,897.650830
16.000000,41.500000,952.130497
17.000000,41.500000,1008.037586
18.000000,41.500000,1065.372098
19.000000,41.500000,1124.134033
20.000000,41.500000,1184.323390
21.000000,41.500000,1247.579255
22.000000,41.500000,1315.090121
23.000000,41.500000,1384.046394
24.000000,41.500000,1454.448073
25.000000,41.500000,1526.803934
26.000000,41.500000,1611.565345
27.000000,41.500000,1698.861111
28.000000,41.500000,1787.850569
29.000000,41.500000,1889.181080
30.000000,41.500000,1997.264493
15.000000,42.000000,903.210838
16.000000,42.000000,957.994356
17.000000,42.000000,1014.211056
18.000000,42.000000,1071.860938
19.000000,42.000000,1130.944002
20.000000,42.000000,1191.460249
21.000000,42.000000,1255.485998
22.000000,42.000000,1323.214660
23.000000,42.000000,1392.390622
24.000000,42.000000,1463.013882
25.000000,42.000000,1536.104051
26.000000,42.000000,1621.992869
27.000000,42.000000,1709.577328
28.000000,42.000000,1798.857427
29.000000,42.000000,1902.359181
30.000000,42.000000,2010.914583
15.000000,42.500000,908.851364
16.000000,42.500000,963.939065
17.000000,42.500000,1020.465616
18.000000,42.500000,1078.431017
19.000000,42.500000,1137.835268
20.000000,42.500000,1198.678368
21.000000,42.500000,1263.418817
22.000000,42.500000,1331.363676
23.000000,42.500000,1400.757794
24.000000,42.500000,1471.601173
25.000000,42.500000,1546.271470
26.000000,42.500000,1632.446503
27.000000,42.500000,1720.318483
28.000000,42.500000,1810.136679
29.000000,42.500000,1915.622166
30.000000,42.500000,2024.654717
15.000000,43.000000,914.509352
16.000000,43.000000,969.902033
17.000000,43.000000,1026.739235
18.000000,43.000000,1085.020958
19.000000,43.000000,1144.747203
20.000000,43.000000,1205.917968
21.000000,43.000000,1271.374963
22.000000,43.000000,1339.536225
23.000000,43.000000,1409.148709
24.000000,43.000000,1480.212415
25.000000,43.000000,1556.468343
26.000000,43.000000,1642.929820
27.000000,43.000000,1731.089551
28.000000,43.000000,1821.447042
29.000000,43.000000,1928.922748
30.000000,43.000000,2038.433208
15.000000,43.500000,920.478262
16.000000,43.500000,976.134746
17.000000,43.500000,1033.239398
18.000000,43.500000,1091.792218
19.000000,43.500000,1151.793205
20.000000,43.500000,1213.242360
21.000000,43.500000,1279.355894
22.000000,43.500000,1347.731864
23.000000,43.500000,1417.560900
24.000000,43.500000,1488.843002
25.000000,43.500000,1566.715607
26.000000,43.500000,1653.508033
27.000000,43.500000,1742.002351
28.000000,43.500000,1834.531225
29.000000,43.500000,1942.479024
30.000000,43.500000,2052.465017
15.000000,44.000000,926.466365
16.000000,44.000000,982.387180
17.000000,44.000000,1039.759810
18.000000,44.000000,1098.584256
19.000000,44.000000,1158.860517
20.000000,44.000000,1220.588593
21.000000,44.000000,1287.360238
22.000000,44.000000,1355.951109
23.000000,44.000000,1425.996890
24.000000,44.000000,1497.497581
25.000000,44.000000,1576.992524
26.000000,44.000000,1664.116409
27.000000,44.000000,1752.945829
28.000000,44.000000,1847.653683
29.000000,44.000000,1956.074239
30.000000,44.000000,2066.536425
15.000000,44.500000,932.711024
16.000000,44.500000,988.848262
17.000000,44.500000,1046.439033
18.000000,44.500000,1105.483336
19.000000,44.500000,1165.981171
20.000000,44.500000,1228.163649
21.000000,44.500000,1295.346862
22.000000,44.500000,1364.169547
23.000000,44.500000,1434.449284
24.000000,44.500000,1506.186075
25.000000,44.500000,1587.341583
26.000000,44.500000,1674.809515
27.000000,44.500000,1763.986307
28.000000,44.500000,1860.927000
29.000000,44.500000,1969.833017
30.000000,44.500000,2080.785307
15.000000,45.000000,938.976320
16.000000,45.000000,995.330214
17.000000,45.000000,1053.139358
18.000000,45.000000,1112.403752
19.000000,45.000000,1173.123396
20.000000,45.000000,1235.761405
21.000000,45.000000,1303.356958
22.000000,45.000000,1372.411708
23.000000,45.000000,1442.925656
24.000000,45.000000,1514.898800
25.000000,45.000000,1597.720818
26.000000,45.000000,1685.533312
27.000000,45.000000,1775.057995
28.000000,45.000000,1874.239358
29.000000,45.000000,1983.631638
30.000000,45.000000,2095.074834
15.000000,45.500000,945.329988
16.000000,45.500000,1001.895405
17.000000,45.500000,1059.917553
18.000000,45.500000,1119.396430
19.000000,45.500000,1180.332036
20.000000,45.500000,1243.603782
21.000000,45.500000,1311.425063
22.000000,45.500000,1380.707645
23.000000,45.500000,1451.451527
24.000000,45.500000,1523.656709
25.000000,45.500000,1608.168939
26.000000,45.500000,1696.320908
27.000000,45.500000,1786.187847
28.000000,45.500000,1887.639591
29.000000,45.500000,1997.511130
15.000000,46.000000,951.704706
16.000000,46.000000,1008.481843
17.000000,46.000000,1066.717190
18.000000,46.000000,1126.410746
19.000000,46.000000,1187.562512
20.000000,46.000000,1251.469633
21.000000,46.000000,1319.516874
22.000000,46.000000,1389.027521
23.000000,46.000000,1460.001572
24.000000,46.000000,1532.439029
25.000000,46.000000,1618.647521
26.000000,46.000000,1707.139427
27.000000,46.000000,1797.349085
28.000000,46.000000,1901.079114
29.000000,46.000000,2011.430664
15.000000,46.500000,957.968646
16.000000,46.500000,1015.005939
17.000000,46.500000,1073.504791
18.000000,46.500000,1133.465200
19.000000,46.500000,1194.887167
20.000000,46.500000,1259.453082
21.000000,46.500000,1327.711048
22.000000,46.500000,1397.433890
23.000000,46.500000,1468.621607
24.000000,46.500000,1542.383568
25.000000,46.500000,1629.200386
26.000000,46.500000,1718.020417
27.000000,46.500000,1808.560284
28.000000,46.500000,1914.597307
29.000000,46.500000,2025.422464
14.000000,47.000000,908.419896
15.000000,47.000000,964.252921
16.000000,47.000000,1021.550854
17.000000,47.000000,1080.313695
18.000000,47.000000,1140.541445
19.000000,47.000000,1202.234103
20.000000,47.000000,1267.460578
21.000000,47.000000,1335.929412
22.000000,47.000000,1405.864591
23.000000,47.000000,1477.266116
24.000000,47.000000,1552.357365
25.000000,47.000000,1639.783987
26.000000,47.000000,1728.932524
27.000000,47.000000,1819.802977
28.000000,47.000000,1928.154979
29.000000,47.000000,2039.454454
14.000000,47.500000,914.109345
15.000000,47.500000,970.264179
16.000000,47.500000,1027.890417
17.000000,47.500000,1086.988061
18.000000,47.500000,1147.557111
19.000000,47.500000,1209.597565
20.000000,47.500000,1275.478532
21.000000,47.500000,1344.168102
22.000000,47.500000,1414.325509
23.000000,47.500000,1485.950754
24.000000,47.500000,1562.710325
25.000000,47.500000,1650.505873
26.000000,47.500000,1740.027912
27.000000,47.500000,1832.726754
28.000000,47.500000,1941.944948
29.000000,47.500000,2053.672158
14.000000,48.000000,919.816512
15.000000,48.000000,976.294051
16.000000,48.000000,1034.249502
17.000000,48.000000,1093.682864
18.000000,48.000000,1154.594137
19.000000,48.000000,1216.983322
20.000000,48.000000,1283.520604
21.000000,48.000000,1352.431080
22.000000,48.000000,1422.810887
23.000000,48.000000,1494.660023
24.000000,48.000000,1573.094076
25.000000,48.000000,1661.259221
26.000000,48.000000,1751.155438
27.000000,48.000000,1845.689225
28.000000,48.000000,1955.775696
29.000000,48.000000,2067.930970
14.000000,48.500000,925.642973
15.000000,48.500000,982.439979
16.000000,48.500000,1040.721228
17.000000,48.500000,1100.486720
18.000000,48.500000,1161.736456
19.000000,48.500000,1224.470436
20.000000,48.500000,1291.651048
21.000000,48.500000,1360.832061
22.000000,48.500000,1431.485839
23.000000,48.500000,1503.612383
24.000000,48.500000,1583.783228
25.000000,48.500000,1672.242261
26.000000,48.500000,1762.433765
27.000000,48.500000,1859.269358
28.000000,48.500000,1969.966740
29.000000,48.500000,2082.739879
14.000000,49.000000,931.487765
15.000000,49.000000,988.605106
16.000000,49.000000,1047.213031
17.000000,49.000000,1107.311542
18.000000,49.000000,1168.900638
19.000000,49.000000,1231.980319
20.000000,49.000000,1299.806049
21.000000,49.000000,1369.258035
22.000000,49.000000,1440.186226
23.000000,49.000000,1512.590622
24.000000,49.000000,1594.504776
25.000000,49.000000,1683.257928
26.000000,49.000000,1773.744952
27.000000,49.000000,1872.890665
28.000000,49.000000,1984.200242
29.000000,49.000000,2097.592526
14.000000,49.500000,937.515261
15.000000,49.500000,994.915462
16.000000,49.500000,1053.810841
17.000000,49.500000,1114.201396
18.000000,49.500000,1176.087129
19.000000,49.500000,1239.736369
20.000000,49.500000,1307.924743
21.000000,49.500000,1377.668249
22.000000,49.500000,1448.891748
23.000000,49.500000,1521.595240
24.000000,49.500000,1605.235479
25.000000,49.500000,1694.278531
26.000000,49.500000,1785.056536
27.000000,49.500000,1886.633922
28.000000,49.500000,1998.577970
14.000000,50.000000,943.562102
15.000000,50.000000,1001.245795
16.000000,50.000000,1060.429263
17.000000,50.000000,1121.112506
18.000000,50.000000,1183.295522
19.000000,50.000000,1247.516038
20.000000,50.000000,1316.067800
21.000000,50.000000,1386.103348
22.000000,50.000000,1457.622682
23.000000,50.000000,1530.625803
24.000000,50.000000,1615.998545
25.000000,50.000000,1705.331694
26.000000,50.000000,1796.400877
27.000000,50.000000,1900.418735
28.000000,50.000000,2012.998613
14.000000,50.500000,949.807513
15.000000,50.500000,1007.747542
16.000000,50.500000,1067.190552
17.000000,50.500000,1128.136544
18.000000,50.500000,1190.585517
19.000000,50.500000,1255.446885
20.000000,50.500000,1324.360440
21.000000,50.500000,1394.763045
22.000000,50.500000,1466.654698
23.000000,50.500000,1540.421870
24.000000,50.500000,1627.269638
25.000000,50.500000,1716.970982
26.000000,50.500000,1808.411469
27.000000,50.500000,1914.886603
28.000000,50.500000,2027.778435
14.000000,51.000000,956.073398
15.000000,51.000000,1014.270210
16.000000,51.000000,1073.973213
17.000000,51.000000,1135.182407
18.000000,51.000000,1197.897792
19.000000,51.000000,1263.401945
20.000000,51.000000,1332.678143
21.000000,51.000000,1403.448657
22.000000,51.000000,1475.713486
23.000000,51.000000,1550.247261
24.000000,51.000000,1638.575084
25.000000,51.000000,1728.645160
26.000000,51.000000,1820.457488
27.000000,51.000000,1929.398570
28.000000,51.000000,2042.602444
14.000000,51.500000,962.437772
15.000000,51.500000,1020.901284
16.000000,51.500000,1080.874716
17.000000,51.500000,1142.358066
18.000000,51.500000,1205.351336
19.000000,51.500000,1271.573782
20.000000,51.500000,1341.270619
21.000000,51.500000,1412.468360
22.000000,51.500000,1485.167005
23.000000,51.500000,1561.681382
24.000000,51.500000,1650.407406
25.000000,51.500000,1740.880844
26.000000,51.500000,1834.187782
27.000000,51.500000,1944.292012
28.000000,51.500000,2057.572791
13.000000,52.000000,911.606049
14.000000,52.000000,968.823114
15.000000,52.000000,1027.553830
16.000000,52.000000,1087.798197
17.000000,52.000000,1149.556214
18.000000,52.000000,1212.827883
19.000000,52.000000,1279.770935
20.000000,52.000000,1349.889530
21.000000,52.000000,1421.515618
22.000000,52.000000,1494.649200
23.000000,52.000000,1573.151546
24.000000,52.000000,1662.276555
25.000000,52.000000,1753.154146
26.000000,52.000000,1847.960926
27.000000,52.000000,1959.231489
28.000000,52.000000,2072.588059
13.000000,52.500000,917.584641
14.000000,52.500000,975.103262
15.000000,52.500000,1034.140483
16.000000,52.500000,1094.696305
17.000000,52.500000,1156.770726
18.000000,52.500000,1220.363748
19.000000,52.500000,1288.092752
20.000000,52.500000,1358.637830
21.000000,52.500000,1430.697332
22.000000,52.500000,1504.271259
23.000000,52.500000,1584.715638
24.000000,52.500000,1674.232069
25.000000,52.500000,1765.505053
26.000000,52.500000,1862.698805
27.000000,52.500000,1974.064371
28.000000,52.500000,2087.512705
13.000000,53.000000,923.582740
14.000000,53.000000,981.403655
15.000000,53.000000,1040.748124
16.000000,53.000000,1101.616146
17.000000,53.000000,1164.007721
18.000000,53.000000,1227.922850
19.000000,53.000000,1296.440469
20.000000,53.000000,1367.413181
21.000000,53.000000,1439.907256
22.000000,53.000000,1513.922692
23.000000,53.000000,1596.316372
24.000000,53.000000,1686.224885
25.000000,53.000000,1777.893924
26.000000,53.000000,1877.483252
27.000000,53.000000,1988.943048
28.000000,53.000000,2102.482357
13.000000,53.500000,929.446704
14.000000,53.500000,987.631961
15.000000,53.500000,1047.348052
16.000000,53.500000,1108.594980
17.000000,53.500000,1171.372742
18.000000,53.500000,1235.681340
19.000000,53.500000,1305.001245
20.000000,53.500000,1376.368181
21.000000,53.500000,1449.261703
22.000000,53.500000,1523.681812
23.000000,53.500000,1607.968270
24.000000,53.500000,1698.273772
25.000000,53.500000,1790.343827
26.000000,53.500000,1892.146531
27.000000,53.500000,2003.697235
13.000000,54.000000,935.329225
14.000000,54.000000,993.879964
15.000000,54.000000,1053.968825
16.000000,54.000000,1115.595809
17.000000,54.000000,1178.760914
18.000000,54.000000,1243.464142
19.000000,54.000000,1313.589019
20.000000,54.000000,1385.351115
21.000000,54.000000,1458.645020
22.000000,54.000000,1533.470734
23.000000,54.000000,1619.656944
24.000000,54.000000,1710.360109
25.000000,54.000000,1802.831855
26.000000,54.000000,1906.855796
27.000000,54.000000,2018.496620
13.000000,54.500000,941.339794
14.000000,54.500000,1000.227814
15.000000,54.500000,1060.660154
16.000000,54.500000,1122.636814
17.000000,54.500000,1186.157794
18.000000,54.500000,1251.577125
19.000000,54.500000,1322.172123
20.000000,54.500000,1394.357287
21.000000,54.500000,1468.079817
22.000000,54.500000,1543.443060
23.000000,54.500000,1631.402994
24.000000,54.500000,1722.512833
25.000000,54.500000,1815.395535
26.000000,54.500000,1921.451806
27.000000,54.500000,2033.173925
13.000000,55.000000,947.369611
14.000000,55.000000,1006.595864
15.000000,55.000000,1067.372641
16.000000,55.000000,1129.699940
17.000000,55.000000,1193.577761
18.000000,55.000000,1259.715768
19.000000,55.000000,1330.782145
20.000000,55.000000,1403.391436
21.000000,55.000000,1477.543641
22.000000,55.000000,1553.445919
23.000000,55.000000,1643.185997
24.000000,55.000000,1734.703225
25.000000,55.000000,1827.997603
26.000000,55.000000,1936.093290
27.000000,55.000000,2047.895855
13.000000,55.500000,953.634183
14.000000,55.500000,1013.177386
15.000000,55.500000,1074.275960
16.000000,55.500000,1136.929906
17.000000,55.500000,1201.139222
18.000000,55.500000,1268.049348
19.000000,55.500000,1339.527628
20.000000,55.500000,1412.554735
21.000000,55.500000,1487.130670
22.000000,55.500000,1564.908773
23.000000,55.500000,1655.090267
24.000000,55.500000,1747.053853
25.000000,55.500000,1841.745536
26.000000,55.500000,1950.688692
27.000000,55.500000,2062.512677
13.000000,56.000000,959.919384
14.000000,56.000000,1019.780330
15.000000,56.000000,1081.201496
16.000000,56.000000,1144.182882
17.000000,56.000000,1208.724489
18.000000,56.000000,1276.409436
19.000000,56.000000,1348.300672
20.000000,56.000000,1421.746650
21.000000,56.000000,1496.747369
22.000000,56.000000,1576.408550
23.000000,56.000000,1667.032331
24.000000,56.000000,1759.443146
25.000000,56.000000,1855.536938
26.000000,56.000000,1965.329578
27.000000,56.000000,2077.173680
13.000000,56.500000,966.415765
14.000000,56.500000,1026.567780
15.000000,56.500000,1088.283674
16.000000,56.500000,1151.563447
17.000000,56.500000,1216.407100
18.000000,56.500000,1284.873998
19.000000,56.500000,1357.174468
20.000000,56.500000,1431.034802
21.000000,56.500000,1506.454997
22.000000,56.500000,1587.986763
23.000000,56.500000,1679.077361
24.000000,56.500000,1771.960674
13.000000,57.000000,972.934020
14.000000,57.000000,1033.377705
15.000000,57.000000,1095.388928
16.000000,57.000000,1158.967691
17.000000,57.000000,1224.113993
18.000000,57.000000,1293.365621
19.000000,57.000000,1366.076329
20.000000,57.000000,1440.352014
21.000000,57.000000,1516.192676
22.000000,57.000000,1599.602228
23.000000,57.000000,1691.160636
24.000000,57.000000,1784.517446
13.000000,57.500000,979.579071
14.000000,57.500000,1040.309851
15.000000,57.500000,1102.611718
16.000000,57.500000,1166.484672
17.000000,57.500000,1231.928714
18.000000,57.500000,1301.990283
19.000000,57.500000,1375.096163
20.000000,57.500000,1449.771085
21.000000,57.500000,1526.015048
22.000000,57.500000,1611.297360
23.000000,57.500000,1703.332675
24.000000,57.500000,1797.172219
12.000000,58.000000,926.802891
13.000000,58.000000,986.246688
14.000000,58.000000,1047.265122
15.000000,58.000000,1109.858193
16.000000,58.000000,1174.025902
17.000000,58.000000,1239.768248
18.000000,58.000000,1310.642662
19.000000,58.000000,1384.144602
20.000000,58.000000,1459.219638
21.000000,58.000000,1535.867767
22.000000,58.000000,1623.030020
23.000000,58.000000,1715.543271
24.000000,58.000000,1809.866582
12.000000,58.500000,933.247086
13.000000,58.500000,992.984070
14.000000,58.500000,1054.299232
15.000000,58.500000,1117.192571
16.000000,58.500000,1181.664088
17.000000,58.500000,1247.713784
18.000000,58.500000,1319.426322
19.000000,58.500000,1393.312880
20.000000,58.500000,1468.776167
21.000000,58.500000,1545.816181
22.000000,58.500000,1634.883484
23.000000,58.500000,1727.893414
24.000000,58.500000,1822.719509
12.000000,59.000000,939.713572
13.000000,59.000000,999.744348
14.000000,59.000000,1061.356843
15.000000,59.000000,1124.551056
16.000000,59.000000,1189.326988
17.000000,59.000000,1255.684639
18.000000,59.000000,1328.238292
19.000000,59.000000,1402.510283
20.000000,59.000000,1478.362625
21.000000,59.000000,1555.795315
22.000000,59.000000,1646.775025
23.000000,59.000000,1740.282736
24.000000,59.000000,1835.612718
12.000000,59.500000,946.225224
13.000000,59.500000,1006.566832
14.000000,59.500000,1068.493675
15.000000,59.500000,1132.005753
16.000000,59.500000,1197.103066
17.000000,59.500000,1264.206933
18.000000,59.500000,1337.225381
19.000000,59.500000,1411.898409
20.000000,59.500000,1488.156891
21.000000,59.500000,1567.112115
22.000000,59.500000,1658.976569
23.000000,59.500000,1753.023308
12.000000,60.000000,952.759346
13.000000,60.000000,1013.412493
14.000000,60.000000,1075.654385
15.000000,60.000000,1139.485024
16.000000,60.000000,1204.904409
17.000000,60.000000,1272.757165
18.000000,60.000000,1346.241609
19.000000,60.000000,1421.316614
20.000000,60.000000,1497.982178
21.000000,60.000000,1578.465994
22.000000,60.000000,1671.217955
23.000000,60.000000,1765.804962
12.000000,60.500000,959.441763
13.000000,60.500000,1020.413619
14.000000,60.500000,1082.977520
15.000000,60.500000,1147.133467
16.000000,60.500000,1212.881460
17.000000,60.500000,1281.582793
18.000000,60.500000,1355.436927
19.000000,60.500000,1430.886442
20.000000,60.500000,1507.931338
21.000000,60.500000,1590.322622
22.000000,60.500000,1683.624636
23.000000,60.500000,1778.769093
12.000000,61.000000,966.147496
13.000000,61.000000,1027.438787
14.000000,61.000000,1090.325413
15.000000,61.000000,1154.807376
16.000000,61.000000,1220.884675
17.000000,61.000000,1290.437516
18.000000,61.000000,1364.662146
19.000000,61.000000,1440.486982
20.000000,61.000000,1517.912025
21.000000,61.000000,1602.218488
22.000000,61.000000,1696.071920
23.000000,61.000000,1791.775200
12.000000,61.500000,972.877808
13.000000,61.500000,1034.497596
14.000000,61.500000,1097.716500
15.000000,61.500000,1162.534519
16.000000,61.500000,1228.951655
17.000000,61.500000,1299.372003
18.000000,61.500000,1373.971015
19.000000,61.500000,1450.175106
20.000000,61.500000,1527.984276
21.000000,61.500000,1614.254420
22.000000,61.500000,1708.646180
23.000000,61.500000,1804.894664
12.000000,62.000000,979.631436
13.000000,62.000000,1041.580503
14.000000,62.000000,1105.132457
15.000000,62.000000,1170.287299
16.000000,62.000000,1237.045029
17.000000,62.000000,1308.335915
18.000000,62.000000,1383.310128
19.000000,62.000000,1459.894298
20.000000,62.000000,1538.088426
21.000000,62.000000,1626.330178
22.000000,62.000000,1721.261549
23.000000,62.000000,1818.056526
12.000000,62.500000,986.264245
13.000000,62.500000,1048.584370
14.000000,62.500000,1112.513356
15.000000,62.500000,1178.051203
16.000000,62.500000,1245.197911
17.000000,62.500000,1317.381443
18.000000,62.500000,1392.739572
19.000000,62.500000,1469.713003
20.000000,62.500000,1548.301738
21.000000,62.500000,1638.550470
22.000000,62.500000,1734.007720
23.000000,62.500000,1831.334369
12.000000,63.000000,992.919406
13.000000,63.000000,1055.611656
14.000000,63.000000,1119.918738
15.000000,63.000000,1185.840652
16.000000,63.000000,1253.377398
17.000000,63.000000,1326.456772
18.000000,63.000000,1402.199691
19.000000,63.000000,1479.563267
20.000000,63.000000,1558.547498
21.000000,63.000000,1650.811336
22.000000,63.000000,1746.795625
23.000000,63.000000,1844.655101
12.000000,63.500000,999.749813
13.000000,63.500000,1062.822716
14.000000,63.500000,1127.516934
15.000000,63.500000,1193.832466
16.000000,63.500000,1261.769312
17.000000,63.500000,1335.723333
18.000000,63.500000,1411.833267
19.000000,63.500000,1489.568592
20.000000,63.500000,1569.537828
21.000000,63.500000,1663.230555
22.000000,63.500000,1759.727618
11.000000,64.000000,944.776719
12.000000,64.000000,1006.603581
13.000000,64.000000,1070.058243
14.000000,64.000000,1135.140705
15.000000,64.000000,1201.850966
16.000000,64.000000,1270.189027
17.000000,64.000000,1345.020794
18.000000,64.000000,1421.498512
19.000000,64.000000,1499.606361
20.000000,64.000000,1580.564365
21.000000,64.000000,1675.691264
22.000000,64.000000,1772.702111
11.000000,64.500000,951.394780
12.000000,64.500000,1013.595311
13.000000,64.500000,1077.429864
14.000000,64.500000,1142.898437
15.000000,64.500000,1210.001031
16.000000,64.500000,1279.223027
17.000000,64.500000,1354.421768
18.000000,64.500000,1431.262782
19.000000,64.500000,1509.738146
20.000000,64.500000,1592.673395
21.000000,64.500000,1688.400622
22.000000,64.500000,1786.019594
11.000000,65.000000,958.035897
12.000000,65.000000,1020.611173
13.000000,65.000000,1084.826695
14.000000,65.000000,1150.682460
15.000000,65.000000,1218.178471
16.000000,65.000000,1288.287695
17.000000,65.000000,1363.854154
18.000000,65.000000,1441.059183
19.000000,65.000000,1519.902784
20.000000,65.000000,1604.823570
21.000000,65.000000,1701.152683
22.000000,65.000000,1799.381342
11.000000,65.500000,964.708781
12.000000,65.500000,1027.664734
13.000000,65.500000,1092.266607
14.000000,65.500000,1158.514399
15.000000,65.500000,1226.408112
16.000000,65.500000,1297.394254
17.000000,65.500000,1373.335325
18.000000,65.500000,1450.919526
19.000000,65.500000,1530.146855
20.000000,65.500000,1617.139840
21.000000,65.500000,1714.066900
22.000000,65.500000,1812.901000
11.000000,66.000000,971.404810
12.000000,66.000000,1034.742551
13.000000,66.000000,1099.731881
14.000000,66.000000,1166.372799
15.000000,66.000000,1234.665306
16.000000,66.000000,1306.531595
17.000000,66.000000,1382.848069
18.000000,66.000000,1460.812234
19.000000,66.000000,1540.424091
20.000000,66.000000,1629.497979
21.000000,66.000000,1727.024505
22.000000,66.000000,1826.465564
11.000000,66.500000,978.284161
12.000000,66.500000,1041.994564
13.000000,66.500000,1107.361893
14.000000,66.500000,1174.386150
15.000000,66.500000,1243.067333
16.000000,66.500000,1315.784839
17.000000,66.500000,1392.462468
18.000000,66.500000,1470.791778
19.000000,66.500000,1550.772768
20.000000,66.500000,1641.984832
21.000000,66.500000,1740.111007
22.000000,66.500000,1840.158286
11.000000,67.000000,985.187748
12.000000,67.000000,1049.271840
13.000000,67.000000,1115.018194
14.000000,67.000000,1182.426809
15.000000,67.000000,1251.497685
16.000000,67.000000,1325.069495
17.000000,67.000000,1402.108977
18.000000,67.000000,1480.804132
19.000000,67.000000,1561.154959
20.000000,67.000000,1654.514232
21.000000,67.000000,1753.241506
22.000000,67.000000,1853.896449
11.000000,67.500000,992.233626
12.000000,67.500000,1056.671981
13.000000,67.500000,1122.777245
14.000000,67.500000,1190.549419
15.000000,67.500000,1259.988502
16.000000,67.500000,1334.353317
17.000000,67.500000,1411.714281
18.000000,67.500000,1490.733599
19.000000,67.500000,1571.411270
20.000000,67.500000,1667.013213
21.000000,67.500000,1766.419201
11.000000,68.000000,999.304558
12.000000,68.000000,1064.098059
13.000000,68.000000,1130.563116
14.000000,68.000000,1198.699729
15.000000,68.000000,1268.507899
16.000000,68.000000,1343.668545
17.000000,68.000000,1421.351453
18.000000,68.000000,1500.695397
19.000000,68.000000,1581.700377
20.000000,68.000000,1679.554626
21.000000,68.000000,1779.641089
11.000000,68.500000,1006.429392
12.000000,68.500000,1071.586277
13.000000,68.500000,1138.418933
14.000000,68.500000,1206.927360
15.000000,68.500000,1277.132843
16.000000,68.500000,1353.022263
17.000000,68.500000,1431.006418
18.000000,68.500000,1510.653644
19.000000,68.500000,1593.504261
20.000000,68.500000,1692.161146
21.000000,68.500000,1792.913274
11.000000,69.000000,1013.579509
12.000000,69.000000,1079.100707
13.000000,69.000000,1146.301881
14.000000,69.000000,1215.183034
15.000000,69.000000,1285.786853
16.000000,69.000000,1362.407485
17.000000,69.000000,1440.693225
18.000000,69.000000,1520.644072
19.000000,69.000000,1605.348384
20.000000,69.000000,1704.810374
21.000000,69.000000,1806.229942
11.000000,69.500000,1020.904337
12.000000,69.500000,1086.792020
13.000000,69.500000,1154.363731
14.000000,69.500000,1223.619472
15.000000,69.500000,1295.022793
16.000000,69.500000,1371.928322
17.000000,69.500000,1450.500185
18.000000,69.500000,1530.738383
19.000000,69.500000,1617.560663
20.000000,69.500000,1717.658343
21.000000,69.500000,1819.720953
11.000000,70.000000,1028.255483
12.000000,70.000000,1094.510568
13.000000,70.000000,1162.453724
14.000000,70.000000,1232.084951
15.000000,70.000000,1304.290666
16.000000,70.000000,1381.481318
17.000000,70.000000,1460.339531
18.000000,70.000000,1540.865305
19.000000,70.000000,1629.814826
20.000000,70.000000,1730.549852
21.000000,70.000000,1833.257152
11.000000,70.500000,1035.921498
12.000000,70.500000,1102.656513
13.000000,70.500000,1171.088091
14.000000,70.500000,1241.216231
15.000000,70.500000,1314.358542
16.000000,70.500000,1391.979832
17.000000,70.500000,1471.271695
18.000000,70.500000,1552.234129
19.000000,70.500000,1643.461229
20.000000,70.500000,1744.266144
21.000000,70.500000,1847.039622
10.000000,71.000000,978.104296
11.000000,71.000000,1043.615837
12.000000,71.000000,1110.832431
13.000000,71.000000,1179.754077
14.000000,71.000000,1250.380775
15.000000,71.000000,1324.463029
16.000000,71.000000,1402.515833
17.000000,71.000000,1482.242200
18.000000,71.000000,1563.642128
19.000000,71.000000,1657.156035
20.000000,71.000000,1758.029772
21.000000,71.000000,1860.868338
10.000000,71.500000,985.440800
11.000000,71.500000,1051.464919
12.000000,71.500000,1119.202966
13.000000,71.500000,1188.654940
14.000000,71.500000,1259.820842
15.000000,71.500000,1334.852477
16.000000,71.500000,1413.374154
17.000000,71.500000,1493.573656
18.000000,71.500000,1575.450985
10.000000,72.000000,992.804666
11.000000,72.000000,1059.343277
12.000000,72.000000,1127.604673
13.000000,72.000000,1197.588853
14.000000,72.000000,1269.295818
15.000000,72.000000,1345.280062
16.000000,72.000000,1424.271692
17.000000,72.000000,1504.945394
18.000000,72.000000,1587.301168
10.000000,72.500000,1000.415450
11.000000,72.500000,1067.487701
12.000000,72.500000,1136.291775
13.000000,72.500000,1206.827675
14.000000,72.500000,1279.095399
15.000000,72.500000,1355.962808
16.000000,72.500000,1435.375600
17.000000,72.500000,1516.473183
10.000000,73.000000,1008.055184
11.000000,73.000000,1075.663080
12.000000,73.000000,1145.011817
13.000000,73.000000,1216.101394
14.000000,73.000000,1288.931812
15.000000,73.000000,1366.684988
16.000000,73.000000,1446.519711
17.000000,73.000000,1528.041930
10.000000,73.500000,1015.758445
11.000000,73.500000,1083.955999
12.000000,73.500000,1153.908086
13.000000,73.500000,1225.614705
14.000000,73.500000,1299.266295
15.000000,73.500000,1377.590333
16.000000,73.500000,1457.799814
17.000000,73.500000,1539.697421
10.000000,74.000000,1023.490722
11.000000,74.000000,1092.280313
12.000000,74.000000,1162.838160
13.000000,74.000000,1235.164263
14.000000,74.000000,1309.640142
15.000000,74.000000,1388.536072
16.000000,74.000000,1469.120743
17.000000,74.000000,1551.394156
10.000000,74.500000,1031.447670
11.000000,74.500000,1100.853358
12.000000,74.500000,1172.041824
13.000000,74.500000,1245.013066
14.000000,74.500000,1320.444762
15.000000,74.500000,1399.821681
16.000000,74.500000,1480.890674
17.000000,74.500000,1563.651743
10.000000,75.000000,1039.435062
11.000000,75.000000,1109.459388
12.000000,75.000000,1181.281048
13.000000,75.000000,1254.900042
14.000000,75.000000,1331.290689
15.000000,75.000000,1411.149641
16.000000,75.000000,1492.703972
17.000000,75.000000,1575.953683
10.000000,75.500000,1047.725484
11.000000,75.500000,1118.381277
12.000000,75.500000,1190.846835
13.000000,75.500000,1265.122157
14.000000,75.500000,1342.452632
15.000000,75.500000,1422.886871
16.000000,75.500000,1505.025899
17.000000,75.500000,1588.869715
10.000000,76.000000,1056.048267
11.000000,76.000000,1127.338031
12.000000,76.000000,1200.449978
13.000000,76.000000,1275.384107
14.000000,76.000000,1353.656851
15.000000,76.000000,1434.668181
16.000000,76.000000,1517.393724
17.000000,76.000000,1601.833482
10.000000,76.500000,1064.727599
11.000000,76.500000,1136.640839
12.000000,76.500000,1210.387890
13.000000,76.500000,1285.968751
14.000000,76.500000,1365.129743
15.000000,76.500000,1446.709146
16.000000,76.500000,1530.012035
9.000000,77.000000,1002.747903
10.000000,77.000000,1073.441572
11.000000,77.000000,1145.980667
12.000000,77.000000,1220.365187
13.000000,77.000000,1296.595132
14.000000,77.000000,1376.646407
15.000000,77.000000,1458.795642
16.000000,77.000000,1542.677653
9.000000,77.500000,1011.091094
10.000000,77.500000,1082.403227
11.000000,77.500000,1155.572440
12.000000,77.500000,1230.598731
13.000000,77.500000,1307.578213
14.000000,77.500000,1388.324551
15.000000,77.500000,1470.992995
16.000000,77.500000,1555.400955
9.000000,78.000000,1019.468108
10.000000,78.000000,1091.401110
11.000000,78.000000,1165.202833
12.000000,78.000000,1240.873279
13.000000,78.000000,1318.604730
14.000000,78.000000,1400.047488
15.000000,78.000000,1483.236509
16.000000,78.000000,1568.171794
9.000000,78.500000,1028.106722
10.000000,78.500000,1100.698752
11.000000,78.500000,1175.171885
12.000000,78.500000,1251.526121
13.000000,78.500000,1330.138045
14.000000,78.500000,1412.049613
15.000000,78.500000,1495.712677
16.000000,78.500000,1581.127238
9.000000,79.000000,1036.780891
10.000000,79.000000,1110.034582
11.000000,79.000000,1185.181738
12.000000,79.000000,1262.222360
13.000000,79.000000,1341.716675
14.000000,79.000000,1424.098123
15.000000,79.000000,1508.236303
16.000000,79.000000,1594.131214
9.000000,79.500000,1045.762144
10.000000,79.500000,1119.729962
11.000000,79.500000,1195.605071
12.000000,79.500000,1273.387471
13.000000,79.500000,1353.623071
14.000000,79.500000,1436.378495
15.000000,79.500000,1520.892954
9.000000,80.000000,1054.780957
10.000000,80.000000,1129.465857
11.000000,80.000000,1206.071852
12.000000,80.000000,1284.598941
13.000000,80.000000,1365.576642
14.000000,80.000000,1448.706508
15.000000,80.000000,1533.597712
9.000000,80.500000,1064.134013
10.000000,80.500000,1139.573332
11.000000,80.500000,1216.948308
12.000000,80.500000,1296.258943
13.000000,80.500000,1378.035415
14.000000,80.500000,1461.829372
15.000000,80.500000,1547.395823
9.000000,81.000000,1073.526829
10.000000,81.000000,1149.723724
11.000000,81.000000,1227.870815
12.000000,81.000000,1307.968100
13.000000,81.000000,1390.544361
14.000000,81.000000,1475.004668
15.000000,81.000000,1561.248644
9.000000,81.500000,1083.299775
10.000000,81.500000,1160.263738
11.000000,81.500000,1239.191614
12.000000,81.500000,1320.106993
13.000000,81.500000,1403.374269
14.000000,81.500000,1488.484971
15.000000,81.500000,1575.389383
8.000000,82.000000,1017.358538
9.000000,82.000000,1093.115129
10.000000,82.000000,1170.849307
11.000000,82.000000,1250.561071
12.000000,82.000000,1332.296853
13.000000,82.000000,1416.256283
14.000000,82.000000,1502.019475
15.000000,82.000000,1589.586429
8.000000,82.500000,1026.857792
9.000000,82.500000,1103.385397
10.000000,82.500000,1181.904336
11.000000,82.500000,1262.414611
12.000000,82.500000,1344.931770
13.000000,82.500000,1429.484602
14.000000,82.500000,1515.849489
15.000000,82.500000,1604.026433
8.000000,83.000000,1036.399282
9.000000,83.000000,1113.701123
10.000000,83.000000,1193.008002
11.000000,83.000000,1274.319918
12.000000,83.000000,1357.619101
13.000000,83.000000,1442.767075
14.000000,83.000000,1529.735407
15.000000,83.000000,1618.524097
8.000000,83.500000,1046.393265
9.000000,83.500000,1124.484013
10.000000,83.500000,1204.594567
11.000000,83.500000,1286.724927
12.000000,83.500000,1370.665492
13.000000,83.500000,1456.358099
14.000000,83.500000,1543.877455
8.000000,84.000000,1056.432394
9.000000,84.000000,1135.315336
10.000000,84.000000,1216.232828
11.000000,84.000000,1299.184872
12.000000,84.000000,1383.766436
13.000000,84.000000,1470.005049
14.000000,84.000000,1558.076807
8.000000,84.500000,1066.771187
9.000000,84.500000,1146.544973
10.000000,84.500000,1228.374514
11.000000,84.500000,1312.259812
12.000000,84.500000,1397.726744
13.000000,84.500000,1484.941412
14.000000,84.500000,1574.008400
8.000000,85.000000,1077.156438
9.000000,85.000000,1157.825168
10.000000,85.000000,1240.570917
11.000000,85.000000,1325.393685
12.000000,85.000000,1411.746967
13.000000,85.000000,1499.941812
14.000000,85.000000,1590.008200
8.000000,85.500000,1088.075164
9.000000,85.500000,1169.687290
10.000000,85.500000,1253.398635
11.000000,85.500000,1339.151494
12.000000,85.500000,1426.460498
13.000000,85.500000,1515.644631
14.000000,85.500000,1606.719273
8.000000,86.000000,1099.044103
9.000000,86.000000,1181.604022
10.000000,86.000000,1266.285418
11.000000,86.000000,1352.970185
12.000000,86.000000,1441.238214
13.000000,86.000000,1531.415763
14.000000,86.000000,1623.502832
8.000000,86.500000,1110.631813
9.000000,86.500000,1194.159590
10.000000,86.500000,1279.831671
11.000000,86.500000,1367.442328
12.000000,86.500000,1456.704055
13.000000,86.500000,1547.894094
7.000000,87.000000,1039.941078
8.000000,87.000000,1122.274053
9.000000,87.000000,1206.774225
10.000000,87.000000,1293.441592
11.000000,87.000000,1381.978836
12.000000,87.000000,1472.238395
13.000000,87.000000,1564.445090
7.000000,87.500000,1051.245840
8.000000,87.500000,1134.536732
9.000000,87.500000,1220.017723
10.000000,87.500000,1307.688814
11.000000,87.500000,1397.162414
12.000000,87.500000,1488.443088
13.000000,87.500000,1581.689676
7.000000,88.000000,1062.604981
8.000000,88.000000,1146.858299
9.000000,88.000000,1233.324691
10.000000,88.000000,1322.004156
11.000000,88.000000,1412.414394
12.000000,88.000000,1504.720381
13.000000,88.000000,1599.011088
7.000000,88.500000,1074.490935
8.000000,88.500000,1159.713092
9.000000,88.500000,1247.170343
10.000000,88.500000,1336.850761
11.000000,88.500000,1428.363473
12.000000,88.500000,1521.838364
7.000000,89.000000,1086.435204
8.000000,89.000000,1172.630677
9.000000,89.000000,1261.083317
10.000000,89.000000,1351.767823
11.000000,89.000000,1444.385460
12.000000,89.000000,1539.034464
7.000000,89.500000,1098.899529
8.000000,89.500000,1186.112856
9.000000,89.500000,1275.606115
10.000000,89.500000,1367.372590
11.000000,89.500000,1461.181214
12.000000,89.500000,1557.045335
7.000000,90.000000,1111.425908
8.000000,90.000000,1199.661816
9.000000,90.000000,1290.200469
10.000000,90.000000,1383.049731
11.000000,90.000000,1478.054720
12.000000,90.000000,1575.139399
7.000000,90.500000,1124.604495
8.000000,90.500000,1213.962056
9.000000,90.500000,1305.648700
6.000000,91.000000,1049.720705
7.000000,91.000000,1137.849913
8.000000,91.000000,1228.334614
9.000000,91.000000,1321.174808
6.000000,91.500000,1062.468733
7.000000,91.500000,1151.778030
8.000000,91.500000,1243.470004
6.000000,92.000000,1075.282618
7.000000,92.000000,1165.777821
8.000000,92.000000,1258.682927
6.000000,92.500000,1089.028914
7.000000,92.500000,1180.664209
8.000000,92.500000,1274.731460
6.000000,93.000000,1102.847822
7.000000,93.000000,1195.628247
8.000000,93.000000,1290.862640
6.000000,93.500000,1117.411830
7.000000,93.500000,1211.336773
8.000000,93.500000,1307.736776
6.000000,94.000000,1132.053650
7.000000,94.000000,1227.127987
8.000000,94.000000,1324.698430
6.000000,94.500000,1147.484644
7.000000,94.500000,1243.748989
5.000000,95.000000,1068.080080
6.000000,95.000000,1162.999005
7.000000,95.000000,1260.458474
5.000000,95.500000,1083.107664
6.000000,95.500000,1179.233668
7.000000,95.500000,1277.922295
5.000000,96.000000,1098.218407
6.000000,96.000000,1195.556712
7.000000,96.000000,1295.479663
5.000000,96.500000,1113.920672
6.000000,96.500000,1212.638526
7.000000,96.500000,1313.972890
5.000000,97.000000,1129.708791
6.000000,97.000000,1229.813076
7.000000,97.000000,1332.565808
5.000000,97.500000,1146.361296
6.000000,97.500000,1247.909449
5.000000,98.000000,1163.105457
6.000000,98.000000,1266.104936
5.000000,98.500000,1180.832695
6.000000,98.500000,1285.347477
4.000000,99.000000,1095.413493
5.000000,99.000000,1198.659000
6.000000,99.000000,1304.697027
4.000000,99.500000,1112.765792
5.000000,99.500000,1217.515675
6.000000,99.500000,1325.094228
4.000000,100.000000,1130.217198
5.000000,100.000000,1236.479256
6.000000,100.000000,1345.606256
4.000000,100.500000,1148.628858
5.000000,100.500000,1256.397119
4.000000,101.000000,1167.146930
5.000000,101.000000,1276.429070
4.000000,101.500000,1186.639362
5.000000,101.500000,1297.468174
3.000000,102.000000,1096.868971
4.000000,102.000000,1206.245547
5.000000,102.000000,1318.628880
3.000000,102.500000,1116.080964
4.000000,102.500000,1227.022259
5.000000,102.500000,1341.006629
3.000000,103.000000,1135.407614
4.000000,103.000000,1247.921622
5.000000,103.000000,1363.515135
3.000000,103.500000,1155.875505
4.000000,103.500000,1269.901573
3.000000,104.000000,1176.468002
4.000000,104.000000,1292.012847
3.000000,104.500000,1198.203027
4.000000,104.500000,1315.436055
2.000000,105.000000,1104.347632
3.000000,105.000000,1220.070716
4.000000,105.000000,1338.999955
2.000000,105.500000,1125.622268
3.000000,105.500000,1243.048375
2.000000,106.000000,1147.029148
3.000000,106.000000,1266.166578
