weight_g,780.000000
thrust_N,velocity_m_s,power_W
16.000000,0.000000,9500.359035
17.000000,0.000000,10079.575873
18.000000,0.000000,10675.908123
19.000000,0.000000,11289.355783
16.000000,0.500000,9505.164996
17.000000,0.500000,10084.845363
18.000000,0.500000,10681.659999
19.000000,0.500000,11295.608905
16.000000,1.000000,9509.972072
17.000000,1.000000,10090.116139
18.000000,1.000000,10687.413345
19.000000,1.000000,11301.863688
16.000000,1.500000,9514.824552
17.000000,1.500000,10095.432556
18.000000,1.500000,10693.212502
19.000000,1.500000,11308.164390
16.000000,2.000000,9519.678170
17.000000,2.000000,10100.750284
18.000000,2.000000,10699.013153
19.000000,2.000000,11314.466777
16.000000,2.500000,9524.577141
17.000000,2.500000,10106.113591
18.000000,2.500000,10704.859544
19.000000,2.500000,11320.815000
16.000000,3.000000,9529.477273
17.000000,3.000000,10111.478232
18.000000,3.000000,10710.707452
19.000000,3.000000,11327.164934
16.000000,3.500000,9534.422704
17.000000,3.500000,10116.888388
18.000000,3.500000,10716.601026
19.000000,3.500000,11333.560618
16.000000,4.000000,9539.369320
17.000000,4.000000,10122.299904
18.000000,4.000000,10722.496143
19.000000,4.000000,11339.958039
16.000000,4.500000,9544.361178
17.000000,4.500000,10127.756868
18.000000,4.500000,10728.436849
19.000000,4.500000,11346.401121
16.000000,5.000000,9549.354244
17.000000,5.000000,10133.215215
18.000000,5.000000,10734.379123
19.000000,5.000000,11352.845966
16.000000,5.500000,9554.688305
17.000000,5.500000,10138.933892
18.000000,5.500000,10740.495704
19.000000,5.500000,11359.373742
16.000000,6.000000,9560.023767
17.000000,6.000000,10144.654101
18.000000,6.000000,10746.613954
19.000000,6.000000,11365.903328
16.000000,6.500000,9565.832074
17.000000,6.500000,10151.031928
18.000000,6.500000,10753.584440
19.000000,6.500000,11373.489610
15.000000,7.000000,9003.248250
16.000000,7.000000,9571.642053
17.000000,7.000000,10157.411668
18.000000,7.000000,10760.557094
19.000000,7.000000,11381.078330
15.000000,7.500000,9008.547916
16.000000,7.500000,9577.521232
17.000000,7.500000,10163.895407
18.000000,7.500000,10767.670442
19.000000,7.500000,11388.846336
15.000000,8.000000,9013.849053
16.000000,8.000000,9583.402125
17.000000,8.000000,10170.381123
18.000000,8.000000,10774.786047
19.000000,8.000000,11396.616896
15.000000,8.500000,9019.187734
16.000000,8.500000,9589.328245
17.000000,8.500000,10176.920135
18.000000,8.500000,10781.963402
19.000000,8.500000,11404.458047
15.000000,9.000000,9024.527910
16.000000,9.000000,9595.256109
17.000000,9.000000,10183.461157
18.000000,9.000000,10789.143053
19.000000,9.000000,11412.301799
15.000000,9.500000,9029.906102
16.000000,9.500000,9601.229919
17.000000,9.500000,10190.056457
18.000000,9.500000,10796.385715
19.000000,9.500000,11420.217695
15.000000,10.000000,9035.285812
16.000000,10.000000,9607.205501
17.000000,10.000000,10196.653801
18.000000,10.000000,10803.630714
19.000000,10.000000,11428.136237
15.000000,10.500000,9040.940664
16.000000,10.500000,9613.411775
17.000000,10.500000,10203.434218
18.000000,10.500000,10811.007991
19.000000,10.500000,11436.133095
15.000000,11.000000,9046.597194
16.000000,11.000000,9619.619961
17.000000,11.000000,10210.216793
18.000000,11.000000,10818.387689
19.000000,11.000000,11444.132651
15.000000,11.500000,9052.899849
16.000000,11.500000,9626.343361
17.000000,11.500000,10217.374544
18.000000,11.500000,10825.993399
19.000000,11.500000,11452.199925
15.000000,12.000000,9059.204607
16.000000,12.000000,9633.069015
17.000000,12.000000,10224.534708
18.000000,12.000000,10833.601683
19.000000,12.000000,11460.269941
15.000000,12.500000,9065.588852
16.000000,12.500000,9639.987224
17.000000,12.500000,10232.007270
18.000000,12.500000,10841.648990
15.000000,13.000000,9071.975253
16.000000,13.000000,9646.907827
17.000000,13.000000,10239.482477
18.000000,13.000000,10849.699202
15.000000,13.500000,9078.421297
16.000000,13.500000,9653.905661
17.000000,13.500000,10247.053478
18.000000,13.500000,10857.864749
15.000000,14.000000,9084.869533
16.000000,14.000000,9660.905941
17.000000,14.000000,10254.627192
18.000000,14.000000,10866.033287
15.000000,14.500000,9091.369756
16.000000,14.500000,9667.951478
17.000000,14.500000,10262.238950
18.000000,14.500000,10874.232172
15.000000,15.000000,9097.872205
16.000000,15.000000,9674.999491
17.000000,15.000000,10269.853446
18.000000,15.000000,10882.434070
15.000000,15.500000,9104.490398
16.000000,15.500000,9682.140651
17.000000,15.500000,10277.536911
18.000000,15.500000,10890.679179
15.000000,16.000000,9111.110898
16.000000,16.000000,9689.284354
17.000000,16.000000,10285.223166
18.000000,16.000000,10898.927334
15.000000,16.500000,9118.370288
16.000000,16.500000,9696.913932
17.000000,16.500000,10293.231727
18.000000,16.500000,10907.323674
15.000000,17.000000,9125.632490
16.000000,17.000000,9704.546436
17.000000,17.000000,10301.243331
18.000000,17.000000,10915.723175
15.000000,17.500000,9132.988410
16.000000,17.500000,9712.248350
17.000000,17.500000,10309.298398
18.000000,17.500000,10924.138557
15.000000,18.000000,9140.347214
16.000000,18.000000,9719.953241
17.000000,18.000000,10317.356540
18.000000,18.000000,10932.557110
15.000000,18.500000,9147.958177
16.000000,18.500000,9728.258376
17.000000,18.500000,10326.383492
18.000000,18.500000,10942.333526
15.000000,19.000000,9155.572225
16.000000,19.000000,9736.566969
17.000000,19.000000,10335.414299
18.000000,19.000000,10952.114215
15.000000,19.500000,9163.226862
16.000000,19.500000,9744.918769
17.000000,19.500000,10344.490982
18.000000,19.500000,10961.943498
15.000000,20.000000,9170.884614
16.000000,20.000000,9753.274060
17.000000,20.000000,10353.571551
18.000000,20.000000,10971.777085
15.000000,20.500000,9178.550922
16.000000,20.500000,9761.602557
17.000000,20.500000,10362.587798
18.000000,20.500000,10981.506646
15.000000,21.000000,9186.220349
16.000000,21.000000,9769.934517
17.000000,21.000000,10371.607871
18.000000,21.000000,10991.240411
15.000000,21.500000,9194.776963
16.000000,21.500000,9778.920121
17.000000,21.500000,10381.032343
18.000000,21.500000,11001.113628
15.000000,22.000000,9203.337445
16.000000,22.000000,9787.909744
17.000000,22.000000,10390.460985
18.000000,22.000000,11010.991168
15.000000,22.500000,9211.736921
16.000000,22.500000,9796.783693
17.000000,22.500000,10399.822394
18.000000,22.500000,11020.853024
14.000000,23.000000,8652.623584
15.000000,23.000000,9220.140105
16.000000,23.000000,9805.661545
17.000000,23.000000,10409.187906
18.000000,23.000000,11030.719186
14.000000,23.500000,8660.578739
15.000000,23.500000,9228.601133
16.000000,23.500000,9814.644153
17.000000,23.500000,10418.707797
18.000000,23.500000,11040.792067
14.000000,24.000000,8668.537425
15.000000,24.000000,9237.065922
16.000000,24.000000,9823.630756
17.000000,24.000000,10428.231927
18.000000,24.000000,11050.869435
14.000000,24.500000,8676.560023
15.000000,24.500000,9245.791001
16.000000,24.500000,9833.086227
17.000000,24.500000,10438.445699
18.000000,24.500000,11061.869418
14.000000,25.000000,8684.586213
15.000000,25.000000,9254.520088
16.000000,25.000000,9842.546141
17.000000,25.000000,10448.664373
18.000000,25.000000,11072.874782
14.000000,25.500000,8692.761924
15.000000,25.500000,9263.400147
16.000000,25.500000,9852.158254
17.000000,25.500000,10459.036246
18.000000,25.500000,11084.034123
14.000000,26.000000,8700.941367
15.000000,26.000000,9272.284355
16.000000,26.000000,9861.774956
17.000000,26.000000,10469.413169
18.000000,26.000000,11095.198993
14.000000,26.500000,8709.837631
15.000000,26.500000,9281.748620
16.000000,26.500000,9871.824864
17.000000,26.500000,10480.066362
18.000000,26.500000,11106.473114
14.000000,27.000000,8718.738345
15.000000,27.000000,9291.217617
16.000000,27.000000,9881.879795
17.000000,27.000000,10490.724879
18.000000,27.000000,11117.752867
14.000000,27.500000,8728.114885
15.000000,27.500000,9301.072853
16.000000,27.500000,9892.224746
17.000000,27.500000,10501.570566
14.000000,28.000000,8737.496381
15.000000,28.000000,9310.933226
16.000000,28.000000,9902.575020
17.000000,28.000000,10512.421763
14.000000,28.500000,8746.899791
15.000000,28.500000,9320.826928
16.000000,28.500000,9912.970701
17.000000,28.500000,10523.331110
14.000000,29.000000,8756.308173
15.000000,29.000000,9330.725795
16.000000,29.000000,9923.371744
17.000000,29.000000,10534.246020
14.000000,29.500000,8765.778852
15.000000,29.500000,9340.776126
16.000000,29.500000,9934.018892
17.000000,29.500000,10545.507150
14.000000,30.000000,8775.254564
15.000000,30.000000,9350.831779
16.000000,30.000000,9944.671660
17.000000,30.000000,10556.774206
14.000000,30.500000,8785.073531
15.000000,30.500000,9361.497230
16.000000,30.500000,9956.216677
17.000000,30.500000,10569.231874
14.000000,31.000000,8794.897899
15.000000,31.000000,9372.168663
16.000000,31.000000,9967.768290
17.000000,31.000000,10581.696779
14.000000,31.500000,8805.347011
15.000000,31.500000,9383.349262
16.000000,31.500000,9979.705010
17.000000,31.500000,10594.414253
14.000000,32.000000,8815.802234
15.000000,32.000000,9394.536428
16.000000,32.000000,9991.648769
17.000000,32.000000,10607.139255
14.000000,32.500000,8826.955664
15.000000,32.500000,9406.250033
16.000000,32.500000,10003.935061
17.000000,32.500000,10620.010746
14.000000,33.000000,8838.116049
15.000000,33.000000,9417.970836
16.000000,33.000000,10016.228797
17.000000,33.000000,10632.889932
14.000000,33.500000,8849.290166
15.000000,33.500000,9429.701478
16.000000,33.500000,10028.528222
17.000000,33.500000,10645.770396
14.000000,34.000000,8860.471245
15.000000,34.000000,9441.439321
16.000000,34.000000,10040.835089
17.000000,34.000000,10658.658548
14.000000,34.500000,8871.665206
15.000000,34.500000,9453.186225
16.000000,34.500000,10053.146943
17.000000,34.500000,10671.547359
14.000000,35.000000,8882.866137
15.000000,35.000000,9464.940332
16.000000,35.000000,10065.466237
17.000000,35.000000,10684.443852
14.000000,35.500000,8894.458566
15.000000,35.500000,9477.308811
16.000000,35.500000,10078.635910
17.000000,35.500000,10698.439861
14.000000,36.000000,8906.058455
15.000000,36.000000,9489.685264
16.000000,36.000000,10091.814086
17.000000,36.000000,10712.444921
14.000000,36.500000,8918.420574
15.000000,36.500000,9502.800630
16.000000,36.500000,10105.704913
17.000000,36.500000,10727.133423
13.000000,37.000000,8364.203835
14.000000,37.000000,8930.791166
15.000000,37.000000,9515.924952
16.000000,37.000000,10119.605193
17.000000,37.000000,10741.831888
13.000000,37.500000,8376.653164
14.000000,37.500000,8943.824636
15.000000,37.500000,9529.553570
16.000000,37.500000,10133.839965
17.000000,37.500000,10756.683823
13.000000,38.000000,8389.111647
14.000000,38.000000,8956.867506
15.000000,38.000000,9543.191838
16.000000,38.000000,10148.084642
17.000000,38.000000,10771.545919
13.000000,38.500000,8401.629465
14.000000,38.500000,8969.964277
15.000000,38.500000,9556.878102
16.000000,38.500000,10162.370941
17.000000,38.500000,10786.442794
13.000000,39.000000,8414.156511
14.000000,39.000000,8983.070512
15.000000,39.000000,9570.574071
16.000000,39.000000,10176.667188
17.000000,39.000000,10801.349863
13.000000,39.500000,8426.697514
14.000000,39.500000,8996.195042
15.000000,39.500000,9584.292927
16.000000,39.500000,10190.991172
17.000000,39.500000,10816.289776
13.000000,40.000000,8439.247753
14.000000,40.000000,9009.329049
15.000000,40.000000,9598.021507
16.000000,40.000000,10205.325129
17.000000,40.000000,10831.239913
13.000000,40.500000,8451.943147
14.000000,40.500000,9022.642020
15.000000,40.500000,9611.964718
16.000000,40.500000,10219.911239
13.000000,41.000000,8464.647981
14.000000,41.000000,9035.964719
15.000000,41.000000,9625.917946
16.000000,41.000000,10234.507665
13.000000,41.500000,8478.547329
14.000000,41.500000,9050.574098
15.000000,41.500000,9641.253292
16.000000,41.500000,10250.584911
13.000000,42.000000,8492.457998
14.000000,42.000000,9065.195190
15.000000,42.000000,9656.600748
16.000000,42.000000,10266.674674
13.000000,42.500000,8506.821415
14.000000,42.500000,9080.287058
15.000000,42.500000,9672.437201
16.000000,42.500000,10283.271844
13.000000,43.000000,8521.196885
14.000000,43.000000,9095.391389
15.000000,43.000000,9688.286532
16.000000,43.000000,10299.882314
13.000000,43.500000,8535.776943
14.000000,43.500000,9110.674843
15.000000,43.500000,9704.287454
16.000000,43.500000,10316.614774
13.000000,44.000000,8550.369381
14.000000,44.000000,9125.971037
15.000000,44.000000,9720.301480
16.000000,44.000000,10333.360709
13.000000,44.500000,8564.988314
14.000000,44.500000,9141.299064
15.000000,44.500000,9736.352961
16.000000,44.500000,10350.150006
13.000000,45.000000,8579.619651
14.000000,45.000000,9156.639861
15.000000,45.000000,9752.417585
16.000000,45.000000,10366.952823
13.000000,45.500000,8594.278754
14.000000,45.500000,9172.013787
15.000000,45.500000,9768.520984
16.000000,45.500000,10383.800345
13.000000,46.000000,8608.950288
14.000000,46.000000,9187.400517
15.000000,46.000000,9784.637567
16.000000,46.000000,10400.661436
13.000000,46.500000,8624.946637
14.000000,46.500000,9203.874994
15.000000,46.500000,9801.586824
16.000000,46.500000,10418.082129
13.000000,47.000000,8640.957776
14.000000,47.000000,9220.364159
15.000000,47.000000,9818.550670
16.000000,47.000000,10435.517310
13.000000,47.500000,8657.272433
14.000000,47.500000,9237.325073
15.000000,47.500000,9836.164750
16.000000,47.500000,10453.791464
13.000000,48.000000,8673.602429
14.000000,48.000000,9254.301522
15.000000,48.000000,9853.794562
16.000000,48.000000,10472.081549
17.000000,48.000000,11062.890116
18.000000,48.000000,11645.527679
19.000000,48.000000,12243.091997
13.000000,48.500000,8690.136917
14.000000,48.500000,9271.447267
15.000000,48.500000,9871.555798
16.000000,48.500000,10490.462510
17.000000,48.500000,11079.026316
18.000000,48.500000,11661.842256
19.000000,48.500000,12259.572631
13.000000,49.000000,8706.687105
14.000000,49.000000,9288.608834
15.000000,49.000000,9889.332977
16.000000,49.000000,10508.859535
17.000000,49.000000,11095.174196
18.000000,49.000000,11678.168164
19.000000,49.000000,12276.064251
13.000000,49.500000,8723.219867
14.000000,49.500000,9305.719108
15.000000,49.500000,9907.022902
16.000000,49.500000,10527.131247
17.000000,49.500000,11111.187969
18.000000,49.500000,11694.417055
19.000000,49.500000,12292.539050
13.000000,50.000000,8739.768267
14.000000,50.000000,9322.845079
15.000000,50.000000,9924.728582
16.000000,50.000000,10545.418775
17.000000,50.000000,11127.213208
18.000000,50.000000,11710.677152
19.000000,50.000000,12309.024795
13.000000,50.500000,8756.318726
14.000000,50.500000,9339.965507
15.000000,50.500000,9942.420651
16.000000,50.500000,10563.684158
17.000000,50.500000,11143.227298
18.000000,50.500000,11726.994673
19.000000,50.500000,12325.640055
12.000000,51.000000,8207.478037
13.000000,51.000000,8772.884795
14.000000,51.000000,9357.101590
15.000000,51.000000,9960.128421
16.000000,51.000000,10581.965288
17.000000,51.000000,11159.252819
18.000000,51.000000,11743.323462
19.000000,51.000000,12342.266421
12.000000,51.500000,8225.088033
13.000000,51.500000,8790.731396
14.000000,51.500000,9375.161257
15.000000,51.500000,9978.377615
16.000000,51.500000,10600.380470
17.000000,51.500000,11175.866983
18.000000,51.500000,11760.793017
19.000000,51.500000,12360.612812
12.000000,52.000000,8242.716851
13.000000,52.000000,8808.596080
14.000000,52.000000,9393.238282
15.000000,52.000000,9996.643456
16.000000,52.000000,10618.811604
17.000000,52.000000,11192.493424
18.000000,52.000000,11778.275472
19.000000,52.000000,12378.972740
12.000000,52.500000,8260.631643
13.000000,52.500000,8827.002354
14.000000,52.500000,9412.128584
15.000000,52.500000,10016.010331
16.000000,52.500000,10637.231881
17.000000,52.500000,11210.044638
18.000000,52.500000,11796.368491
19.000000,52.500000,12397.612114
12.000000,53.000000,8278.565830
13.000000,53.000000,8845.427782
14.000000,53.000000,9431.037798
15.000000,53.000000,10035.395878
16.000000,53.000000,10655.668031
17.000000,53.000000,11227.609504
18.000000,53.000000,11814.475300
19.000000,53.000000,12416.265418
12.000000,53.500000,8296.824776
13.000000,53.500000,8864.461633
14.000000,53.500000,9450.856828
15.000000,53.500000,10056.010360
16.000000,53.500000,10673.912791
17.000000,53.500000,11246.072366
18.000000,53.500000,11833.142833
19.000000,53.500000,12435.124193
12.000000,54.000000,8315.103781
13.000000,54.000000,8883.515876
14.000000,54.000000,9470.696584
15.000000,54.000000,10076.645905
16.000000,54.000000,10692.173028
17.000000,54.000000,11264.550278
18.000000,54.000000,11851.824997
19.000000,54.000000,12453.997183
12.000000,54.500000,8333.412700
13.000000,54.500000,8902.595264
14.000000,54.500000,9490.556372
15.000000,54.500000,10097.296022
16.000000,54.500000,10710.377661
17.000000,54.500000,11282.976917
18.000000,54.500000,11870.460552
19.000000,54.500000,12472.828565
12.000000,55.000000,8351.741698
13.000000,55.000000,8921.695053
14.000000,55.000000,9510.436883
15.000000,55.000000,10117.967188
16.000000,55.000000,10728.597652
17.000000,55.000000,11301.418500
18.000000,55.000000,11889.110643
19.000000,55.000000,12491.674081
12.000000,55.500000,8370.099482
13.000000,55.500000,8940.818918
14.000000,55.500000,9530.336423
15.000000,55.500000,10138.651995
16.000000,55.500000,10746.774782
17.000000,55.500000,11319.855196
18.000000,55.500000,11907.795860
19.000000,55.500000,12510.596775
12.000000,56.000000,8388.477363
13.000000,56.000000,8959.963191
14.000000,56.000000,9550.256681
15.000000,56.000000,10159.357833
16.000000,56.000000,10764.967176
17.000000,56.000000,11338.306807
18.000000,56.000000,11926.495648
19.000000,56.000000,12529.533699
12.000000,56.500000,8408.207676
13.000000,56.500000,8980.159367
14.000000,56.500000,9570.905863
15.000000,56.500000,10180.447164
16.000000,56.500000,10783.305507
17.000000,56.500000,11356.985237
18.000000,56.500000,11945.507092
19.000000,56.500000,12548.871071
12.000000,57.000000,8427.961121
13.000000,57.000000,9000.378223
14.000000,57.000000,9591.577274
15.000000,57.000000,10201.558274
16.000000,57.000000,10801.659328
17.000000,57.000000,11375.678932
18.000000,57.000000,11964.533576
19.000000,57.000000,12568.223261
12.000000,57.500000,8448.144248
13.000000,57.500000,9020.970994
14.000000,57.500000,9612.562376
15.000000,57.500000,10222.918395
16.000000,57.500000,10820.418558
17.000000,57.500000,11395.118413
18.000000,57.500000,11984.663042
19.000000,57.500000,12589.052446
12.000000,58.000000,8468.351472
13.000000,58.000000,9041.587242
14.000000,58.000000,9633.570341
15.000000,58.000000,10244.300770
16.000000,58.000000,10839.193952
17.000000,58.000000,11414.574384
18.000000,58.000000,12004.809325
19.000000,58.000000,12609.898777
12.000000,58.500000,8488.814943
13.000000,58.500000,9062.669873
14.000000,58.500000,9655.268026
15.000000,58.500000,10266.609402
16.000000,58.500000,10859.190732
17.000000,58.500000,11435.135970
18.000000,58.500000,12025.937740
19.000000,58.500000,12631.596039
12.000000,59.000000,8509.303069
13.000000,59.000000,9083.777009
14.000000,59.000000,9676.990065
15.000000,59.000000,10288.942237
16.000000,59.000000,10879.205860
17.000000,59.000000,11455.715973
18.000000,59.000000,12047.084636
19.000000,59.000000,12653.311851
12.000000,59.500000,8529.930798
13.000000,59.500000,9105.146069
14.000000,59.500000,9699.104037
15.000000,59.500000,10311.804699
16.000000,59.500000,10899.794075
17.000000,59.500000,11476.690888
18.000000,59.500000,12068.438366
12.000000,60.000000,8550.583459
13.000000,60.000000,9126.540192
14.000000,60.000000,9721.243201
15.000000,60.000000,10334.692485
16.000000,60.000000,10920.401684
17.000000,60.000000,11497.684908
18.000000,60.000000,12089.810914
12.000000,60.500000,8571.266709
13.000000,60.500000,9147.963353
14.000000,60.500000,9743.409732
15.000000,60.500000,10357.605848
16.000000,60.500000,10940.994168
17.000000,60.500000,11518.660973
18.000000,60.500000,12111.162591
12.000000,61.000000,8591.974905
13.000000,61.000000,9169.411585
14.000000,61.000000,9765.601461
15.000000,61.000000,10380.544534
16.000000,61.000000,10961.605980
17.000000,61.000000,11539.656073
18.000000,61.000000,12132.533014
12.000000,61.500000,8613.841064
13.000000,61.500000,9191.686703
14.000000,61.500000,9788.265476
15.000000,61.500000,10403.577382
16.000000,61.500000,10982.209495
17.000000,61.500000,11560.649378
18.000000,61.500000,12153.908526
12.000000,62.000000,8635.734968
13.000000,62.000000,9213.988799
14.000000,62.000000,9810.955712
15.000000,62.000000,10426.635705
16.000000,62.000000,11002.832283
17.000000,62.000000,11581.661678
18.000000,62.000000,12175.302757
12.000000,62.500000,8658.312259
13.000000,62.500000,9236.916826
14.000000,62.500000,9834.209460
15.000000,62.500000,10450.190161
16.000000,62.500000,11023.964844
17.000000,62.500000,11603.242432
18.000000,62.500000,12197.326545
12.000000,63.000000,8680.918977
13.000000,63.000000,9259.873295
14.000000,63.000000,9857.490683
15.000000,63.000000,10473.771140
16.000000,63.000000,11045.117608
17.000000,63.000000,11624.843196
18.000000,63.000000,12219.370151
12.000000,63.500000,8703.597699
13.000000,63.500000,9282.922401
14.000000,63.500000,9880.886460
15.000000,63.500000,10497.489874
16.000000,63.500000,11066.519217
17.000000,63.500000,11646.780778
18.000000,63.500000,12241.842751
11.000000,64.000000,8165.227467
12.000000,64.000000,8726.305959
13.000000,64.000000,9306.000109
14.000000,64.000000,9904.309916
15.000000,64.000000,10521.235381
16.000000,64.000000,11087.941470
17.000000,64.000000,11668.738966
18.000000,64.000000,12264.335920
11.000000,64.500000,8187.649151
12.000000,64.500000,8749.510175
13.000000,64.500000,9329.988428
14.000000,64.500000,9929.083911
15.000000,64.500000,10544.105832
16.000000,64.500000,11110.866794
17.000000,64.500000,11692.063180
18.000000,64.500000,12288.049398
11.000000,65.000000,8210.101533
12.000000,65.000000,8772.745153
13.000000,65.000000,9354.007573
14.000000,65.000000,9953.888795
15.000000,65.000000,10567.001039
16.000000,65.000000,11133.815723
17.000000,65.000000,11715.410616
18.000000,65.000000,12311.785719
11.000000,65.500000,8232.608346
12.000000,65.500000,8796.135558
13.000000,65.500000,9378.289653
14.000000,65.500000,9979.070633
15.000000,65.500000,10589.908477
16.000000,65.500000,11157.027255
17.000000,65.500000,11738.910829
18.000000,65.500000,12335.559200
11.000000,66.000000,8255.145921
12.000000,66.000000,8819.557054
13.000000,66.000000,9402.603156
14.000000,66.000000,10004.284224
15.000000,66.000000,10612.840640
16.000000,66.000000,11180.262885
17.000000,66.000000,11762.434523
18.000000,66.000000,12359.355552
11.000000,66.500000,8278.727272
12.000000,66.500000,8843.780623
13.000000,66.500000,9427.458922
14.000000,66.500000,10029.762167
15.000000,66.500000,10635.735843
16.000000,66.500000,11203.461514
17.000000,66.500000,11785.921292
18.000000,66.500000,12383.115179
11.000000,67.000000,8302.342231
12.000000,67.000000,8868.037379
13.000000,67.000000,9452.347455
14.000000,67.000000,10055.272456
15.000000,67.000000,10658.655639
16.000000,67.000000,11226.684115
17.000000,67.000000,11809.431423
18.000000,67.000000,12406.897562
11.000000,67.500000,8326.768411
12.000000,67.500000,8892.918175
13.000000,67.500000,9477.658938
14.000000,67.500000,10080.990699
15.000000,67.500000,10681.611888
16.000000,67.500000,11249.922178
17.000000,67.500000,11832.934962
18.000000,67.500000,12430.650238
11.000000,68.000000,8351.230456
12.000000,68.000000,8917.833801
13.000000,68.000000,9503.004229
14.000000,68.000000,10106.741738
15.000000,68.000000,10704.592758
16.000000,68.000000,11273.184198
17.000000,68.000000,11856.461802
18.000000,68.000000,12454.425570
11.000000,68.500000,8375.719046
12.000000,68.500000,8942.878125
13.000000,68.500000,9528.587117
14.000000,68.500000,10132.846022
15.000000,68.500000,10728.131471
16.000000,68.500000,11297.118227
17.000000,68.500000,11880.779870
18.000000,68.500000,12479.116400
11.000000,69.000000,8400.243472
12.000000,69.000000,8967.957542
13.000000,69.000000,9554.204361
14.000000,69.000000,10158.983929
15.000000,69.000000,10751.695974
16.000000,69.000000,11321.077574
17.000000,69.000000,11905.122789
18.000000,69.000000,12503.831619
11.000000,69.500000,8424.980654
12.000000,69.500000,8993.191458
13.000000,69.500000,9579.913772
14.000000,69.500000,10185.147595
15.000000,69.500000,10775.284544
16.000000,69.500000,11345.106955
17.000000,69.500000,11929.584072
18.000000,69.500000,12528.715895
11.000000,70.000000,8449.754190
12.000000,70.000000,9018.460802
13.000000,70.000000,9605.657692
14.000000,70.000000,10211.344861
15.000000,70.000000,10798.898899
16.000000,70.000000,11369.161749
17.000000,70.000000,11954.070399
18.000000,70.000000,12553.624847
11.000000,70.500000,8474.748860
12.000000,70.500000,9044.322839
13.000000,70.500000,9632.389494
14.000000,70.500000,10238.948827
15.000000,70.500000,10824.324226
16.000000,70.500000,11395.066680
17.000000,70.500000,11980.445422
18.000000,70.500000,12580.460452
11.000000,71.000000,8499.780429
12.000000,71.000000,9070.221886
13.000000,71.000000,9659.158419
14.000000,71.000000,10266.590026
15.000000,71.000000,10849.779411
16.000000,71.000000,11421.001042
17.000000,71.000000,12006.849452
18.000000,71.000000,12607.324640
11.000000,71.500000,8525.639613
12.000000,71.500000,9096.752759
13.000000,71.500000,9686.349173
14.000000,71.500000,10294.428854
15.000000,71.500000,10875.342835
16.000000,71.500000,11447.073022
17.000000,71.500000,12033.421870
11.000000,72.000000,8551.538061
12.000000,72.000000,9123.322361
13.000000,72.000000,9713.578124
14.000000,72.000000,10322.305349
15.000000,72.000000,10900.936300
16.000000,72.000000,11473.174678
17.000000,72.000000,12060.023599
11.000000,72.500000,8578.377094
12.000000,72.500000,9150.568069
13.000000,72.500000,9741.199990
14.000000,72.500000,10350.272856
15.000000,72.500000,10926.543069
16.000000,72.500000,11499.281723
17.000000,72.500000,12086.622445
11.000000,73.000000,8605.258168
12.000000,73.000000,9177.854385
13.000000,73.000000,9768.861053
14.000000,73.000000,10378.278173
15.000000,73.000000,10952.179836
16.000000,73.000000,11525.418386
17.000000,73.000000,12113.250528
11.000000,73.500000,8632.103485
12.000000,73.500000,9205.199359
13.000000,73.500000,9796.681456
14.000000,73.500000,10406.549776
15.000000,73.500000,10978.068738
16.000000,73.500000,11551.714408
17.000000,73.500000,12139.940244
11.000000,74.000000,8658.990600
12.000000,74.000000,9232.584993
13.000000,74.000000,9824.541395
14.000000,74.000000,10434.859807
15.000000,74.000000,11003.988160
16.000000,74.000000,11578.040340
17.000000,74.000000,12166.659265
11.000000,74.500000,8686.363164
12.000000,74.500000,9260.401234
13.000000,74.500000,9852.772812
14.000000,74.500000,10463.477898
15.000000,74.500000,11030.303472
16.000000,74.500000,11604.850196
17.000000,74.500000,12193.954272
11.000000,75.000000,8713.778913
12.000000,75.000000,9288.259300
13.000000,75.000000,9881.044712
14.000000,75.000000,10492.135151
15.000000,75.000000,11056.650172
16.000000,75.000000,11631.691008
17.000000,75.000000,12221.279802
11.000000,75.500000,8741.332175
12.000000,75.500000,9316.274252
13.000000,75.500000,9909.494007
14.000000,75.500000,10520.223439
15.000000,75.500000,11083.261357
16.000000,75.500000,11658.825375
17.000000,75.500000,12248.929161
11.000000,76.000000,8768.928920
12.000000,76.000000,9344.331374
13.000000,76.000000,9937.984177
14.000000,76.000000,10548.349245
15.000000,76.000000,11109.904488
16.000000,76.000000,11685.991308
17.000000,76.000000,12276.609707
11.000000,76.500000,8797.360353
12.000000,76.500000,9373.534250
13.000000,76.500000,9967.949128
14.000000,76.500000,10576.229368
15.000000,76.500000,11138.029827
16.000000,76.500000,11714.336816
17.000000,76.500000,12305.150336
11.000000,77.000000,8825.837794
12.000000,77.000000,9402.782674
13.000000,77.000000,9997.959169
14.000000,77.000000,10604.146262
15.000000,77.000000,11166.190691
16.000000,77.000000,11742.716625
17.000000,77.000000,12333.724063
11.000000,77.500000,8855.164988
12.000000,77.500000,9432.611731
13.000000,77.500000,10028.262348
14.000000,77.500000,10632.075238
15.000000,77.500000,11194.523136
16.000000,77.500000,11771.435864
17.000000,77.500000,12362.813423
10.000000,78.000000,8324.769774
11.000000,78.000000,8884.540819
12.000000,78.000000,9462.488016
13.000000,78.000000,10058.611364
14.000000,78.000000,10660.040919
15.000000,78.000000,11222.891452
16.000000,78.000000,11800.190152
17.000000,78.000000,12391.937018
10.000000,78.500000,8353.520823
11.000000,78.500000,8913.842074
12.000000,78.500000,9492.313592
13.000000,78.500000,10088.935378
14.000000,78.500000,10688.013262
15.000000,78.500000,11251.259102
16.000000,78.500000,11828.936169
17.000000,78.500000,12421.044461
10.000000,79.000000,8382.321429
11.000000,79.000000,8943.191557
12.000000,79.000000,9522.186085
13.000000,79.000000,10119.305013
14.000000,79.000000,10716.022231
15.000000,79.000000,11279.662532
16.000000,79.000000,11857.717129
17.000000,79.000000,12450.186021
10.000000,79.500000,8411.657449
11.000000,79.500000,8973.021477
12.000000,79.500000,9552.479647
13.000000,79.500000,10150.031958
14.000000,79.500000,10744.351964
15.000000,79.500000,11308.285800
16.000000,79.500000,11886.611542
17.000000,79.500000,12479.329192
10.000000,80.000000,8441.044708
11.000000,80.000000,9002.901055
12.000000,80.000000,9582.821308
13.000000,80.000000,10180.805467
14.000000,80.000000,10772.719072
15.000000,80.000000,11336.945314
16.000000,80.000000,11915.541091
17.000000,80.000000,12508.506403
10.000000,80.500000,8470.885531
11.000000,80.500000,9033.113809
12.000000,80.500000,9613.367416
13.000000,80.500000,10211.646353
14.000000,80.500000,10801.121147
15.000000,80.500000,11365.747584
16.000000,80.500000,11944.726733
17.000000,80.500000,12538.058595
10.000000,81.000000,8500.779002
11.000000,81.000000,9063.377165
12.000000,81.000000,9643.962119
13.000000,81.000000,10242.533863
14.000000,81.000000,10829.560589
15.000000,81.000000,11394.586371
16.000000,81.000000,11973.948052
17.000000,81.000000,12567.645630
10.000000,81.500000,8530.973588
11.000000,81.500000,9094.006557
12.000000,81.500000,9674.991572
13.000000,81.500000,10273.928632
14.000000,81.500000,10858.599697
15.000000,81.500000,11423.965514
16.000000,81.500000,12003.646751
17.000000,81.500000,12597.643410
10.000000,82.000000,8561.221698
11.000000,82.000000,9124.687610
12.000000,82.000000,9706.070853
13.000000,82.000000,10305.371426
14.000000,82.000000,10887.677668
15.000000,82.000000,11453.382463
16.000000,82.000000,12033.382217
17.000000,82.000000,12627.676930
10.000000,82.500000,8592.396885
11.000000,82.500000,9156.476779
12.000000,82.500000,9738.449120
13.000000,82.500000,10338.313909
14.000000,82.500000,10918.251319
15.000000,82.500000,11483.903914
16.000000,82.500000,12063.809493
10.000000,83.000000,8623.628727
11.000000,83.000000,9188.321222
12.000000,83.000000,9770.881298
13.000000,83.000000,10371.308954
14.000000,83.000000,10948.867829
15.000000,83.000000,11514.465965
16.000000,83.000000,12094.275172
10.000000,83.500000,8654.792414
11.000000,83.500000,9220.131110
12.000000,83.500000,9803.314980
13.000000,83.500000,10404.344025
14.000000,83.500000,10979.811766
15.000000,83.500000,11545.891903
16.000000,83.500000,12126.167568
10.000000,84.000000,8686.012305
11.000000,84.000000,9251.995961
12.000000,84.000000,9835.802399
13.000000,84.000000,10437.431618
14.000000,84.000000,11010.799357
15.000000,84.000000,11577.360652
16.000000,84.000000,12158.101936
10.000000,84.500000,8717.519389
11.000000,84.500000,9284.087399
12.000000,84.500000,9868.451618
13.000000,84.500000,10470.612043
14.000000,84.500000,11041.849531
15.000000,84.500000,11608.877494
16.000000,84.500000,12190.069212
10.000000,85.000000,8749.083510
11.000000,85.000000,9316.234394
12.000000,85.000000,9901.154930
13.000000,85.000000,10503.845118
14.000000,85.000000,11072.943412
15.000000,85.000000,11640.437159
16.000000,85.000000,12222.078434
10.000000,85.500000,8781.477664
11.000000,85.500000,9348.978297
12.000000,85.500000,9934.206066
13.000000,85.500000,10537.160970
14.000000,85.500000,11104.076865
15.000000,85.500000,11672.028324
16.000000,85.500000,12254.110738
10.000000,86.000000,8813.931678
11.000000,86.000000,9381.779641
12.000000,86.000000,9967.312271
13.000000,86.000000,10570.529565
14.000000,86.000000,11135.254012
15.000000,86.000000,11703.662279
16.000000,86.000000,12286.184936
10.000000,86.500000,8846.422010
11.000000,86.500000,9414.477250
12.000000,86.500000,10000.166330
13.000000,86.500000,10603.489249
14.000000,86.500000,11166.248369
15.000000,86.500000,11735.278293
16.000000,86.500000,12318.414450
10.000000,87.000000,8878.972115
11.000000,87.000000,9447.231738
12.000000,87.000000,10033.074443
13.000000,87.000000,10636.500231
14.000000,87.000000,11197.285788
15.000000,87.000000,11766.936933
16.000000,87.000000,12350.686154
10.000000,87.500000,8912.023667
11.000000,87.500000,9480.625620
12.000000,87.500000,10066.767731
13.000000,87.500000,10670.449998
14.000000,87.500000,11229.328219
15.000000,87.500000,11799.457341
16.000000,87.500000,12383.668070
10.000000,88.000000,8945.136620
11.000000,88.000000,9514.078419
12.000000,88.000000,10100.517498
13.000000,88.000000,10704.453857
14.000000,88.000000,11261.416423
15.000000,88.000000,11832.022608
16.000000,88.000000,12416.693939
10.000000,88.500000,8978.403889
11.000000,88.500000,9548.019083
12.000000,88.500000,10135.109071
13.000000,88.500000,10737.565778
14.000000,88.500000,11294.425081
15.000000,88.500000,11865.100958
16.000000,88.500000,12449.804496
10.000000,89.000000,9011.732904
11.000000,89.000000,9582.020180
12.000000,89.000000,10169.759776
13.000000,89.000000,10770.728832
14.000000,89.000000,11327.482041
15.000000,89.000000,11898.225467
16.000000,89.000000,12482.959111
10.000000,89.500000,9044.994921
11.000000,89.500000,9615.941495
12.000000,89.500000,10204.317480
13.000000,89.500000,10803.553422
14.000000,89.500000,11360.859059
15.000000,89.500000,11932.140362
16.000000,89.500000,12517.397334
10.000000,90.000000,9078.318209
11.000000,90.000000,9649.922746
12.000000,90.000000,10238.933798
13.000000,90.000000,10836.427952
14.000000,90.000000,11394.285174
15.000000,90.000000,11966.103517
16.000000,90.000000,12551.882982
10.000000,90.500000,9113.160117
11.000000,90.500000,9684.992788
12.000000,90.500000,10274.180584
13.000000,90.500000,10869.569004
14.000000,90.500000,11428.029652
15.000000,90.500000,12000.439284
16.000000,90.500000,12586.797902
10.000000,91.000000,9148.068756
11.000000,91.000000,9720.126441
12.000000,91.000000,10309.487932
13.000000,91.000000,10902.760655
14.000000,91.000000,11461.824020
15.000000,91.000000,12034.824237
16.000000,91.000000,12621.761305
10.000000,91.500000,9182.960533
11.000000,91.500000,9755.291511
12.000000,91.500000,10344.878267
13.000000,91.500000,10936.143888
14.000000,91.500000,11495.763625
15.000000,91.500000,12069.305663
16.000000,91.500000,12656.770001
10.000000,92.000000,9217.918724
11.000000,92.000000,9790.520075
12.000000,92.000000,10380.329241
13.000000,92.000000,10969.578149
14.000000,92.000000,11529.753402
15.000000,92.000000,12103.836410
16.000000,92.000000,12691.827173
10.000000,92.500000,9252.369099
11.000000,92.500000,9825.438919
12.000000,92.500000,10415.681536
13.000000,92.500000,11003.113433
14.000000,92.500000,11563.831249
15.000000,92.500000,12138.441643
16.000000,92.500000,12726.944615
9.000000,93.000000,8730.485353
10.000000,93.000000,9286.883731
11.000000,93.000000,9860.419922
12.000000,93.000000,10451.093927
13.000000,93.000000,11036.699896
14.000000,93.000000,11597.959378
15.000000,93.000000,12173.096267
16.000000,93.000000,12762.110563
9.000000,93.500000,8764.700553
10.000000,93.500000,9321.861005
11.000000,93.500000,9896.140062
12.000000,93.500000,10487.537723
13.000000,93.500000,11071.383953
14.000000,93.500000,11632.916458
15.000000,93.500000,12208.296827
9.000000,94.000000,8798.982666
10.000000,94.000000,9356.904024
11.000000,94.000000,9931.924785
12.000000,94.000000,10524.044949
13.000000,94.000000,11106.122422
14.000000,94.000000,11667.926138
15.000000,94.000000,12243.548201
9.000000,94.500000,8833.493537
10.000000,94.500000,9392.282286
11.000000,94.500000,9968.157471
12.000000,94.500000,10561.119091
13.000000,94.500000,11141.314784
14.000000,94.500000,11703.175128
15.000000,94.500000,12278.813486
9.000000,95.000000,8868.071953
10.000000,95.000000,9427.727304
11.000000,95.000000,10004.456126
12.000000,95.000000,10598.258420
13.000000,95.000000,11176.562814
14.000000,95.000000,11738.477279
15.000000,95.000000,12314.129479
9.000000,95.500000,8903.647132
10.000000,95.500000,9463.874677
11.000000,95.500000,10041.143244
12.000000,95.500000,10635.452834
13.000000,95.500000,11211.840036
14.000000,95.500000,11774.199003
15.000000,95.500000,12350.274536
9.000000,96.000000,8939.293524
10.000000,96.000000,9500.091214
11.000000,96.000000,10077.897506
12.000000,96.000000,10672.712400
13.000000,96.000000,11247.172841
14.000000,96.000000,11809.974994
15.000000,96.000000,12386.472555
9.000000,96.500000,8975.328925
10.000000,96.500000,9536.811602
11.000000,96.500000,10115.276894
12.000000,96.500000,10710.724801
13.000000,96.500000,11283.510894
14.000000,96.500000,11847.110783
15.000000,96.500000,12424.400950
9.000000,97.000000,9011.436811
10.000000,97.000000,9573.602820
11.000000,97.000000,10152.725475
12.000000,97.000000,10748.804775
13.000000,97.000000,11319.907551
14.000000,97.000000,11884.304861
15.000000,97.000000,12462.387318
9.000000,97.500000,9047.575766
10.000000,97.500000,9610.541826
11.000000,97.500000,10190.445733
12.000000,97.500000,10787.287489
9.000000,98.000000,9083.787041
10.000000,98.000000,9647.551958
11.000000,98.000000,10228.235933
12.000000,98.000000,10825.838966
9.000000,98.500000,9120.298662
10.000000,98.500000,9684.822043
11.000000,98.500000,10266.242906
12.000000,98.500000,10864.561250
9.000000,99.000000,9156.883514
10.000000,99.000000,9722.163980
11.000000,99.000000,10304.320362
12.000000,99.000000,10903.352660
9.000000,99.500000,9194.050813
10.000000,99.500000,9760.180152
11.000000,99.500000,10343.168332
12.000000,99.500000,10943.015352
9.000000,100.000000,9231.293388
10.000000,100.000000,9798.270505
11.000000,100.000000,10382.089393
12.000000,100.000000,10982.750052
9.000000,100.500000,9268.943926
10.000000,100.500000,9836.699406
11.000000,100.500000,10421.274930
12.000000,100.500000,11022.670497
9.000000,101.000000,9306.671087
10.000000,101.000000,9875.203519
11.000000,101.000000,10460.534277
12.000000,101.000000,11062.663361
9.000000,101.500000,9344.720526
10.000000,101.500000,9913.908107
11.000000,101.500000,10499.864783
9.000000,102.000000,9382.847584
10.000000,102.000000,9952.688396
11.000000,102.000000,10539.269089
9.000000,102.500000,9421.156216
10.000000,102.500000,9991.890152
11.000000,102.500000,10579.348787
9.000000,103.000000,9459.542890
10.000000,103.000000,10031.168960
11.000000,103.000000,10619.504549
9.000000,103.500000,9498.070063
10.000000,103.500000,10070.711669
11.000000,103.500000,10660.054779
9.000000,104.000000,9536.675532
10.000000,104.000000,10110.332163
11.000000,104.000000,10700.682281
9.000000,104.500000,9576.450329
10.000000,104.500000,10150.777863
11.000000,104.500000,10741.769118
9.000000,105.000000,9616.307892
10.000000,105.000000,10191.304300
11.000000,105.000000,10782.934682
9.000000,105.500000,9656.478435
10.000000,105.500000,10232.120582
11.000000,105.500000,10824.365405
9.000000,106.000000,9696.732701
10.000000,106.000000,10273.018433
11.000000,106.000000,10865.875569
9.000000,106.500000,9736.322268
10.000000,106.500000,10313.489506
11.000000,106.500000,10907.211845
9.000000,107.000000,9775.992487
10.000000,107.000000,10354.040140
11.000000,107.000000,10948.626599
9.000000,107.500000,9815.555341
10.000000,107.500000,10394.350153
11.000000,107.500000,10989.660364
9.000000,108.000000,9855.198087
10.000000,108.000000,10434.738481
11.000000,108.000000,11030.770880
9.000000,108.500000,9895.257805
10.000000,108.500000,10475.640969
11.000000,108.500000,11072.498100
8.000000,109.000000,9370.630021
9.000000,109.000000,9935.398774
10.000000,109.000000,10516.623464
11.000000,109.000000,11114.304091
8.000000,109.500000,9410.542687
9.000000,109.500000,9976.113181
10.000000,109.500000,10558.117431
11.000000,109.500000,11156.555437
8.000000,110.000000,9450.540171
9.000000,110.000000,10016.910837
10.000000,110.000000,10599.693092
11.000000,110.000000,11198.886936
8.000000,110.500000,9491.037214
9.000000,110.500000,10058.065619
10.000000,110.500000,10641.474639
11.000000,110.500000,11241.264274
8.000000,111.000000,9531.620837
9.000000,111.000000,10099.304768
10.000000,111.000000,10683.338368
11.000000,111.000000,11283.721637
8.000000,111.500000,9572.322945
9.000000,111.500000,10140.711057
10.000000,111.500000,10725.420811
11.000000,111.500000,11326.452207
8.000000,112.000000,9613.111770
9.000000,112.000000,10182.202052
10.000000,112.000000,10767.585972
11.000000,112.000000,11369.263530
8.000000,112.500000,9654.039554
9.000000,112.500000,10223.945567
10.000000,112.500000,10810.123747
11.000000,112.500000,11412.574095
8.000000,113.000000,9695.054277
9.000000,113.000000,10265.774473
10.000000,113.000000,10852.745379
11.000000,113.000000,11455.966997
8.000000,113.500000,9736.758886
9.000000,113.500000,10308.169956
10.000000,113.500000,10895.802213
11.000000,113.500000,11499.655656
8.000000,114.000000,9778.552998
9.000000,114.000000,10350.652799
10.000000,114.000000,10938.944287
11.000000,114.000000,11543.427461
8.000000,114.500000,9820.778350
9.000000,114.500000,10393.687158
10.000000,114.500000,10982.764447
11.000000,114.500000,11588.010216
8.000000,115.000000,9863.094670
9.000000,115.000000,10436.810789
10.000000,115.000000,11026.672198
11.000000,115.000000,11632.678896
8.000000,115.500000,9905.917161
9.000000,115.500000,10480.387809
10.000000,115.500000,11070.976978
8.000000,116.000000,9948.832407
9.000000,116.000000,10524.055609
10.000000,116.000000,11115.370585
8.000000,116.500000,9991.885905
9.000000,116.500000,10567.832078
10.000000,116.500000,11159.841678
8.000000,117.000000,10035.032356
9.000000,117.000000,10611.699404
10.000000,117.000000,11204.401554
8.000000,117.500000,10078.351315
9.000000,117.500000,10655.786128
10.000000,117.500000,11249.230381
8.000000,118.000000,10121.763568
9.000000,118.000000,10699.964239
10.000000,118.000000,11294.148708
8.000000,118.500000,10164.781421
9.000000,118.500000,10744.168506
10.000000,118.500000,11339.537636
8.000000,119.000000,10207.890487
9.000000,119.000000,10788.463887
10.000000,119.000000,11385.017580
8.000000,119.500000,10251.511181
9.000000,119.500000,10833.201041
10.000000,119.500000,11430.864823
8.000000,120.000000,10295.224864
9.000000,120.000000,10878.030751
10.000000,120.000000,11476.804187
8.000000,120.500000,10339.204577
9.000000,120.500000,10923.150871
10.000000,120.500000,11523.059550
8.000000,121.000000,10383.278020
9.000000,121.000000,10968.364366
10.000000,121.000000,11569.407932
8.000000,121.500000,10427.434635
9.000000,121.500000,11013.437264
10.000000,121.500000,11615.380012
8.000000,122.000000,10471.684937
9.000000,122.000000,11058.602578
10.000000,122.000000,11661.443243
8.000000,122.500000,10516.080350
9.000000,122.500000,11103.622861
10.000000,122.500000,11707.055766
8.000000,123.000000,10560.569667
9.000000,123.000000,11148.734594
10.000000,123.000000,11752.757315
8.000000,123.500000,10605.517147
9.000000,123.500000,11194.249082
10.000000,123.500000,11798.802817
8.000000,124.000000,10650.560067
9.000000,124.000000,11239.856281
10.000000,124.000000,11844.938335
8.000000,124.500000,10696.167748
9.000000,124.500000,11286.121184
10.000000,124.500000,11891.829195
8.000000,125.000000,10741.872859
9.000000,125.000000,11332.481092
10.000000,125.000000,11938.812669
8.000000,125.500000,10787.891236
9.000000,125.500000,11379.086122
10.000000,125.500000,11985.969290
8.000000,126.000000,10834.007964
9.000000,126.000000,11425.786774
10.000000,126.000000,12033.218845
8.000000,126.500000,10880.338484
9.000000,126.500000,11472.668086
10.000000,126.500000,12080.614181
7.000000,127.000000,10349.470097
8.000000,127.000000,10926.767849
9.000000,127.000000,11519.645370
10.000000,127.000000,12128.102661
7.000000,127.500000,10395.562865
8.000000,127.500000,10973.535315
9.000000,127.500000,11567.055623
10.000000,127.500000,12176.123788
7.000000,128.000000,10441.758040
8.000000,128.000000,11020.402645
9.000000,128.000000,11614.563228
10.000000,128.000000,12224.239788
7.000000,128.500000,10488.145976
8.000000,128.500000,11067.611223
9.000000,128.500000,11662.568284
10.000000,128.500000,12273.017158
7.000000,129.000000,10534.636713
8.000000,129.000000,11114.920689
9.000000,129.000000,11710.672332
10.000000,129.000000,12321.891643
7.000000,129.500000,10580.481072
8.000000,129.500000,11161.914730
9.000000,129.500000,11758.810312
10.000000,129.500000,12371.167817
7.000000,130.000000,10626.424951
8.000000,130.000000,11209.007894
9.000000,130.000000,11807.047017
10.000000,130.000000,12420.542318
