weight_g,405.000000
thrust_N,velocity_m_s,power_W
17.000000,0.000000,1589.727518
18.000000,0.000000,1695.331871
19.000000,0.000000,1804.241935
20.000000,0.000000,1916.457710
21.000000,0.000000,2030.730331
22.000000,0.000000,2140.198848
23.000000,0.000000,2252.445142
24.000000,0.000000,2367.469213
25.000000,0.000000,2485.271059
26.000000,0.000000,2601.205383
27.000000,0.000000,2718.863535
28.000000,0.000000,2839.017701
17.000000,0.500000,1593.175450
18.000000,0.500000,1699.042789
19.000000,0.500000,1808.225265
20.000000,0.500000,1920.722879
21.000000,0.500000,2034.821906
22.000000,0.500000,2144.459715
23.000000,0.500000,2256.879033
24.000000,0.500000,2372.079862
25.000000,0.500000,2490.062201
26.000000,0.500000,2605.875045
27.000000,0.500000,2723.670080
28.000000,0.500000,2843.963122
16.000000,1.000000,1493.820598
17.000000,1.000000,1596.626645
18.000000,1.000000,1702.757270
19.000000,1.000000,1812.212470
20.000000,1.000000,1924.992247
21.000000,1.000000,2038.916942
22.000000,1.000000,2148.724192
23.000000,1.000000,2261.316688
24.000000,1.000000,2376.694430
25.000000,1.000000,2494.857418
26.000000,1.000000,2610.548260
27.000000,1.000000,2728.480265
28.000000,1.000000,2848.912271
16.000000,1.500000,1497.042727
17.000000,1.500000,1600.109251
18.000000,1.500000,1706.510129
19.000000,1.500000,1816.245359
20.000000,1.500000,1929.314941
21.000000,1.500000,2043.044603
22.000000,1.500000,2153.017351
23.000000,1.500000,2265.778884
24.000000,1.500000,2381.329203
25.000000,1.500000,2499.533467
26.000000,1.500000,2615.230747
27.000000,1.500000,2733.300470
28.000000,1.500000,2853.872210
16.000000,2.000000,1500.267873
17.000000,2.000000,1603.595172
18.000000,2.000000,1710.266613
19.000000,2.000000,1820.282197
20.000000,2.000000,1933.641924
21.000000,2.000000,2047.175771
22.000000,2.000000,2157.314162
23.000000,2.000000,2270.244880
24.000000,2.000000,2385.967926
25.000000,2.000000,2504.213298
26.000000,2.000000,2619.916798
27.000000,2.000000,2738.124330
28.000000,2.000000,2858.835892
16.000000,2.500000,1503.518889
17.000000,2.500000,1607.111927
18.000000,2.500000,1714.059128
19.000000,2.500000,1824.360492
20.000000,2.500000,1938.016020
21.000000,2.500000,2051.329826
22.000000,2.500000,2161.630656
23.000000,2.500000,2274.727193
24.000000,2.500000,2390.619437
25.000000,2.500000,2508.767063
26.000000,2.500000,2624.608393
27.000000,2.500000,2742.955868
28.000000,2.500000,2863.809489
16.000000,3.000000,1506.772964
17.000000,3.000000,1610.632046
18.000000,3.000000,1717.855325
19.000000,3.000000,1828.442804
20.000000,3.000000,1942.394480
21.000000,3.000000,2055.487415
22.000000,3.000000,2165.950826
23.000000,3.000000,2279.213325
24.000000,3.000000,2395.274912
25.000000,3.000000,2513.324305
26.000000,3.000000,2629.303556
27.000000,3.000000,2747.791068
28.000000,3.000000,2868.786841
16.000000,3.500000,1510.048273
17.000000,3.500000,1614.156398
18.000000,3.500000,1721.637658
19.000000,3.500000,1832.492053
20.000000,3.500000,1946.719583
21.000000,3.500000,2059.574519
22.000000,3.500000,2170.215644
23.000000,3.500000,2283.659988
24.000000,3.500000,2399.907550
25.000000,3.500000,2517.867537
26.000000,3.500000,2633.991429
27.000000,3.500000,2752.626080
28.000000,3.500000,2873.771488
16.000000,4.000000,1513.326674
17.000000,4.000000,1617.684114
18.000000,4.000000,1725.423637
19.000000,4.000000,1836.545242
20.000000,4.000000,1951.048931
21.000000,4.000000,2063.665031
22.000000,4.000000,2174.484033
23.000000,4.000000,2288.110386
24.000000,4.000000,2404.544093
25.000000,4.000000,2522.414197
26.000000,4.000000,2638.682841
27.000000,4.000000,2757.464741
28.000000,4.000000,2878.759896
16.000000,4.500000,1516.803447
17.000000,4.500000,1621.369399
18.000000,4.500000,1729.323494
19.000000,4.500000,1840.665733
20.000000,4.500000,1955.396115
21.000000,4.500000,2067.756131
22.000000,4.500000,2178.757887
23.000000,4.500000,2292.571071
24.000000,4.500000,2409.195684
25.000000,4.500000,2526.971922
26.000000,4.500000,2643.385972
27.000000,4.500000,2762.315788
28.000000,4.500000,2883.761370
16.000000,5.000000,1520.283754
17.000000,5.000000,1625.058414
18.000000,5.000000,1733.227283
19.000000,5.000000,1844.790361
20.000000,5.000000,1959.747650
21.000000,5.000000,2071.850721
22.000000,5.000000,2183.035379
23.000000,5.000000,2297.035544
24.000000,5.000000,2413.851218
25.000000,5.000000,2531.533094
26.000000,5.000000,2648.092660
27.000000,5.000000,2767.170504
28.000000,5.000000,2888.766625
16.000000,5.500000,1523.797417
17.000000,5.500000,1628.772331
18.000000,5.500000,1737.147269
19.000000,5.500000,1848.922232
20.000000,5.500000,1964.097219
21.000000,5.500000,2076.003171
22.000000,5.500000,2187.439531
23.000000,5.500000,2301.698459
24.000000,5.500000,2418.779957
25.000000,5.500000,2536.383941
26.000000,5.500000,2653.076000
27.000000,5.500000,2772.287956
28.000000,5.500000,2894.019809
16.000000,6.000000,1527.314683
17.000000,6.000000,1632.490053
18.000000,6.000000,1741.071267
19.000000,6.000000,1853.058326
20.000000,6.000000,1968.451229
21.000000,6.000000,2080.159320
22.000000,6.000000,2191.847634
23.000000,6.000000,2306.365585
24.000000,6.000000,2423.713172
25.000000,6.000000,2541.238746
26.000000,6.000000,2658.063376
27.000000,6.000000,2777.409523
28.000000,6.000000,2899.277185
29.000000,6.000000,3022.367832
30.000000,6.000000,3147.018028
31.000000,6.000000,3274.057110
16.000000,6.500000,1530.860757
17.000000,6.500000,1636.234351
18.000000,6.500000,1745.019449
19.000000,6.500000,1857.216050
20.000000,6.500000,1972.824153
21.000000,6.500000,2084.345817
22.000000,6.500000,2196.292407
23.000000,6.500000,2311.076003
24.000000,6.500000,2428.696608
25.000000,6.500000,2546.144378
26.000000,6.500000,2663.147179
27.000000,6.500000,2782.674977
28.000000,6.500000,2904.727771
29.000000,6.500000,3027.860681
30.000000,6.500000,3152.648927
31.000000,6.500000,3279.827736
16.000000,7.000000,1534.410480
17.000000,7.000000,1639.982498
18.000000,7.000000,1748.971683
19.000000,7.000000,1861.378034
20.000000,7.000000,1977.201551
21.000000,7.000000,2088.536061
22.000000,7.000000,2200.741190
23.000000,7.000000,2315.790707
24.000000,7.000000,2433.684612
25.000000,7.000000,2551.054064
26.000000,7.000000,2668.235190
27.000000,7.000000,2787.944795
28.000000,7.000000,2910.182880
29.000000,7.000000,3033.357775
30.000000,7.000000,3158.284155
31.000000,7.000000,3285.602773
16.000000,7.500000,1537.988908
17.000000,7.500000,1643.756948
18.000000,7.500000,1752.947646
19.000000,7.500000,1865.561003
20.000000,7.500000,1981.597018
21.000000,7.500000,2092.750909
22.000000,7.500000,2205.212416
23.000000,7.500000,2320.525576
24.000000,7.500000,2438.690389
25.000000,7.500000,2555.966488
26.000000,7.500000,2673.330879
27.000000,7.500000,2793.227405
28.000000,7.500000,2915.656064
29.000000,7.500000,3038.864552
30.000000,7.500000,3163.929349
31.000000,7.500000,3291.388067
16.000000,8.000000,1541.571032
17.000000,8.000000,1647.535289
18.000000,8.000000,1756.927701
19.000000,8.000000,1869.748267
20.000000,8.000000,1985.996989
21.000000,8.000000,2096.969540
22.000000,8.000000,2209.687688
23.000000,8.000000,2325.264762
24.000000,8.000000,2443.700761
25.000000,8.000000,2560.882975
26.000000,8.000000,2678.430792
27.000000,8.000000,2798.514400
28.000000,8.000000,2921.133799
29.000000,8.000000,3044.375587
30.000000,8.000000,3169.578885
31.000000,8.000000,3297.177785
16.000000,8.500000,1545.159703
17.000000,8.500000,1651.323484
18.000000,8.500000,1760.920458
19.000000,8.500000,1873.950624
20.000000,8.500000,1990.413982
21.000000,8.500000,2101.212078
22.000000,8.500000,2214.184703
23.000000,8.500000,2330.023413
24.000000,8.500000,2448.728207
25.000000,8.500000,2565.803883
26.000000,8.500000,2683.540035
27.000000,8.500000,2803.815805
28.000000,8.500000,2926.631194
29.000000,8.500000,3049.896347
30.000000,8.500000,3175.238432
31.000000,8.500000,3302.977806
16.000000,9.000000,1548.752231
17.000000,9.000000,1655.115702
18.000000,9.000000,1764.917405
19.000000,9.000000,1878.157340
20.000000,9.000000,1994.835509
21.000000,9.000000,2105.458436
22.000000,9.000000,2218.685797
23.000000,9.000000,2334.786410
24.000000,9.000000,2453.760276
25.000000,9.000000,2570.728866
26.000000,9.000000,2688.653520
27.000000,9.000000,2809.121620
28.000000,9.000000,2932.133169
29.000000,9.000000,3055.421379
30.000000,9.000000,3180.902334
31.000000,9.000000,3308.782264
16.000000,9.500000,1552.369213
17.000000,9.500000,1658.939864
18.000000,9.500000,1768.954511
19.000000,9.500000,1882.413154
20.000000,9.500000,1999.050867
21.000000,9.500000,2109.776080
22.000000,9.500000,2223.246002
23.000000,9.500000,2339.595192
24.000000,9.500000,2458.823649
25.000000,9.500000,2575.669681
26.000000,9.500000,2693.784585
27.000000,9.500000,2814.446791
28.000000,9.500000,2937.633445
29.000000,9.500000,3060.956178
30.000000,9.500000,3186.576292
31.000000,9.500000,3314.597070
16.000000,10.000000,1555.990124
17.000000,10.000000,1662.768155
18.000000,10.000000,1772.995950
19.000000,10.000000,1886.673507
20.000000,10.000000,2003.270359
21.000000,10.000000,2114.097765
22.000000,10.000000,2227.810458
23.000000,10.000000,2344.408438
24.000000,10.000000,2463.891706
25.000000,10.000000,2580.614603
26.000000,10.000000,2698.919923
27.000000,10.000000,2819.776403
28.000000,10.000000,2943.138261
29.000000,10.000000,3066.495263
30.000000,10.000000,3192.254619
31.000000,10.000000,3320.416328
16.000000,10.500000,1559.620366
17.000000,10.500000,1666.610990
18.000000,10.500000,1777.057537
19.000000,10.500000,1890.960007
20.000000,10.500000,2007.398394
21.000000,10.500000,2118.482638
22.000000,10.500000,2232.459402
23.000000,10.500000,2349.328686
24.000000,10.500000,2469.090489
25.000000,10.500000,2585.664759
26.000000,10.500000,2704.136591
27.000000,10.500000,2825.161940
28.000000,10.500000,2948.560763
29.000000,10.500000,3072.052448
30.000000,10.500000,3197.947913
31.000000,10.500000,3326.247159
16.000000,11.000000,1563.254559
17.000000,11.000000,1670.457990
18.000000,11.000000,1781.123509
19.000000,11.000000,1895.251116
20.000000,11.000000,2011.530365
21.000000,11.000000,2122.871711
22.000000,11.000000,2237.112817
23.000000,11.000000,2354.253683
24.000000,11.000000,2474.294309
25.000000,11.000000,2590.719313
26.000000,11.000000,2709.357751
27.000000,11.000000,2830.552063
28.000000,11.000000,2953.987532
29.000000,11.000000,3077.613967
30.000000,11.000000,3203.645610
31.000000,11.000000,3332.082461
16.000000,11.500000,1566.899059
17.000000,11.500000,1674.319965
18.000000,11.500000,1785.209365
19.000000,11.500000,1899.567258
20.000000,11.500000,2015.696940
21.000000,11.500000,2127.298468
22.000000,11.500000,2241.807235
23.000000,11.500000,2359.223241
24.000000,11.500000,2479.386221
25.000000,11.500000,2595.816809
26.000000,11.500000,2714.635065
27.000000,11.500000,2836.012407
28.000000,11.500000,2959.497951
29.000000,11.500000,3083.280507
30.000000,11.500000,3209.470150
31.000000,11.500000,3338.066880
16.000000,12.000000,1570.547528
17.000000,12.000000,1678.186132
18.000000,12.000000,1789.299640
19.000000,12.000000,1903.888053
20.000000,12.000000,2019.867505
21.000000,12.000000,2131.729491
22.000000,12.000000,2246.506204
23.000000,12.000000,2364.197645
24.000000,12.000000,2484.482912
25.000000,12.000000,2600.918832
26.000000,12.000000,2719.917049
27.000000,12.000000,2841.477563
28.000000,12.000000,2965.012925
29.000000,12.000000,3088.951684
30.000000,12.000000,3215.299408
31.000000,12.000000,3344.056099
16.000000,12.500000,1574.404998
17.000000,12.500000,1682.217308
18.000000,12.500000,1793.507663
19.000000,12.500000,1908.276062
20.000000,12.500000,2024.072631
21.000000,12.500000,2136.194951
22.000000,12.500000,2251.239450
23.000000,12.500000,2369.206130
24.000000,12.500000,2489.423190
25.000000,12.500000,2606.037718
26.000000,12.500000,2725.217846
27.000000,12.500000,2846.963575
28.000000,12.500000,2970.553307
29.000000,12.500000,3094.674586
30.000000,12.500000,3221.207807
31.000000,12.500000,3350.152970
16.000000,13.000000,1578.266912
17.000000,13.000000,1686.253042
18.000000,13.000000,1797.720358
19.000000,13.000000,1912.668860
20.000000,13.000000,2028.281799
21.000000,13.000000,2140.664729
22.000000,13.000000,2255.977301
23.000000,13.000000,2374.219515
24.000000,13.000000,2494.367878
25.000000,13.000000,2611.161157
26.000000,13.000000,2730.523343
27.000000,13.000000,2852.454436
28.000000,13.000000,2976.098289
29.000000,13.000000,3100.402221
30.000000,13.000000,3227.121072
31.000000,13.000000,3356.254844
16.000000,13.500000,1582.187187
17.000000,13.500000,1690.360817
18.000000,13.500000,1802.019469
19.000000,13.500000,1917.163143
20.000000,13.500000,2032.600195
21.000000,13.500000,2145.225072
22.000000,13.500000,2260.786002
23.000000,13.500000,2379.282985
24.000000,13.500000,2499.327725
25.000000,13.500000,2616.300372
26.000000,13.500000,2735.845243
27.000000,13.500000,2857.962340
28.000000,13.500000,2981.659326
29.000000,13.500000,3106.144038
30.000000,13.500000,3233.046582
15.000000,14.000000,1481.239622
16.000000,14.000000,1586.112033
17.000000,14.000000,1694.473303
18.000000,14.000000,1806.323434
19.000000,14.000000,1921.662425
20.000000,14.000000,2036.922827
21.000000,14.000000,2149.789894
22.000000,14.000000,2265.599431
23.000000,14.000000,2384.351438
24.000000,14.000000,2504.292003
25.000000,14.000000,2621.444163
26.000000,14.000000,2741.171867
27.000000,14.000000,2863.475118
28.000000,14.000000,2987.224984
29.000000,14.000000,3111.890607
30.000000,14.000000,3238.976973
15.000000,14.500000,1484.986196
16.000000,14.500000,1590.153577
17.000000,14.500000,1698.820594
18.000000,14.500000,1810.987247
19.000000,14.500000,1926.653538
20.000000,14.500000,2041.710820
21.000000,14.500000,2154.716442
22.000000,14.500000,2270.665431
23.000000,14.500000,2389.557787
24.000000,14.500000,2509.297438
25.000000,14.500000,2626.622693
26.000000,14.500000,2746.526496
27.000000,14.500000,2869.008845
28.000000,14.500000,2992.806082
29.000000,14.500000,3117.650757
30.000000,14.500000,3244.919024
15.000000,15.000000,1488.737202
16.000000,15.000000,1594.199939
17.000000,15.000000,1703.173105
18.000000,15.000000,1815.656699
19.000000,15.000000,1931.650723
20.000000,15.000000,2046.503923
21.000000,15.000000,2159.648141
22.000000,15.000000,2275.736623
23.000000,15.000000,2394.769370
24.000000,15.000000,2514.307375
25.000000,15.000000,2631.805859
26.000000,15.000000,2751.885893
27.000000,15.000000,2874.547477
28.000000,15.000000,2998.391819
29.000000,15.000000,3123.415675
30.000000,15.000000,3250.865972
15.000000,15.500000,1492.507962
16.000000,15.500000,1598.267290
17.000000,15.500000,1707.547889
18.000000,15.500000,1820.349758
19.000000,15.500000,1936.672897
20.000000,15.500000,2051.307456
21.000000,15.500000,2164.622125
22.000000,15.500000,2280.883836
23.000000,15.500000,2400.092589
24.000000,15.500000,2519.447251
25.000000,15.500000,2637.087415
26.000000,15.500000,2757.310280
27.000000,15.500000,2880.115846
28.000000,15.500000,3003.992391
29.000000,15.500000,3129.193585
30.000000,15.500000,3256.824005
15.000000,16.000000,1496.283190
16.000000,16.000000,1602.339499
17.000000,16.000000,1711.927936
18.000000,16.000000,1825.048501
19.000000,16.000000,1941.701194
20.000000,16.000000,2056.116131
21.000000,16.000000,2169.601379
22.000000,16.000000,2286.036446
23.000000,16.000000,2405.421334
24.000000,16.000000,2524.591946
25.000000,16.000000,2642.373837
26.000000,16.000000,2762.739581
27.000000,16.000000,2885.689176
28.000000,16.000000,3009.597621
29.000000,16.000000,3134.976280
30.000000,16.000000,3262.786949
15.000000,16.500000,1500.125669
16.000000,16.500000,1606.471532
17.000000,16.500000,1716.359071
18.000000,16.500000,1829.788286
19.000000,16.500000,1946.759178
20.000000,16.500000,2060.929864
21.000000,16.500000,2174.595293
22.000000,16.500000,2291.213910
23.000000,16.500000,2410.785715
24.000000,16.500000,2529.821735
25.000000,16.500000,2647.834400
26.000000,16.500000,2768.435679
27.000000,16.500000,2891.625572
28.000000,16.500000,3015.526428
29.000000,16.500000,3140.988734
30.000000,16.500000,3268.882009
15.000000,17.000000,1503.972896
16.000000,17.000000,1610.608662
17.000000,17.000000,1720.795661
18.000000,17.000000,1834.533892
19.000000,17.000000,1951.823356
20.000000,17.000000,2065.748758
21.000000,17.000000,2179.594523
22.000000,17.000000,2296.396845
23.000000,17.000000,2416.155724
24.000000,17.000000,2535.056532
25.000000,17.000000,2653.300175
26.000000,17.000000,2774.137200
27.000000,17.000000,2897.567606
28.000000,17.000000,3021.460462
29.000000,17.000000,3147.006368
30.000000,17.000000,3274.982202
15.000000,17.500000,1507.853853
16.000000,17.500000,1614.777642
17.000000,17.500000,1725.261879
18.000000,17.500000,1839.306564
19.000000,17.500000,1956.911697
20.000000,17.500000,2070.572416
21.000000,17.500000,2184.603653
22.000000,17.500000,2301.595030
23.000000,17.500000,2421.546545
24.000000,17.500000,2540.347090
25.000000,17.500000,2658.861510
26.000000,17.500000,2779.975766
27.000000,17.500000,2903.689857
28.000000,17.500000,3027.596261
29.000000,17.500000,3153.288606
30.000000,17.500000,3281.412313
15.000000,18.000000,1511.739648
16.000000,18.000000,1618.951801
17.000000,18.000000,1729.733623
18.000000,18.000000,1844.085114
19.000000,18.000000,1962.006273
20.000000,18.000000,2075.401245
21.000000,18.000000,2189.618118
22.000000,18.000000,2306.798712
23.000000,18.000000,2426.943029
24.000000,18.000000,2545.642747
25.000000,18.000000,2664.428229
26.000000,18.000000,2785.820009
27.000000,18.000000,2909.818087
28.000000,18.000000,3033.737663
29.000000,18.000000,3159.576525
30.000000,18.000000,3287.848180
15.000000,18.500000,1515.662316
16.000000,18.500000,1623.185994
17.000000,18.500000,1734.290236
18.000000,18.500000,1848.975043
19.000000,18.500000,1967.240415
20.000000,18.500000,2080.335313
21.000000,18.500000,2194.714899
22.000000,18.500000,2312.060153
23.000000,18.500000,2432.371076
24.000000,18.500000,2550.977221
25.000000,18.500000,2670.033540
26.000000,18.500000,2791.702587
27.000000,18.500000,2915.984363
28.000000,18.500000,3039.887712
29.000000,18.500000,3165.873343
30.000000,18.500000,3294.293275
15.000000,19.000000,1519.589901
16.000000,19.000000,1627.425511
17.000000,19.000000,1738.852595
18.000000,19.000000,1853.871154
19.000000,19.000000,1972.481186
20.000000,19.000000,2085.274843
21.000000,19.000000,2199.817230
22.000000,19.000000,2317.327232
23.000000,19.000000,2437.804848
24.000000,19.000000,2556.316854
25.000000,19.000000,2675.644294
26.000000,19.000000,2797.590901
27.000000,19.000000,2922.156676
28.000000,19.000000,3046.043379
29.000000,19.000000,3172.175861
30.000000,19.000000,3300.744150
15.000000,19.500000,1523.553888
16.000000,19.500000,1631.714058
17.000000,19.500000,1743.477558
18.000000,19.500000,1858.844387
19.000000,19.500000,1977.814546
20.000000,19.500000,2090.273791
21.000000,19.500000,2204.969521
22.000000,19.500000,2322.634044
23.000000,19.500000,2443.267359
24.000000,19.500000,2561.702973
25.000000,19.500000,2681.298802
26.000000,19.500000,2803.520000
27.000000,19.500000,2928.270479
28.000000,19.500000,3052.210352
29.000000,19.500000,3178.492472
30.000000,19.500000,3307.211992
15.000000,20.000000,1527.522871
16.000000,20.000000,1636.008052
17.000000,20.000000,1748.108434
18.000000,20.000000,1863.824019
19.000000,20.000000,1983.154807
20.000000,20.000000,2095.278377
21.000000,20.000000,2210.127502
22.000000,20.000000,2327.946597
23.000000,20.000000,2448.735662
24.000000,20.000000,2567.094342
25.000000,20.000000,2686.958834
26.000000,20.000000,2809.454905
27.000000,20.000000,2934.390108
28.000000,20.000000,3058.382960
29.000000,20.000000,3184.814803
30.000000,20.000000,3313.685637
15.000000,20.500000,1531.965156
16.000000,20.500000,1640.676119
17.000000,20.500000,1753.007310
18.000000,20.500000,1868.958729
19.000000,20.500000,1988.140401
20.000000,20.500000,2100.342341
21.000000,20.500000,2215.395699
22.000000,20.500000,2333.422841
23.000000,20.500000,2454.423768
24.000000,20.500000,2572.678921
25.000000,20.500000,2692.759414
26.000000,20.500000,2815.475065
27.000000,20.500000,2940.424016
28.000000,20.500000,3064.567755
29.000000,20.500000,3191.152163
30.000000,20.500000,3320.177242
15.000000,21.000000,1536.413555
16.000000,21.000000,1645.350509
17.000000,21.000000,1757.912721
18.000000,21.000000,1874.100190
19.000000,21.000000,1993.131912
20.000000,21.000000,2105.412074
21.000000,21.000000,2220.669836
22.000000,21.000000,2338.905200
23.000000,21.000000,2460.118164
24.000000,21.000000,2578.269152
25.000000,21.000000,2698.565805
26.000000,21.000000,2821.501195
27.000000,21.000000,2946.463487
28.000000,21.000000,3070.758201
29.000000,21.000000,3197.495263
30.000000,21.000000,3326.674675
15.000000,21.500000,1540.993553
16.000000,21.500000,1650.130142
17.000000,21.500000,1762.895188
18.000000,21.500000,1879.288689
19.000000,21.500000,1998.023627
20.000000,21.500000,2110.541042
21.000000,21.500000,2226.041763
22.000000,21.500000,2344.525789
23.000000,21.500000,2465.914718
24.000000,21.500000,2584.011030
25.000000,21.500000,2704.501937
26.000000,21.500000,2827.634295
27.000000,21.500000,2952.575860
28.000000,21.500000,3077.005649
29.000000,21.500000,3203.878463
30.000000,21.500000,3333.194302
15.000000,22.000000,1545.579983
16.000000,22.000000,1654.916346
17.000000,22.000000,1767.884365
18.000000,22.000000,1884.484038
19.000000,22.000000,2002.920983
20.000000,22.000000,2115.675905
21.000000,22.000000,2231.419843
22.000000,22.000000,2350.152795
23.000000,22.000000,2471.717750
24.000000,22.000000,2589.758872
25.000000,22.000000,2710.444159
26.000000,22.000000,2833.773612
27.000000,22.000000,2958.693994
28.000000,22.000000,3083.258892
29.000000,22.000000,3210.267492
30.000000,22.000000,3339.719793
15.000000,22.500000,1550.172052
16.000000,22.500000,1659.711422
17.000000,22.500000,1772.885867
18.000000,22.500000,1889.695388
19.000000,22.500000,2007.847788
20.000000,22.500000,2120.839819
21.000000,22.500000,2236.826462
22.000000,22.500000,2355.807716
23.000000,22.500000,2477.293601
24.000000,22.500000,2595.553060
25.000000,22.500000,2716.460936
26.000000,22.500000,2840.017230
27.000000,22.500000,2964.925693
28.000000,22.500000,3089.624758
29.000000,22.500000,3216.767856
30.000000,22.500000,3346.354988
15.000000,23.000000,1554.770560
16.000000,23.000000,1664.513084
17.000000,23.000000,1777.894106
18.000000,23.000000,1894.913625
19.000000,23.000000,2012.780302
20.000000,23.000000,2126.009691
21.000000,23.000000,2242.239292
22.000000,23.000000,2361.469106
23.000000,23.000000,2482.875320
24.000000,23.000000,2601.353320
25.000000,23.000000,2722.483993
26.000000,23.000000,2846.267338
27.000000,23.000000,2971.163463
28.000000,23.000000,3095.996709
29.000000,23.000000,3223.274321
30.000000,23.000000,3352.996298
15.000000,23.500000,1559.397800
16.000000,23.500000,1669.354722
17.000000,23.500000,1782.954749
18.000000,23.500000,1900.197881
19.000000,23.500000,2017.814242
20.000000,23.500000,2131.263654
21.000000,23.500000,2247.717147
22.000000,23.500000,2367.174720
23.000000,23.500000,2488.479248
24.000000,23.500000,2607.178710
25.000000,23.500000,2728.535229
26.000000,23.500000,2852.548806
27.000000,23.500000,2977.441453
28.000000,23.500000,3102.464750
29.000000,23.500000,3229.935129
15.000000,24.000000,1564.031577
16.000000,24.000000,1674.203103
17.000000,24.000000,1788.022342
18.000000,24.000000,1905.489293
19.000000,24.000000,2022.854245
20.000000,24.000000,2136.523854
21.000000,24.000000,2253.201412
22.000000,24.000000,2372.886919
23.000000,24.000000,2494.089082
24.000000,24.000000,2613.010215
25.000000,24.000000,2734.592796
26.000000,24.000000,2858.836823
27.000000,24.000000,2983.725593
28.000000,24.000000,3108.939080
29.000000,24.000000,3236.602366
15.000000,24.500000,1568.735727
16.000000,24.500000,1679.110609
17.000000,24.500000,1793.136357
18.000000,24.500000,1910.812971
19.000000,24.500000,2027.923089
20.000000,24.500000,2141.816636
21.000000,24.500000,2258.722203
22.000000,24.500000,2378.639790
23.000000,24.500000,2499.742839
24.000000,24.500000,2618.880965
25.000000,24.500000,2740.684543
26.000000,24.500000,2865.153573
27.000000,24.500000,2990.029144
28.000000,24.500000,3115.435029
29.000000,24.500000,3243.293500
15.000000,25.000000,1573.446710
16.000000,25.000000,1684.025085
17.000000,25.000000,1798.257482
18.000000,25.000000,1916.143899
19.000000,25.000000,2032.998057
20.000000,25.000000,2147.115726
21.000000,25.000000,2264.249487
22.000000,25.000000,2384.399341
23.000000,25.000000,2505.402610
24.000000,25.000000,2624.757921
25.000000,25.000000,2746.782691
26.000000,25.000000,2871.476922
27.000000,25.000000,2996.338873
28.000000,25.000000,3121.937298
29.000000,25.000000,3249.991098
15.000000,25.500000,1578.189107
16.000000,25.500000,1688.967234
17.000000,25.500000,1803.402013
18.000000,25.500000,1921.493444
19.000000,25.500000,2038.115980
20.000000,25.500000,2152.500265
21.000000,25.500000,2269.907000
22.000000,25.500000,2390.336187
23.000000,25.500000,2511.241650
24.000000,25.500000,2630.770150
25.000000,25.500000,2752.969826
26.000000,25.500000,2877.840677
27.000000,25.500000,3002.667556
28.000000,25.500000,3128.459155
29.000000,25.500000,3256.708930
14.000000,26.000000,1475.619735
15.000000,26.000000,1582.938443
16.000000,26.000000,1693.916436
17.000000,26.000000,1808.553714
18.000000,26.000000,1926.850276
19.000000,26.000000,2043.240114
20.000000,26.000000,2157.891306
21.000000,26.000000,2275.571313
22.000000,26.000000,2396.280135
23.000000,26.000000,2517.087113
24.000000,26.000000,2636.788886
25.000000,26.000000,2759.163550
26.000000,26.000000,2884.211106
27.000000,26.000000,3009.002444
28.000000,26.000000,3134.987360
29.000000,26.000000,3263.433253
14.000000,26.500000,1480.185236
15.000000,26.500000,1587.701577
16.000000,26.500000,1698.879839
17.000000,26.500000,1813.720023
18.000000,26.500000,1932.222129
19.000000,26.500000,2048.420472
20.000000,26.500000,2163.385277
21.000000,26.500000,2281.387622
22.000000,26.500000,2402.427508
23.000000,26.500000,2523.108105
24.000000,26.500000,2642.941813
25.000000,26.500000,2765.448124
26.000000,26.500000,2890.627038
27.000000,26.500000,3015.372908
28.000000,26.500000,3141.545649
29.000000,26.500000,3270.181930
14.000000,27.000000,1484.757581
15.000000,27.000000,1592.471669
16.000000,27.000000,1703.850316
17.000000,27.000000,1818.893523
18.000000,27.000000,1937.601290
19.000000,27.000000,2053.607161
20.000000,27.000000,2168.885981
21.000000,27.000000,2287.211081
22.000000,27.000000,2408.582459
23.000000,27.000000,2529.135900
24.000000,27.000000,2649.101527
25.000000,27.000000,2771.739468
26.000000,27.000000,2897.049724
27.000000,27.000000,3021.749637
28.000000,27.000000,3148.110333
29.000000,27.000000,3276.937135
14.000000,27.500000,1489.357940
15.000000,27.500000,1597.310367
16.000000,27.500000,1708.932597
17.000000,27.500000,1824.224632
18.000000,27.500000,1943.186471
19.000000,27.500000,2058.989490
20.000000,27.500000,2174.539231
21.000000,27.500000,2293.141473
22.000000,27.500000,2414.796217
23.000000,27.500000,2535.251205
24.000000,27.500000,2655.489017
25.000000,27.500000,2778.404944
26.000000,27.500000,2903.998985
27.000000,27.500000,3028.531538
28.000000,27.500000,3154.930306
29.000000,27.500000,3283.791647
14.000000,28.000000,1493.965214
15.000000,28.000000,1602.156210
16.000000,28.000000,1714.022258
17.000000,28.000000,1829.563357
18.000000,28.000000,1948.779508
19.000000,28.000000,2064.378616
20.000000,28.000000,2180.199574
21.000000,28.000000,2299.079260
22.000000,28.000000,2421.017676
23.000000,28.000000,2541.373498
24.000000,28.000000,2661.883793
25.000000,28.000000,2785.078009
26.000000,28.000000,2910.956147
27.000000,28.000000,3035.320523
28.000000,28.000000,3161.757174
29.000000,28.000000,3290.652871
14.000000,28.500000,1498.664288
15.000000,28.500000,1607.148751
16.000000,28.500000,1719.316368
17.000000,28.500000,1835.167138
18.000000,28.500000,1954.701062
19.000000,28.500000,2070.035123
20.000000,28.500000,2186.058828
21.000000,28.500000,2305.143555
22.000000,28.500000,2427.289304
23.000000,28.500000,2547.536131
24.000000,28.500000,2668.334743
25.000000,28.500000,2791.823731
26.000000,28.500000,2917.931731
27.000000,28.500000,3042.195422
28.000000,28.500000,3168.723480
29.000000,28.500000,3297.709565
14.000000,29.000000,1503.370621
15.000000,29.000000,1612.148922
16.000000,29.000000,1724.618485
17.000000,29.000000,1840.779312
18.000000,29.000000,1960.631402
19.000000,29.000000,2075.699096
20.000000,29.000000,2191.925660
21.000000,29.000000,2311.215540
22.000000,29.000000,2433.568737
23.000000,29.000000,2553.705828
24.000000,29.000000,2674.793089
25.000000,29.000000,2798.577191
26.000000,29.000000,2924.915202
27.000000,29.000000,3049.077609
28.000000,29.000000,3175.697022
29.000000,29.000000,3304.773442
14.000000,29.500000,1508.129993
15.000000,29.500000,1617.199093
16.000000,29.500000,1729.966976
17.000000,29.500000,1846.433641
18.000000,29.500000,1966.599089
19.000000,29.500000,2081.402849
20.000000,29.500000,2197.858454
21.000000,29.500000,2317.380988
22.000000,29.500000,2439.970449
23.000000,29.500000,2559.993719
24.000000,29.500000,2681.344032
25.000000,29.500000,2805.396395
26.000000,29.500000,2931.703199
27.000000,29.500000,3055.978057
28.000000,29.500000,3182.709839
29.000000,29.500000,3311.898544
14.000000,30.000000,1512.896791
15.000000,30.000000,1622.257045
16.000000,30.000000,1735.323604
17.000000,30.000000,1852.096471
18.000000,30.000000,1972.575643
19.000000,30.000000,2087.114148
20.000000,30.000000,2203.798975
21.000000,30.000000,2323.554342
22.000000,30.000000,2446.380249
23.000000,30.000000,2566.288931
24.000000,30.000000,2687.902568
25.000000,30.000000,2812.223470
26.000000,30.000000,2938.498523
27.000000,30.000000,3062.885835
28.000000,30.000000,3189.729985
29.000000,30.000000,3319.030972
14.000000,30.500000,1517.694642
15.000000,30.500000,1627.347205
16.000000,30.500000,1740.713600
17.000000,30.500000,1857.793828
18.000000,30.500000,1978.544821
19.000000,30.500000,2092.880530
20.000000,30.500000,2209.829445
21.000000,30.500000,2329.854375
22.000000,30.500000,2452.955320
23.000000,30.500000,2572.721350
24.000000,30.500000,2694.562621
25.000000,30.500000,2819.114505
26.000000,30.500000,2945.293930
27.000000,30.500000,3069.794441
28.000000,30.500000,3196.751730
29.000000,30.500000,3326.165796
14.000000,31.000000,1522.499989
15.000000,31.000000,1632.445215
16.000000,31.000000,1746.111804
17.000000,31.000000,1863.499757
18.000000,31.000000,1984.522803
19.000000,31.000000,2098.654588
20.000000,31.000000,2215.867867
21.000000,31.000000,2336.162640
22.000000,31.000000,2459.538908
23.000000,31.000000,2579.161419
24.000000,31.000000,2701.230502
25.000000,31.000000,2826.013546
26.000000,31.000000,2952.096660
27.000000,31.000000,3076.710373
28.000000,31.000000,3203.780802
29.000000,31.000000,3333.307946
14.000000,31.500000,1527.344746
15.000000,31.500000,1637.582733
16.000000,31.500000,1751.549543
17.000000,31.500000,1869.245178
18.000000,31.500000,1990.072528
19.000000,31.500000,2104.485868
20.000000,31.500000,2221.987590
21.000000,31.500000,2342.577692
22.000000,31.500000,2466.011886
23.000000,31.500000,2585.700333
24.000000,31.500000,2707.970612
25.000000,31.500000,2832.956607
26.000000,31.500000,2958.899736
27.000000,31.500000,3083.627398
28.000000,31.500000,3210.811740
29.000000,31.500000,3340.452760
14.000000,32.000000,1532.197095
15.000000,32.000000,1642.728193
16.000000,32.000000,1756.995582
17.000000,32.000000,1874.999260
18.000000,32.000000,1995.629733
19.000000,32.000000,2110.324973
20.000000,32.000000,2228.115487
21.000000,32.000000,2349.001277
22.000000,32.000000,2472.493061
23.000000,32.000000,2592.247161
24.000000,32.000000,2714.718729
25.000000,32.000000,2839.907766
26.000000,32.000000,2965.710131
27.000000,32.000000,3090.551747
28.000000,32.000000,3217.850003
29.000000,32.000000,3347.604899
14.000000,32.500000,1537.326489
15.000000,32.500000,1648.117912
16.000000,32.500000,1762.650769
17.000000,32.500000,1880.925062
18.000000,32.500000,2001.334184
19.000000,32.500000,2116.286076
20.000000,32.500000,2234.337941
21.000000,32.500000,2355.489780
22.000000,32.500000,2478.856086
23.000000,32.500000,2598.790320
24.000000,32.500000,2721.443706
25.000000,32.500000,2846.816244
26.000000,32.500000,2972.477342
27.000000,32.500000,3097.448832
28.000000,32.500000,3224.876604
14.000000,33.000000,1542.464338
15.000000,33.000000,1653.516337
16.000000,33.000000,1768.314919
17.000000,33.000000,1886.860085
18.000000,33.000000,2007.046598
19.000000,33.000000,2122.255388
20.000000,33.000000,2240.568852
21.000000,33.000000,2361.986988
22.000000,33.000000,2485.226952
23.000000,33.000000,2605.341411
24.000000,33.000000,2728.176706
25.000000,33.000000,2853.732837
26.000000,33.000000,2979.251934
27.000000,33.000000,3104.353279
28.000000,33.000000,3231.910548
14.000000,33.500000,1547.764185
15.000000,33.500000,1659.051967
16.000000,33.500000,1774.089627
17.000000,33.500000,1892.877165
18.000000,33.500000,2012.822136
19.000000,33.500000,2128.280299
20.000000,33.500000,2246.847146
21.000000,33.500000,2368.522677
22.000000,33.500000,2491.609917
23.000000,33.500000,2611.894595
24.000000,33.500000,2734.901797
25.000000,33.500000,2860.631525
26.000000,33.500000,2986.035353
27.000000,33.500000,3111.316997
28.000000,33.500000,3239.055608
14.000000,34.000000,1553.072998
15.000000,34.000000,1664.596727
16.000000,34.000000,1779.873631
17.000000,34.000000,1898.903709
18.000000,34.000000,2018.605812
19.000000,34.000000,2134.313564
20.000000,34.000000,2253.134010
21.000000,34.000000,2375.067152
22.000000,34.000000,2498.000742
23.000000,34.000000,2618.455728
24.000000,34.000000,2741.634927
25.000000,34.000000,2867.538338
26.000000,34.000000,2992.826230
27.000000,34.000000,3118.288237
28.000000,34.000000,3246.208250
14.000000,34.500000,1558.380801
15.000000,34.500000,1670.146572
16.000000,34.500000,1785.669217
17.000000,34.500000,1904.948737
18.000000,34.500000,2024.421081
19.000000,34.500000,2140.390707
20.000000,34.500000,2259.477804
21.000000,34.500000,2381.682373
22.000000,34.500000,2504.451642
23.000000,34.500000,2625.064222
24.000000,34.500000,2748.401907
25.000000,34.500000,2874.464697
26.000000,34.500000,2999.730592
27.000000,34.500000,3125.514540
28.000000,34.500000,3253.762897
14.000000,35.000000,1563.697536
15.000000,35.000000,1675.705533
16.000000,35.000000,1791.474107
17.000000,35.000000,1911.003256
18.000000,35.000000,2030.244551
19.000000,35.000000,2146.476306
20.000000,35.000000,2265.830310
21.000000,35.000000,2388.306564
22.000000,35.000000,2510.910570
23.000000,35.000000,2631.680790
24.000000,35.000000,2755.177007
25.000000,35.000000,2881.399222
26.000000,35.000000,3006.642644
27.000000,35.000000,3132.748900
28.000000,35.000000,3261.325975
14.000000,35.500000,1569.022612
15.000000,35.500000,1681.277043
16.000000,35.500000,1797.295995
17.000000,35.500000,1917.079467
18.000000,35.500000,2036.104319
19.000000,35.500000,2152.613732
20.000000,35.500000,2272.251120
21.000000,35.500000,2395.016483
22.000000,35.500000,2517.436460
23.000000,35.500000,2638.348717
24.000000,35.500000,2761.986889
25.000000,35.500000,2888.350978
26.000000,35.500000,3013.616905
27.000000,35.500000,3140.064340
28.000000,35.500000,3268.989683
14.000000,36.000000,1574.356620
15.000000,36.000000,1686.857682
16.000000,36.000000,1803.127211
17.000000,36.000000,1923.165207
18.000000,36.000000,2041.972364
19.000000,36.000000,2158.759738
20.000000,36.000000,2278.680818
21.000000,36.000000,2401.735602
22.000000,36.000000,2523.970562
23.000000,36.000000,2645.024849
24.000000,36.000000,2768.804971
25.000000,36.000000,2895.310925
26.000000,36.000000,3020.598970
27.000000,36.000000,3147.387992
28.000000,36.000000,3276.662019
14.000000,36.500000,1579.745533
15.000000,36.500000,1692.493447
16.000000,36.500000,1809.013199
17.000000,36.500000,1929.304791
18.000000,36.500000,2047.916738
19.000000,36.500000,2165.005971
20.000000,36.500000,2285.235962
21.000000,36.500000,2408.606711
22.000000,36.500000,2530.622104
23.000000,36.500000,2651.785710
24.000000,36.500000,2775.673120
25.000000,36.500000,2902.284334
26.000000,36.500000,3027.634234
27.000000,36.500000,3154.767031
28.000000,36.500000,3284.391968
14.000000,37.000000,1585.143585
15.000000,37.000000,1698.138534
16.000000,37.000000,1814.908694
17.000000,37.000000,1935.454063
18.000000,37.000000,2053.869602
19.000000,37.000000,2171.261070
20.000000,37.000000,2291.800356
21.000000,37.000000,2415.487460
22.000000,37.000000,2537.282188
23.000000,37.000000,2658.554999
24.000000,37.000000,2782.549587
25.000000,37.000000,2909.265950
26.000000,37.000000,3034.677393
27.000000,37.000000,3162.154378
28.000000,37.000000,3292.130645
14.000000,37.500000,1590.614101
15.000000,37.500000,1703.884496
16.000000,37.500000,1820.935346
17.000000,37.500000,1941.766651
18.000000,37.500000,2059.998308
19.000000,37.500000,2177.655712
20.000000,37.500000,2298.465098
21.000000,37.500000,2422.426466
22.000000,37.500000,2543.975155
23.000000,37.500000,2665.399485
24.000000,37.500000,2789.545418
25.000000,37.500000,2916.398137
26.000000,37.500000,3041.887477
27.000000,37.500000,3169.664212
28.000000,37.500000,3299.945513
13.000000,38.000000,1486.333588
14.000000,38.000000,1596.094004
15.000000,38.000000,1709.640124
16.000000,38.000000,1826.971946
17.000000,38.000000,1948.089472
18.000000,38.000000,2066.136054
19.000000,38.000000,2184.059643
20.000000,38.000000,2305.139376
21.000000,38.000000,2429.375254
22.000000,38.000000,2550.676726
23.000000,38.000000,2672.252564
24.000000,38.000000,2796.549836
25.000000,38.000000,2923.538860
26.000000,38.000000,3049.105806
27.000000,38.000000,3177.182603
28.000000,38.000000,3307.769251
13.000000,38.500000,1491.591629
14.000000,38.500000,1601.619430
15.000000,38.500000,1715.437866
16.000000,38.500000,1833.046937
17.000000,38.500000,1954.446644
18.000000,38.500000,2072.306206
19.000000,38.500000,2190.497056
20.000000,38.500000,2311.848221
21.000000,38.500000,2436.359702
22.000000,38.500000,2557.485598
23.000000,38.500000,2679.334108
24.000000,38.500000,2803.909141
25.000000,38.500000,2930.936274
26.000000,38.500000,3056.672397
27.000000,38.500000,3184.918308
28.000000,38.500000,3315.674006
13.000000,39.000000,1496.858918
14.000000,39.000000,1607.154365
15.000000,39.000000,1721.245382
16.000000,39.000000,1839.131968
17.000000,39.000000,1960.814125
18.000000,39.000000,2078.485460
19.000000,39.000000,2196.943821
20.000000,39.000000,2318.566666
21.000000,39.000000,2443.353996
22.000000,39.000000,2564.303326
23.000000,39.000000,2686.424800
24.000000,39.000000,2811.277893
25.000000,39.000000,2938.342708
26.000000,39.000000,3064.248012
27.000000,39.000000,3192.663038
28.000000,39.000000,3323.587785
13.000000,39.500000,1502.160726
14.000000,39.500000,1612.723474
15.000000,39.500000,1727.086631
16.000000,39.500000,1845.250198
17.000000,39.500000,1967.214174
18.000000,39.500000,2084.709084
19.000000,39.500000,2203.450658
20.000000,39.500000,2325.361817
21.000000,39.500000,2450.442561
22.000000,39.500000,2571.220259
23.000000,39.500000,2693.615636
24.000000,39.500000,2818.747476
25.000000,39.500000,2945.820087
26.000000,39.500000,3071.878593
27.000000,39.500000,3200.446816
28.000000,39.500000,3331.524754
13.000000,40.000000,1507.471869
14.000000,40.000000,1618.302175
15.000000,40.000000,1732.937732
16.000000,40.000000,1851.378541
17.000000,40.000000,1973.624601
18.000000,40.000000,2090.941912
19.000000,40.000000,2209.966998
20.000000,40.000000,2332.166770
21.000000,40.000000,2457.541227
22.000000,40.000000,2578.146303
23.000000,40.000000,2700.815869
24.000000,40.000000,2826.226745
25.000000,40.000000,2953.306636
26.000000,40.000000,3079.518345
27.000000,40.000000,3208.239764
28.000000,40.000000,3339.470895
13.000000,40.500000,1512.860974
14.000000,40.500000,1623.949555
15.000000,40.500000,1738.846930
16.000000,40.500000,1857.553099
17.000000,40.500000,1980.068063
18.000000,40.500000,2097.212946
19.000000,40.500000,2216.525997
20.000000,40.500000,2339.019157
21.000000,40.500000,2464.589218
22.000000,40.500000,2585.123679
23.000000,40.500000,2708.065085
24.000000,40.500000,2833.752328
25.000000,40.500000,2960.809722
26.000000,40.500000,3087.176242
27.000000,40.500000,3216.053095
28.000000,40.500000,3347.440281
13.000000,41.000000,1518.259680
14.000000,41.000000,1629.606750
15.000000,41.000000,1744.766156
16.000000,41.000000,1863.737897
17.000000,41.000000,1986.521974
18.000000,41.000000,2103.493268
19.000000,41.000000,2223.094599
20.000000,41.000000,2345.881462
21.000000,41.000000,2471.647142
22.000000,41.000000,2592.110292
23.000000,41.000000,2715.323809
24.000000,41.000000,2841.287694
25.000000,41.000000,2968.322005
26.000000,41.000000,3094.843368
27.000000,41.000000,3223.875685
28.000000,41.000000,3355.418954
13.000000,41.500000,1523.755569
14.000000,41.500000,1635.413931
15.000000,41.500000,1750.891151
16.000000,41.500000,1870.187229
17.000000,41.500000,1993.099582
18.000000,41.500000,2109.996070
19.000000,41.500000,2229.801377
20.000000,41.500000,2352.793713
21.000000,41.500000,2478.363999
22.000000,41.500000,2599.107230
23.000000,41.500000,2722.604942
24.000000,41.500000,2848.857136
25.000000,41.500000,2975.847942
26.000000,41.500000,3102.525563
27.000000,41.500000,3231.714871
13.000000,42.000000,1529.261379
14.000000,42.000000,1641.231425
15.000000,42.000000,1757.026850
16.000000,42.000000,1876.647654
17.000000,42.000000,1999.687979
18.000000,42.000000,2116.508816
19.000000,42.000000,2236.518178
20.000000,42.000000,2359.716066
21.000000,42.000000,2485.089895
22.000000,42.000000,2606.113487
23.000000,42.000000,2729.895669
24.000000,42.000000,2856.436441
25.000000,42.000000,2983.383095
26.000000,42.000000,3110.217011
27.000000,42.000000,3239.563346
13.000000,42.500000,1534.918120
14.000000,42.500000,1647.238067
15.000000,42.500000,1763.392203
16.000000,42.500000,1883.380529
17.000000,42.500000,2006.257490
18.000000,42.500000,2123.220664
19.000000,42.500000,2243.370273
20.000000,42.500000,2366.706316
21.000000,42.500000,2491.847144
22.000000,42.500000,2613.154305
23.000000,42.500000,2737.224229
24.000000,42.500000,2864.056916
25.000000,42.500000,2990.931897
26.000000,42.500000,3117.922713
27.000000,42.500000,3247.426692
13.000000,43.000000,1540.585289
14.000000,43.000000,1653.255654
15.000000,43.000000,1769.769024
16.000000,43.000000,1890.125399
17.000000,43.000000,2012.837655
18.000000,43.000000,2129.943037
19.000000,43.000000,2250.232766
20.000000,43.000000,2373.706840
21.000000,43.000000,2498.613486
22.000000,43.000000,2620.204501
23.000000,43.000000,2744.562447
24.000000,43.000000,2871.687321
25.000000,43.000000,2998.489932
26.000000,43.000000,3125.637685
27.000000,43.000000,3255.299346
13.000000,43.500000,1546.324712
14.000000,43.500000,1659.340383
15.000000,43.500000,1776.207433
16.000000,43.500000,1896.925862
17.000000,43.500000,2019.425103
18.000000,43.500000,2136.670475
19.000000,43.500000,2257.098023
20.000000,43.500000,2380.707749
21.000000,43.500000,2505.431238
22.000000,43.500000,2627.372787
23.000000,43.500000,2752.088846
24.000000,43.500000,2879.579413
25.000000,43.500000,3006.256180
26.000000,43.500000,3133.491794
27.000000,43.500000,3263.238579
13.000000,44.000000,1552.074786
14.000000,44.000000,1665.436255
15.000000,44.000000,1782.657482
16.000000,44.000000,1903.738468
17.000000,44.000000,2026.023195
18.000000,44.000000,2143.408423
19.000000,44.000000,2263.973659
20.000000,44.000000,2387.718904
21.000000,44.000000,2512.258196
22.000000,44.000000,2634.550754
23.000000,44.000000,2759.625407
24.000000,44.000000,2887.482154
25.000000,44.000000,3014.032231
26.000000,44.000000,3141.355535
27.000000,44.000000,3271.187275
13.000000,44.500000,1558.025786
14.000000,44.500000,1671.695446
15.000000,44.500000,1789.230337
16.000000,44.500000,1910.630458
17.000000,44.500000,2032.637814
18.000000,44.500000,2150.190551
19.000000,44.500000,2270.922629
20.000000,44.500000,2394.834049
21.000000,44.500000,2519.238563
22.000000,44.500000,2641.863927
23.000000,44.500000,2767.278083
24.000000,44.500000,2895.481033
25.000000,44.500000,3021.832155
26.000000,44.500000,3149.233571
27.000000,44.500000,3279.140153
13.000000,45.000000,1563.988140
14.000000,45.000000,1677.966331
15.000000,45.000000,1795.815225
16.000000,45.000000,1917.534823
17.000000,45.000000,2039.263096
18.000000,45.000000,2156.983295
19.000000,45.000000,2277.882169
20.000000,45.000000,2401.959717
21.000000,45.000000,2526.228523
22.000000,45.000000,2649.187119
23.000000,45.000000,2774.941211
24.000000,45.000000,2903.490799
25.000000,45.000000,3029.641933
26.000000,45.000000,3157.121259
27.000000,45.000000,3287.102485
13.000000,45.500000,1570.119404
14.000000,45.500000,1684.374829
15.000000,45.500000,1802.504066
16.000000,45.500000,1924.507113
17.000000,45.500000,2045.907774
18.000000,45.500000,2163.792347
19.000000,45.500000,2284.854743
20.000000,45.500000,2409.094961
21.000000,45.500000,2533.262828
22.000000,45.500000,2656.556732
23.000000,45.500000,2782.652969
24.000000,45.500000,2911.551539
25.000000,45.500000,3037.608922
26.000000,45.500000,3165.347590
27.000000,45.500000,3295.591674
13.000000,46.000000,1576.262615
14.000000,46.000000,1690.795484
15.000000,46.000000,1809.205270
16.000000,46.000000,1931.491971
17.000000,46.000000,2052.563149
18.000000,46.000000,2170.612039
19.000000,46.000000,2291.837899
20.000000,46.000000,2416.240730
21.000000,46.000000,2540.306820
22.000000,46.000000,2663.936465
23.000000,46.000000,2790.375287
24.000000,46.000000,2919.623286
25.000000,46.000000,3045.586149
26.000000,46.000000,3173.584391
27.000000,46.000000,3304.091570
13.000000,46.500000,1582.504939
14.000000,46.500000,1697.339195
15.000000,46.500000,1816.055172
16.000000,46.500000,1938.652871
17.000000,46.500000,2059.444629
18.000000,46.500000,2177.742024
19.000000,46.500000,2299.219022
20.000000,46.500000,2423.875623
21.000000,46.500000,2547.807984
22.000000,46.500000,2671.642067
23.000000,46.500000,2798.285775
24.000000,46.500000,2927.612777
25.000000,46.500000,3053.618971
26.000000,46.500000,3181.901539
27.000000,46.500000,3312.697592
13.000000,47.000000,1588.759567
14.000000,47.000000,1703.895510
15.000000,47.000000,1822.917979
16.000000,47.000000,1945.826977
17.000000,47.000000,2066.337563
18.000000,47.000000,2184.883636
19.000000,47.000000,2306.611946
20.000000,47.000000,2431.522492
21.000000,47.000000,2555.320085
22.000000,47.000000,2679.358659
23.000000,47.000000,2806.207306
24.000000,47.000000,2935.612996
25.000000,47.000000,3061.662151
26.000000,47.000000,3190.229344
27.000000,47.000000,3321.314575
13.000000,47.500000,1595.071348
14.000000,47.500000,1710.514608
15.000000,47.500000,1829.849569
16.000000,47.500000,1953.076232
17.000000,47.500000,2073.296456
18.000000,47.500000,2192.082598
19.000000,47.500000,2314.052934
20.000000,47.500000,2439.207465
21.000000,47.500000,2562.857701
22.000000,47.500000,2687.097673
23.000000,47.500000,2814.147986
24.000000,47.500000,2943.412682
25.000000,47.500000,3069.745512
26.000000,47.500000,3198.601055
27.000000,47.500000,3329.979311
13.000000,48.000000,1601.395611
14.000000,48.000000,1717.146505
15.000000,48.000000,1836.794278
16.000000,48.000000,1960.338929
17.000000,48.000000,2080.266991
18.000000,48.000000,2199.293341
19.000000,48.000000,2321.505843
20.000000,48.000000,2446.904497
21.000000,48.000000,2570.406294
22.000000,48.000000,2694.847707
23.000000,48.000000,2822.099728
24.000000,48.000000,2951.222498
25.000000,48.000000,3077.839308
26.000000,48.000000,3206.983510
27.000000,48.000000,3338.655104
13.000000,48.500000,1607.857624
14.000000,48.500000,1723.889093
15.000000,48.500000,1843.820529
16.000000,48.500000,1967.651933
17.000000,48.500000,2087.265904
18.000000,48.500000,2206.530542
19.000000,48.500000,2328.983191
20.000000,48.500000,2454.623851
21.000000,48.500000,2577.967700
22.000000,48.500000,2702.606249
23.000000,48.500000,2830.055998
24.000000,48.500000,2959.067045
25.000000,48.500000,3085.970003
26.000000,48.500000,3215.404433
27.000000,48.500000,3347.370333
13.000000,49.000000,1614.332611
14.000000,49.000000,1730.644854
15.000000,49.000000,1850.860155
16.000000,49.000000,1974.978513
17.000000,49.000000,2094.276513
18.000000,49.000000,2213.779571
19.000000,49.000000,2336.472499
20.000000,49.000000,2462.355295
21.000000,49.000000,2585.540101
22.000000,49.000000,2710.375833
23.000000,49.000000,2838.023358
24.000000,49.000000,2966.921856
25.000000,49.000000,3094.111251
26.000000,49.000000,3223.836197
27.000000,49.000000,3356.096692
13.000000,49.500000,1620.923820
14.000000,49.500000,1737.478154
15.000000,49.500000,1857.935848
16.000000,49.500000,1982.296901
17.000000,49.500000,2101.273534
18.000000,49.500000,2221.019447
19.000000,49.500000,2343.957556
20.000000,49.500000,2470.087860
21.000000,49.500000,2593.112942
22.000000,49.500000,2718.145222
23.000000,49.500000,2845.990197
24.000000,49.500000,2974.810067
25.000000,49.500000,3102.288531
26.000000,49.500000,3232.305997
12.000000,50.000000,1514.635612
13.000000,50.000000,1627.528414
14.000000,50.000000,1744.324877
15.000000,50.000000,1865.025000
16.000000,50.000000,1989.628783
17.000000,50.000000,2108.282171
18.000000,50.000000,2228.271090
19.000000,50.000000,2351.454532
20.000000,50.000000,2477.832497
21.000000,50.000000,2600.696779
22.000000,50.000000,2725.925662
23.000000,50.000000,2853.968141
24.000000,50.000000,2982.708656
25.000000,50.000000,3110.476467
26.000000,50.000000,3240.786727
12.000000,50.500000,1521.044074
13.000000,50.500000,1634.174281
14.000000,50.500000,1751.207807
15.000000,50.500000,1872.144653
16.000000,50.500000,1996.984817
17.000000,50.500000,2115.323576
18.000000,50.500000,2235.554357
19.000000,50.500000,2358.981719
20.000000,50.500000,2485.465428
21.000000,50.500000,2608.322206
22.000000,50.500000,2733.769704
23.000000,50.500000,2862.032774
24.000000,50.500000,2990.716554
25.000000,50.500000,3118.753815
26.000000,50.500000,3249.336368
12.000000,51.000000,1527.466039
13.000000,51.000000,1640.833663
14.000000,51.000000,1758.104263
15.000000,51.000000,1879.277839
16.000000,51.000000,2004.354393
17.000000,51.000000,2122.376674
18.000000,51.000000,2242.849459
19.000000,51.000000,2366.520883
20.000000,51.000000,2493.110031
21.000000,51.000000,2615.958717
22.000000,51.000000,2741.624950
23.000000,51.000000,2870.108729
24.000000,51.000000,2998.735094
25.000000,51.000000,3127.042039
26.000000,51.000000,3257.897114
12.000000,51.500000,1533.922994
13.000000,51.500000,1647.558246
14.000000,51.500000,1765.098493
15.000000,51.500000,1886.543735
16.000000,51.500000,2011.727370
17.000000,51.500000,2129.633101
18.000000,51.500000,2250.365282
19.000000,51.500000,2374.298654
20.000000,51.500000,2500.775349
21.000000,51.500000,2623.790810
22.000000,51.500000,2749.622605
23.000000,51.500000,2878.270734
24.000000,51.500000,3006.825219
25.000000,51.500000,3135.401100
26.000000,51.500000,3266.528506
12.000000,52.000000,1540.393551
13.000000,52.000000,1654.296567
14.000000,52.000000,1772.106596
15.000000,52.000000,1893.823640
16.000000,52.000000,2019.113873
17.000000,52.000000,2136.901894
18.000000,52.000000,2257.893657
19.000000,52.000000,2382.089162
20.000000,52.000000,2508.452382
21.000000,52.000000,2631.634560
22.000000,52.000000,2757.631859
23.000000,52.000000,2886.444278
24.000000,52.000000,3014.926152
25.000000,52.000000,3143.771217
26.000000,52.000000,3275.171204
12.000000,52.500000,1546.838186
13.000000,52.500000,1661.025200
14.000000,52.500000,1779.121874
15.000000,52.500000,1901.128210
16.000000,52.500000,2026.164642
17.000000,52.500000,2144.221216
18.000000,52.500000,2265.484815
19.000000,52.500000,2389.955440
20.000000,52.500000,2516.194621
21.000000,52.500000,2639.533190
22.000000,52.500000,2765.685043
23.000000,52.500000,2894.650179
24.000000,52.500000,3023.101337
25.000000,52.500000,3152.249054
26.000000,52.500000,3283.956524
12.000000,53.000000,1553.296271
13.000000,53.000000,1667.767484
14.000000,53.000000,1786.151004
15.000000,53.000000,1908.446830
16.000000,53.000000,2033.227679
17.000000,53.000000,2151.553030
18.000000,53.000000,2273.088691
19.000000,53.000000,2397.834663
20.000000,53.000000,2523.948741
21.000000,53.000000,2647.443606
22.000000,53.000000,2773.749917
23.000000,53.000000,2902.867674
24.000000,53.000000,3031.287496
25.000000,53.000000,3160.738206
26.000000,53.000000,3292.753501
12.000000,53.500000,1559.732651
13.000000,53.500000,1674.498287
14.000000,53.500000,1793.179297
15.000000,53.500000,1915.775683
16.000000,53.500000,2040.318042
17.000000,53.500000,2158.919922
18.000000,53.500000,2280.735606
19.000000,53.500000,2405.765095
20.000000,53.500000,2531.738747
21.000000,53.500000,2655.398802
22.000000,53.500000,2781.868850
23.000000,53.500000,2911.148890
24.000000,53.500000,3039.561770
25.000000,53.500000,3169.303828
26.000000,53.500000,3301.614780
12.000000,54.000000,1566.182337
13.000000,54.000000,1681.242643
14.000000,54.000000,1800.221390
15.000000,54.000000,1923.118576
16.000000,54.000000,2047.420731
17.000000,54.000000,2166.299387
18.000000,54.000000,2288.395342
19.000000,54.000000,2413.708597
20.000000,54.000000,2539.540704
21.000000,54.000000,2663.365879
22.000000,54.000000,2789.999592
23.000000,54.000000,2919.441844
24.000000,54.000000,3047.847221
25.000000,54.000000,3177.880933
26.000000,54.000000,3310.487851
12.000000,54.500000,1572.707657
13.000000,54.500000,1688.051392
14.000000,54.500000,1807.315514
15.000000,54.500000,1930.500023
16.000000,54.500000,2054.555826
17.000000,54.500000,2173.714755
18.000000,54.500000,2296.094323
19.000000,54.500000,2421.694530
20.000000,54.500000,2547.412433
21.000000,54.500000,2671.524285
22.000000,54.500000,2798.448861
23.000000,54.500000,2928.186162
24.000000,54.500000,3056.497686
25.000000,54.500000,3186.695741
26.000000,54.500000,3319.466048
12.000000,55.000000,1579.246541
13.000000,55.000000,1694.873900
14.000000,55.000000,1814.423588
15.000000,55.000000,1937.895605
16.000000,55.000000,2061.703317
17.000000,55.000000,2181.142773
18.000000,55.000000,2303.806206
19.000000,55.000000,2429.693617
20.000000,55.000000,2555.296270
21.000000,55.000000,2679.695093
22.000000,55.000000,2806.910828
23.000000,55.000000,2936.943475
24.000000,55.000000,3065.160284
25.000000,55.000000,3195.522633
26.000000,55.000000,3328.456278
12.000000,55.500000,1585.871593
13.000000,55.500000,1701.784223
14.000000,55.500000,1821.621132
15.000000,55.500000,1945.382320
16.000000,55.500000,2068.950775
17.000000,55.500000,2188.656213
18.000000,55.500000,2311.587535
19.000000,55.500000,2437.744740
20.000000,55.500000,2563.225575
21.000000,55.500000,2687.913185
22.000000,55.500000,2815.422027
23.000000,55.500000,2945.677122
24.000000,55.500000,3073.846427
25.000000,55.500000,3204.372776
26.000000,55.500000,3337.469375
12.000000,56.000000,1592.510508
13.000000,56.000000,1708.708603
14.000000,56.000000,1828.832923
15.000000,56.000000,1952.883468
16.000000,56.000000,2076.210945
17.000000,56.000000,2196.182560
18.000000,56.000000,2319.381960
19.000000,56.000000,2445.809144
20.000000,56.000000,2571.167086
21.000000,56.000000,2696.143781
22.000000,56.000000,2823.946032
23.000000,56.000000,2954.423647
24.000000,56.000000,3082.544737
25.000000,56.000000,3213.235032
26.000000,56.000000,3346.494530
12.000000,56.500000,1599.230883
13.000000,56.500000,1715.710823
14.000000,56.500000,1836.118831
15.000000,56.500000,1960.454909
16.000000,56.500000,2083.567120
17.000000,56.500000,2203.847427
18.000000,56.500000,2327.359693
19.000000,56.500000,2454.103919
20.000000,56.500000,2579.343184
21.000000,56.500000,2704.580624
22.000000,56.500000,2832.646085
23.000000,56.500000,2963.080759
24.000000,56.500000,3091.393364
25.000000,56.500000,3222.275119
26.000000,56.500000,3355.726023
12.000000,57.000000,1605.965406
13.000000,57.000000,1722.727359
14.000000,57.000000,1843.419223
15.000000,57.000000,1968.040998
16.000000,57.000000,2090.936303
17.000000,57.000000,2211.525641
18.000000,57.000000,2335.351111
19.000000,57.000000,2462.412715
20.000000,57.000000,2587.532210
21.000000,57.000000,2713.030591
22.000000,57.000000,2841.359458
23.000000,57.000000,2971.750430
24.000000,57.000000,3100.254566
25.000000,57.000000,3231.327796
26.000000,57.000000,3364.970120
12.000000,57.500000,1612.760728
13.000000,57.500000,1729.792454
14.000000,57.500000,1850.755013
15.000000,57.500000,1975.648406
16.000000,57.500000,2098.338544
17.000000,57.500000,2219.254334
18.000000,57.500000,2343.411579
19.000000,57.500000,2470.810279
20.000000,57.500000,2595.796836
21.000000,57.500000,2721.540694
22.000000,57.500000,2850.116468
23.000000,57.500000,2980.441998
24.000000,57.500000,3109.158251
25.000000,57.500000,3240.444629
26.000000,57.500000,3374.301131
12.000000,58.000000,1619.570395
13.000000,58.000000,1736.872006
14.000000,58.000000,1858.105370
15.000000,58.000000,1983.270488
16.000000,58.000000,2105.753862
17.000000,58.000000,2226.996504
18.000000,58.000000,2351.485924
19.000000,58.000000,2479.222123
20.000000,58.000000,2604.074600
21.000000,58.000000,2730.064074
22.000000,58.000000,2858.886894
23.000000,58.000000,2989.146155
24.000000,58.000000,3118.074605
25.000000,58.000000,3249.574211
26.000000,58.000000,3383.644973
12.000000,58.500000,1626.537954
13.000000,58.500000,1744.134269
14.000000,58.500000,1865.664568
15.000000,58.500000,1991.128851
16.000000,58.500000,2113.374271
17.000000,58.500000,2234.890912
18.000000,58.500000,2359.656664
19.000000,58.500000,2487.671527
20.000000,58.500000,2612.371149
21.000000,58.500000,2738.609146
22.000000,58.500000,2867.681980
23.000000,58.500000,2997.873236
24.000000,58.500000,3127.018665
25.000000,58.500000,3258.736842
12.000000,59.000000,1633.520468
13.000000,59.000000,1751.411683
14.000000,59.000000,1873.239111
15.000000,59.000000,1999.002751
16.000000,59.000000,2121.008438
17.000000,59.000000,2242.799281
18.000000,59.000000,2367.841565
19.000000,59.000000,2496.135290
20.000000,59.000000,2620.680855
21.000000,59.000000,2747.167523
22.000000,59.000000,2876.490516
23.000000,59.000000,3006.612941
24.000000,59.000000,3135.975453
25.000000,59.000000,3267.912303
12.000000,59.500000,1640.714158
13.000000,59.500000,1758.861240
14.000000,59.500000,1880.943751
15.000000,59.500000,2006.961693
16.000000,59.500000,2128.702343
17.000000,59.500000,2250.754338
18.000000,59.500000,2376.059414
19.000000,59.500000,2504.617571
20.000000,59.500000,2629.006625
21.000000,59.500000,2755.741562
22.000000,59.500000,2885.314780
23.000000,59.500000,3015.372989
24.000000,59.500000,3144.952605
25.000000,59.500000,3277.107495
12.000000,60.000000,1647.923653
13.000000,60.000000,1766.326605
14.000000,60.000000,1888.664203
15.000000,60.000000,2014.936446
16.000000,60.000000,2136.410171
17.000000,60.000000,2258.723470
18.000000,60.000000,2384.291488
19.000000,60.000000,2513.114225
20.000000,60.000000,2637.345571
21.000000,60.000000,2764.328930
22.000000,60.000000,2894.152528
23.000000,60.000000,3024.145725
24.000000,60.000000,3153.942533
25.000000,60.000000,3286.315550
12.000000,60.500000,1655.066333
13.000000,60.500000,1773.777227
14.000000,60.500000,1896.425925
15.000000,60.500000,2023.012428
16.000000,60.500000,2144.218342
17.000000,60.500000,2266.765462
18.000000,60.500000,2392.566944
19.000000,60.500000,2521.267321
20.000000,60.500000,2645.702996
21.000000,60.500000,2772.936885
22.000000,60.500000,2903.013174
23.000000,60.500000,3032.939678
24.000000,60.500000,3162.952779
25.000000,60.500000,3295.542793
12.000000,61.000000,1662.224458
13.000000,61.000000,1781.243529
14.000000,61.000000,1904.203563
15.000000,61.000000,2031.104562
16.000000,61.000000,2152.040753
17.000000,61.000000,2274.821741
18.000000,61.000000,2400.856728
19.000000,61.000000,2529.433594
20.000000,61.000000,2654.073617
21.000000,61.000000,2781.558198
22.000000,61.000000,2911.887339
23.000000,61.000000,3041.746354
24.000000,61.000000,3171.975827
25.000000,61.000000,3304.782919
12.000000,61.500000,1669.423602
13.000000,61.500000,1788.761659
14.000000,61.500000,1912.044270
15.000000,61.500000,2039.271437
16.000000,61.500000,2159.936968
17.000000,61.500000,2282.969506
18.000000,61.500000,2409.257022
19.000000,61.500000,2537.695966
20.000000,61.500000,2662.599681
21.000000,61.500000,2790.350374
22.000000,61.500000,2920.948044
23.000000,61.500000,3050.702191
24.000000,61.500000,3181.099692
25.000000,61.500000,3314.073369
11.000000,62.000000,1560.929127
12.000000,62.000000,1676.638301
13.000000,62.000000,1796.295621
14.000000,62.000000,1919.901087
15.000000,62.000000,2047.454698
16.000000,62.000000,2167.847640
17.000000,62.000000,2291.131834
18.000000,62.000000,2417.671982
19.000000,62.000000,2545.971797
20.000000,62.000000,2671.139404
21.000000,62.000000,2799.156408
22.000000,62.000000,2930.022806
23.000000,62.000000,3059.671153
24.000000,62.000000,3190.236616
25.000000,62.000000,3323.376813
11.000000,62.500000,1567.858016
12.000000,62.500000,1683.887308
13.000000,62.500000,1803.868360
14.000000,62.500000,1927.801173
15.000000,62.500000,2055.337865
16.000000,62.500000,2175.839290
17.000000,62.500000,2299.417178
18.000000,62.500000,2426.254227
19.000000,62.500000,2554.443708
20.000000,62.500000,2679.862270
21.000000,62.500000,2808.131751
22.000000,62.500000,2939.252152
23.000000,62.500000,3068.745335
24.000000,62.500000,3199.448653
25.000000,62.500000,3332.724430
11.000000,63.000000,1574.802248
12.000000,63.000000,1691.151950
13.000000,63.000000,1811.457027
14.000000,63.000000,1935.717479
15.000000,63.000000,2063.236178
16.000000,63.000000,2183.845642
17.000000,63.000000,2307.717474
18.000000,63.000000,2434.851675
19.000000,63.000000,2562.929681
20.000000,63.000000,2688.599342
21.000000,63.000000,2817.121447
22.000000,63.000000,2948.495994
23.000000,63.000000,3077.832920
24.000000,63.000000,3208.673944
25.000000,63.000000,3342.085151
11.000000,63.500000,1581.763615
12.000000,63.500000,1698.414045
13.000000,63.500000,1819.022055
14.000000,63.500000,1943.587644
15.000000,63.500000,2070.927265
16.000000,63.500000,2191.870903
17.000000,63.500000,2316.081468
18.000000,63.500000,2443.558961
19.000000,63.500000,2571.533599
20.000000,63.500000,2697.437484
21.000000,63.500000,2826.194460
22.000000,63.500000,2957.804526
23.000000,63.500000,3087.000133
24.000000,63.500000,3218.024826
25.000000,63.500000,3351.619422
11.000000,64.000000,1588.740308
12.000000,64.000000,1705.691675
13.000000,64.000000,1826.602825
14.000000,64.000000,1951.473757
15.000000,64.000000,2078.632653
16.000000,64.000000,2199.910881
17.000000,64.000000,2324.460593
18.000000,64.000000,2452.281787
19.000000,64.000000,2580.151921
20.000000,64.000000,2706.290114
21.000000,64.000000,2835.282043
22.000000,64.000000,2967.127709
23.000000,64.000000,3096.180945
24.000000,64.000000,3227.389287
25.000000,64.000000,3361.167253
11.000000,64.500000,1595.749634
12.000000,64.500000,1713.006215
13.000000,64.500000,1834.225214
14.000000,64.500000,1959.406632
15.000000,64.500000,2086.402025
16.000000,64.500000,2208.016717
17.000000,64.500000,2332.907239
18.000000,64.500000,2461.073592
19.000000,64.500000,2588.822868
20.000000,64.500000,2715.206168
21.000000,64.500000,2844.444354
22.000000,64.500000,2976.407931
23.000000,64.500000,3105.463297
24.000000,64.500000,3236.881476
25.000000,64.500000,3370.870055
11.000000,65.000000,1602.774366
12.000000,65.000000,1720.336382
13.000000,65.000000,1841.863452
14.000000,65.000000,1967.355577
15.000000,65.000000,2094.185879
16.000000,65.000000,2216.137456
17.000000,65.000000,2341.369205
18.000000,65.000000,2469.881125
19.000000,65.000000,2597.508344
20.000000,65.000000,2724.136867
21.000000,65.000000,2853.621426
22.000000,65.000000,2985.702617
23.000000,65.000000,3114.759512
24.000000,65.000000,3246.387581
25.000000,65.000000,3380.586823
11.000000,65.500000,1609.955930
12.000000,65.500000,1727.797763
13.000000,65.500000,1849.605482
14.000000,65.500000,1975.379087
15.000000,65.500000,2102.036377
16.000000,65.500000,2224.326125
17.000000,65.500000,2349.900108
18.000000,65.500000,2478.758326
19.000000,65.500000,2606.253213
20.000000,65.500000,2733.143642
21.000000,65.500000,2862.892063
22.000000,65.500000,2994.888410
23.000000,65.500000,3124.139057
24.000000,65.500000,3255.960839
25.000000,65.500000,3390.353755
11.000000,66.000000,1617.153532
12.000000,66.000000,1735.275270
13.000000,66.000000,1857.363726
14.000000,66.000000,1983.418900
15.000000,66.000000,2109.901549
16.000000,66.000000,2232.529892
17.000000,66.000000,2358.446524
18.000000,66.000000,2487.651446
19.000000,66.000000,2615.012759
20.000000,66.000000,2742.165263
21.000000,66.000000,2872.177716
22.000000,66.000000,3004.088278
23.000000,66.000000,3133.532675
24.000000,66.000000,3265.548168
25.000000,66.000000,3400.134757
11.000000,66.500000,1624.429560
12.000000,66.500000,1742.820187
13.000000,66.500000,1865.177492
14.000000,66.500000,1991.501476
15.000000,66.500000,2117.820322
16.000000,66.500000,2240.805658
17.000000,66.500000,2367.084472
18.000000,66.500000,2496.656766
19.000000,66.500000,2623.863347
20.000000,66.500000,2751.260179
21.000000,66.500000,2881.517799
22.000000,66.500000,3013.315431
23.000000,66.500000,3142.959133
24.000000,66.500000,3275.174094
11.000000,67.000000,1631.721907
12.000000,67.000000,1750.381454
13.000000,67.000000,1873.007640
14.000000,67.000000,1999.600466
15.000000,67.000000,2125.753919
16.000000,67.000000,2249.096732
17.000000,67.000000,2375.738210
18.000000,67.000000,2505.678352
19.000000,67.000000,2632.728871
20.000000,67.000000,2760.370137
21.000000,67.000000,2890.873025
22.000000,67.000000,3022.556698
23.000000,67.000000,3152.399718
24.000000,67.000000,3284.814163
11.000000,67.500000,1639.101642
12.000000,67.500000,1758.055475
13.000000,67.500000,1880.976854
14.000000,67.500000,2007.865780
15.000000,67.500000,2133.857072
16.000000,67.500000,2257.524481
17.000000,67.500000,2384.494332
18.000000,67.500000,2514.766624
19.000000,67.500000,2641.636414
20.000000,67.500000,2769.513376
21.000000,67.500000,2900.252950
22.000000,67.500000,3031.840837
23.000000,67.500000,3161.910193
24.000000,67.500000,3294.550775
11.000000,68.000000,1646.498003
12.000000,68.000000,1765.746259
13.000000,68.000000,1888.962966
14.000000,68.000000,2016.148124
15.000000,68.000000,2141.975636
16.000000,68.000000,2265.967989
17.000000,68.000000,2393.266560
18.000000,68.000000,2523.871348
19.000000,68.000000,2650.558998
20.000000,68.000000,2778.671733
21.000000,68.000000,2909.648068
22.000000,68.000000,3041.139211
23.000000,68.000000,3171.434986
24.000000,68.000000,3304.301782
11.000000,68.500000,1654.016328
12.000000,68.500000,1773.625480
13.000000,68.500000,1897.208251
14.000000,68.500000,2024.764641
15.000000,68.500000,2150.384704
16.000000,68.500000,2274.604195
17.000000,68.500000,2402.128785
18.000000,68.500000,2532.958476
19.000000,68.500000,2659.473780
20.000000,68.500000,2787.839060
21.000000,68.500000,2919.069086
22.000000,68.500000,3050.479467
23.000000,68.500000,3181.015008
24.000000,68.500000,3314.121769
11.000000,69.000000,1661.551766
12.000000,69.000000,1781.522230
13.000000,69.000000,1905.471483
14.000000,69.000000,2033.399524
15.000000,69.000000,2158.810245
16.000000,69.000000,2283.256824
17.000000,69.000000,2411.007385
18.000000,69.000000,2542.061928
19.000000,69.000000,2668.403528
20.000000,69.000000,2797.021483
21.000000,69.000000,2928.505330
22.000000,69.000000,3059.834042
23.000000,69.000000,3190.609469
24.000000,69.000000,3323.956307
11.000000,69.500000,1669.185621
12.000000,69.500000,1789.504783
13.000000,69.500000,1913.806419
14.000000,69.500000,2042.090531
15.000000,69.500000,2167.255568
16.000000,69.500000,2291.925026
17.000000,69.500000,2419.897384
18.000000,69.500000,2551.053667
19.000000,69.500000,2677.357947
20.000000,69.500000,2806.234176
21.000000,69.500000,2937.977634
22.000000,69.500000,3069.278849
23.000000,69.500000,3200.384612
24.000000,69.500000,3334.065948
11.000000,70.000000,1676.836956
12.000000,70.000000,1797.505168
13.000000,70.000000,1922.159539
14.000000,70.000000,2050.800068
15.000000,70.000000,2175.717378
16.000000,70.000000,2300.609650
17.000000,70.000000,2428.803739
18.000000,70.000000,2560.061275
19.000000,70.000000,2686.327363
20.000000,70.000000,2815.462015
21.000000,70.000000,2947.465231
22.000000,70.000000,3078.738208
23.000000,70.000000,3210.174700
24.000000,70.000000,3344.190927
11.000000,70.500000,1684.576874
12.000000,70.500000,1805.568596
13.000000,70.500000,1930.547886
14.000000,70.500000,2059.514745
15.000000,70.500000,2184.160803
16.000000,70.500000,2309.283829
17.000000,70.500000,2437.708336
18.000000,70.500000,2568.794234
19.000000,70.500000,2695.322953
20.000000,70.500000,2824.721760
21.000000,70.500000,2956.990654
22.000000,70.500000,3088.265591
23.000000,70.500000,3220.049582
24.000000,70.500000,3354.418161
11.000000,71.000000,1692.334595
12.000000,71.000000,1813.650059
13.000000,71.000000,1938.954493
14.000000,71.000000,2068.247898
15.000000,71.000000,2192.620578
16.000000,71.000000,2317.974327
17.000000,71.000000,2446.629223
18.000000,71.000000,2577.542059
19.000000,71.000000,2704.333577
20.000000,71.000000,2833.996705
21.000000,71.000000,2966.531444
22.000000,71.000000,3097.807690
23.000000,71.000000,3229.939623
24.000000,71.000000,3364.660999
11.000000,71.500000,1700.204776
12.000000,71.500000,1821.830723
13.000000,71.500000,1947.445991
14.000000,71.500000,2077.050581
15.000000,71.500000,2201.116950
16.000000,71.500000,2326.684290
17.000000,71.500000,2455.551779
18.000000,71.500000,2586.297464
19.000000,71.500000,2713.364847
20.000000,71.500000,2843.305168
21.000000,71.500000,2976.118429
22.000000,71.500000,3107.408025
23.000000,71.500000,3239.887291
24.000000,71.500000,3374.961413
11.000000,72.000000,1708.093203
12.000000,72.000000,1830.029789
13.000000,72.000000,1955.956040
14.000000,72.000000,2085.871957
15.000000,72.000000,2209.629751
16.000000,72.000000,2335.410585
17.000000,72.000000,2464.490567
18.000000,72.000000,2595.067708
19.000000,72.000000,2722.411170
20.000000,72.000000,2852.628893
21.000000,72.000000,2985.720878
22.000000,72.000000,3117.023201
23.000000,72.000000,3249.850241
24.000000,72.000000,3385.277555
11.000000,72.500000,1716.049301
12.000000,72.500000,1838.302578
13.000000,72.500000,1964.546529
14.000000,72.500000,2094.781152
15.000000,72.500000,2218.229790
16.000000,72.500000,2344.230010
17.000000,72.500000,2473.528322
18.000000,72.500000,2603.962726
19.000000,72.500000,2731.608516
20.000000,72.500000,2862.131018
21.000000,72.500000,2995.530233
11.000000,73.000000,1724.023875
12.000000,73.000000,1846.594018
13.000000,73.000000,1973.155836
14.000000,73.000000,2103.709330
15.000000,73.000000,2226.846530
16.000000,73.000000,2353.066050
17.000000,73.000000,2482.582606
18.000000,73.000000,2612.872956
19.000000,73.000000,2740.821370
20.000000,73.000000,2871.648943
21.000000,73.000000,3005.355674
11.000000,73.500000,1732.063115
12.000000,73.500000,1854.947526
13.000000,73.500000,1981.824896
14.000000,73.500000,2112.276841
15.000000,73.500000,2235.629149
16.000000,73.500000,2362.174528
17.000000,73.500000,2492.020551
18.000000,73.500000,2622.190921
19.000000,73.500000,2750.358771
20.000000,73.500000,2881.404806
10.000000,74.000000,1620.916456
11.000000,74.000000,1740.121047
12.000000,74.000000,1863.319878
13.000000,74.000000,1990.512948
14.000000,74.000000,2120.861756
15.000000,74.000000,2244.429049
16.000000,74.000000,2371.300596
17.000000,74.000000,2501.476397
18.000000,74.000000,2631.525472
19.000000,74.000000,2759.912737
20.000000,74.000000,2891.177214
10.000000,74.500000,1628.787655
11.000000,74.500000,1748.270531
12.000000,74.500000,1871.746826
13.000000,74.500000,1999.216542
14.000000,74.500000,2129.346980
15.000000,74.500000,2253.269354
16.000000,74.500000,2380.500748
17.000000,74.500000,2511.041162
18.000000,74.500000,2640.943172
19.000000,74.500000,2769.521184
20.000000,74.500000,2900.974360
10.000000,75.000000,1636.677917
11.000000,75.000000,1756.439046
12.000000,75.000000,1880.192776
13.000000,75.000000,2007.939108
14.000000,75.000000,2137.849130
15.000000,75.000000,2262.127026
16.000000,75.000000,2389.718708
17.000000,75.000000,2520.624175
18.000000,75.000000,2650.377693
19.000000,75.000000,2779.146328
20.000000,75.000000,2910.788079
10.000000,75.500000,1644.577868
11.000000,75.500000,1764.618223
12.000000,75.500000,1888.650433
13.000000,75.500000,2016.674500
14.000000,75.500000,2146.388269
15.000000,75.500000,2271.021789
16.000000,75.500000,2398.973293
17.000000,75.500000,2530.242781
18.000000,75.500000,2659.806056
19.000000,75.500000,2788.765914
20.000000,75.500000,2920.597409
10.000000,76.000000,1652.496835
11.000000,76.000000,1772.816390
12.000000,76.000000,1897.127056
13.000000,76.000000,2025.428832
14.000000,76.000000,2154.944413
15.000000,76.000000,2279.933999
16.000000,76.000000,2408.245763
17.000000,76.000000,2539.879705
18.000000,76.000000,2669.251157
19.000000,76.000000,2798.402119
20.000000,76.000000,2930.423239
10.000000,76.500000,1660.425501
11.000000,76.500000,1781.025276
12.000000,76.500000,1905.615492
13.000000,76.500000,2034.196150
14.000000,76.500000,2163.534979
15.000000,76.500000,2288.874045
16.000000,76.500000,2417.539009
17.000000,76.500000,2549.529871
18.000000,76.500000,2678.681309
19.000000,76.500000,2808.027761
20.000000,76.500000,2940.243123
10.000000,77.000000,1668.373135
11.000000,77.000000,1789.253111
12.000000,77.000000,1914.122859
13.000000,77.000000,2042.982378
14.000000,77.000000,2172.142618
15.000000,77.000000,2297.831578
16.000000,77.000000,2426.850150
17.000000,77.000000,2559.198335
18.000000,77.000000,2688.128089
19.000000,77.000000,2817.669930
20.000000,77.000000,2950.079432
10.000000,77.500000,1676.331064
11.000000,77.500000,1797.494048
12.000000,77.500000,1922.646385
13.000000,77.500000,2051.788077
14.000000,77.500000,2180.797120
15.000000,77.500000,2306.827430
16.000000,77.500000,2436.190258
17.000000,77.500000,2568.885606
18.000000,77.500000,2697.569626
19.000000,77.500000,2827.308198
20.000000,77.500000,2959.913126
10.000000,78.000000,1684.307910
11.000000,78.000000,1805.753894
12.000000,78.000000,1931.188815
13.000000,78.000000,2060.612671
14.000000,78.000000,2189.468804
15.000000,78.000000,2315.840845
16.000000,78.000000,2445.548302
17.000000,78.000000,2578.591176
18.000000,78.000000,2707.027714
19.000000,78.000000,2836.962923
20.000000,78.000000,2969.763182
10.000000,78.500000,1692.122278
11.000000,78.500000,1813.933100
12.000000,78.500000,1939.736201
13.000000,78.500000,2069.531579
14.000000,78.500000,2198.241894
15.000000,78.500000,2324.862576
16.000000,78.500000,2454.818000
17.000000,78.500000,2588.108167
18.000000,78.500000,2716.416316
19.000000,78.500000,2846.654784
20.000000,78.500000,2979.760499
10.000000,79.000000,1699.954600
11.000000,79.000000,1822.130685
12.000000,79.000000,1948.302382
13.000000,79.000000,2078.469691
14.000000,79.000000,2207.032493
15.000000,79.000000,2333.901808
16.000000,79.000000,2464.105190
17.000000,79.000000,2597.642641
18.000000,79.000000,2725.821143
19.000000,79.000000,2856.363153
20.000000,79.000000,2989.774603
10.000000,79.500000,1707.885605
11.000000,79.500000,1830.464343
12.000000,79.500000,1957.044197
13.000000,79.500000,2087.625167
14.000000,79.500000,2215.997370
15.000000,79.500000,2343.070158
16.000000,79.500000,2473.473766
17.000000,79.500000,2607.046025
18.000000,79.500000,2735.340370
19.000000,79.500000,2866.255960
20.000000,79.500000,3000.046211
10.000000,80.000000,1715.834953
11.000000,80.000000,1838.816929
12.000000,80.000000,1965.805520
13.000000,80.000000,2096.800723
14.000000,80.000000,2224.980393
15.000000,80.000000,2352.256450
16.000000,80.000000,2482.860082
17.000000,80.000000,2616.466361
18.000000,80.000000,2744.876169
19.000000,80.000000,2876.165857
20.000000,80.000000,3010.335426
10.000000,80.500000,1723.885924
11.000000,80.500000,1847.271654
12.000000,80.500000,1974.669395
13.000000,80.500000,2106.079146
14.000000,80.500000,2234.024710
15.000000,80.500000,2361.499583
16.000000,80.500000,2492.298489
17.000000,80.500000,2625.713893
18.000000,80.500000,2754.495273
19.000000,80.500000,2886.161827
20.000000,80.500000,3020.713557
10.000000,81.000000,1731.955646
11.000000,81.000000,1855.745701
12.000000,81.000000,1983.553160
13.000000,81.000000,2115.378022
14.000000,81.000000,2243.087351
15.000000,81.000000,2370.760814
16.000000,81.000000,2501.754770
17.000000,81.000000,2634.977713
18.000000,81.000000,2764.131186
19.000000,81.000000,2896.175129
20.000000,81.000000,3031.109542
10.000000,81.500000,1740.127033
11.000000,81.500000,1864.321982
12.000000,81.500000,1992.539633
13.000000,81.500000,2124.779988
14.000000,81.500000,2252.251102
15.000000,81.500000,2380.172873
16.000000,81.500000,2511.414026
17.000000,81.500000,2644.497759
18.000000,81.500000,2773.972395
19.000000,81.500000,2906.340324
20.000000,81.500000,3041.601547
10.000000,82.000000,1748.317577
11.000000,82.000000,1872.917980
12.000000,82.000000,2001.546381
13.000000,82.000000,2134.202779
14.000000,82.000000,2261.433516
15.000000,82.000000,2389.603559
16.000000,82.000000,2521.091872
17.000000,82.000000,2654.034957
18.000000,82.000000,2783.831083
19.000000,82.000000,2916.523322
20.000000,82.000000,3052.111676
10.000000,82.500000,1756.858512
11.000000,82.500000,1881.794287
12.000000,82.500000,2010.758399
13.000000,82.500000,2143.750849
14.000000,82.500000,2270.705432
15.000000,82.500000,2399.130850
16.000000,82.500000,2530.873676
17.000000,82.500000,2663.689270
18.000000,82.500000,2793.794274
19.000000,82.500000,2926.797585
10.000000,83.000000,1765.420222
11.000000,83.000000,1890.691548
12.000000,83.000000,2019.991545
13.000000,83.000000,2153.320213
14.000000,83.000000,2279.996304
15.000000,83.000000,2408.677081
16.000000,83.000000,2540.674404
17.000000,83.000000,2673.361101
18.000000,83.000000,2803.775257
19.000000,83.000000,2937.089911
10.000000,83.500000,1774.057292
11.000000,83.500000,1899.618634
12.000000,83.500000,2029.206424
13.000000,83.500000,2162.820661
14.000000,83.500000,2289.316124
15.000000,83.500000,2418.343900
16.000000,83.500000,2550.691438
17.000000,83.500000,2683.282203
18.000000,83.500000,2813.952477
19.000000,83.500000,2947.522988
10.000000,84.000000,1782.715404
11.000000,84.000000,1908.566710
12.000000,84.000000,2038.442238
13.000000,84.000000,2172.341988
14.000000,84.000000,2298.654932
15.000000,84.000000,2428.030062
16.000000,84.000000,2560.728168
17.000000,84.000000,2693.221678
18.000000,84.000000,2824.148133
19.000000,84.000000,2957.974561
10.000000,84.500000,1791.334446
11.000000,84.500000,1917.471720
12.000000,84.500000,2047.631361
13.000000,84.500000,2181.451390
14.000000,84.500000,2308.011324
15.000000,84.500000,2437.768033
16.000000,84.500000,2570.852182
17.000000,84.500000,2703.259129
18.000000,84.500000,2834.470596
19.000000,84.500000,2968.583521
10.000000,85.000000,1799.974239
11.000000,85.000000,1926.397414
12.000000,85.000000,2056.841102
13.000000,85.000000,2190.579807
14.000000,85.000000,2317.386690
15.000000,85.000000,2447.525474
16.000000,85.000000,2580.996160
17.000000,85.000000,2713.315248
18.000000,85.000000,2844.811886
19.000000,85.000000,2979.211469
10.000000,85.500000,1808.611850
11.000000,85.500000,1935.342791
12.000000,85.500000,2066.094139
13.000000,85.500000,2199.657759
14.000000,85.500000,2326.839452
15.000000,85.500000,2457.357272
16.000000,85.500000,2591.211220
17.000000,85.500000,2723.435559
18.000000,85.500000,2855.241446
19.000000,85.500000,2989.953054
10.000000,86.000000,1817.270113
11.000000,86.000000,1944.308859
12.000000,86.000000,2075.367906
13.000000,86.000000,2208.754449
14.000000,86.000000,2336.311432
15.000000,86.000000,2467.208766
16.000000,86.000000,2601.446450
17.000000,86.000000,2733.574709
18.000000,86.000000,2865.690087
19.000000,86.000000,3000.713964
10.000000,86.500000,1826.001630
11.000000,86.500000,1953.347507
12.000000,86.500000,2084.713017
13.000000,86.500000,2217.936813
14.000000,86.500000,2345.886255
15.000000,86.500000,2477.181606
16.000000,86.500000,2611.822866
17.000000,86.500000,2743.839687
18.000000,86.500000,2876.247241
19.000000,86.500000,3011.564620
9.000000,87.000000,1711.119971
10.000000,87.000000,1834.754045
11.000000,87.000000,1962.407084
12.000000,87.000000,2094.079088
13.000000,87.000000,2227.138197
14.000000,87.000000,2355.480637
15.000000,87.000000,2487.174546
16.000000,87.000000,2622.219925
17.000000,87.000000,2754.123898
18.000000,87.000000,2886.823801
19.000000,87.000000,3022.434854
9.000000,87.500000,1719.636061
10.000000,87.500000,1843.581890
11.000000,87.500000,1971.545887
12.000000,87.500000,2103.528052
13.000000,87.500000,2236.449121
14.000000,87.500000,2365.188023
15.000000,87.500000,2497.283903
16.000000,87.500000,2632.736762
17.000000,87.500000,2764.487576
18.000000,87.500000,2897.452373
19.000000,87.500000,3033.328029
9.000000,88.000000,1728.173251
10.000000,88.000000,1852.430879
11.000000,88.000000,1980.705876
12.000000,88.000000,2112.998241
13.000000,88.000000,2245.779434
14.000000,88.000000,2374.915345
15.000000,88.000000,2507.413745
16.000000,88.000000,2643.274633
17.000000,88.000000,2774.870710
18.000000,88.000000,2908.100470
19.000000,88.000000,3044.240796
9.000000,88.500000,1736.800728
10.000000,88.500000,1861.366609
11.000000,88.500000,1989.948953
12.000000,88.500000,2122.547760
13.000000,88.500000,2255.213841
14.000000,88.500000,2384.745310
15.000000,88.500000,2517.644126
16.000000,88.500000,2653.910289
17.000000,88.500000,2785.264873
18.000000,88.500000,2918.693585
19.000000,88.500000,3055.029544
9.000000,89.000000,1745.449644
10.000000,89.000000,1870.323790
11.000000,89.000000,1999.213491
12.000000,89.000000,2132.118748
13.000000,89.000000,2264.667977
14.000000,89.000000,2394.595543
15.000000,89.000000,2527.895313
16.000000,89.000000,2664.567286
17.000000,89.000000,2795.678460
18.000000,89.000000,2929.305953
19.000000,89.000000,3065.837372
9.000000,89.500000,1754.194283
10.000000,89.500000,1879.372617
11.000000,89.500000,2008.565403
12.000000,89.500000,2141.772642
13.000000,89.500000,2274.202139
14.000000,89.500000,2404.483310
15.000000,89.500000,2538.138993
16.000000,89.500000,2674.890108
17.000000,89.500000,2806.043306
18.000000,89.500000,2939.904650
19.000000,89.500000,3076.668316
9.000000,90.000000,1762.960737
10.000000,90.000000,1888.443236
11.000000,90.000000,2017.939083
12.000000,90.000000,2151.448280
13.000000,90.000000,2283.756282
14.000000,90.000000,2414.391416
15.000000,90.000000,2548.403365
16.000000,90.000000,2685.232878
17.000000,90.000000,2816.427322
18.000000,90.000000,2950.522481
19.000000,90.000000,3087.518354
9.000000,90.500000,1771.822281
10.000000,90.500000,1897.605386
11.000000,90.500000,2027.400312
12.000000,90.500000,2161.207059
13.000000,90.500000,2293.369555
14.000000,90.500000,2424.306754
15.000000,90.500000,2558.620450
16.000000,90.500000,2695.273476
17.000000,90.500000,2826.693388
18.000000,90.500000,2961.013676
19.000000,90.500000,3098.234339
9.000000,91.000000,1780.706011
10.000000,91.000000,1906.789671
11.000000,91.000000,2036.883624
12.000000,91.000000,2170.987869
13.000000,91.000000,2303.002984
14.000000,91.000000,2434.242383
15.000000,91.000000,2568.857956
16.000000,91.000000,2705.332799
17.000000,91.000000,2836.978108
18.000000,91.000000,2971.523452
19.000000,91.000000,3108.968831
9.000000,91.500000,1789.736185
10.000000,91.500000,1916.102072
11.000000,91.500000,2046.475278
12.000000,91.500000,2180.855804
13.000000,91.500000,2312.697436
14.000000,91.500000,2444.210909
15.000000,91.500000,2579.099510
16.000000,91.500000,2715.387463
17.000000,91.500000,2847.284310
18.000000,91.500000,2982.081108
19.000000,91.500000,3119.777858
9.000000,92.000000,1798.789177
10.000000,92.000000,1925.437129
11.000000,92.000000,2056.089427
12.000000,92.000000,2190.746073
13.000000,92.000000,2322.412218
14.000000,92.000000,2454.199773
15.000000,92.000000,2589.361405
16.000000,92.000000,2725.460745
17.000000,92.000000,2857.609161
18.000000,92.000000,2992.657445
19.000000,92.000000,3130.605596
9.000000,92.500000,1807.886873
10.000000,92.500000,1934.825518
11.000000,92.500000,2065.766132
12.000000,92.500000,2200.708713
13.000000,92.500000,2332.188114
14.000000,92.500000,2464.204248
15.000000,92.500000,2599.591115
16.000000,92.500000,2735.514552
17.000000,92.500000,2867.968761
18.000000,92.500000,3003.324160
9.000000,93.000000,1817.007474
10.000000,93.000000,1944.236686
11.000000,93.000000,2075.465486
12.000000,93.000000,2210.693876
13.000000,93.000000,2341.984473
14.000000,93.000000,2474.228999
15.000000,93.000000,2609.840911
16.000000,93.000000,2745.586791
17.000000,93.000000,2878.347040
18.000000,93.000000,3014.009798
9.000000,93.500000,1826.162785
10.000000,93.500000,1953.701431
11.000000,93.500000,2085.237860
12.000000,93.500000,2220.772073
13.000000,93.500000,2351.876883
14.000000,93.500000,2484.357007
15.000000,93.500000,2620.201029
16.000000,93.500000,2755.782763
17.000000,93.500000,2888.853308
18.000000,93.500000,3024.828035
9.000000,94.000000,1835.341034
10.000000,94.000000,1963.189084
11.000000,94.000000,2095.033108
12.000000,94.000000,2230.873107
13.000000,94.000000,2361.790078
14.000000,94.000000,2494.505640
15.000000,94.000000,2630.581608
16.000000,94.000000,2765.997578
17.000000,94.000000,2899.378667
18.000000,94.000000,3035.665611
9.000000,94.500000,1844.416319
10.000000,94.500000,1972.599827
11.000000,94.500000,2104.779177
12.000000,94.500000,2240.954369
13.000000,94.500000,2371.707694
14.000000,94.500000,2504.693585
15.000000,94.500000,2641.038335
16.000000,94.500000,2776.321615
17.000000,94.500000,2910.019131
18.000000,94.500000,3046.624385
9.000000,95.000000,1853.513916
10.000000,95.000000,1982.033002
11.000000,95.000000,2114.547793
12.000000,95.000000,2251.058291
13.000000,95.000000,2381.646040
14.000000,95.000000,2514.902242
15.000000,95.000000,2651.515755
16.000000,95.000000,2786.664842
17.000000,95.000000,2920.679048
18.000000,95.000000,3057.602873
9.000000,95.500000,1862.599461
10.000000,95.500000,1991.449587
11.000000,95.500000,2124.295042
12.000000,95.500000,2261.032781
13.000000,95.500000,2391.558412
14.000000,95.500000,2525.096341
15.000000,95.500000,2661.991739
16.000000,95.500000,2797.061240
17.000000,95.500000,2931.427414
18.000000,95.500000,3068.705859
9.000000,96.000000,1871.707165
10.000000,96.000000,2000.888435
11.000000,96.000000,2134.064654
12.000000,96.000000,2271.029275
13.000000,96.000000,2401.491321
14.000000,96.000000,2535.310996
15.000000,96.000000,2672.488300
16.000000,96.000000,2807.476929
17.000000,96.000000,2942.195473
18.000000,96.000000,3079.828935
9.000000,96.500000,1880.911437
10.000000,96.500000,2010.407097
11.000000,96.500000,2143.896338
12.000000,96.500000,2280.726154
13.000000,96.500000,2411.480915
14.000000,96.500000,2545.593898
15.000000,96.500000,2683.065103
16.000000,96.500000,2818.002851
17.000000,96.500000,2953.091092
18.000000,96.500000,3091.097491
9.000000,97.000000,1890.138238
10.000000,97.000000,2019.948297
11.000000,97.000000,2153.750566
12.000000,97.000000,2290.443652
13.000000,97.000000,2421.491190
14.000000,97.000000,2555.897545
15.000000,97.000000,2693.662715
16.000000,97.000000,2828.548409
17.000000,97.000000,2964.006806
18.000000,97.000000,3102.386596
9.000000,97.500000,1899.617532
10.000000,97.500000,2029.751861
11.000000,97.500000,2163.877062
12.000000,97.500000,2300.424803
13.000000,97.500000,2431.745719
14.000000,97.500000,2566.424621
15.000000,97.500000,2704.461507
16.000000,97.500000,2839.277415
17.000000,97.500000,2975.077322
18.000000,97.500000,3113.800202
9.000000,98.000000,1909.120495
10.000000,98.000000,2039.579114
11.000000,98.000000,2174.027265
12.000000,98.000000,2310.427621
13.000000,98.000000,2442.021869
14.000000,98.000000,2576.973271
15.000000,98.000000,2715.281828
16.000000,98.000000,2850.026684
17.000000,98.000000,2986.168444
18.000000,98.000000,3125.234748
9.000000,98.500000,1918.672080
10.000000,98.500000,2049.454993
11.000000,98.500000,2184.226061
12.000000,98.500000,2320.475391
13.000000,98.500000,2452.333114
14.000000,98.500000,2587.546543
15.000000,98.500000,2726.115677
16.000000,98.500000,2860.784864
17.000000,98.500000,2997.243588
18.000000,98.500000,3136.628626
9.000000,99.000000,1928.247456
10.000000,99.000000,2059.354678
11.000000,99.000000,2194.448676
12.000000,99.000000,2330.544923
13.000000,99.000000,2462.666031
14.000000,99.000000,2598.141396
15.000000,99.000000,2736.971018
16.000000,99.000000,2871.563245
17.000000,99.000000,3008.339167
18.000000,99.000000,3148.043172
9.000000,99.500000,1937.893440
10.000000,99.500000,2069.351651
11.000000,99.500000,2204.796776
12.000000,99.500000,2340.735371
13.000000,99.500000,2473.082426
14.000000,99.500000,2608.780201
15.000000,99.500000,2747.824779
16.000000,99.500000,2882.379218
17.000000,99.500000,3019.491365
18.000000,99.500000,3159.534129
8.000000,100.000000,1819.741154
9.000000,100.000000,1947.563446
10.000000,100.000000,2079.372785
11.000000,100.000000,2215.169172
12.000000,100.000000,2350.948009
13.000000,100.000000,2483.520749
14.000000,100.000000,2619.440673
15.000000,100.000000,2758.699935
16.000000,100.000000,2893.215455
17.000000,100.000000,3030.664129
18.000000,100.000000,3171.045957
8.000000,100.500000,1829.109412
9.000000,100.500000,1957.282133
10.000000,100.500000,2089.441954
11.000000,100.500000,2225.588875
12.000000,100.500000,2361.221813
13.000000,100.500000,2494.082586
14.000000,100.500000,2630.289938
8.000000,101.000000,1838.501679
9.000000,101.000000,1967.024961
10.000000,101.000000,2099.535394
11.000000,101.000000,2236.032977
12.000000,101.000000,2371.517972
13.000000,101.000000,2504.666779
14.000000,101.000000,2641.161560
8.000000,101.500000,1847.927824
9.000000,101.500000,1976.806120
10.000000,101.500000,2109.671086
11.000000,101.500000,2246.522723
12.000000,101.500000,2381.861518
13.000000,101.500000,2515.303285
14.000000,101.500000,2652.089895
8.000000,102.000000,1857.377992
9.000000,102.000000,1986.611463
10.000000,102.000000,2119.831119
11.000000,102.000000,2257.036959
12.000000,102.000000,2392.227527
13.000000,102.000000,2525.962283
14.000000,102.000000,2663.040748
8.000000,102.500000,1866.870912
9.000000,102.500000,1996.445163
10.000000,102.500000,2130.003615
11.000000,102.500000,2267.546268
12.000000,102.500000,2402.610435
13.000000,102.500000,2536.669035
14.000000,102.500000,2674.071141
8.000000,103.000000,1876.387900
9.000000,103.000000,2006.303026
10.000000,103.000000,2140.200361
11.000000,103.000000,2278.079906
12.000000,103.000000,2413.015766
13.000000,103.000000,2547.398380
14.000000,103.000000,2685.124291
8.000000,103.500000,1885.753539
9.000000,103.500000,2016.083782
10.000000,103.500000,2150.399551
11.000000,103.500000,2288.700847
12.000000,103.500000,2423.527861
13.000000,103.500000,2558.235139
14.000000,103.500000,2696.285526
8.000000,104.000000,1895.142389
9.000000,104.000000,2025.888231
10.000000,104.000000,2160.622909
11.000000,104.000000,2299.346425
12.000000,104.000000,2434.062757
13.000000,104.000000,2569.094860
14.000000,104.000000,2707.469879
8.000000,104.500000,1904.642134
9.000000,104.500000,2035.784498
10.000000,104.500000,2170.918537
11.000000,104.500000,2310.044251
12.000000,104.500000,2444.663070
13.000000,104.500000,2580.037353
14.000000,104.500000,2718.754328
8.000000,105.000000,1914.165543
9.000000,105.000000,2045.704789
10.000000,105.000000,2181.238546
11.000000,105.000000,2320.766815
12.000000,105.000000,2455.286351
13.000000,105.000000,2591.003055
14.000000,105.000000,2730.062217
8.000000,105.500000,1923.813446
9.000000,105.500000,2055.693858
10.000000,105.500000,2191.567877
11.000000,105.500000,2331.435503
12.000000,105.500000,2465.889015
13.000000,105.500000,2602.000803
14.000000,105.500000,2741.457689
8.000000,106.000000,1933.485532
9.000000,106.000000,2065.707184
10.000000,106.000000,2201.921533
11.000000,106.000000,2342.128580
12.000000,106.000000,2476.514471
13.000000,106.000000,2613.021809
14.000000,106.000000,2752.876875
8.000000,106.500000,1943.352143
9.000000,106.500000,2075.864160
10.000000,106.500000,2212.364830
11.000000,106.500000,2352.854151
12.000000,106.500000,2487.161925
13.000000,106.500000,2624.038926
14.000000,106.500000,2764.265945
8.000000,107.000000,1953.243813
9.000000,107.000000,2086.045985
10.000000,107.000000,2222.832764
11.000000,107.000000,2363.604148
12.000000,107.000000,2497.832155
13.000000,107.000000,2635.079162
14.000000,107.000000,2775.678474
8.000000,107.500000,1963.248689
9.000000,107.500000,2096.318803
10.000000,107.500000,2233.368224
11.000000,107.500000,2374.135811
12.000000,107.500000,2508.545811
13.000000,107.500000,2646.143091
14.000000,107.500000,2787.094671
8.000000,108.000000,1973.279082
9.000000,108.000000,2106.616800
10.000000,108.000000,2243.928527
11.000000,108.000000,2384.690815
12.000000,108.000000,2519.282319
13.000000,108.000000,2657.230117
14.000000,108.000000,2798.534208
8.000000,108.500000,1983.359761
9.000000,108.500000,2117.011403
10.000000,108.500000,2254.633508
11.000000,108.500000,2395.274016
12.000000,108.500000,2530.193224
13.000000,108.500000,2668.469290
14.000000,108.500000,2810.102213
8.000000,109.000000,1993.466052
9.000000,109.000000,2127.431516
10.000000,109.000000,2265.363892
11.000000,109.000000,2405.880589
12.000000,109.000000,2541.127640
13.000000,109.000000,2679.732110
14.000000,109.000000,2821.694001
8.000000,109.500000,2003.640196
9.000000,109.500000,2137.925033
10.000000,109.500000,2276.173661
11.000000,109.500000,2416.587877
12.000000,109.500000,2552.169931
13.000000,109.500000,2691.109551
14.000000,109.500000,2833.406738
8.000000,110.000000,2013.840157
9.000000,110.000000,2148.444282
10.000000,110.000000,2287.009073
11.000000,110.000000,2427.318864
12.000000,110.000000,2563.236089
13.000000,110.000000,2702.511023
14.000000,110.000000,2845.143667
8.000000,110.500000,2024.120072
9.000000,110.500000,2159.060575
10.000000,110.500000,2297.959116
11.000000,110.500000,2438.177130
12.000000,110.500000,2574.428077
13.000000,110.500000,2714.036679
8.000000,111.000000,2034.426075
9.000000,111.000000,2169.702953
10.000000,111.000000,2308.935235
11.000000,111.000000,2449.059567
12.000000,111.000000,2585.644385
13.000000,111.000000,2725.586802
8.000000,111.500000,2044.684962
9.000000,111.500000,2180.364454
10.000000,111.500000,2320.001921
11.000000,111.500000,2460.042286
12.000000,111.500000,2596.876818
13.000000,111.500000,2737.064649
8.000000,112.000000,2054.969609
9.000000,112.000000,2191.052040
10.000000,112.000000,2331.095014
11.000000,112.000000,2471.049529
12.000000,112.000000,2608.133547
13.000000,112.000000,2748.566562
8.000000,112.500000,2065.408669
9.000000,112.500000,2201.892479
10.000000,112.500000,2342.338985
11.000000,112.500000,2482.155074
12.000000,112.500000,2619.448133
13.000000,112.500000,2760.084546
8.000000,113.000000,2075.874149
9.000000,113.000000,2212.759636
10.000000,113.000000,2353.609973
11.000000,113.000000,2493.285482
12.000000,113.000000,2630.787161
13.000000,113.000000,2771.626552
8.000000,113.500000,2086.509826
9.000000,113.500000,2223.705194
10.000000,113.500000,2364.862419
11.000000,113.500000,2504.371028
12.000000,113.500000,2642.129810
13.000000,113.500000,2783.222855
7.000000,114.000000,1963.626448
8.000000,114.000000,2097.172650
9.000000,114.000000,2234.677715
10.000000,114.000000,2376.141643
11.000000,114.000000,2515.481101
12.000000,114.000000,2653.496787
13.000000,114.000000,2794.843287
7.000000,114.500000,1974.057801
8.000000,114.500000,2107.875444
9.000000,114.500000,2245.646209
10.000000,114.500000,2387.370096
11.000000,114.500000,2526.551288
12.000000,114.500000,2664.865021
13.000000,114.500000,2806.508140
7.000000,115.000000,1984.516771
8.000000,115.000000,2118.605450
9.000000,115.000000,2256.641513
10.000000,115.000000,2398.624958
11.000000,115.000000,2537.645721
12.000000,115.000000,2676.257491
13.000000,115.000000,2818.197215
7.000000,115.500000,1995.056857
8.000000,115.500000,2129.429203
9.000000,115.500000,2267.743513
10.000000,115.500000,2409.999788
11.000000,115.500000,2548.861049
12.000000,115.500000,2687.765003
13.000000,115.500000,2829.995590
7.000000,116.000000,2005.624843
8.000000,116.000000,2140.280509
9.000000,116.000000,2278.872721
10.000000,116.000000,2421.401480
11.000000,116.000000,2560.101059
12.000000,116.000000,2699.297142
13.000000,116.000000,2841.818539
7.000000,116.500000,2016.277759
8.000000,116.500000,2151.228965
9.000000,116.500000,2290.111577
10.000000,116.500000,2432.925595
11.000000,116.500000,2571.459239
12.000000,116.500000,2710.940911
13.000000,116.500000,2853.746599
7.000000,117.000000,2026.958876
8.000000,117.000000,2162.205331
9.000000,117.000000,2301.378050
10.000000,117.000000,2444.477036
11.000000,117.000000,2582.842521
12.000000,117.000000,2722.609685
13.000000,117.000000,2865.699565
7.000000,117.500000,2037.672856
8.000000,117.500000,2173.192289
9.000000,117.500000,2312.631709
10.000000,117.500000,2455.991114
11.000000,117.500000,2594.243228
12.000000,117.500000,2734.329444
13.000000,117.500000,2877.737762
7.000000,118.000000,2048.415044
8.000000,118.000000,2184.207047
9.000000,118.000000,2323.912759
10.000000,118.000000,2467.532178
11.000000,118.000000,2605.668973
12.000000,118.000000,2746.074300
13.000000,118.000000,2889.801112
7.000000,118.500000,2059.044189
8.000000,118.500000,2195.145971
9.000000,118.500000,2335.157089
10.000000,118.500000,2479.077544
11.000000,118.500000,2617.148710
12.000000,118.500000,2757.892749
13.000000,118.500000,2901.957997
7.000000,119.000000,2069.700757
8.000000,119.000000,2206.112127
9.000000,119.000000,2346.428459
10.000000,119.000000,2490.649754
11.000000,119.000000,2628.653586
12.000000,119.000000,2769.736485
13.000000,119.000000,2914.140312
7.000000,119.500000,2080.066590
8.000000,119.500000,2216.893934
9.000000,119.500000,2357.628870
10.000000,119.500000,2501.998790
11.000000,119.500000,2640.237638
12.000000,119.500000,2781.675971
13.000000,119.500000,2926.434991
7.000000,120.000000,2090.458202
8.000000,120.000000,2227.701903
9.000000,120.000000,2368.855827
10.000000,120.000000,2513.373506
11.000000,120.000000,2651.847057
12.000000,120.000000,2793.641047
13.000000,120.000000,2938.755476
7.000000,120.500000,2101.031245
8.000000,120.500000,2238.658986
9.000000,120.500000,2380.197762
7.000000,121.000000,2111.630867
8.000000,121.000000,2249.642846
9.000000,121.000000,2391.566670
7.000000,121.500000,2122.392294
8.000000,121.500000,2260.738225
9.000000,121.500000,2402.993741
7.000000,122.000000,2133.181002
8.000000,122.000000,2271.860813
9.000000,122.000000,2414.447948
7.000000,122.500000,2144.104484
8.000000,122.500000,2283.072344
9.000000,122.500000,2425.941603
7.000000,123.000000,2155.055809
8.000000,123.000000,2294.311411
9.000000,123.000000,2437.462486
7.000000,123.500000,2166.188795
8.000000,123.500000,2305.764511
9.000000,123.500000,2449.231287
7.000000,124.000000,2177.350422
8.000000,124.000000,2317.246082
9.000000,124.000000,2461.028385
7.000000,124.500000,2188.637683
8.000000,124.500000,2328.831790
9.000000,124.500000,2472.907165
7.000000,125.000000,2199.954088
8.000000,125.000000,2340.446345
9.000000,125.000000,2484.814493
7.000000,125.500000,2211.101930
8.000000,125.500000,2351.985124
9.000000,125.500000,2496.742469
7.000000,126.000000,2222.277840
8.000000,126.000000,2363.552192
9.000000,126.000000,2508.698939
7.000000,126.500000,2233.386372
8.000000,126.500000,2375.112247
9.000000,126.500000,2520.713381
7.000000,127.000000,2244.522519
8.000000,127.000000,2386.700431
9.000000,127.000000,2532.756460
7.000000,127.500000,2255.846780
8.000000,127.500000,2398.437946
9.000000,127.500000,2544.908336
7.000000,128.000000,2267.199478
8.000000,128.000000,2410.204192
9.000000,128.000000,2557.089231
7.000000,128.500000,2278.724016
8.000000,128.500000,2422.095100
9.000000,128.500000,2569.345626
6.000000,129.000000,2150.418798
7.000000,129.000000,2290.277727
8.000000,129.000000,2434.015212
9.000000,129.000000,2581.631253
6.000000,129.500000,2161.769964
7.000000,129.500000,2302.026061
8.000000,129.500000,2446.160002
9.000000,129.500000,2594.171787
6.000000,130.000000,2173.150983
7.000000,130.000000,2313.804422
8.000000,130.000000,2458.334988
9.000000,130.000000,2606.742680
