weight_g,305.000000
thrust_N,velocity_m_s,power_W
19.000000,0.000000,943.620559
20.000000,0.000000,1017.356495
21.000000,0.000000,1093.504102
22.000000,0.000000,1172.063380
23.000000,0.000000,1253.077752
24.000000,0.000000,1360.324820
25.000000,0.000000,1470.867796
26.000000,0.000000,1592.191274
27.000000,0.000000,1735.658313
28.000000,0.000000,1891.240084
29.000000,0.000000,2067.972036
30.000000,0.000000,2269.156332
31.000000,0.000000,2500.914116
32.000000,0.000000,2780.784161
33.000000,0.000000,3155.576047
19.000000,0.500000,945.904887
20.000000,0.500000,1019.599566
21.000000,0.500000,1095.700875
22.000000,0.500000,1174.208814
23.000000,0.500000,1255.823105
24.000000,0.500000,1363.013325
25.000000,0.500000,1473.493057
26.000000,0.500000,1595.342954
27.000000,0.500000,1738.685559
28.000000,0.500000,1894.623964
29.000000,0.500000,2071.192822
30.000000,0.500000,2272.771811
31.000000,0.500000,2505.077012
32.000000,0.500000,2785.124752
33.000000,0.500000,3160.508089
19.000000,1.000000,948.190877
20.000000,1.000000,1021.844211
21.000000,1.000000,1097.899132
22.000000,1.000000,1176.355642
23.000000,1.000000,1258.570154
24.000000,1.000000,1365.703398
25.000000,1.000000,1476.119763
26.000000,1.000000,1598.496285
27.000000,1.000000,1741.714281
28.000000,1.000000,1898.009408
29.000000,1.000000,2074.414951
30.000000,1.000000,2276.388699
31.000000,1.000000,2509.241714
32.000000,1.000000,2789.467029
33.000000,1.000000,3165.442365
19.000000,1.500000,950.465929
20.000000,1.500000,1024.078200
21.000000,1.500000,1100.087047
22.000000,1.500000,1178.492470
23.000000,1.500000,1261.306956
24.000000,1.500000,1368.383550
25.000000,1.500000,1478.736917
26.000000,1.500000,1601.635365
27.000000,1.500000,1744.729391
28.000000,1.500000,1901.379750
29.000000,1.500000,2077.622004
30.000000,1.500000,2280.000489
31.000000,1.500000,2513.385439
32.000000,1.500000,2793.753001
33.000000,1.500000,3170.352962
19.000000,2.000000,952.742634
20.000000,2.000000,1026.313753
21.000000,2.000000,1102.276436
22.000000,2.000000,1180.630683
23.000000,2.000000,1264.045443
24.000000,2.000000,1371.065261
25.000000,2.000000,1481.355506
26.000000,2.000000,1604.776082
27.000000,2.000000,1747.745965
28.000000,2.000000,1904.751641
29.000000,2.000000,2080.830388
30.000000,2.000000,2283.613678
31.000000,2.000000,2517.530932
32.000000,2.000000,2798.040599
33.000000,2.000000,3175.265779
19.000000,2.500000,955.011672
20.000000,2.500000,1028.541169
21.000000,2.500000,1104.457192
22.000000,2.500000,1182.759741
23.000000,2.500000,1266.773763
24.000000,2.500000,1373.737130
25.000000,2.500000,1483.964619
26.000000,2.500000,1607.902657
27.000000,2.500000,1750.749033
28.000000,2.500000,1908.108449
29.000000,2.500000,2084.023719
30.000000,2.500000,2287.221808
31.000000,2.500000,2521.655332
32.000000,2.500000,2802.273972
33.000000,2.500000,3180.154872
19.000000,3.000000,957.282360
20.000000,3.000000,1030.770144
21.000000,3.000000,1106.639417
22.000000,3.000000,1184.890177
23.000000,3.000000,1269.503758
24.000000,3.000000,1376.410548
25.000000,3.000000,1486.575159
26.000000,3.000000,1611.030856
27.000000,3.000000,1753.753553
28.000000,3.000000,1911.466792
29.000000,3.000000,2087.218369
30.000000,3.000000,2290.831328
31.000000,3.000000,2525.781465
32.000000,3.000000,2806.508912
33.000000,3.000000,3185.046170
19.000000,3.500000,959.759221
20.000000,3.500000,1033.194768
21.000000,3.500000,1109.005660
22.000000,3.500000,1187.191896
23.000000,3.500000,1272.438284
24.000000,3.500000,1379.267880
25.000000,3.500000,1489.347384
26.000000,3.500000,1614.318784
27.000000,3.500000,1756.875099
28.000000,3.500000,1914.910682
29.000000,3.500000,2090.449273
30.000000,3.500000,2294.473271
31.000000,3.500000,2529.913454
32.000000,3.500000,2810.701570
33.000000,3.500000,3189.913698
19.000000,4.000000,962.238142
20.000000,4.000000,1035.621313
21.000000,4.000000,1111.373688
22.000000,4.000000,1189.495266
23.000000,4.000000,1275.374796
24.000000,4.000000,1382.127019
25.000000,4.000000,1492.121247
26.000000,4.000000,1617.608540
27.000000,4.000000,1759.998244
28.000000,4.000000,1918.356224
29.000000,4.000000,2093.681561
30.000000,4.000000,2298.116654
31.000000,4.000000,2534.047183
32.000000,4.000000,2814.895752
33.000000,4.000000,3194.783417
19.000000,4.500000,964.730047
20.000000,4.500000,1038.080538
21.000000,4.500000,1113.795308
22.000000,4.500000,1191.874357
23.000000,4.500000,1278.438285
24.000000,4.500000,1385.135047
25.000000,4.500000,1495.066995
26.000000,4.500000,1621.106116
27.000000,4.500000,1763.308842
28.000000,4.500000,1921.987823
29.000000,4.500000,2097.065572
30.000000,4.500000,2301.951619
31.000000,4.500000,2538.380971
32.000000,4.500000,2819.331321
19.000000,5.000000,967.224050
20.000000,5.000000,1040.541756
21.000000,5.000000,1116.218816
22.000000,5.000000,1194.255231
23.000000,5.000000,1281.503967
24.000000,5.000000,1388.145107
25.000000,5.000000,1498.014620
26.000000,5.000000,1624.605816
27.000000,5.000000,1766.621310
28.000000,5.000000,1925.621367
29.000000,5.000000,2100.451227
30.000000,5.000000,2305.788335
31.000000,5.000000,2542.716857
32.000000,5.000000,2823.768783
19.000000,5.500000,969.713804
20.000000,5.500000,1042.997243
21.000000,5.500000,1118.635016
22.000000,5.500000,1196.627123
23.000000,5.500000,1284.557821
24.000000,5.500000,1391.143487
25.000000,5.500000,1500.950747
26.000000,5.500000,1628.082972
27.000000,5.500000,1769.913850
28.000000,5.500000,1929.232274
29.000000,5.500000,2103.813170
30.000000,5.500000,2309.617871
31.000000,5.500000,2547.030132
32.000000,5.500000,2828.168336
19.000000,6.000000,972.205658
20.000000,6.000000,1045.454722
21.000000,6.000000,1121.053099
22.000000,6.000000,1199.000791
23.000000,6.000000,1287.613853
24.000000,6.000000,1394.143884
25.000000,6.000000,1503.888737
26.000000,6.000000,1631.562229
27.000000,6.000000,1773.208241
28.000000,6.000000,1932.845104
29.000000,6.000000,2107.176737
30.000000,6.000000,2313.449146
31.000000,6.000000,2551.345468
32.000000,6.000000,2832.569732
19.000000,6.500000,974.877845
20.000000,6.500000,1048.064170
21.000000,6.500000,1123.592616
22.000000,6.500000,1201.463182
23.000000,6.500000,1290.746341
24.000000,6.500000,1397.187030
25.000000,6.500000,1506.833632
26.000000,6.500000,1635.023720
27.000000,6.500000,1776.484334
28.000000,6.500000,1936.435202
29.000000,6.500000,2110.821360
30.000000,6.500000,2317.273298
31.000000,6.500000,2555.637925
32.000000,6.500000,2836.919934
19.000000,7.000000,977.552528
20.000000,7.000000,1050.675922
21.000000,7.000000,1126.134249
22.000000,7.000000,1203.927507
23.000000,7.000000,1293.881137
24.000000,7.000000,1400.232262
25.000000,7.000000,1509.780403
26.000000,7.000000,1638.487296
27.000000,7.000000,1779.762260
28.000000,7.000000,1940.027200
29.000000,7.000000,2114.467786
30.000000,7.000000,2321.099176
31.000000,7.000000,2559.932405
32.000000,7.000000,2841.271916
19.000000,7.500000,980.277119
20.000000,7.500000,1053.384696
21.000000,7.500000,1128.822870
22.000000,7.500000,1206.591641
23.000000,7.500000,1297.309201
24.000000,7.500000,1403.564119
25.000000,7.500000,1513.006947
26.000000,7.500000,1642.232057
27.000000,7.500000,1783.252513
28.000000,7.500000,1943.852181
29.000000,7.500000,2118.644341
30.000000,7.500000,2325.140260
31.000000,7.500000,2564.345719
32.000000,7.500000,2845.606614
19.000000,8.000000,983.004330
20.000000,8.000000,1056.095986
21.000000,8.000000,1131.513902
22.000000,8.000000,1209.258079
23.000000,8.000000,1300.740104
24.000000,8.000000,1406.898568
25.000000,8.000000,1516.235847
26.000000,8.000000,1645.979395
27.000000,8.000000,1786.744950
28.000000,8.000000,1947.679389
29.000000,8.000000,2122.823180
30.000000,8.000000,2329.183278
31.000000,8.000000,2568.761168
32.000000,8.000000,2849.943061
19.000000,8.500000,985.710715
20.000000,8.500000,1058.789408
21.000000,8.500000,1134.190114
22.000000,8.500000,1211.912832
23.000000,8.500000,1304.153529
24.000000,8.500000,1410.222155
25.000000,8.500000,1519.461134
26.000000,8.500000,1649.761478
27.000000,8.500000,1790.341562
28.000000,8.500000,1951.744768
29.000000,8.500000,2127.424599
30.000000,8.500000,2333.736771
31.000000,8.500000,2573.914418
32.000000,8.500000,2855.145510
18.000000,9.000000,917.671849
19.000000,9.000000,988.419710
20.000000,9.000000,1061.485335
21.000000,9.000000,1136.868724
22.000000,9.000000,1214.569876
23.000000,9.000000,1307.569775
24.000000,9.000000,1413.548336
25.000000,9.000000,1522.688796
26.000000,9.000000,1653.546225
27.000000,9.000000,1793.940530
28.000000,9.000000,1955.812691
29.000000,9.000000,2132.028803
30.000000,9.000000,2338.292749
31.000000,9.000000,2579.070577
32.000000,9.000000,2860.350455
18.000000,9.500000,920.427680
19.000000,9.500000,991.158209
20.000000,9.500000,1064.200800
21.000000,9.500000,1139.555453
22.000000,9.500000,1217.222167
23.000000,9.500000,1310.967278
24.000000,9.500000,1416.857856
25.000000,9.500000,1525.902007
26.000000,9.500000,1657.307457
27.000000,9.500000,1797.514496
28.000000,9.500000,1959.864719
29.000000,9.500000,2136.622129
30.000000,9.500000,2342.838221
31.000000,9.500000,2584.219688
32.000000,9.500000,2865.551263
18.000000,10.000000,923.186525
19.000000,10.000000,993.899536
20.000000,10.000000,1066.918911
21.000000,10.000000,1142.244652
22.000000,10.000000,1219.876758
23.000000,10.000000,1314.367575
24.000000,10.000000,1420.169948
25.000000,10.000000,1529.117575
26.000000,10.000000,1661.071324
27.000000,10.000000,1801.090790
28.000000,10.000000,1963.919268
29.000000,10.000000,2141.218216
30.000000,10.000000,2347.386156
31.000000,10.000000,2589.371670
32.000000,10.000000,2870.754523
18.000000,10.500000,925.974780
19.000000,10.500000,996.735309
20.000000,10.500000,1069.800564
21.000000,10.500000,1145.170546
22.000000,10.500000,1222.845254
23.000000,10.500000,1318.108642
24.000000,10.500000,1423.695957
25.000000,10.500000,1532.412794
26.000000,10.500000,1664.885558
27.000000,10.500000,1804.696673
28.000000,10.500000,1967.988062
29.000000,10.500000,2145.803517
30.000000,10.500000,2351.923676
31.000000,10.500000,2594.499719
32.000000,10.500000,2875.894185
18.000000,11.000000,928.766139
19.000000,11.000000,999.574143
20.000000,11.000000,1072.685235
21.000000,11.000000,1148.099413
22.000000,11.000000,1225.816679
23.000000,11.000000,1321.853188
24.000000,11.000000,1427.224962
25.000000,11.000000,1535.710560
26.000000,11.000000,1668.702555
27.000000,11.000000,1808.304937
28.000000,11.000000,1972.059394
29.000000,11.000000,2150.391554
30.000000,11.000000,2356.463638
31.000000,11.000000,2599.630586
32.000000,11.000000,2881.036196
18.000000,11.500000,931.616389
19.000000,11.500000,1002.469655
20.000000,11.500000,1075.624227
21.000000,11.500000,1151.080106
22.000000,11.500000,1228.837290
23.000000,11.500000,1325.667803
24.000000,11.500000,1430.888765
25.000000,11.500000,1539.212069
26.000000,11.500000,1672.899996
27.000000,11.500000,1812.425661
28.000000,11.500000,1976.697464
29.000000,11.500000,2155.524219
30.000000,11.500000,2361.310969
31.000000,11.500000,2604.921186
32.000000,11.500000,2886.139404
18.000000,12.000000,934.469860
19.000000,12.000000,1005.368341
20.000000,12.000000,1078.566347
21.000000,12.000000,1154.063877
22.000000,12.000000,1231.860932
23.000000,12.000000,1329.486070
24.000000,12.000000,1434.555865
25.000000,12.000000,1542.716529
26.000000,12.000000,1677.100854
27.000000,12.000000,1816.549527
28.000000,12.000000,1981.338866
29.000000,12.000000,2160.660351
30.000000,12.000000,2366.161150
31.000000,12.000000,2610.214820
32.000000,12.000000,2891.244889
18.000000,12.500000,937.591819
19.000000,12.500000,1008.489488
20.000000,12.500000,1081.681335
21.000000,12.500000,1157.167361
22.000000,12.500000,1234.947566
23.000000,12.500000,1333.328619
24.000000,12.500000,1438.220244
25.000000,12.500000,1546.397188
26.000000,12.500000,1681.321090
27.000000,12.500000,1820.732340
28.000000,12.500000,1986.130499
29.000000,12.500000,2166.072194
30.000000,12.500000,2371.365465
31.000000,12.500000,2615.974243
32.000000,12.500000,2896.905091
18.000000,13.000000,940.717669
19.000000,13.000000,1011.614324
20.000000,13.000000,1084.799816
21.000000,13.000000,1160.274147
22.000000,13.000000,1238.037317
23.000000,13.000000,1337.174824
24.000000,13.000000,1441.887900
25.000000,13.000000,1550.080964
26.000000,13.000000,1685.544776
27.000000,13.000000,1824.918387
28.000000,13.000000,1990.925700
29.000000,13.000000,2171.487938
30.000000,13.000000,2376.573186
31.000000,13.000000,2621.737463
32.000000,13.000000,2902.568374
18.000000,13.500000,943.840976
19.000000,13.500000,1014.753970
20.000000,13.500000,1087.951656
21.000000,13.500000,1163.434036
22.000000,13.500000,1241.201108
23.000000,13.500000,1341.058397
24.000000,13.500000,1445.566689
25.000000,13.500000,1554.342600
26.000000,13.500000,1689.765761
27.000000,13.500000,1829.161293
28.000000,13.500000,1995.699213
29.000000,13.500000,2176.873229
30.000000,13.500000,2382.250992
31.000000,13.500000,2627.477390
32.000000,13.500000,2908.228694
18.000000,14.000000,946.968240
19.000000,14.000000,1017.897420
20.000000,14.000000,1091.107149
21.000000,14.000000,1166.597429
22.000000,14.000000,1244.368258
23.000000,14.000000,1344.945821
24.000000,14.000000,1449.248832
25.000000,14.000000,1558.607921
26.000000,14.000000,1693.990191
27.000000,14.000000,1833.407477
28.000000,14.000000,2000.476260
29.000000,14.000000,2182.262372
30.000000,14.000000,2387.932939
31.000000,14.000000,2633.221062
32.000000,14.000000,2913.892067
18.000000,14.500000,950.086275
19.000000,14.500000,1021.035587
20.000000,14.500000,1094.261878
21.000000,14.500000,1169.765147
22.000000,14.500000,1248.071963
23.000000,14.500000,1348.940358
24.000000,14.500000,1453.181460
25.000000,14.500000,1563.338759
26.000000,14.500000,1698.510180
27.000000,14.500000,1838.424482
28.000000,14.500000,2005.291715
29.000000,14.500000,2187.621308
30.000000,14.500000,2393.928510
31.000000,14.500000,2638.928909
32.000000,14.500000,2919.480821
18.000000,15.000000,953.208307
19.000000,15.000000,1024.177626
20.000000,15.000000,1097.420352
21.000000,15.000000,1172.936486
22.000000,15.000000,1251.779835
23.000000,15.000000,1352.939143
24.000000,15.000000,1457.118040
25.000000,15.000000,1568.074235
26.000000,15.000000,1703.034196
27.000000,15.000000,1843.445664
28.000000,15.000000,2010.110788
29.000000,15.000000,2192.984045
30.000000,15.000000,2399.928725
31.000000,15.000000,2644.640425
32.000000,15.000000,2925.072496
18.000000,15.500000,956.464536
19.000000,15.500000,1027.420457
20.000000,15.500000,1100.643547
21.000000,15.500000,1176.133804
22.000000,15.500000,1255.812551
23.000000,15.500000,1356.939542
24.000000,15.500000,1461.079592
25.000000,15.500000,1572.869558
26.000000,15.500000,1707.736682
27.000000,15.500000,1848.822179
28.000000,15.500000,2015.407466
29.000000,15.500000,2198.901316
30.000000,15.500000,2406.370002
31.000000,15.500000,2650.768833
32.000000,15.500000,2932.700445
18.000000,16.000000,959.725212
19.000000,16.000000,1030.667479
20.000000,16.000000,1103.870681
21.000000,16.000000,1179.334818
22.000000,16.000000,1259.849776
23.000000,16.000000,1360.944214
24.000000,16.000000,1465.045185
25.000000,16.000000,1577.669714
26.000000,16.000000,1712.443641
27.000000,16.000000,1854.203681
28.000000,16.000000,2020.708706
29.000000,16.000000,2204.823416
30.000000,16.000000,2412.816730
31.000000,16.000000,2656.901557
32.000000,16.000000,2940.334568
18.000000,16.500000,963.100822
19.000000,16.500000,1034.019853
20.000000,16.500000,1107.193066
21.000000,16.500000,1182.620461
22.000000,16.500000,1263.976893
23.000000,16.500000,1365.001249
24.000000,16.500000,1469.023246
25.000000,16.500000,1582.445329
26.000000,16.500000,1717.128099
27.000000,16.500000,1859.576836
28.000000,16.500000,2026.050699
29.000000,16.500000,2210.899855
30.000000,16.500000,2419.675107
31.000000,16.500000,2664.160193
32.000000,16.500000,2949.542342
18.000000,17.000000,966.481151
19.000000,17.000000,1037.376662
20.000000,17.000000,1110.519610
21.000000,17.000000,1185.909993
22.000000,17.000000,1268.108740
23.000000,17.000000,1369.062679
24.000000,17.000000,1473.005380
25.000000,17.000000,1587.225730
26.000000,17.000000,1721.816991
27.000000,17.000000,1864.954957
28.000000,17.000000,2031.397335
29.000000,17.000000,2216.981428
30.000000,17.000000,2426.539740
31.000000,17.000000,2671.425183
32.000000,17.000000,2958.759682
18.000000,17.500000,969.960773
19.000000,17.500000,1040.907566
20.000000,17.500000,1114.099474
21.000000,17.500000,1189.536498
22.000000,17.500000,1272.698481
23.000000,17.500000,1373.448968
24.000000,17.500000,1477.171439
25.000000,17.500000,1592.093644
26.000000,17.500000,1726.529706
27.000000,17.500000,1870.314767
28.000000,17.500000,2036.725475
29.000000,17.500000,2223.029202
30.000000,17.500000,2433.363341
31.000000,17.500000,2678.634127
32.000000,17.500000,2968.185258
18.000000,18.000000,973.445429
19.000000,18.000000,1044.443415
20.000000,18.000000,1117.684194
21.000000,18.000000,1193.167766
22.000000,18.000000,1277.294131
23.000000,18.000000,1377.840457
24.000000,18.000000,1481.342031
25.000000,18.000000,1596.966618
26.000000,18.000000,1731.246937
27.000000,18.000000,1875.679500
28.000000,18.000000,2042.058218
29.000000,18.000000,2229.082043
30.000000,18.000000,2440.193080
31.000000,18.000000,2685.849272
32.000000,18.000000,2977.620844
18.000000,18.500000,977.055956
19.000000,18.500000,1048.071578
20.000000,18.500000,1121.324977
21.000000,18.500000,1196.816153
22.000000,18.500000,1281.880735
23.000000,18.500000,1382.344038
24.000000,18.500000,1485.753401
25.000000,18.500000,1602.260527
26.000000,18.500000,1736.425526
27.000000,18.500000,1881.538376
28.000000,18.500000,2047.574243
29.000000,18.500000,2235.169344
30.000000,18.500000,2447.000323
31.000000,18.500000,2692.972123
32.000000,18.500000,2987.041800
17.000000,19.000000,911.871731
18.000000,19.000000,980.671992
19.000000,19.000000,1051.705017
20.000000,19.000000,1124.970807
21.000000,19.000000,1200.469360
22.000000,19.000000,1286.473247
23.000000,19.000000,1386.853140
24.000000,19.000000,1490.169911
25.000000,19.000000,1607.560490
26.000000,19.000000,1741.609611
27.000000,19.000000,1887.403169
28.000000,19.000000,2053.095250
29.000000,19.000000,2241.261812
30.000000,19.000000,2453.813635
31.000000,19.000000,2700.100951
32.000000,19.000000,2996.472687
17.000000,19.500000,915.454891
18.000000,19.500000,984.280764
19.000000,19.500000,1055.334265
20.000000,19.500000,1128.615394
21.000000,19.500000,1204.124150
22.000000,19.500000,1291.056384
23.000000,19.500000,1391.358705
24.000000,19.500000,1494.589063
25.000000,19.500000,1612.899866
26.000000,19.500000,1746.891623
27.000000,19.500000,1893.446245
28.000000,19.500000,2058.928650
29.000000,19.500000,2247.745468
30.000000,19.500000,2460.996603
31.000000,19.500000,2707.408753
32.000000,19.500000,3005.889026
17.000000,20.000000,919.043858
18.000000,20.000000,987.895091
19.000000,20.000000,1058.968820
20.000000,20.000000,1132.265046
21.000000,20.000000,1207.783768
22.000000,20.000000,1295.645421
23.000000,20.000000,1395.869796
24.000000,20.000000,1499.013370
25.000000,20.000000,1618.245418
26.000000,20.000000,1752.179444
27.000000,20.000000,1899.495823
28.000000,20.000000,2064.767889
29.000000,20.000000,2254.235281
30.000000,20.000000,2468.186527
31.000000,20.000000,2714.722906
32.000000,20.000000,3015.315220
17.000000,20.500000,922.709421
18.000000,20.500000,991.596339
19.000000,20.500000,1062.701892
20.000000,20.500000,1136.026080
21.000000,20.500000,1211.568903
22.000000,20.500000,1300.336826
23.000000,20.500000,1400.444182
24.000000,20.500000,1503.456974
25.000000,20.500000,1623.591339
26.000000,20.500000,1757.447467
27.000000,20.500000,1905.506693
28.000000,20.500000,2070.600846
29.000000,20.500000,2260.844718
30.000000,20.500000,2475.808815
31.000000,20.500000,2722.964799
32.000000,20.500000,3026.365286
17.000000,21.000000,926.381054
18.000000,21.000000,995.303474
19.000000,21.000000,1066.440667
20.000000,21.000000,1139.792634
21.000000,21.000000,1215.359373
22.000000,21.000000,1305.034712
23.000000,21.000000,1405.024418
24.000000,21.000000,1507.905826
25.000000,21.000000,1628.943440
26.000000,21.000000,1762.721259
27.000000,21.000000,1911.523999
28.000000,21.000000,2076.439662
29.000000,21.000000,2267.460630
30.000000,21.000000,2483.439015
31.000000,21.000000,2731.214804
32.000000,21.000000,3037.429094
17.000000,21.500000,930.267241
18.000000,21.500000,999.185078
19.000000,21.500000,1070.311055
20.000000,21.500000,1143.645173
21.000000,21.500000,1219.187431
22.000000,21.500000,1309.818979
23.000000,21.500000,1409.824315
24.000000,21.500000,1512.714846
25.000000,21.500000,1634.647421
26.000000,21.500000,1768.117929
27.000000,21.500000,1917.533242
28.000000,21.500000,2082.236919
29.000000,21.500000,2274.039331
30.000000,21.500000,2491.089456
31.000000,21.500000,2739.508722
32.000000,21.500000,3048.855614
17.000000,22.000000,934.160261
18.000000,22.000000,1003.073169
19.000000,22.000000,1074.187589
20.000000,22.000000,1147.503523
21.000000,22.000000,1223.020969
22.000000,22.000000,1314.610044
23.000000,22.000000,1414.630698
24.000000,22.000000,1517.530047
25.000000,22.000000,1640.358498
26.000000,22.000000,1773.520710
27.000000,22.000000,1923.548970
28.000000,22.000000,2088.039964
29.000000,22.000000,2280.624424
30.000000,22.000000,2498.747772
31.000000,22.000000,2747.810715
32.000000,22.000000,3060.296977
17.000000,22.500000,938.120449
18.000000,22.500000,1007.011896
19.000000,22.500000,1078.097070
20.000000,22.500000,1151.375972
21.000000,22.500000,1226.848602
22.000000,22.500000,1319.406120
23.000000,22.500000,1419.451189
24.000000,22.500000,1522.370081
25.000000,22.500000,1646.156079
26.000000,22.500000,1779.162636
27.000000,22.500000,1929.964876
28.000000,22.500000,2094.294750
29.000000,22.500000,2287.450855
30.000000,22.500000,2506.480419
31.000000,22.500000,2756.043603
32.000000,22.500000,3071.616118
17.000000,23.000000,942.087716
18.000000,23.000000,1010.957283
19.000000,23.000000,1082.012802
20.000000,23.000000,1155.254273
21.000000,23.000000,1230.681695
22.000000,23.000000,1324.209039
23.000000,23.000000,1424.278285
24.000000,23.000000,1527.216484
25.000000,23.000000,1651.961195
26.000000,23.000000,1784.811423
27.000000,23.000000,1936.388292
28.000000,23.000000,2100.556233
29.000000,23.000000,2294.284123
30.000000,23.000000,2514.221010
31.000000,23.000000,2764.284299
32.000000,23.000000,3082.949776
17.000000,23.500000,946.060239
18.000000,23.500000,1014.958222
19.000000,23.500000,1086.037107
20.000000,23.500000,1159.296896
21.000000,23.500000,1234.737586
22.000000,23.500000,1329.223427
23.000000,23.500000,1429.210309
24.000000,23.500000,1532.054952
25.000000,23.500000,1657.822633
26.000000,23.500000,1790.645770
27.000000,23.500000,1943.264445
28.000000,23.500000,2107.873342
29.000000,23.500000,2301.906675
30.000000,23.500000,2522.754234
31.000000,23.500000,2772.822276
32.000000,23.500000,3094.162443
17.000000,24.000000,950.039967
18.000000,24.000000,1018.966088
19.000000,24.000000,1090.068065
20.000000,24.000000,1163.345900
21.000000,24.000000,1238.799592
22.000000,24.000000,1334.245270
23.000000,24.000000,1434.149225
24.000000,24.000000,1536.899768
25.000000,24.000000,1663.691754
26.000000,24.000000,1796.487422
27.000000,24.000000,1950.149142
28.000000,24.000000,2115.199239
29.000000,24.000000,2309.537769
30.000000,24.000000,2531.297116
31.000000,24.000000,2781.368569
32.000000,24.000000,3105.389310
17.000000,24.500000,954.062207
18.000000,24.500000,1023.078393
19.000000,24.500000,1094.268343
20.000000,24.500000,1167.632058
21.000000,24.500000,1243.449438
22.000000,24.500000,1339.556681
23.000000,24.500000,1439.301898
24.000000,24.500000,1541.878471
25.000000,24.500000,1669.647985
26.000000,24.500000,1802.320756
27.000000,24.500000,1957.060696
28.000000,24.500000,2123.266593
29.000000,24.500000,2317.392139
30.000000,24.500000,2540.325518
31.000000,24.500000,2790.659862
32.000000,24.500000,3117.401135
17.000000,25.000000,958.091996
18.000000,25.000000,1027.198125
19.000000,25.000000,1098.475927
20.000000,25.000000,1171.925402
21.000000,25.000000,1248.106955
22.000000,25.000000,1344.876459
23.000000,25.000000,1444.462125
24.000000,25.000000,1546.863953
25.000000,25.000000,1675.612189
26.000000,25.000000,1808.161385
27.000000,25.000000,1963.980835
28.000000,25.000000,2131.343925
29.000000,25.000000,2325.255601
30.000000,25.000000,2549.364841
31.000000,25.000000,2799.961519
32.000000,25.000000,3129.429796
17.000000,25.500000,962.134402
18.000000,25.500000,1031.327083
19.000000,25.500000,1102.688778
20.000000,25.500000,1176.219485
21.000000,25.500000,1253.526245
22.000000,25.500000,1350.266087
23.000000,25.500000,1449.813997
24.000000,25.500000,1553.229350
25.000000,25.500000,1681.959771
26.000000,25.500000,1814.371936
27.000000,25.500000,1971.132498
28.000000,25.500000,2139.350512
29.000000,25.500000,2333.048020
30.000000,25.500000,2558.376698
31.000000,25.500000,2809.280421
32.000000,25.500000,3142.646211
17.000000,26.000000,966.184461
18.000000,26.000000,1035.463538
19.000000,26.000000,1106.908969
20.000000,26.000000,1180.520754
21.000000,26.000000,1258.954612
22.000000,26.000000,1355.664335
23.000000,26.000000,1455.174039
24.000000,26.000000,1559.604462
25.000000,26.000000,1688.316388
26.000000,26.000000,1820.590695
27.000000,26.000000,1978.293279
28.000000,26.000000,2147.366908
29.000000,26.000000,2340.849375
30.000000,26.000000,2567.399365
31.000000,26.000000,2818.609725
32.000000,26.000000,3155.882941
17.000000,26.500000,970.348454
18.000000,26.500000,1039.690187
19.000000,26.500000,1111.194064
20.000000,26.500000,1184.860085
21.000000,26.500000,1264.381336
22.000000,26.500000,1361.098499
23.000000,26.500000,1460.609360
24.000000,26.500000,1566.221818
25.000000,26.500000,1694.913329
26.000000,26.500000,1827.157490
27.000000,26.500000,1985.852149
28.000000,26.500000,2155.738954
29.000000,26.500000,2348.719286
30.000000,26.500000,2576.399377
31.000000,26.500000,2827.841075
32.000000,26.500000,3169.072348
16.000000,27.000000,907.274315
17.000000,27.000000,974.520512
18.000000,27.000000,1043.924646
19.000000,27.000000,1115.486718
20.000000,27.000000,1189.206727
21.000000,27.000000,1269.817193
22.000000,27.000000,1366.541435
23.000000,27.000000,1466.053096
24.000000,27.000000,1572.849486
25.000000,27.000000,1701.520051
26.000000,27.000000,1833.733549
27.000000,27.000000,1993.421366
28.000000,27.000000,2164.121953
29.000000,27.000000,2356.598363
30.000000,27.000000,2585.410085
31.000000,27.000000,2837.082520
32.000000,27.000000,3182.281769
16.000000,27.500000,911.565058
17.000000,27.500000,978.950574
18.000000,27.500000,1048.493936
19.000000,27.500000,1120.195144
20.000000,27.500000,1194.054198
21.000000,27.500000,1275.849308
22.000000,27.500000,1372.371188
23.000000,27.500000,1471.661485
24.000000,27.500000,1579.478567
25.000000,27.500000,1708.141206
26.000000,27.500000,1841.452459
27.000000,27.500000,2001.171098
28.000000,27.500000,2172.873516
29.000000,27.500000,2365.127361
30.000000,27.500000,2595.076835
31.000000,27.500000,2846.412576
16.000000,28.000000,915.864890
17.000000,28.000000,983.389719
18.000000,28.000000,1053.072303
19.000000,28.000000,1124.912641
20.000000,28.000000,1198.910733
21.000000,28.000000,1281.892662
22.000000,28.000000,1378.210999
23.000000,28.000000,1477.278808
24.000000,28.000000,1586.117987
25.000000,28.000000,1714.772231
26.000000,28.000000,1849.182829
27.000000,28.000000,2008.931795
28.000000,28.000000,2181.637231
29.000000,28.000000,2373.667380
30.000000,28.000000,2604.756042
31.000000,28.000000,2855.752888
16.000000,28.500000,920.199030
17.000000,28.500000,987.858908
18.000000,28.500000,1057.675689
19.000000,28.500000,1129.649373
20.000000,28.500000,1203.779960
21.000000,28.500000,1287.893623
22.000000,28.500000,1384.089708
23.000000,28.500000,1483.021922
24.000000,28.500000,1592.977547
25.000000,28.500000,1721.485013
26.000000,28.500000,1856.901569
27.000000,28.500000,2016.688446
28.000000,28.500000,2190.431469
29.000000,28.500000,2383.078404
30.000000,28.500000,2615.174266
31.000000,28.500000,2866.582538
16.000000,29.000000,924.542475
17.000000,29.000000,992.337348
18.000000,29.000000,1062.288272
19.000000,29.000000,1134.395247
20.000000,29.000000,1208.658275
21.000000,29.000000,1293.905694
22.000000,29.000000,1389.978683
23.000000,29.000000,1488.774480
24.000000,29.000000,1599.848293
25.000000,29.000000,1728.207973
26.000000,29.000000,1864.631708
27.000000,29.000000,2024.456056
28.000000,29.000000,2199.237983
29.000000,29.000000,2392.502640
30.000000,29.000000,2625.606892
31.000000,29.000000,2877.426073
16.000000,29.500000,928.911878
17.000000,29.500000,996.849834
18.000000,29.500000,1066.942870
19.000000,29.500000,1139.190985
20.000000,29.500000,1213.594180
21.000000,29.500000,1299.961467
22.000000,29.500000,1395.976516
23.000000,29.500000,1494.705556
24.000000,29.500000,1607.011508
25.000000,29.500000,1735.278617
26.000000,29.500000,1872.775091
27.000000,29.500000,2032.329986
28.000000,29.500000,2207.980772
29.000000,29.500000,2402.731593
30.000000,29.500000,2636.152321
31.000000,29.500000,2888.519578
16.000000,30.000000,933.290774
17.000000,30.000000,1001.371757
18.000000,30.000000,1071.606847
19.000000,30.000000,1143.996043
20.000000,30.000000,1218.539345
21.000000,30.000000,1306.028529
22.000000,30.000000,1401.985060
23.000000,30.000000,1500.646761
24.000000,30.000000,1614.187000
25.000000,30.000000,1742.360613
26.000000,30.000000,1880.931219
27.000000,30.000000,2040.215194
28.000000,30.000000,2216.735665
29.000000,30.000000,2412.975701
30.000000,30.000000,2646.712319
31.000000,30.000000,2899.627507
16.000000,30.500000,937.710213
17.000000,30.500000,1005.918141
18.000000,30.500000,1076.278826
19.000000,30.500000,1148.792266
20.000000,30.500000,1223.458463
21.000000,30.500000,1311.986951
22.000000,30.500000,1407.911964
23.000000,30.500000,1506.531160
24.000000,30.500000,1621.423476
25.000000,30.500000,1749.701336
26.000000,30.500000,1889.598329
27.000000,30.500000,2048.846701
28.000000,30.500000,2226.080417
29.000000,30.500000,2423.372800
30.000000,30.500000,2657.614947
31.000000,30.500000,2910.679919
16.000000,31.000000,942.139417
17.000000,31.000000,1010.474202
18.000000,31.000000,1080.960394
19.000000,31.000000,1153.597993
20.000000,31.000000,1228.386998
21.000000,31.000000,1317.956797
22.000000,31.000000,1413.849580
23.000000,31.000000,1512.425582
24.000000,31.000000,1628.672438
25.000000,31.000000,1757.054288
26.000000,31.000000,1898.279884
27.000000,31.000000,2057.491755
28.000000,31.000000,2235.438992
29.000000,31.000000,2433.785369
30.000000,31.000000,2668.532848
31.000000,31.000000,2921.746464
16.000000,31.500000,946.714956
17.000000,31.500000,1015.137139
18.000000,31.500000,1085.707297
19.000000,31.500000,1158.425432
20.000000,31.500000,1233.291543
21.000000,31.500000,1323.927917
22.000000,31.500000,1419.901117
23.000000,31.500000,1518.550938
24.000000,31.500000,1636.167389
25.000000,31.500000,1764.492897
26.000000,31.500000,1907.010885
27.000000,31.500000,2066.345077
28.000000,31.500000,2245.310584
29.000000,31.500000,2445.309322
30.000000,31.500000,2680.365831
31.000000,31.500000,2937.015699
16.000000,32.000000,951.300878
17.000000,32.000000,1019.810212
18.000000,32.000000,1090.464094
19.000000,32.000000,1163.262525
20.000000,32.000000,1238.205503
21.000000,32.000000,1329.910657
22.000000,32.000000,1425.963858
23.000000,32.000000,1524.687090
24.000000,32.000000,1643.675637
25.000000,32.000000,1771.944003
26.000000,32.000000,1915.756496
27.000000,32.000000,2075.212649
28.000000,32.000000,2255.197773
29.000000,32.000000,2456.852370
30.000000,32.000000,2692.216723
31.000000,32.000000,2952.313941
16.000000,32.500000,955.911702
17.000000,32.500000,1024.497476
18.000000,32.500000,1095.223245
19.000000,32.500000,1168.089009
20.000000,32.500000,1243.231653
21.000000,32.500000,1335.958683
22.000000,32.500000,1432.194922
23.000000,32.500000,1531.100270
24.000000,32.500000,1651.431157
25.000000,32.500000,1779.550882
26.000000,32.500000,1924.624930
27.000000,32.500000,2084.100690
28.000000,32.500000,2265.083815
29.000000,32.500000,2468.667479
30.000000,32.500000,2704.830550
31.000000,32.500000,2970.000514
16.000000,33.000000,960.533082
17.000000,33.000000,1029.194976
18.000000,33.000000,1099.992318
19.000000,33.000000,1172.925105
20.000000,33.000000,1248.267510
21.000000,33.000000,1342.018559
22.000000,33.000000,1438.437793
23.000000,33.000000,1537.525211
24.000000,33.000000,1659.200884
25.000000,33.000000,1787.170811
26.000000,33.000000,1933.508396
27.000000,33.000000,2093.003041
28.000000,33.000000,2274.985520
29.000000,33.000000,2480.502506
30.000000,33.000000,2717.464896
31.000000,33.000000,2987.726868
16.000000,33.500000,965.211355
17.000000,33.500000,1033.982543
18.000000,33.500000,1104.886173
19.000000,33.500000,1177.922245
20.000000,33.500000,1254.401219
21.000000,33.500000,1348.318085
22.000000,33.500000,1444.901305
23.000000,33.500000,1544.150879
24.000000,33.500000,1667.177346
25.000000,33.500000,1795.056448
26.000000,33.500000,1942.667464
27.000000,33.500000,2102.033225
28.000000,33.500000,2284.872260
29.000000,33.500000,2492.400656
30.000000,33.500000,2730.269584
31.000000,33.500000,3005.811109
16.000000,34.000000,969.900467
17.000000,34.000000,1038.780744
18.000000,34.000000,1109.790459
19.000000,34.000000,1182.929613
20.000000,34.000000,1260.547791
21.000000,34.000000,1354.630358
22.000000,34.000000,1451.377448
23.000000,34.000000,1550.789062
24.000000,34.000000,1675.168862
25.000000,34.000000,1802.956119
26.000000,34.000000,1951.842526
27.000000,34.000000,2111.078115
28.000000,34.000000,2294.774657
29.000000,34.000000,2504.318765
30.000000,34.000000,2743.095293
31.000000,34.000000,3023.936641
16.000000,34.500000,974.747001
17.000000,34.500000,1043.827350
18.000000,34.500000,1115.038693
19.000000,34.500000,1188.381030
20.000000,34.500000,1267.286984
21.000000,34.500000,1361.342755
22.000000,34.500000,1458.050346
23.000000,34.500000,1558.795612
24.000000,34.500000,1683.311634
25.000000,34.500000,1811.206510
26.000000,34.500000,1961.586515
27.000000,34.500000,2121.775057
28.000000,34.500000,2304.836524
29.000000,34.500000,2516.282317
30.000000,34.500000,2755.906327
31.000000,34.500000,3041.947494
15.000000,35.000000,912.457105
16.000000,35.000000,979.605124
17.000000,35.000000,1048.885690
18.000000,35.000000,1120.298803
19.000000,35.000000,1193.844463
20.000000,35.000000,1274.041384
21.000000,35.000000,1368.069410
22.000000,35.000000,1464.736581
23.000000,35.000000,1566.818114
24.000000,35.000000,1691.470086
25.000000,35.000000,1819.472251
26.000000,35.000000,1971.348544
27.000000,35.000000,2132.491207
28.000000,35.000000,2314.914596
29.000000,35.000000,2528.265779
30.000000,35.000000,2768.738189
31.000000,35.000000,3059.998796
15.000000,35.500000,917.318458
16.000000,35.500000,984.641248
17.000000,35.500000,1054.096056
18.000000,35.500000,1125.682883
19.000000,35.500000,1199.401728
20.000000,35.500000,1280.818127
21.000000,35.500000,1374.824328
22.000000,35.500000,1471.459533
23.000000,35.500000,1574.936748
24.000000,35.500000,1699.652728
25.000000,35.500000,1827.708661
26.000000,35.500000,1981.362854
27.000000,35.500000,2143.969592
28.000000,35.500000,2326.533357
29.000000,35.500000,2542.135793
30.000000,35.500000,2782.315103
31.000000,35.500000,3077.824987
15.000000,36.000000,922.192162
16.000000,36.000000,989.689718
17.000000,36.000000,1059.318761
18.000000,36.000000,1131.079291
19.000000,36.000000,1204.971308
20.000000,36.000000,1287.610047
21.000000,36.000000,1381.593627
22.000000,36.000000,1478.196084
23.000000,36.000000,1583.072012
24.000000,36.000000,1707.851298
25.000000,36.000000,1835.960310
26.000000,36.000000,1991.396196
27.000000,36.000000,2155.470070
28.000000,36.000000,2338.174161
29.000000,36.000000,2556.032615
30.000000,36.000000,2795.915323
31.000000,36.000000,3095.690292
15.000000,36.500000,927.187607
16.000000,36.500000,994.836245
17.000000,36.500000,1064.614199
18.000000,36.500000,1136.521469
19.000000,36.500000,1210.558055
20.000000,36.500000,1294.366014
21.000000,36.500000,1388.372215
22.000000,36.500000,1484.991011
23.000000,36.500000,1591.340614
24.000000,36.500000,1716.203646
25.000000,36.500000,1845.663826
26.000000,36.500000,2001.556177
27.000000,36.500000,2166.954364
28.000000,36.500000,2349.817126
29.000000,36.500000,2570.293638
30.000000,36.500000,2810.639428
31.000000,36.500000,3114.672515
15.000000,37.000000,932.195930
16.000000,37.000000,999.995514
17.000000,37.000000,1069.922242
18.000000,37.000000,1141.976113
19.000000,37.000000,1216.157129
20.000000,37.000000,1301.137043
21.000000,37.000000,1395.165330
22.000000,37.000000,1491.799926
23.000000,37.000000,1599.626645
24.000000,37.000000,1724.572703
25.000000,37.000000,1855.386639
26.000000,37.000000,2011.735742
27.000000,37.000000,2178.460826
28.000000,37.000000,2361.482275
29.000000,37.000000,2584.582689
30.000000,37.000000,2825.391186
31.000000,37.000000,3133.698997
15.000000,37.500000,937.292212
16.000000,37.500000,1005.234792
17.000000,37.500000,1075.302498
18.000000,37.500000,1147.495330
19.000000,37.500000,1221.813288
20.000000,37.500000,1307.897317
21.000000,37.500000,1401.954983
22.000000,37.500000,1498.609046
23.000000,37.500000,1607.965540
24.000000,37.500000,1733.076064
25.000000,37.500000,1865.611497
26.000000,37.500000,2022.207668
27.000000,37.500000,2190.291223
28.000000,37.500000,2373.493694
29.000000,37.500000,2599.028461
30.000000,37.500000,2840.442708
31.000000,37.500000,3153.331922
15.000000,38.000000,942.401907
16.000000,38.000000,1010.487332
17.000000,38.000000,1080.695866
18.000000,38.000000,1153.027510
19.000000,38.000000,1227.482263
20.000000,38.000000,1314.673238
21.000000,38.000000,1408.759523
22.000000,38.000000,1505.432313
23.000000,38.000000,1616.322142
24.000000,38.000000,1741.596746
25.000000,38.000000,1875.857472
26.000000,38.000000,2032.700406
27.000000,38.000000,2202.145155
28.000000,38.000000,2385.528389
29.000000,38.000000,2613.502463
30.000000,38.000000,2855.523012
31.000000,38.000000,3173.011955
15.000000,38.500000,947.448744
16.000000,38.500000,1015.696583
17.000000,38.500000,1086.065838
18.000000,38.500000,1158.556508
19.000000,38.500000,1233.168592
20.000000,38.500000,1321.492806
21.000000,38.500000,1415.677874
22.000000,38.500000,1512.443226
23.000000,38.500000,1624.963864
24.000000,38.500000,1750.376144
25.000000,38.500000,1886.416768
26.000000,38.500000,2043.564340
27.000000,38.500000,2214.382539
28.000000,38.500000,2399.988959
29.000000,38.500000,2627.837674
30.000000,38.500000,2870.565851
15.000000,39.000000,952.508767
16.000000,39.000000,1020.918941
17.000000,39.000000,1091.448834
18.000000,39.000000,1164.098446
19.000000,39.000000,1238.867775
20.000000,39.000000,1328.328176
21.000000,39.000000,1422.611551
22.000000,39.000000,1519.468997
23.000000,39.000000,1633.624441
24.000000,39.000000,1759.173955
25.000000,39.000000,1896.998612
26.000000,39.000000,2054.450666
27.000000,39.000000,2226.644956
28.000000,39.000000,2414.479854
29.000000,39.000000,2642.200231
30.000000,39.000000,2885.637201
15.000000,39.500000,957.554859
16.000000,39.500000,1026.139619
17.000000,39.500000,1096.842724
18.000000,39.500000,1169.664176
19.000000,39.500000,1244.603974
20.000000,39.500000,1335.231141
21.000000,39.500000,1429.662823
22.000000,39.500000,1526.665156
23.000000,39.500000,1642.454397
24.000000,39.500000,1768.058701
25.000000,39.500000,1907.634793
26.000000,39.500000,2065.320422
27.000000,39.500000,2238.815203
28.000000,39.500000,2429.099630
29.000000,39.500000,2656.582695
30.000000,39.500000,2900.650223
15.000000,40.000000,962.614046
16.000000,40.000000,1031.373362
17.000000,40.000000,1102.249646
18.000000,40.000000,1175.242899
19.000000,40.000000,1250.353121
20.000000,40.000000,1342.150135
21.000000,40.000000,1436.729861
22.000000,40.000000,1533.876820
23.000000,40.000000,1651.303862
24.000000,40.000000,1776.962158
25.000000,40.000000,1918.293639
26.000000,40.000000,2076.212407
27.000000,40.000000,2251.010001
28.000000,40.000000,2443.749581
29.000000,40.000000,2670.992481
30.000000,40.000000,2915.691398
15.000000,40.500000,967.850989
16.000000,40.500000,1036.841171
17.000000,40.500000,1107.949318
18.000000,40.500000,1181.175429
19.000000,40.500000,1257.487587
20.000000,40.500000,1349.567654
21.000000,40.500000,1444.320237
22.000000,40.500000,1541.637431
23.000000,40.500000,1660.685478
24.000000,40.500000,1786.273112
25.000000,40.500000,1929.244164
26.000000,40.500000,2087.090774
27.000000,40.500000,2263.161043
28.000000,40.500000,2458.487694
29.000000,40.500000,2686.844345
30.000000,40.500000,2935.873062
15.000000,41.000000,973.101928
16.000000,41.000000,1042.323183
17.000000,41.000000,1113.663388
18.000000,41.000000,1187.122542
19.000000,41.000000,1264.640156
20.000000,41.000000,1357.003390
21.000000,41.000000,1451.928612
22.000000,41.000000,1549.415825
23.000000,41.000000,1670.088806
24.000000,41.000000,1795.604364
25.000000,41.000000,1940.218411
26.000000,41.000000,2097.991216
27.000000,41.000000,2275.336354
28.000000,41.000000,2473.256211
29.000000,41.000000,2702.729635
30.000000,41.000000,2956.107436
15.000000,41.500000,978.586932
16.000000,41.500000,1048.055621
17.000000,41.500000,1119.644733
18.000000,41.500000,1193.354269
19.000000,41.500000,1272.194209
20.000000,41.500000,1364.638669
21.000000,41.500000,1459.637201
22.000000,41.500000,1558.001283
23.000000,41.500000,1679.547160
24.000000,41.500000,1805.122074
25.000000,41.500000,1951.476686
26.000000,41.500000,2109.217848
27.000000,41.500000,2287.661549
28.000000,41.500000,2488.143685
29.000000,41.500000,2719.206778
30.000000,41.500000,2978.584045
15.000000,42.000000,984.087080
16.000000,42.000000,1053.803458
17.000000,42.000000,1125.641723
18.000000,42.000000,1199.601873
19.000000,42.000000,1279.768061
20.000000,42.000000,1372.293048
21.000000,42.000000,1467.364203
22.000000,42.000000,1566.607113
23.000000,42.000000,1689.027587
24.000000,42.000000,1814.661075
25.000000,42.000000,1962.760095
26.000000,42.000000,2120.467948
27.000000,42.000000,2300.011548
28.000000,42.000000,2503.061927
29.000000,42.000000,2735.719876
30.000000,42.000000,3001.125922
15.000000,42.500000,989.662919
16.000000,42.500000,1059.616115
17.000000,42.500000,1131.692139
18.000000,42.500000,1205.890991
19.000000,42.500000,1287.317541
20.000000,42.500000,1379.942248
21.000000,42.500000,1475.106710
22.000000,42.500000,1576.051194
23.000000,42.500000,1698.569060
24.000000,42.500000,1824.292022
25.000000,42.500000,1974.219010
26.000000,42.500000,2133.202703
27.000000,42.500000,2312.768974
28.000000,42.500000,2518.475478
29.000000,42.500000,2752.730968
30.000000,42.500000,3023.672699
14.000000,43.000000,927.187759
15.000000,43.000000,995.254210
16.000000,43.000000,1065.444421
17.000000,43.000000,1137.758392
18.000000,43.000000,1212.196123
19.000000,43.000000,1294.886743
20.000000,43.000000,1387.610588
21.000000,43.000000,1482.867785
22.000000,43.000000,1585.518533
23.000000,43.000000,1708.133074
24.000000,43.000000,1833.944800
25.000000,43.000000,1985.703865
26.000000,43.000000,2145.965560
27.000000,43.000000,2325.552685
28.000000,43.000000,2533.921687
29.000000,43.000000,2769.780059
30.000000,43.000000,3046.283880
14.000000,43.500000,932.703527
15.000000,43.500000,1000.981770
16.000000,43.500000,1071.382305
17.000000,43.500000,1143.905133
18.000000,43.500000,1218.550253
19.000000,43.500000,1302.452134
20.000000,43.500000,1395.309194
21.000000,43.500000,1490.695238
22.000000,43.500000,1595.066006
23.000000,43.500000,1717.740238
24.000000,43.500000,1844.301834
25.000000,43.500000,1997.642691
26.000000,43.500000,2159.790292
27.000000,43.500000,2340.155140
28.000000,43.500000,2550.867216
29.000000,43.500000,2787.558534
30.000000,43.500000,3068.556244
14.000000,44.000000,938.235451
15.000000,44.000000,1006.725527
16.000000,44.000000,1077.336413
17.000000,44.000000,1150.068109
18.000000,44.000000,1224.920615
19.000000,44.000000,1310.037339
20.000000,44.000000,1403.027200
21.000000,44.000000,1498.541681
22.000000,44.000000,1604.637363
23.000000,44.000000,1727.370296
24.000000,44.000000,1854.683017
25.000000,44.000000,2009.609439
26.000000,44.000000,2173.647689
27.000000,44.000000,2354.791486
28.000000,44.000000,2567.851772
29.000000,44.000000,2805.378121
30.000000,44.000000,3090.890273
14.000000,44.500000,943.802233
15.000000,44.500000,1012.512027
16.000000,44.500000,1083.341831
17.000000,44.500000,1156.291646
18.000000,44.500000,1231.361472
19.000000,44.500000,1317.666338
20.000000,44.500000,1410.813132
21.000000,44.500000,1506.479510
22.000000,44.500000,1614.264582
23.000000,44.500000,1737.000793
24.000000,44.500000,1866.199824
25.000000,44.500000,2021.643947
26.000000,44.500000,2187.653424
27.000000,44.500000,2369.625185
28.000000,44.500000,2585.055039
29.000000,44.500000,2824.452644
30.000000,44.500000,3113.833613
14.000000,45.000000,949.385357
15.000000,45.000000,1018.314965
16.000000,45.000000,1089.363773
17.000000,45.000000,1162.531782
18.000000,45.000000,1237.818990
19.000000,45.000000,1325.315742
20.000000,45.000000,1418.619052
21.000000,45.000000,1514.436914
22.000000,45.000000,1623.916159
23.000000,45.000000,1746.654292
24.000000,45.000000,1877.744341
25.000000,45.000000,2033.706539
26.000000,45.000000,2201.692251
27.000000,45.000000,2384.493450
28.000000,45.000000,2602.298677
29.000000,45.000000,2843.574842
30.000000,45.000000,3136.841646
14.000000,45.500000,955.010729
15.000000,45.500000,1024.169139
16.000000,45.500000,1095.446554
17.000000,45.500000,1168.842976
18.000000,45.500000,1244.358404
19.000000,45.500000,1333.034872
20.000000,45.500000,1426.500651
21.000000,45.500000,1522.476279
22.000000,45.500000,1633.795483
23.000000,45.500000,1756.818235
24.000000,45.500000,1890.235221
25.000000,45.500000,2046.574999
26.000000,45.500000,2216.345146
27.000000,45.500000,2400.987699
28.000000,45.500000,2619.535807
29.000000,45.500000,2863.299336
30.000000,45.500000,3159.854533
14.000000,46.000000,960.652579
15.000000,46.000000,1030.039933
16.000000,46.000000,1101.546090
17.000000,46.000000,1175.171047
18.000000,46.000000,1250.914806
19.000000,46.000000,1340.774704
20.000000,46.000000,1434.402558
21.000000,46.000000,1530.535563
22.000000,46.000000,1643.700269
23.000000,46.000000,1767.007591
24.000000,46.000000,1902.758231
25.000000,46.000000,2059.475090
26.000000,46.000000,2231.033748
27.000000,46.000000,2417.521927
28.000000,46.000000,2636.813458
29.000000,46.000000,2883.074630
30.000000,46.000000,3182.931513
14.000000,46.500000,966.492316
15.000000,46.500000,1036.080836
16.000000,46.500000,1107.785193
17.000000,46.500000,1181.605387
18.000000,46.500000,1257.907023
19.000000,46.500000,1348.547422
20.000000,46.500000,1442.319909
21.000000,46.500000,1538.591845
22.000000,46.500000,1653.640691
23.000000,46.500000,1777.257097
24.000000,46.500000,1915.401356
25.000000,46.500000,2072.549577
26.000000,46.500000,2245.975830
27.000000,46.500000,2435.123821
28.000000,46.500000,2654.368926
29.000000,46.500000,2903.276904
14.000000,47.000000,972.349632
15.000000,47.000000,1042.139259
16.000000,47.000000,1114.041743
17.000000,47.000000,1188.057083
18.000000,47.000000,1264.918056
19.000000,47.000000,1356.340937
20.000000,47.000000,1450.257571
21.000000,47.000000,1546.667959
22.000000,47.000000,1663.606688
23.000000,47.000000,1787.532249
24.000000,47.000000,1928.077009
25.000000,47.000000,2085.656384
26.000000,47.000000,2260.954744
27.000000,47.000000,2452.769827
28.000000,47.000000,2671.966403
29.000000,47.000000,2923.532106
14.000000,47.500000,978.386047
15.000000,47.500000,1048.406052
16.000000,47.500000,1120.537596
17.000000,47.500000,1194.780679
18.000000,47.500000,1272.890605
19.000000,47.500000,1364.539221
20.000000,47.500000,1458.679425
21.000000,47.500000,1555.311217
22.000000,47.500000,1674.057840
23.000000,47.500000,1798.038895
24.000000,47.500000,1941.009021
25.000000,47.500000,2099.139544
26.000000,47.500000,2276.553394
27.000000,47.500000,2470.796513
28.000000,47.500000,2691.444196
29.000000,47.500000,2946.478798
14.000000,48.000000,984.441014
15.000000,48.000000,1054.691480
16.000000,48.000000,1127.052153
17.000000,48.000000,1201.523033
18.000000,48.000000,1280.886309
19.000000,48.000000,1372.760497
20.000000,48.000000,1467.124107
21.000000,48.000000,1563.977139
22.000000,48.000000,1684.537074
23.000000,48.000000,1808.572290
24.000000,48.000000,1953.974759
25.000000,48.000000,2112.656948
26.000000,48.000000,2292.192069
27.000000,48.000000,2488.869590
28.000000,48.000000,2710.973791
29.000000,48.000000,2969.493321
14.000000,48.500000,990.533352
15.000000,48.500000,1061.025236
16.000000,48.500000,1133.627172
17.000000,48.500000,1208.339160
18.000000,48.500000,1288.963581
19.000000,48.500000,1381.068162
20.000000,48.500000,1475.660209
21.000000,48.500000,1574.251837
22.000000,48.500000,1695.052476
23.000000,48.500000,1819.131828
24.000000,48.500000,1967.097879
25.000000,48.500000,2126.977883
26.000000,48.500000,2308.092622
27.000000,48.500000,2507.148244
28.000000,48.500000,2731.923454
29.000000,48.500000,2994.553058
14.000000,49.000000,996.644310
15.000000,49.000000,1067.377762
16.000000,49.000000,1140.221102
17.000000,49.000000,1215.174331
18.000000,49.000000,1297.064372
19.000000,49.000000,1389.399200
20.000000,49.000000,1484.219538
21.000000,49.000000,1584.555469
22.000000,49.000000,1705.596065
23.000000,49.000000,1829.718163
24.000000,49.000000,1980.255342
25.000000,49.000000,2141.335905
26.000000,49.000000,2324.034240
27.000000,49.000000,2525.474419
28.000000,49.000000,2752.932689
29.000000,49.000000,3019.692646
14.000000,49.500000,1002.922683
15.000000,49.500000,1073.909891
16.000000,49.500000,1147.007052
17.000000,49.500000,1222.214168
18.000000,49.500000,1305.358918
19.000000,49.500000,1397.870608
20.000000,49.500000,1492.862247
21.000000,49.500000,1595.124553
22.000000,49.500000,1716.581717
23.000000,49.500000,1841.124741
24.000000,49.500000,1994.213606
25.000000,49.500000,2157.074198
26.000000,49.500000,2340.262594
27.000000,49.500000,2543.893252
28.000000,49.500000,2774.643877
29.000000,49.500000,3044.541626
13.000000,50.000000,940.089453
14.000000,50.000000,1009.220599
15.000000,50.000000,1080.461754
16.000000,50.000000,1153.812919
17.000000,50.000000,1229.274094
18.000000,50.000000,1313.678027
19.000000,50.000000,1406.366089
20.000000,50.000000,1501.528542
21.000000,50.000000,1605.723606
22.000000,50.000000,1727.597817
23.000000,50.000000,1852.562250
24.000000,50.000000,2008.210196
25.000000,50.000000,2172.855094
26.000000,50.000000,2356.533140
27.000000,50.000000,2562.360124
28.000000,50.000000,2796.418344
29.000000,50.000000,3069.467564
13.000000,50.500000,946.242355
14.000000,50.500000,1015.641493
15.000000,50.500000,1087.151092
16.000000,50.500000,1160.771152
17.000000,50.500000,1236.501673
18.000000,50.500000,1322.131022
19.000000,50.500000,1414.964032
20.000000,50.500000,1510.264336
21.000000,50.500000,1616.424909
22.000000,50.500000,1738.682325
23.000000,50.500000,1866.086804
24.000000,50.500000,2022.323497
25.000000,50.500000,2189.052717
26.000000,50.500000,2373.380743
27.000000,50.500000,2580.978448
28.000000,50.500000,2818.935179
29.000000,50.500000,3095.494860
13.000000,51.000000,952.415190
14.000000,51.000000,1022.082587
15.000000,51.000000,1093.860886
16.000000,51.000000,1167.750085
17.000000,51.000000,1243.750186
18.000000,51.000000,1330.609299
19.000000,51.000000,1423.586586
20.000000,51.000000,1519.024078
21.000000,51.000000,1627.156806
22.000000,51.000000,1749.797623
23.000000,51.000000,1879.650002
24.000000,51.000000,2036.475586
25.000000,51.000000,2205.294957
26.000000,51.000000,2390.273196
27.000000,51.000000,2599.645587
28.000000,51.000000,2841.519063
29.000000,51.000000,3121.604781
13.000000,51.500000,958.645741
14.000000,51.500000,1028.603329
15.000000,51.500000,1100.673725
16.000000,51.500000,1174.856928
17.000000,51.500000,1251.152939
18.000000,51.500000,1339.326713
19.000000,51.500000,1432.589411
20.000000,51.500000,1528.312552
21.000000,51.500000,1638.532163
22.000000,51.500000,1761.341801
23.000000,51.500000,1893.805876
24.000000,51.500000,2051.100250
25.000000,51.500000,2222.273726
26.000000,51.500000,2409.038515
27.000000,51.500000,2618.276842
28.000000,51.500000,2864.502520
29.000000,51.500000,3147.386957
13.000000,52.000000,964.896450
14.000000,52.000000,1035.144628
15.000000,52.000000,1107.507511
16.000000,52.000000,1181.985098
17.000000,52.000000,1258.577390
18.000000,52.000000,1348.070723
19.000000,52.000000,1441.618907
20.000000,52.000000,1537.627771
21.000000,52.000000,1649.941474
22.000000,52.000000,1772.918661
23.000000,52.000000,1908.002445
24.000000,52.000000,2065.766010
25.000000,52.000000,2239.300907
26.000000,52.000000,2427.856578
27.000000,52.000000,2636.956706
28.000000,52.000000,2887.554684
29.000000,52.000000,3173.248466
13.000000,52.500000,971.289263
14.000000,52.500000,1041.816644
15.000000,52.500000,1114.459450
16.000000,52.500000,1189.217680
17.000000,52.500000,1266.313349
18.000000,52.500000,1357.000444
19.000000,52.500000,1450.948788
20.000000,52.500000,1547.359409
21.000000,52.500000,1662.032944
22.000000,52.500000,1785.410372
23.000000,52.500000,1923.219338
24.000000,52.500000,2080.727230
25.000000,52.500000,2256.669063
26.000000,52.500000,2447.487838
27.000000,52.500000,2656.788705
28.000000,52.500000,2912.286098
13.000000,53.000000,977.703071
14.000000,53.000000,1048.509964
15.000000,53.000000,1121.432990
16.000000,53.000000,1196.472148
17.000000,53.000000,1274.072596
18.000000,53.000000,1365.957718
19.000000,53.000000,1460.306688
20.000000,53.000000,1557.119505
21.000000,53.000000,1674.160987
22.000000,53.000000,1797.938618
23.000000,53.000000,1938.481549
24.000000,53.000000,2095.730966
25.000000,53.000000,2274.087129
26.000000,53.000000,2467.175374
27.000000,53.000000,2676.675657
28.000000,53.000000,2937.095849
13.000000,53.500000,984.213322
14.000000,53.500000,1055.293760
15.000000,53.500000,1128.490524
16.000000,53.500000,1203.803614
17.000000,53.500000,1282.722787
18.000000,53.500000,1374.999671
19.000000,53.500000,1469.740261
20.000000,53.500000,1567.053235
21.000000,53.500000,1686.566174
22.000000,53.500000,1810.992402
23.000000,53.500000,1953.948238
24.000000,53.500000,2110.607677
25.000000,53.500000,2291.840883
26.000000,53.500000,2486.997699
27.000000,53.500000,2700.969034
28.000000,53.500000,2963.661152
13.000000,54.000000,990.745082
14.000000,54.000000,1062.099321
15.000000,54.000000,1135.570070
16.000000,54.000000,1211.157330
17.000000,54.000000,1291.400536
18.000000,54.000000,1384.069568
19.000000,54.000000,1479.202125
20.000000,54.000000,1577.016036
21.000000,54.000000,1699.009431
22.000000,54.000000,1824.085741
23.000000,54.000000,1969.461999
24.000000,54.000000,2125.526553
25.000000,54.000000,2309.645945
26.000000,54.000000,2506.877176
27.000000,54.000000,2725.342999
28.000000,54.000000,2990.314705
13.000000,54.500000,997.339536
14.000000,54.500000,1068.983936
15.000000,54.500000,1142.746416
16.000000,54.500000,1218.626976
17.000000,54.500000,1300.285830
18.000000,54.500000,1393.473946
19.000000,54.500000,1489.131532
20.000000,54.500000,1589.515207
21.000000,54.500000,1711.875992
22.000000,54.500000,1837.315490
23.000000,54.500000,1984.933559
24.000000,54.500000,2142.425778
25.000000,54.500000,2328.403780
26.000000,54.500000,2527.048232
27.000000,54.500000,2750.351130
28.000000,54.500000,3018.000233
13.000000,55.000000,1003.955755
14.000000,55.000000,1075.890677
15.000000,55.000000,1149.945242
16.000000,55.000000,1226.119450
17.000000,55.000000,1309.199832
18.000000,55.000000,1402.908132
19.000000,55.000000,1499.091813
20.000000,55.000000,1602.055112
21.000000,55.000000,1724.782984
22.000000,55.000000,1850.585358
23.000000,55.000000,2000.452127
24.000000,55.000000,2159.375964
25.000000,55.000000,2347.217585
26.000000,55.000000,2547.278046
27.000000,55.000000,2775.443067
28.000000,55.000000,3045.780220
13.000000,55.500000,1010.524757
14.000000,55.500000,1082.777463
15.000000,55.500000,1157.151285
16.000000,55.500000,1233.646224
17.000000,55.500000,1318.253260
18.000000,55.500000,1412.550276
19.000000,55.500000,1509.331867
20.000000,55.500000,1614.835781
21.000000,55.500000,1737.840542
22.000000,55.500000,1865.075116
23.000000,55.500000,2016.214068
24.000000,55.500000,2178.177870
25.000000,55.500000,2366.808257
26.000000,55.500000,2567.324477
27.000000,55.500000,2801.035039
13.000000,56.000000,1017.115157
14.000000,56.000000,1089.686174
15.000000,56.000000,1164.379761
16.000000,56.000000,1241.195915
17.000000,56.000000,1327.336043
18.000000,56.000000,1422.223262
19.000000,56.000000,1519.604228
20.000000,56.000000,1627.658466
21.000000,56.000000,1750.939193
22.000000,56.000000,1879.609818
23.000000,56.000000,2032.024623
24.000000,56.000000,2197.039461
25.000000,56.000000,2386.458567
26.000000,56.000000,2587.428667
27.000000,56.000000,2826.713010
13.000000,56.500000,1023.799124
14.000000,56.500000,1096.757983
15.000000,56.500000,1171.844800
16.000000,56.500000,1249.059576
17.000000,56.500000,1336.804427
18.000000,56.500000,1432.192445
19.000000,56.500000,1530.076487
20.000000,56.500000,1640.624704
21.000000,56.500000,1764.423570
22.000000,56.500000,1895.719819
23.000000,56.500000,2047.996673
24.000000,56.500000,2216.233433
25.000000,56.500000,2407.023774
26.000000,56.500000,2608.926447
27.000000,56.500000,2854.483151
12.000000,57.000000,959.290642
13.000000,57.000000,1030.504968
14.000000,57.000000,1103.852629
15.000000,57.000000,1179.333626
16.000000,57.000000,1256.947959
17.000000,57.000000,1346.304503
18.000000,57.000000,1442.194152
19.000000,57.000000,1540.582043
20.000000,57.000000,1653.633714
21.000000,57.000000,1777.951333
22.000000,57.000000,1911.882614
23.000000,57.000000,2064.018600
24.000000,57.000000,2235.488441
25.000000,57.000000,2427.653040
26.000000,57.000000,2630.490351
27.000000,57.000000,2882.352356
12.000000,57.500000,965.651534
13.000000,57.500000,1037.253052
14.000000,57.500000,1110.993667
15.000000,57.500000,1186.873380
16.000000,57.500000,1264.892191
17.000000,57.500000,1355.887511
18.000000,57.500000,1452.301306
19.000000,57.500000,1551.216048
20.000000,57.500000,1666.831947
21.000000,57.500000,1791.769062
22.000000,57.500000,1928.030758
23.000000,57.500000,2079.824552
24.000000,57.500000,2255.066783
25.000000,57.500000,2449.350400
26.000000,57.500000,2653.883720
27.000000,57.500000,2910.492244
12.000000,58.000000,972.033442
13.000000,58.000000,1044.023144
14.000000,58.000000,1118.157697
15.000000,58.000000,1194.437099
16.000000,58.000000,1272.861350
17.000000,58.000000,1365.502533
18.000000,58.000000,1462.441405
19.000000,58.000000,1561.883863
20.000000,58.000000,1680.074010
21.000000,58.000000,1805.631833
22.000000,58.000000,1944.231840
23.000000,58.000000,2095.679213
24.000000,58.000000,2274.707414
25.000000,58.000000,2471.117535
26.000000,58.000000,2677.354077
27.000000,58.000000,2938.731425
12.000000,58.500000,978.689888
13.000000,58.500000,1051.023146
14.000000,58.500000,1125.503336
15.000000,58.500000,1202.130461
16.000000,58.500000,1281.162464
17.000000,58.500000,1375.326115
18.000000,58.500000,1472.903344
19.000000,58.500000,1572.994752
20.000000,58.500000,1693.699673
21.000000,58.500000,1819.756100
22.000000,58.500000,1960.630618
23.000000,58.500000,2112.272488
24.000000,58.500000,2295.535483
25.000000,58.500000,2493.707202
26.000000,58.500000,2705.910974
12.000000,59.000000,985.369037
13.000000,59.000000,1058.046510
14.000000,59.000000,1132.872978
15.000000,59.000000,1209.848441
16.000000,59.000000,1289.490243
17.000000,59.000000,1385.182814
18.000000,59.000000,1483.400144
19.000000,59.000000,1584.142231
20.000000,59.000000,1707.371778
21.000000,59.000000,1833.926884
22.000000,59.000000,1977.083618
23.000000,59.000000,2128.918837
24.000000,59.000000,2316.432409
25.000000,59.000000,2516.371666
26.000000,59.000000,2734.576175
12.000000,59.500000,992.218467
13.000000,59.500000,1065.251608
14.000000,59.500000,1140.436540
15.000000,59.500000,1217.773261
16.000000,59.500000,1299.014194
17.000000,59.500000,1395.260040
18.000000,59.500000,1494.035200
19.000000,59.500000,1597.166005
20.000000,59.500000,1721.110266
21.000000,59.500000,1848.257414
22.000000,59.500000,1994.439972
23.000000,59.500000,2149.323174
24.000000,59.500000,2338.066932
25.000000,59.500000,2539.415955
26.000000,59.500000,2763.498675
12.000000,60.000000,999.091601
13.000000,60.000000,1072.481122
14.000000,60.000000,1148.025211
15.000000,60.000000,1225.723868
16.000000,60.000000,1308.571306
17.000000,60.000000,1405.371605
18.000000,60.000000,1504.705725
19.000000,60.000000,1610.234965
20.000000,60.000000,1734.895210
21.000000,60.000000,1862.635071
22.000000,60.000000,2011.855179
23.000000,60.000000,2169.798337
24.000000,60.000000,2359.773557
25.000000,60.000000,2562.536997
26.000000,60.000000,2792.529454
12.000000,60.500000,1006.201945
13.000000,60.500000,1079.991849
14.000000,60.500000,1155.940536
15.000000,60.500000,1234.048005
16.000000,60.500000,1318.642262
17.000000,60.500000,1415.939488
18.000000,60.500000,1515.775129
19.000000,60.500000,1623.885808
20.000000,60.500000,1749.318345
21.000000,60.500000,1879.282968
22.000000,60.500000,2029.854927
23.000000,60.500000,2191.794615
24.000000,60.500000,2381.663310
25.000000,60.500000,2587.223801
26.000000,60.500000,2822.490097
12.000000,61.000000,1013.337419
13.000000,61.000000,1087.528653
14.000000,61.000000,1163.882861
15.000000,61.000000,1242.400044
16.000000,61.000000,1328.749001
17.000000,61.000000,1426.544062
18.000000,61.000000,1526.882120
19.000000,61.000000,1637.585092
20.000000,61.000000,1763.791735
21.000000,61.000000,1895.989535
22.000000,61.000000,2047.916774
23.000000,61.000000,2213.867935
24.000000,61.000000,2403.626660
25.000000,61.000000,2611.996963
26.000000,61.000000,2852.564199
12.000000,61.500000,1020.390071
13.000000,61.500000,1095.026316
14.000000,61.500000,1171.831394
15.000000,61.500000,1250.805306
16.000000,61.500000,1338.973940
17.000000,61.500000,1437.329539
18.000000,61.500000,1538.236337
19.000000,61.500000,1651.613015
20.000000,61.500000,1778.499208
21.000000,61.500000,1913.464042
22.000000,61.500000,2066.098649
23.000000,61.500000,2235.847657
24.000000,61.500000,2427.134241
25.000000,61.500000,2637.896970
26.000000,61.500000,2882.230201
12.000000,62.000000,1027.467138
13.000000,62.000000,1102.549635
14.000000,62.000000,1179.806795
15.000000,62.000000,1259.238617
16.000000,62.000000,1349.235176
17.000000,62.000000,1448.152642
18.000000,62.000000,1549.629510
19.000000,62.000000,1665.691219
20.000000,62.000000,1793.258043
21.000000,62.000000,1931.000290
22.000000,62.000000,2084.342742
23.000000,62.000000,2257.904097
24.000000,62.000000,2450.724742
25.000000,62.000000,2663.889932
26.000000,62.000000,2912.005001
12.000000,62.500000,1034.517543
13.000000,62.500000,1110.109982
14.000000,62.500000,1187.886054
15.000000,62.500000,1267.845760
16.000000,62.500000,1359.729678
17.000000,62.500000,1459.229320
18.000000,62.500000,1561.297050
19.000000,62.500000,1680.107948
20.000000,62.500000,1808.385854
21.000000,62.500000,1949.132625
22.000000,62.500000,2103.542372
23.000000,62.500000,2280.472290
24.000000,62.500000,2475.739363
25.000000,62.500000,2692.394419
12.000000,63.000000,1041.592029
13.000000,63.000000,1117.696075
14.000000,63.000000,1195.992699
15.000000,63.000000,1276.481900
16.000000,63.000000,1370.261858
17.000000,63.000000,1470.345101
18.000000,63.000000,1573.005122
19.000000,63.000000,1694.576900
20.000000,63.000000,1823.567149
21.000000,63.000000,1967.330357
22.000000,63.000000,2122.810214
23.000000,63.000000,2303.121217
24.000000,63.000000,2500.845425
25.000000,63.000000,2721.006738
12.000000,63.500000,1048.857979
13.000000,63.500000,1125.501970
14.000000,63.500000,1204.349634
15.000000,63.500000,1285.400973
16.000000,63.500000,1381.029606
17.000000,63.500000,1481.623545
18.000000,63.500000,1584.797459
19.000000,63.500000,1709.219610
20.000000,63.500000,1839.014640
21.000000,63.500000,1985.977385
22.000000,63.500000,2143.107753
23.000000,63.500000,2325.422331
24.000000,63.500000,2526.475678
25.000000,63.500000,2751.297676
11.000000,64.000000,981.178123
12.000000,64.000000,1056.149128
13.000000,64.000000,1133.334900
14.000000,64.000000,1212.735440
15.000000,64.000000,1294.350747
16.000000,64.000000,1391.836498
17.000000,64.000000,1492.941976
18.000000,64.000000,1596.630604
19.000000,64.000000,1723.915325
20.000000,64.000000,1854.517035
21.000000,64.000000,2004.692351
22.000000,64.000000,2163.478651
23.000000,64.000000,2347.802038
24.000000,64.000000,2552.199906
25.000000,64.000000,2781.706157
11.000000,64.500000,988.198199
12.000000,64.500000,1063.669379
13.000000,64.500000,1141.363574
14.000000,64.500000,1221.280784
15.000000,64.500000,1304.221398
16.000000,64.500000,1402.784690
17.000000,64.500000,1504.458966
18.000000,64.500000,1610.793738
19.000000,64.500000,1738.997542
20.000000,64.500000,1870.752958
21.000000,64.500000,2023.858266
22.000000,64.500000,2186.043538
23.000000,64.500000,2370.332685
24.000000,64.500000,2579.397032
25.000000,64.500000,2812.436438
11.000000,65.000000,995.243264
12.000000,65.000000,1071.216220
13.000000,65.000000,1149.420416
14.000000,65.000000,1229.855850
15.000000,65.000000,1314.127850
16.000000,65.000000,1413.772765
17.000000,65.000000,1516.017177
18.000000,65.000000,1625.010091
19.000000,65.000000,1754.135403
20.000000,65.000000,1887.048031
21.000000,65.000000,2043.094733
22.000000,65.000000,2208.691881
23.000000,65.000000,2392.943637
24.000000,65.000000,2606.697781
25.000000,65.000000,2843.285917
11.000000,65.500000,1002.559103
12.000000,65.500000,1079.019140
13.000000,65.500000,1157.717436
14.000000,65.500000,1238.653991
15.000000,65.500000,1324.764018
16.000000,65.500000,1424.958741
17.000000,65.500000,1527.760369
18.000000,65.500000,1639.538107
19.000000,65.500000,1769.431477
20.000000,65.500000,1905.429423
21.000000,65.500000,2062.616250
22.000000,65.500000,2231.292131
23.000000,65.500000,2416.644437
24.000000,65.500000,2635.094698
25.000000,65.500000,2873.574774
11.000000,66.000000,1009.901657
12.000000,66.000000,1086.850234
13.000000,66.000000,1166.044066
14.000000,66.000000,1247.483152
15.000000,66.000000,1335.440007
16.000000,66.000000,1436.185774
17.000000,66.000000,1539.545860
18.000000,66.000000,1654.120992
19.000000,66.000000,1784.783786
20.000000,66.000000,1923.879592
21.000000,66.000000,2082.209436
22.000000,66.000000,2253.976094
23.000000,66.000000,2440.432702
24.000000,66.000000,2663.601631
25.000000,66.000000,2903.977515
11.000000,66.500000,1017.375129
12.000000,66.500000,1094.871413
13.000000,66.500000,1174.623114
14.000000,66.500000,1256.630233
15.000000,66.500000,1346.449467
16.000000,66.500000,1447.631780
17.000000,66.500000,1551.429472
18.000000,66.500000,1668.897514
19.000000,66.500000,1800.528821
20.000000,66.500000,1943.064483
21.000000,66.500000,2102.682466
22.000000,66.500000,2276.843706
23.000000,66.500000,2467.681157
24.000000,66.500000,2693.658378
11.000000,67.000000,1024.876049
12.000000,67.000000,1102.921892
13.000000,67.000000,1183.233303
14.000000,67.000000,1265.810282
15.000000,67.000000,1357.500835
16.000000,67.000000,1459.120106
17.000000,67.000000,1563.355808
18.000000,67.000000,1683.729847
19.000000,67.000000,1816.332507
20.000000,67.000000,1962.323033
21.000000,67.000000,2123.232890
22.000000,67.000000,2299.797072
23.000000,67.000000,2495.037365
24.000000,67.000000,2723.833649
11.000000,67.500000,1032.475192
12.000000,67.500000,1111.092583
13.000000,67.500000,1191.985640
14.000000,67.500000,1275.154365
15.000000,67.500000,1368.660172
16.000000,67.500000,1470.724338
17.000000,67.500000,1575.406949
18.000000,67.500000,1698.899101
19.000000,67.500000,1832.511776
20.000000,67.500000,1982.024124
21.000000,67.500000,2144.211614
22.000000,67.500000,2322.284543
23.000000,67.500000,2523.314071
24.000000,67.500000,2755.322578
11.000000,68.000000,1040.102318
12.000000,68.000000,1119.293241
13.000000,68.000000,1200.769903
14.000000,68.000000,1284.532305
15.000000,68.000000,1379.861931
16.000000,68.000000,1482.371481
17.000000,68.000000,1587.501486
18.000000,68.000000,1714.126176
19.000000,68.000000,1848.751901
20.000000,68.000000,2001.801241
21.000000,68.000000,2165.269607
22.000000,68.000000,2344.854774
23.000000,68.000000,2551.703131
24.000000,68.000000,2786.937564
11.000000,68.500000,1047.801754
12.000000,68.500000,1127.570565
13.000000,68.500000,1209.634036
14.000000,68.500000,1293.992165
15.000000,68.500000,1391.143239
16.000000,68.500000,1494.208507
17.000000,68.500000,1599.902559
18.000000,68.500000,1729.787882
19.000000,68.500000,1865.324050
20.000000,68.500000,2022.106323
21.000000,68.500000,2188.366268
22.000000,68.500000,2368.963908
23.000000,68.500000,2582.735331
24.000000,68.500000,2818.806261
11.000000,69.000000,1055.529526
12.000000,69.000000,1135.878225
13.000000,69.000000,1218.530455
14.000000,69.000000,1303.486216
15.000000,69.000000,1402.467404
16.000000,69.000000,1506.089673
17.000000,69.000000,1612.349067
18.000000,69.000000,1745.510173
19.000000,69.000000,1881.958877
20.000000,69.000000,2042.490201
21.000000,69.000000,2211.552585
22.000000,69.000000,2393.165429
23.000000,69.000000,2613.896403
24.000000,69.000000,2850.801592
11.000000,69.500000,1063.359368
12.000000,69.500000,1144.244232
13.000000,69.500000,1227.440856
14.000000,69.500000,1313.144913
15.000000,69.500000,1413.804620
16.000000,69.500000,1518.115831
17.000000,69.500000,1627.511777
18.000000,69.500000,1761.452143
19.000000,69.500000,1900.366579
20.000000,69.500000,2063.453949
21.000000,69.500000,2235.851360
22.000000,69.500000,2420.494126
23.000000,69.500000,2645.940544
11.000000,70.000000,1071.218082
12.000000,70.000000,1152.640814
13.000000,70.000000,1236.383516
14.000000,70.000000,1322.838762
15.000000,70.000000,1425.184895
16.000000,70.000000,1530.186962
17.000000,70.000000,1642.734510
18.000000,70.000000,1777.455463
19.000000,70.000000,1918.845621
20.000000,70.000000,2084.499475
21.000000,70.000000,2260.246811
22.000000,70.000000,2447.934302
23.000000,70.000000,2678.117611
11.000000,70.500000,1079.168551
12.000000,70.500000,1161.101855
13.000000,70.500000,1245.361896
14.000000,70.500000,1333.646574
15.000000,70.500000,1437.189686
16.000000,70.500000,1543.411836
17.000000,70.500000,1659.573394
18.000000,70.500000,1794.578613
19.000000,70.500000,1939.454647
20.000000,70.500000,2106.704469
21.000000,70.500000,2285.706624
22.000000,70.500000,2479.904803
10.000000,71.000000,1007.036465
11.000000,71.000000,1087.148360
12.000000,71.000000,1169.593736
13.000000,71.000000,1254.372595
14.000000,71.000000,1344.496065
15.000000,71.000000,1449.241061
16.000000,71.000000,1556.688056
17.000000,71.000000,1676.480590
18.000000,71.000000,1811.769655
19.000000,71.000000,1960.147831
20.000000,71.000000,2128.998571
21.000000,71.000000,2311.269736
22.000000,71.000000,2512.012944
10.000000,71.500000,1014.892896
11.000000,71.500000,1095.427006
12.000000,71.500000,1178.299634
13.000000,71.500000,1263.510782
14.000000,71.500000,1355.666791
15.000000,71.500000,1461.758278
16.000000,71.500000,1570.581552
17.000000,71.500000,1693.517948
18.000000,71.500000,1828.964802
19.000000,71.500000,1981.320786
20.000000,71.500000,2151.800405
21.000000,71.500000,2337.484345
22.000000,71.500000,2544.073048
10.000000,72.000000,1022.779593
11.000000,72.000000,1103.736808
12.000000,72.000000,1187.037581
13.000000,72.000000,1272.681909
14.000000,72.000000,1366.880973
15.000000,72.000000,1474.324820
16.000000,72.000000,1584.530168
17.000000,72.000000,1710.625149
18.000000,72.000000,1846.228236
19.000000,72.000000,2002.580121
20.000000,72.000000,2174.693324
21.000000,72.000000,2363.805491
22.000000,72.000000,2576.269820
10.000000,72.500000,1030.810644
11.000000,72.500000,1112.361337
12.000000,72.500000,1196.267266
13.000000,72.500000,1282.528431
14.000000,72.500000,1379.189769
15.000000,72.500000,1487.755843
16.000000,72.500000,1599.106258
17.000000,72.500000,1728.267601
18.000000,72.500000,1864.632319
19.000000,72.500000,2025.272679
20.000000,72.500000,2200.059882
21.000000,72.500000,2391.370341
22.000000,72.500000,2608.655392
10.000000,73.000000,1038.872789
11.000000,73.000000,1121.019008
12.000000,73.000000,1205.532148
13.000000,73.000000,1292.412211
14.000000,73.000000,1391.548631
15.000000,73.000000,1501.241339
16.000000,73.000000,1613.741209
17.000000,73.000000,1745.982948
18.000000,73.000000,1883.110667
19.000000,73.000000,2048.058805
20.000000,73.000000,2225.532064
21.000000,73.000000,2419.049733
22.000000,73.000000,2641.178725
10.000000,73.500000,1047.161088
11.000000,73.500000,1130.105629
12.000000,73.500000,1215.435579
13.000000,73.500000,1303.150938
14.000000,73.500000,1404.899990
15.000000,73.500000,1515.355037
16.000000,73.500000,1630.010237
17.000000,73.500000,1764.145215
18.000000,73.500000,1903.799244
19.000000,73.500000,2071.281318
20.000000,73.500000,2252.092750
21.000000,73.500000,2449.591129
22.000000,73.500000,2673.431074
10.000000,74.000000,1055.481917
11.000000,74.000000,1139.228188
12.000000,74.000000,1225.378347
13.000000,74.000000,1313.932395
14.000000,74.000000,1418.307188
15.000000,74.000000,1529.526667
16.000000,74.000000,1646.346809
17.000000,74.000000,1782.382536
18.000000,74.000000,1924.573624
19.000000,74.000000,2094.600136
20.000000,74.000000,2278.765969
21.000000,74.000000,2480.264088
22.000000,74.000000,2705.818242
10.000000,74.500000,1063.949587
11.000000,74.500000,1148.515387
12.000000,74.500000,1235.502109
13.000000,74.500000,1324.909753
14.000000,74.500000,1431.884913
15.000000,74.500000,1543.929112
16.000000,74.500000,1663.971353
17.000000,74.500000,1801.349857
18.000000,74.500000,1947.971397
19.000000,74.500000,2118.036052
20.000000,74.500000,2306.377622
21.000000,74.500000,2512.276405
10.000000,75.000000,1072.450725
11.000000,75.000000,1157.839542
12.000000,75.000000,1245.666261
13.000000,75.000000,1335.930884
14.000000,75.000000,1445.519358
15.000000,75.000000,1558.390821
16.000000,75.000000,1681.670742
17.000000,75.000000,1820.397208
18.000000,75.000000,1971.470424
19.000000,75.000000,2141.569755
20.000000,75.000000,2334.106991
21.000000,75.000000,2544.426652
10.000000,75.500000,1081.172297
11.000000,75.500000,1167.390994
12.000000,75.500000,1256.064414
13.000000,75.500000,1348.732472
14.000000,75.500000,1459.417864
15.000000,75.500000,1573.191362
16.000000,75.500000,1699.887493
17.000000,75.500000,1839.863536
18.000000,75.500000,1994.574555
19.000000,75.500000,2165.009659
20.000000,75.500000,2362.857991
21.000000,75.500000,2576.790321
10.000000,76.000000,1089.928710
11.000000,76.000000,1176.980782
12.000000,76.000000,1266.504341
13.000000,76.000000,1361.588272
14.000000,76.000000,1473.374833
15.000000,76.000000,1588.053479
16.000000,76.000000,1718.182532
17.000000,76.000000,1859.412244
18.000000,76.000000,2017.777113
19.000000,76.000000,2188.546317
20.000000,76.000000,2391.732496
21.000000,76.000000,2609.294093
10.000000,76.500000,1098.871734
11.000000,76.500000,1186.726852
12.000000,76.500000,1277.069697
13.000000,76.500000,1374.716018
14.000000,76.500000,1487.465964
15.000000,76.500000,1603.124533
16.000000,76.500000,1736.852609
17.000000,76.500000,1879.403216
18.000000,76.500000,2040.951040
19.000000,76.500000,2216.288836
20.000000,76.500000,2422.170358
21.000000,76.500000,2641.815580
10.000000,77.000000,1107.850769
11.000000,77.000000,1196.512228
12.000000,77.000000,1287.677622
13.000000,77.000000,1387.899873
14.000000,77.000000,1501.616536
15.000000,77.000000,1618.258350
16.000000,77.000000,1755.602941
17.000000,77.000000,1899.478908
18.000000,77.000000,2064.223634
19.000000,77.000000,2244.153623
20.000000,77.000000,2452.741537
21.000000,77.000000,2674.477108
10.000000,77.500000,1117.036704
11.000000,77.500000,1206.509959
12.000000,77.500000,1298.501371
13.000000,77.500000,1401.319967
14.000000,77.500000,1516.013123
15.000000,77.500000,1634.525968
16.000000,77.500000,1774.849529
17.000000,77.500000,1921.537501
18.000000,77.500000,2087.700455
19.000000,77.500000,2273.487029
20.000000,77.500000,2485.061887
10.000000,78.000000,1126.260012
11.000000,78.000000,1216.548326
12.000000,78.000000,1309.368949
13.000000,78.000000,1414.797456
14.000000,78.000000,1530.470458
15.000000,78.000000,1650.862722
16.000000,78.000000,1794.179271
17.000000,78.000000,1943.691987
18.000000,78.000000,2111.278122
19.000000,78.000000,2302.952012
20.000000,78.000000,2517.525436
10.000000,78.500000,1135.674084
11.000000,78.500000,1226.798680
12.000000,78.500000,1320.469421
13.000000,78.500000,1428.591843
14.000000,78.500000,1545.322055
15.000000,78.500000,1669.408112
16.000000,78.500000,1814.274042
17.000000,78.500000,1967.358926
18.000000,78.500000,2135.949646
19.000000,78.500000,2333.942740
20.000000,78.500000,2549.416135
9.000000,79.000000,1055.722344
10.000000,79.000000,1145.126683
11.000000,79.000000,1237.090911
12.000000,79.000000,1331.615028
13.000000,79.000000,1442.445541
14.000000,79.000000,1560.236965
15.000000,79.000000,1688.035793
16.000000,79.000000,1834.457177
17.000000,79.000000,1991.131078
18.000000,79.000000,2160.728667
19.000000,79.000000,2365.072642
20.000000,79.000000,2581.444978
9.000000,79.500000,1064.805235
10.000000,79.500000,1155.007381
11.000000,79.500000,1247.785597
12.000000,79.500000,1343.139882
13.000000,79.500000,1456.715545
14.000000,79.500000,1575.545402
15.000000,79.500000,1707.197682
16.000000,79.500000,1855.140275
17.000000,79.500000,2015.627444
18.000000,79.500000,2188.877058
19.000000,79.500000,2397.182248
9.000000,80.000000,1073.926175
10.000000,80.000000,1164.929339
11.000000,80.000000,1258.524746
12.000000,80.000000,1354.712397
13.000000,80.000000,1471.047784
14.000000,80.000000,1590.919816
15.000000,80.000000,1726.445224
16.000000,80.000000,1875.914459
17.000000,80.000000,2040.232913
18.000000,80.000000,2217.152224
19.000000,80.000000,2429.437471
9.000000,80.500000,1083.796435
10.000000,80.500000,1175.452872
11.000000,80.500000,1269.713327
12.000000,80.500000,1368.138716
13.000000,80.500000,1485.691761
14.000000,80.500000,1606.547439
15.000000,80.500000,1746.148425
16.000000,80.500000,1897.238241
17.000000,80.500000,2065.714517
18.000000,80.500000,2249.008807
9.000000,81.000000,1093.709874
10.000000,81.000000,1186.021693
11.000000,81.000000,1280.949318
12.000000,81.000000,1381.624415
13.000000,81.000000,1500.399848
14.000000,81.000000,1622.242376
15.000000,81.000000,1765.939748
16.000000,81.000000,1918.656287
17.000000,81.000000,2091.311015
18.000000,81.000000,2281.014151
9.000000,81.500000,1103.813636
10.000000,81.500000,1196.751152
11.000000,81.500000,1292.314225
12.000000,81.500000,1395.551377
13.000000,81.500000,1515.338173
14.000000,81.500000,1638.260647
15.000000,81.500000,1786.320036
16.000000,81.500000,1942.630263
17.000000,81.500000,2117.905956
18.000000,81.500000,2312.849939
9.000000,82.000000,1113.961805
10.000000,82.000000,1207.526858
11.000000,82.000000,1303.727227
12.000000,82.000000,1409.540217
13.000000,82.000000,1530.341883
14.000000,82.000000,1654.348115
15.000000,82.000000,1806.792191
16.000000,82.000000,1966.713893
17.000000,82.000000,2144.622487
18.000000,82.000000,2344.833464
9.000000,82.500000,1124.232897
10.000000,82.500000,1218.423852
11.000000,82.500000,1315.260150
12.000000,82.500000,1423.789779
13.000000,82.500000,1545.692692
14.000000,82.500000,1673.794359
15.000000,82.500000,1827.933948
16.000000,82.500000,1992.067889
17.000000,82.500000,2172.164243
18.000000,82.500000,2376.347986
9.000000,83.000000,1134.549096
10.000000,83.000000,1229.367785
11.000000,83.000000,1326.841853
12.000000,83.000000,1438.102970
13.000000,83.000000,1561.111308
14.000000,83.000000,1693.330395
15.000000,83.000000,1849.171999
16.000000,83.000000,2017.539216
17.000000,83.000000,2199.831986
18.000000,83.000000,2408.006051
9.000000,83.500000,1144.945527
10.000000,83.500000,1240.614652
11.000000,83.500000,1338.956690
12.000000,83.500000,1453.273311
13.000000,83.500000,1577.418226
14.000000,83.500000,1713.916926
15.000000,83.500000,1871.019182
16.000000,83.500000,2043.933533
17.000000,83.500000,2231.241707
18.000000,83.500000,2440.396410
9.000000,84.000000,1155.387577
10.000000,84.000000,1251.910554
11.000000,84.000000,1351.123990
12.000000,84.000000,1468.512896
13.000000,84.000000,1593.798483
14.000000,84.000000,1734.599164
15.000000,84.000000,1892.965812
16.000000,84.000000,2070.450549
17.000000,84.000000,2262.799615
18.000000,84.000000,2472.936569
9.000000,84.500000,1166.201050
10.000000,84.500000,1264.044187
11.000000,84.500000,1364.607371
12.000000,84.500000,1485.512927
13.000000,84.500000,1612.028482
14.000000,84.500000,1756.851234
15.000000,84.500000,1915.549498
16.000000,84.500000,2098.443753
17.000000,84.500000,2294.965418
8.000000,85.000000,1080.642371
9.000000,85.000000,1177.062654
10.000000,85.000000,1276.232454
11.000000,85.000000,1378.151770
12.000000,85.000000,1502.592622
13.000000,85.000000,1630.342756
14.000000,85.000000,1779.207949
15.000000,85.000000,1938.236729
16.000000,85.000000,2126.569230
17.000000,85.000000,2327.283859
8.000000,85.500000,1090.530963
9.000000,85.500000,1188.288643
10.000000,85.500000,1288.825473
11.000000,85.500000,1394.311939
12.000000,85.500000,1520.122757
13.000000,85.500000,1649.256705
14.000000,85.500000,1801.723831
15.000000,85.500000,1964.970031
16.000000,85.500000,2156.250871
17.000000,85.500000,2359.608181
8.000000,86.000000,1100.463252
9.000000,86.000000,1199.565141
10.000000,86.000000,1301.475669
11.000000,86.000000,1410.548973
12.000000,86.000000,1537.735530
13.000000,86.000000,1668.259043
14.000000,86.000000,1824.346338
15.000000,86.000000,1991.832389
16.000000,86.000000,2186.074650
17.000000,86.000000,2392.085124
8.000000,86.500000,1110.754785
9.000000,86.500000,1211.269858
10.000000,86.500000,1314.625837
11.000000,86.500000,1427.327129
12.000000,86.500000,1555.937968
13.000000,86.500000,1690.541484
14.000000,86.500000,1846.952107
15.000000,86.500000,2019.949186
8.000000,87.000000,1121.092476
9.000000,87.000000,1223.028028
10.000000,87.000000,1327.836633
11.000000,87.000000,1444.186191
12.000000,87.000000,1574.227413
13.000000,87.000000,1712.932566
14.000000,87.000000,1869.664865
15.000000,87.000000,2048.202268
8.000000,87.500000,1132.536793
9.000000,87.500000,1235.643610
10.000000,87.500000,1341.645283
11.000000,87.500000,1461.488542
12.000000,87.500000,1592.977182
13.000000,87.500000,1735.528315
14.000000,87.500000,1893.343054
15.000000,87.500000,2078.485529
8.000000,88.000000,1144.035419
9.000000,88.000000,1248.318746
10.000000,88.000000,1355.518629
11.000000,88.000000,1478.874792
12.000000,88.000000,1611.816801
13.000000,88.000000,1758.233722
14.000000,88.000000,1917.133907
15.000000,88.000000,2108.917188
8.000000,88.500000,1156.489443
9.000000,88.500000,1261.655143
10.000000,88.500000,1369.752891
11.000000,88.500000,1496.711260
12.000000,88.500000,1631.193106
13.000000,88.500000,1782.080779
14.000000,88.500000,1944.700799
15.000000,88.500000,2140.714657
8.000000,89.000000,1169.003935
9.000000,89.000000,1275.055167
10.000000,89.000000,1384.053946
11.000000,89.000000,1514.634421
12.000000,89.000000,1650.662645
13.000000,89.000000,1806.045070
14.000000,89.000000,1972.404407
15.000000,89.000000,2172.669877
8.000000,89.500000,1181.731167
9.000000,89.500000,1288.732148
10.000000,89.500000,1400.059870
11.000000,89.500000,1533.273209
12.000000,89.500000,1671.662526
13.000000,89.500000,1831.198293
14.000000,89.500000,2003.955864
8.000000,90.000000,1194.520234
9.000000,90.000000,1302.474611
10.000000,90.000000,1416.143840
11.000000,90.000000,1552.003775
12.000000,90.000000,1692.766019
13.000000,90.000000,1856.477341
14.000000,90.000000,2035.668254
8.000000,90.500000,1207.528811
9.000000,90.500000,1316.590514
10.000000,90.500000,1433.981478
11.000000,90.500000,1571.481698
12.000000,90.500000,1716.787223
13.000000,90.500000,1882.664439
14.000000,90.500000,2066.994727
7.000000,91.000000,1113.458347
8.000000,91.000000,1220.600985
9.000000,91.000000,1330.774810
10.000000,91.000000,1451.909133
11.000000,91.000000,1591.056783
12.000000,91.000000,1740.930456
13.000000,91.000000,1908.982981
14.000000,91.000000,2098.478917
7.000000,91.500000,1125.590756
8.000000,91.500000,1233.912635
9.000000,91.500000,1345.290299
10.000000,91.500000,1470.373867
11.000000,91.500000,1611.148900
12.000000,91.500000,1765.855001
13.000000,91.500000,1936.294249
14.000000,91.500000,2129.866636
7.000000,92.000000,1137.783157
8.000000,92.000000,1247.289611
9.000000,92.000000,1359.876449
10.000000,92.000000,1488.932069
11.000000,92.000000,1631.341304
12.000000,92.000000,1790.906353
13.000000,92.000000,1963.743136
14.000000,92.000000,2161.412253
7.000000,92.500000,1150.348618
8.000000,92.500000,1261.050604
9.000000,92.500000,1374.856914
10.000000,92.500000,1508.043833
11.000000,92.500000,1652.129679
12.000000,92.500000,1817.031993
13.000000,92.500000,1994.866010
14.000000,92.500000,2193.004899
7.000000,93.000000,1162.976676
8.000000,93.000000,1274.879518
9.000000,93.000000,1389.910614
10.000000,93.000000,1527.252664
11.000000,93.000000,1673.022333
12.000000,93.000000,1843.291979
13.000000,93.000000,2026.150052
14.000000,93.000000,2224.757237
7.000000,93.500000,1175.951578
8.000000,93.500000,1289.013125
9.000000,93.500000,1405.473486
10.000000,93.500000,1546.979006
11.000000,93.500000,1696.133776
12.000000,93.500000,1870.759901
13.000000,93.500000,2057.294401
7.000000,94.000000,1188.991558
8.000000,94.000000,1303.216875
9.000000,94.000000,1421.113302
10.000000,94.000000,1566.806459
11.000000,94.000000,1719.364714
12.000000,94.000000,1898.370731
13.000000,94.000000,2088.599656
7.000000,94.500000,1202.899411
8.000000,94.500000,1318.962020
9.000000,94.500000,1441.538692
10.000000,94.500000,1587.953214
11.000000,94.500000,1745.271009
12.000000,94.500000,1927.086788
7.000000,95.000000,1216.879014
8.000000,95.000000,1334.788504
9.000000,95.000000,1462.072854
10.000000,95.000000,1609.209711
11.000000,95.000000,1771.313923
12.000000,95.000000,1955.952342
7.000000,95.500000,1231.973890
8.000000,95.500000,1351.741512
9.000000,95.500000,1483.027610
10.000000,95.500000,1630.606130
11.000000,95.500000,1798.552881
7.000000,96.000000,1247.148211
8.000000,96.000000,1368.783358
9.000000,96.000000,1504.093711
10.000000,96.000000,1652.113088
11.000000,96.000000,1825.936034
7.000000,96.500000,1263.631836
8.000000,96.500000,1386.685000
9.000000,96.500000,1526.327195
10.000000,96.500000,1676.346153
11.000000,96.500000,1856.303312
6.000000,97.000000,1159.117817
7.000000,97.000000,1280.203520
8.000000,97.000000,1404.681128
9.000000,97.000000,1548.680214
10.000000,97.000000,1700.708491
11.000000,97.000000,1886.834726
6.000000,97.500000,1174.810104
7.000000,97.500000,1297.469258
8.000000,97.500000,1424.164240
9.000000,97.500000,1572.413992
10.000000,97.500000,1730.124423
11.000000,97.500000,1917.688664
6.000000,98.000000,1190.588183
7.000000,98.000000,1314.828604
8.000000,98.000000,1443.752968
9.000000,98.000000,1596.277847
10.000000,98.000000,1759.703257
11.000000,98.000000,1948.709613
6.000000,98.500000,1206.958013
7.000000,98.500000,1332.828216
8.000000,98.500000,1466.335150
9.000000,98.500000,1621.065381
10.000000,98.500000,1789.993406
6.000000,99.000000,1223.418482
7.000000,99.000000,1350.926391
8.000000,99.000000,1489.043119
9.000000,99.000000,1645.989265
10.000000,99.000000,1820.450613
6.000000,99.500000,1240.426601
7.000000,99.500000,1369.586333
8.000000,99.500000,1512.571464
9.000000,99.500000,1671.825555
10.000000,99.500000,1850.667567
6.000000,100.000000,1257.529289
7.000000,100.000000,1388.348713
8.000000,100.000000,1536.231105
9.000000,100.000000,1697.804250
10.000000,100.000000,1881.050421
6.000000,100.500000,1275.175828
7.000000,100.500000,1407.661609
8.000000,100.500000,1560.810111
9.000000,100.500000,1726.165360
10.000000,100.500000,1911.378384
5.000000,101.000000,1162.434056
6.000000,101.000000,1292.920935
7.000000,101.000000,1427.080993
8.000000,101.000000,1585.527434
9.000000,101.000000,1754.685777
10.000000,101.000000,1941.874068
5.000000,101.500000,1178.874236
6.000000,101.500000,1311.078579
7.000000,101.500000,1448.214959
8.000000,101.500000,1611.228565
5.000000,102.000000,1195.408245
6.000000,102.000000,1329.338526
7.000000,102.000000,1469.468361
8.000000,102.000000,1637.075918
5.000000,102.500000,1212.386465
6.000000,102.500000,1348.123248
7.000000,102.500000,1493.624357
8.000000,102.500000,1664.014251
5.000000,103.000000,1229.462034
6.000000,103.000000,1367.014181
7.000000,103.000000,1517.919891
8.000000,103.000000,1691.106138
5.000000,103.500000,1247.427370
6.000000,103.500000,1386.599067
7.000000,103.500000,1543.295952
5.000000,104.000000,1265.496467
6.000000,104.000000,1406.295030
7.000000,104.000000,1568.819025
5.000000,104.500000,1286.327973
6.000000,104.500000,1428.778718
7.000000,104.500000,1597.111978
5.000000,105.000000,1307.282975
6.000000,105.000000,1451.393948
7.000000,105.000000,1625.572081
5.000000,105.500000,1329.699196
6.000000,105.500000,1478.512987
7.000000,105.500000,1654.996884
4.000000,106.000000,1207.523102
5.000000,106.000000,1352.251073
6.000000,106.000000,1505.796393
7.000000,106.000000,1684.596528
4.000000,106.500000,1228.689969
5.000000,106.500000,1375.756900
6.000000,106.500000,1534.629944
7.000000,106.500000,1713.982900
4.000000,107.000000,1249.987071
5.000000,107.000000,1399.405488
6.000000,107.000000,1563.638313
7.000000,107.000000,1743.542782
4.000000,107.500000,1272.205544
5.000000,107.500000,1424.023821
4.000000,108.000000,1294.561197
5.000000,108.000000,1448.791980
4.000000,108.500000,1317.958078
4.000000,109.000000,1341.500827
4.000000,109.500000,1366.233418
3.000000,110.000000,1231.043017
4.000000,110.000000,1391.122336
3.000000,110.500000,1254.075269
4.000000,110.500000,1417.014156
3.000000,111.000000,1277.255402
4.000000,111.000000,1443.069716
3.000000,111.500000,1301.310644
4.000000,111.500000,1470.403736
3.000000,112.000000,1325.520339
4.000000,112.000000,1497.911005
3.000000,112.500000,1353.226583
3.000000,113.000000,1381.115010
3.000000,113.500000,1409.618169
2.000000,114.000000,1268.259112
3.000000,114.000000,1438.309929
