weight_g,60.000000
thrust_N,velocity_m_s,power_W
22.000000,0.000000,637.504050
23.000000,0.000000,685.429847
24.000000,0.000000,734.906145
25.000000,0.000000,785.932943
26.000000,0.000000,838.510242
27.000000,0.000000,892.638042
28.000000,0.000000,961.873864
29.000000,0.000000,1035.284543
30.000000,0.000000,1110.963419
31.000000,0.000000,1188.910491
32.000000,0.000000,1287.659195
33.000000,0.000000,1396.186530
34.000000,0.000000,1508.236607
35.000000,0.000000,1643.351916
36.000000,0.000000,1788.318328
22.000000,0.500000,640.610821
23.000000,0.500000,688.543818
24.000000,0.500000,738.022960
25.000000,0.500000,789.048247
26.000000,0.500000,841.619678
27.000000,0.500000,895.737255
28.000000,0.500000,965.793043
29.000000,0.500000,1039.188251
30.000000,0.500000,1114.845075
31.000000,0.500000,1192.763516
32.000000,0.500000,1292.577816
33.000000,0.500000,1400.995440
34.000000,0.500000,1512.920988
35.000000,0.500000,1649.037091
36.000000,0.500000,1794.059993
22.000000,1.000000,643.722625
23.000000,1.000000,691.662623
24.000000,1.000000,741.144413
25.000000,1.000000,792.167995
26.000000,1.000000,844.733368
27.000000,1.000000,898.840533
28.000000,1.000000,969.717668
29.000000,1.000000,1043.097111
30.000000,1.000000,1118.731598
31.000000,1.000000,1196.621129
32.000000,1.000000,1297.502910
33.000000,1.000000,1405.810219
34.000000,1.000000,1517.610667
35.000000,1.000000,1654.729205
36.000000,1.000000,1799.808289
22.000000,1.500000,646.802562
23.000000,1.500000,694.756434
24.000000,1.500000,744.248175
25.000000,1.500000,795.277786
26.000000,1.500000,847.845267
27.000000,1.500000,902.657523
28.000000,1.500000,973.643972
29.000000,1.500000,1047.002420
30.000000,1.500000,1122.609107
31.000000,1.500000,1200.464031
32.000000,1.500000,1302.395687
33.000000,1.500000,1410.592684
34.000000,1.500000,1522.268153
35.000000,1.500000,1660.415890
36.000000,1.500000,1805.550793
21.000000,2.000000,603.453824
22.000000,2.000000,649.887442
23.000000,2.000000,697.855009
24.000000,2.000000,747.356527
25.000000,2.000000,798.391994
26.000000,2.000000,850.961412
27.000000,2.000000,906.480004
28.000000,2.000000,977.575714
29.000000,2.000000,1050.912864
30.000000,2.000000,1126.491454
31.000000,2.000000,1204.311484
32.000000,2.000000,1307.294845
33.000000,2.000000,1415.380935
34.000000,2.000000,1526.930862
35.000000,2.000000,1666.109484
36.000000,2.000000,1811.299898
21.000000,2.500000,606.526335
22.000000,2.500000,652.977473
23.000000,2.500000,700.958487
24.000000,2.500000,750.469378
25.000000,2.500000,801.510145
26.000000,2.500000,854.080788
27.000000,2.500000,910.425021
28.000000,2.500000,981.502744
29.000000,2.500000,1054.814932
30.000000,2.500000,1130.361585
31.000000,2.500000,1208.456324
32.000000,2.500000,1312.161866
33.000000,2.500000,1420.137061
34.000000,2.500000,1531.967797
35.000000,2.500000,1671.797638
36.000000,2.500000,1817.043203
21.000000,3.000000,609.604077
22.000000,3.000000,656.072537
23.000000,3.000000,704.066803
24.000000,3.000000,753.586875
25.000000,3.000000,804.632751
26.000000,3.000000,857.204433
27.000000,3.000000,914.375782
28.000000,3.000000,985.435198
29.000000,3.000000,1058.722111
30.000000,3.000000,1134.236523
31.000000,3.000000,1212.606294
32.000000,3.000000,1317.035177
33.000000,3.000000,1424.898891
34.000000,3.000000,1537.010676
35.000000,3.000000,1677.492669
36.000000,3.000000,1822.793081
21.000000,3.500000,612.708765
22.000000,3.500000,659.262963
23.000000,3.500000,707.342680
24.000000,3.500000,756.947917
25.000000,3.500000,808.078672
26.000000,3.500000,860.734947
27.000000,3.500000,918.894078
28.000000,3.500000,989.882750
29.000000,3.500000,1063.088294
30.000000,3.500000,1138.510710
31.000000,3.500000,1218.012746
32.000000,3.500000,1322.330950
33.000000,3.500000,1430.067731
34.000000,3.500000,1543.153708
35.000000,3.500000,1683.671588
36.000000,3.500000,1828.996741
21.000000,4.000000,615.818970
22.000000,4.000000,662.458905
23.000000,4.000000,710.624073
24.000000,4.000000,760.314472
25.000000,4.000000,811.530104
26.000000,4.000000,864.270969
27.000000,4.000000,923.419938
28.000000,4.000000,994.337302
29.000000,4.000000,1067.460932
30.000000,4.000000,1142.790827
31.000000,4.000000,1223.427484
32.000000,4.000000,1327.634248
33.000000,4.000000,1435.243373
34.000000,4.000000,1549.305358
35.000000,4.000000,1689.858660
36.000000,4.000000,1835.208102
21.000000,4.500000,618.936350
22.000000,4.500000,665.663288
23.000000,4.500000,713.915258
24.000000,4.500000,763.692259
25.000000,4.500000,814.994290
26.000000,4.500000,867.821352
27.000000,4.500000,927.928185
28.000000,4.500000,998.795884
29.000000,4.500000,1071.860626
30.000000,4.500000,1147.122411
31.000000,4.500000,1228.946038
32.000000,4.500000,1333.074354
33.000000,4.500000,1440.590780
34.000000,4.500000,1555.747562
35.000000,4.500000,1696.374012
36.000000,4.500000,1841.787384
21.000000,5.000000,622.059258
22.000000,5.000000,668.873205
23.000000,5.000000,717.211981
24.000000,5.000000,767.075586
25.000000,5.000000,818.464021
26.000000,5.000000,871.377284
27.000000,5.000000,932.443945
28.000000,5.000000,1003.261493
29.000000,5.000000,1076.266876
30.000000,5.000000,1151.460093
31.000000,5.000000,1234.473222
32.000000,5.000000,1338.522406
33.000000,5.000000,1445.945478
34.000000,5.000000,1562.199239
35.000000,5.000000,1702.898432
36.000000,5.000000,1848.375337
21.000000,5.500000,625.102626
22.000000,5.500000,672.025448
23.000000,5.500000,720.473854
24.000000,5.500000,770.447843
25.000000,5.500000,821.947417
26.000000,5.500000,874.972575
27.000000,5.500000,936.974484
28.000000,5.500000,1007.730532
29.000000,5.500000,1080.664573
30.000000,5.500000,1155.776606
31.000000,5.500000,1239.964851
32.000000,5.500000,1343.934870
33.000000,5.500000,1451.264690
34.000000,5.500000,1568.643302
35.000000,5.500000,1709.414709
36.000000,5.500000,1854.954657
21.000000,6.000000,628.151489
22.000000,6.000000,675.183223
23.000000,6.000000,723.741296
24.000000,6.000000,773.825708
25.000000,6.000000,825.436459
26.000000,6.000000,878.573549
27.000000,6.000000,941.512586
28.000000,6.000000,1012.206610
29.000000,6.000000,1085.068801
30.000000,6.000000,1160.099160
31.000000,6.000000,1245.464986
32.000000,6.000000,1349.355168
33.000000,6.000000,1456.591089
34.000000,6.000000,1575.096786
35.000000,6.000000,1715.940004
36.000000,6.000000,1861.542602
21.000000,6.500000,631.228044
22.000000,6.500000,678.398316
23.000000,6.500000,727.097521
24.000000,6.500000,777.325657
25.000000,6.500000,829.082725
26.000000,6.500000,882.368725
27.000000,6.500000,946.230802
28.000000,6.500000,1016.828313
29.000000,6.500000,1089.581792
30.000000,6.500000,1164.491238
31.000000,6.500000,1251.037914
32.000000,6.500000,1354.848052
33.000000,6.500000,1461.989105
34.000000,6.500000,1581.661221
35.000000,6.500000,1722.539509
21.000000,7.000000,634.310277
22.000000,7.000000,681.619244
23.000000,7.000000,730.459737
24.000000,7.000000,780.831757
25.000000,7.000000,832.735304
26.000000,7.000000,886.170377
27.000000,7.000000,950.957449
28.000000,7.000000,1021.457741
29.000000,7.000000,1094.101832
30.000000,7.000000,1168.889720
31.000000,7.000000,1256.619759
32.000000,7.000000,1360.349114
33.000000,7.000000,1467.394592
34.000000,7.000000,1588.235456
35.000000,7.000000,1729.148262
21.000000,7.500000,637.435608
22.000000,7.500000,684.882591
23.000000,7.500000,733.863545
24.000000,7.500000,784.378472
25.000000,7.500000,836.427370
26.000000,7.500000,890.010241
27.000000,7.500000,955.662438
28.000000,7.500000,1026.076293
29.000000,7.500000,1098.622813
30.000000,7.500000,1173.301996
31.000000,7.500000,1262.281849
32.000000,7.500000,1365.989580
33.000000,7.500000,1473.002322
34.000000,7.500000,1595.164763
35.000000,7.500000,1736.173960
21.000000,8.000000,640.566782
22.000000,8.000000,688.151928
23.000000,8.000000,737.273493
24.000000,8.000000,787.931477
25.000000,8.000000,840.125880
26.000000,8.000000,893.856701
27.000000,8.000000,960.375822
28.000000,8.000000,1030.702604
29.000000,8.000000,1103.150938
30.000000,8.000000,1177.720824
31.000000,8.000000,1267.953264
32.000000,8.000000,1371.638803
33.000000,8.000000,1478.618258
34.000000,8.000000,1602.105167
35.000000,8.000000,1743.210342
21.000000,8.500000,643.847561
22.000000,8.500000,691.539626
23.000000,8.500000,740.768226
24.000000,8.500000,791.533362
25.000000,8.500000,843.835033
26.000000,8.500000,897.695632
27.000000,8.500000,964.994747
28.000000,8.500000,1035.249187
29.000000,8.500000,1107.614819
30.000000,8.500000,1182.091645
31.000000,8.500000,1273.596608
32.000000,8.500000,1377.259633
33.000000,8.500000,1484.205570
34.000000,8.500000,1609.036787
35.000000,8.500000,1750.237286
21.000000,9.000000,647.134883
22.000000,9.000000,694.933867
23.000000,9.000000,744.269503
24.000000,9.000000,795.141789
25.000000,9.000000,847.550727
26.000000,9.000000,901.541160
27.000000,9.000000,969.621811
28.000000,9.000000,1039.803316
29.000000,9.000000,1112.085675
30.000000,9.000000,1186.468888
31.000000,9.000000,1279.249167
32.000000,9.000000,1382.889116
33.000000,9.000000,1489.800991
34.000000,9.000000,1615.979441
35.000000,9.000000,1757.274853
21.000000,9.500000,650.433097
22.000000,9.500000,698.352148
23.000000,9.500000,747.809058
24.000000,9.500000,798.803827
25.000000,9.500000,851.336456
26.000000,9.500000,906.287868
27.000000,9.500000,974.336613
28.000000,9.500000,1044.476809
29.000000,9.500000,1116.708455
30.000000,9.500000,1191.031552
31.000000,9.500000,1285.105108
32.000000,9.500000,1388.625323
33.000000,9.500000,1495.400139
34.000000,9.500000,1622.913277
35.000000,9.500000,1764.302954
20.000000,10.000000,607.237812
21.000000,10.000000,653.737947
22.000000,10.000000,701.777148
23.000000,10.000000,751.355417
24.000000,10.000000,802.472754
25.000000,10.000000,855.129158
26.000000,10.000000,911.043876
27.000000,10.000000,979.060119
28.000000,10.000000,1049.158428
29.000000,10.000000,1121.338804
30.000000,10.000000,1195.601245
31.000000,10.000000,1290.970958
32.000000,10.000000,1394.370518
33.000000,10.000000,1501.007398
34.000000,10.000000,1629.858083
35.000000,10.000000,1771.341616
20.000000,10.500000,610.587933
21.000000,10.500000,657.189339
22.000000,10.500000,705.329543
23.000000,10.500000,755.008545
24.000000,10.500000,806.226347
25.000000,10.500000,858.982947
26.000000,10.500000,915.819653
27.000000,10.500000,983.876591
28.000000,10.500000,1054.010658
29.000000,10.500000,1126.221854
30.000000,10.500000,1200.510179
31.000000,10.500000,1297.277564
32.000000,10.500000,1400.550542
33.000000,10.500000,1507.043279
34.000000,10.500000,1637.349876
35.000000,10.500000,1778.864874
20.000000,11.000000,613.945326
21.000000,11.000000,660.647988
22.000000,11.000000,708.889179
23.000000,11.000000,758.668901
24.000000,11.000000,809.987152
25.000000,11.000000,862.843933
26.000000,11.000000,920.604817
27.000000,11.000000,988.702143
28.000000,11.000000,1058.871665
29.000000,11.000000,1131.113382
30.000000,11.000000,1205.427295
31.000000,11.000000,1303.595770
32.000000,11.000000,1406.741155
33.000000,11.000000,1513.088780
34.000000,11.000000,1644.854678
35.000000,11.000000,1786.400388
20.000000,11.500000,617.490715
21.000000,11.500000,664.294095
22.000000,11.500000,712.635203
23.000000,11.500000,762.514040
24.000000,11.500000,813.930606
25.000000,11.500000,866.884901
26.000000,11.500000,925.562943
27.000000,11.500000,993.658682
28.000000,11.500000,1063.819112
29.000000,11.500000,1136.044234
30.000000,11.500000,1210.919787
31.000000,11.500000,1309.872017
32.000000,11.500000,1412.898433
33.000000,11.500000,1519.110363
34.000000,11.500000,1652.456988
35.000000,11.500000,1794.124222
20.000000,12.000000,621.044237
21.000000,12.000000,667.948276
22.000000,12.000000,716.389242
23.000000,12.000000,766.367137
24.000000,12.000000,817.881959
25.000000,12.000000,870.933710
26.000000,12.000000,930.531098
27.000000,12.000000,998.624761
28.000000,12.000000,1068.775621
29.000000,12.000000,1140.983679
30.000000,12.000000,1216.422041
31.000000,12.000000,1316.159699
32.000000,12.000000,1419.066185
33.000000,12.000000,1525.141499
34.000000,12.000000,1660.072649
35.000000,12.000000,1801.860973
20.000000,12.500000,624.647124
21.000000,12.500000,671.720148
22.000000,12.500000,720.333450
23.000000,12.500000,770.487031
24.000000,12.500000,822.180890
25.000000,12.500000,875.415028
26.000000,12.500000,935.966912
27.000000,12.500000,1003.954463
28.000000,12.500000,1073.985220
29.000000,12.500000,1146.059184
30.000000,12.500000,1222.835179
31.000000,12.500000,1322.444389
32.000000,12.500000,1425.203931
33.000000,12.500000,1531.511028
34.000000,12.500000,1667.678393
35.000000,12.500000,1809.587020
20.000000,13.000000,628.258334
21.000000,13.000000,675.500588
22.000000,13.000000,724.286475
23.000000,13.000000,774.615994
24.000000,13.000000,826.489146
25.000000,13.000000,879.905931
26.000000,13.000000,941.414742
27.000000,13.000000,1009.295169
28.000000,13.000000,1079.204853
29.000000,13.000000,1151.143795
30.000000,13.000000,1229.260894
31.000000,13.000000,1328.740533
32.000000,13.000000,1431.352061
33.000000,13.000000,1537.890995
34.000000,13.000000,1675.297406
35.000000,13.000000,1817.325906
20.000000,13.500000,631.819658
21.000000,13.500000,679.255823
22.000000,13.500000,728.239811
23.000000,13.500000,778.771623
24.000000,13.500000,830.851259
25.000000,13.500000,884.478719
26.000000,13.500000,946.893017
27.000000,13.500000,1014.710127
28.000000,13.500000,1084.545664
29.000000,13.500000,1156.399628
30.000000,13.500000,1236.005505
31.000000,13.500000,1335.443240
32.000000,13.500000,1437.998121
33.000000,13.500000,1546.151563
34.000000,13.500000,1683.452646
35.000000,13.500000,1825.350824
20.000000,14.000000,635.389419
21.000000,14.000000,683.019786
22.000000,14.000000,732.202171
23.000000,14.000000,782.936573
24.000000,14.000000,835.222994
25.000000,14.000000,889.061432
26.000000,14.000000,952.383494
27.000000,14.000000,1020.136508
28.000000,14.000000,1089.897138
29.000000,14.000000,1161.665386
30.000000,14.000000,1242.764257
31.000000,14.000000,1342.159119
32.000000,14.000000,1444.656418
33.000000,14.000000,1554.428802
34.000000,14.000000,1691.623087
35.000000,14.000000,1833.389542
20.000000,14.500000,639.025756
21.000000,14.500000,686.823994
22.000000,14.500000,736.176946
23.000000,14.500000,787.084614
24.000000,14.500000,839.546998
25.000000,14.500000,893.564096
26.000000,14.500000,957.707688
27.000000,14.500000,1025.432424
28.000000,14.500000,1095.155655
29.000000,14.500000,1166.877379
30.000000,14.500000,1249.554728
31.000000,14.500000,1349.027705
32.000000,14.500000,1451.595962
33.000000,14.500000,1563.206200
34.000000,14.500000,1700.404703
35.000000,14.500000,1842.157950
20.000000,15.000000,642.670832
21.000000,15.000000,690.637131
22.000000,15.000000,740.160844
23.000000,15.000000,791.241971
24.000000,15.000000,843.880513
25.000000,15.000000,898.076468
26.000000,15.000000,963.043569
27.000000,15.000000,1030.739367
28.000000,15.000000,1100.424554
29.000000,15.000000,1172.099129
30.000000,15.000000,1256.359437
31.000000,15.000000,1355.910056
32.000000,15.000000,1458.548802
33.000000,15.000000,1572.002359
34.000000,15.000000,1709.203985
35.000000,15.000000,1850.942961
20.000000,15.500000,646.412327
21.000000,15.500000,694.491351
22.000000,15.500000,744.127504
23.000000,15.500000,795.320786
24.000000,15.500000,848.071196
25.000000,15.500000,902.757545
26.000000,15.500000,968.129621
27.000000,15.500000,1035.854506
28.000000,15.500000,1105.561961
29.000000,15.500000,1177.251984
30.000000,15.500000,1263.145335
31.000000,15.500000,1362.774296
32.000000,15.500000,1465.484355
33.000000,15.500000,1580.752263
34.000000,15.500000,1717.954817
35.000000,15.500000,1859.677412
19.000000,16.000000,603.528178
20.000000,16.000000,650.163067
21.000000,16.000000,698.354799
22.000000,16.000000,748.103374
23.000000,16.000000,799.408792
24.000000,16.000000,852.271052
25.000000,16.000000,907.448968
26.000000,16.000000,973.226677
27.000000,16.000000,1040.980148
28.000000,16.000000,1110.709379
29.000000,16.000000,1182.414372
30.000000,16.000000,1269.945350
31.000000,16.000000,1369.652188
32.000000,16.000000,1472.433102
33.000000,16.000000,1589.520672
34.000000,16.000000,1726.723069
35.000000,16.000000,1868.428231
19.000000,16.500000,607.374736
20.000000,16.500000,654.086339
21.000000,16.500000,702.351780
22.000000,16.500000,752.171059
23.000000,16.500000,803.544177
24.000000,16.500000,856.471133
25.000000,16.500000,912.456986
26.000000,16.500000,978.360367
27.000000,16.500000,1046.238526
28.000000,16.500000,1116.091464
29.000000,16.500000,1187.919181
30.000000,16.500000,1277.162710
31.000000,16.500000,1376.819192
32.000000,16.500000,1479.533271
33.000000,16.500000,1598.351235
34.000000,16.500000,1735.507488
19.000000,17.000000,611.231674
20.000000,17.000000,658.019752
21.000000,17.000000,706.358665
22.000000,17.000000,756.248415
23.000000,17.000000,807.689002
24.000000,17.000000,860.680425
25.000000,17.000000,917.476349
26.000000,17.000000,983.505329
27.000000,17.000000,1051.508107
28.000000,17.000000,1121.484681
29.000000,17.000000,1193.435053
30.000000,17.000000,1284.396281
31.000000,17.000000,1384.001230
32.000000,17.000000,1486.647342
33.000000,17.000000,1607.200649
34.000000,17.000000,1744.309416
19.000000,17.500000,615.089566
20.000000,17.500000,661.982863
21.000000,17.500000,710.425793
22.000000,17.500000,760.418356
23.000000,17.500000,811.960551
24.000000,17.500000,865.052379
25.000000,17.500000,922.711298
26.000000,17.500000,988.821140
27.000000,17.500000,1056.900867
28.000000,17.500000,1126.950479
29.000000,17.500000,1198.969974
30.000000,17.500000,1291.648022
31.000000,17.500000,1391.279505
32.000000,17.500000,1493.941754
33.000000,17.500000,1616.359892
34.000000,17.500000,1753.462313
19.000000,18.000000,618.957847
20.000000,18.000000,665.956269
21.000000,18.000000,714.503121
22.000000,18.000000,764.598402
23.000000,18.000000,816.242112
24.000000,18.000000,869.434251
25.000000,18.000000,927.958562
26.000000,18.000000,994.148964
27.000000,18.000000,1062.305341
28.000000,18.000000,1132.427693
29.000000,18.000000,1204.516019
30.000000,18.000000,1298.916107
31.000000,18.000000,1398.573374
32.000000,18.000000,1501.251025
33.000000,18.000000,1625.539684
34.000000,18.000000,1762.634465
19.000000,18.500000,622.808477
20.000000,18.500000,669.965900
21.000000,18.500000,718.673389
22.000000,18.500000,768.930944
23.000000,18.500000,820.738566
24.000000,18.500000,874.096253
25.000000,18.500000,933.515515
26.000000,18.500000,999.712530
27.000000,18.500000,1067.866787
28.000000,18.500000,1137.978285
29.000000,18.500000,1210.596224
30.000000,18.500000,1306.152128
31.000000,18.500000,1405.838871
32.000000,18.500000,1508.536040
33.000000,18.500000,1634.743721
34.000000,18.500000,1771.910017
19.000000,19.000000,626.669664
20.000000,19.000000,673.986220
21.000000,19.000000,722.854480
22.000000,19.000000,773.274443
23.000000,19.000000,825.246110
24.000000,19.000000,878.769482
25.000000,19.000000,939.086256
26.000000,19.000000,1005.289166
27.000000,19.000000,1073.440603
28.000000,19.000000,1143.540568
29.000000,19.000000,1216.689297
30.000000,19.000000,1313.404313
31.000000,19.000000,1413.119813
32.000000,19.000000,1515.835797
33.000000,19.000000,1643.968405
34.000000,19.000000,1781.205315
19.000000,19.500000,630.522246
20.000000,19.500000,678.018352
21.000000,19.500000,727.068824
22.000000,19.500000,777.673664
23.000000,19.500000,829.832870
24.000000,19.500000,883.546443
25.000000,19.500000,944.757182
26.000000,19.500000,1011.018959
27.000000,19.500000,1079.224014
28.000000,19.500000,1149.372346
29.000000,19.500000,1224.312185
30.000000,19.500000,1320.928299
31.000000,19.500000,1420.524693
32.000000,19.500000,1523.101368
33.000000,19.500000,1653.151238
34.000000,19.500000,1790.456441
19.000000,20.000000,634.385397
20.000000,20.000000,682.061272
21.000000,20.000000,731.294178
22.000000,20.000000,782.084115
23.000000,20.000000,834.431082
24.000000,20.000000,888.335080
25.000000,20.000000,950.442388
26.000000,20.000000,1016.762594
27.000000,20.000000,1085.020832
28.000000,20.000000,1155.217101
29.000000,20.000000,1231.954186
30.000000,20.000000,1328.469818
31.000000,20.000000,1427.945593
32.000000,20.000000,1530.381513
33.000000,20.000000,1662.354467
34.000000,20.000000,1799.727067
19.000000,20.500000,638.255914
20.000000,20.500000,686.125211
21.000000,20.500000,735.555054
22.000000,20.500000,786.545444
23.000000,20.500000,839.096380
24.000000,20.500000,893.207862
25.000000,20.500000,956.184197
26.000000,20.500000,1022.578726
27.000000,20.500000,1090.906516
28.000000,20.500000,1161.167566
29.000000,20.500000,1239.800007
30.000000,20.500000,1336.507379
31.000000,20.500000,1436.171859
32.000000,20.500000,1540.387575
33.000000,20.500000,1672.550902
34.000000,20.500000,1809.557702
19.000000,21.000000,642.137087
20.000000,21.000000,690.200099
21.000000,21.000000,739.827176
22.000000,21.000000,791.018318
23.000000,21.000000,843.773525
24.000000,21.000000,898.092797
25.000000,21.000000,961.940708
26.000000,21.000000,1028.409150
27.000000,21.000000,1096.806087
28.000000,21.000000,1167.131517
29.000000,21.000000,1247.665954
30.000000,21.000000,1344.564819
31.000000,21.000000,1444.417754
32.000000,21.000000,1550.419570
33.000000,21.000000,1682.772295
34.000000,21.000000,1819.410220
19.000000,21.500000,646.029183
20.000000,21.500000,694.282754
21.000000,21.500000,744.103407
22.000000,21.500000,795.491142
23.000000,21.500000,848.445959
24.000000,21.500000,903.358627
25.000000,21.500000,967.641633
26.000000,21.500000,1034.194945
27.000000,21.500000,1102.671890
28.000000,21.500000,1173.072466
29.000000,21.500000,1255.557701
30.000000,21.500000,1352.686189
31.000000,21.500000,1452.768083
32.000000,21.500000,1561.040710
33.000000,21.500000,1693.390183
34.000000,21.500000,1830.005004
19.000000,22.000000,649.932190
20.000000,22.000000,698.376585
21.000000,22.000000,748.391079
22.000000,22.000000,799.975674
23.000000,22.000000,853.130367
24.000000,22.000000,908.638185
25.000000,22.000000,973.357169
26.000000,22.000000,1039.994930
27.000000,22.000000,1108.551468
28.000000,22.000000,1179.026783
29.000000,22.000000,1263.469610
30.000000,22.000000,1360.827667
31.000000,22.000000,1461.138465
32.000000,22.000000,1571.690419
33.000000,22.000000,1704.035036
34.000000,22.000000,1840.625192
19.000000,22.500000,653.901181
20.000000,22.500000,702.522981
21.000000,22.500000,752.717130
22.000000,22.500000,804.483627
23.000000,22.500000,857.822472
24.000000,22.500000,914.226084
25.000000,22.500000,979.103154
26.000000,22.500000,1045.898231
27.000000,22.500000,1114.611313
28.000000,22.500000,1185.242402
29.000000,22.500000,1271.715081
30.000000,22.500000,1369.183923
31.000000,22.500000,1469.596349
32.000000,22.500000,1582.254314
33.000000,22.500000,1714.589486
34.000000,22.500000,1851.150445
18.000000,23.000000,610.656581
19.000000,23.000000,657.881387
20.000000,23.000000,706.680791
21.000000,23.000000,757.054793
22.000000,23.000000,809.003393
23.000000,23.000000,862.526592
24.000000,23.000000,919.828884
25.000000,23.000000,984.863973
26.000000,23.000000,1051.816298
27.000000,23.000000,1120.685857
28.000000,23.000000,1191.472653
29.000000,23.000000,1279.982519
30.000000,23.000000,1377.561363
31.000000,23.000000,1478.074650
32.000000,23.000000,1592.846241
33.000000,23.000000,1725.170379
34.000000,23.000000,1861.700596
18.000000,23.500000,614.498835
19.000000,23.500000,661.906893
20.000000,23.500000,710.892040
21.000000,23.500000,761.454276
22.000000,23.500000,813.593601
23.000000,23.500000,867.310015
24.000000,23.500000,925.520199
25.000000,23.500000,990.741743
26.000000,23.500000,1057.881002
27.000000,23.500000,1126.937976
28.000000,23.500000,1197.912665
29.000000,23.500000,1288.451006
30.000000,23.500000,1386.092198
31.000000,23.500000,1486.656555
32.000000,23.500000,1603.474883
33.000000,23.500000,1735.733625
18.000000,24.000000,618.352413
19.000000,24.000000,665.943953
20.000000,24.000000,715.115073
21.000000,24.000000,765.865773
22.000000,24.000000,818.196053
23.000000,24.000000,872.105914
24.000000,24.000000,931.227002
25.000000,24.000000,996.635047
26.000000,24.000000,1063.961286
27.000000,24.000000,1133.205720
28.000000,24.000000,1204.368349
29.000000,24.000000,1296.942668
30.000000,24.000000,1394.645215
31.000000,24.000000,1495.259667
32.000000,24.000000,1614.132133
33.000000,24.000000,1746.323399
18.000000,24.500000,622.247530
19.000000,24.500000,670.054115
20.000000,24.500000,719.444449
21.000000,24.500000,770.418532
22.000000,24.500000,822.976363
23.000000,24.500000,877.117944
24.000000,24.500000,937.152589
25.000000,24.500000,1002.699509
26.000000,24.500000,1070.161964
27.000000,24.500000,1139.539953
28.000000,24.500000,1211.632015
29.000000,24.500000,1305.417771
30.000000,24.500000,1403.218066
31.000000,24.500000,1503.922296
32.000000,24.500000,1624.979987
33.000000,24.500000,1757.292902
18.000000,25.000000,626.154229
19.000000,25.000000,674.176249
20.000000,25.000000,723.786188
21.000000,25.000000,774.984047
22.000000,25.000000,827.769825
23.000000,25.000000,882.143524
24.000000,25.000000,943.094788
25.000000,25.000000,1008.780341
26.000000,25.000000,1076.378769
27.000000,25.000000,1145.890074
28.000000,25.000000,1218.914625
29.000000,25.000000,1313.915976
30.000000,25.000000,1411.813302
31.000000,25.000000,1512.606603
32.000000,25.000000,1635.857729
33.000000,25.000000,1768.291119
18.000000,25.500000,630.135936
19.000000,25.500000,678.393359
20.000000,25.500000,728.243857
21.000000,25.500000,779.687429
22.000000,25.500000,832.724076
23.000000,25.500000,887.353799
24.000000,25.500000,949.184125
25.000000,25.500000,1014.986041
26.000000,25.500000,1082.697196
27.000000,25.500000,1152.317590
28.000000,25.500000,1227.353482
29.000000,25.500000,1322.441574
30.000000,25.500000,1420.415504
31.000000,25.500000,1521.275272
32.000000,25.500000,1646.798585
33.000000,25.500000,1779.445359
18.000000,26.000000,634.129616
19.000000,26.000000,682.622929
20.000000,26.000000,732.714476
21.000000,26.000000,784.404257
22.000000,26.000000,837.692273
23.000000,26.000000,892.578523
24.000000,26.000000,955.290824
25.000000,26.000000,1021.208756
26.000000,26.000000,1089.032295
27.000000,26.000000,1158.761439
28.000000,26.000000,1235.816618
29.000000,26.000000,1330.990525
30.000000,26.000000,1429.040151
31.000000,26.000000,1529.965494
32.000000,26.000000,1657.769599
33.000000,26.000000,1790.629109
18.000000,26.500000,638.193653
19.000000,26.500000,686.938771
20.000000,26.500000,737.287671
21.000000,26.500000,789.240354
22.000000,26.500000,842.796820
23.000000,26.500000,898.023086
24.000000,26.500000,961.500590
25.000000,26.500000,1027.531349
26.000000,26.500000,1095.463928
27.000000,26.500000,1165.298327
28.000000,26.500000,1244.395721
29.000000,26.500000,1339.691639
30.000000,26.500000,1437.853695
31.000000,26.500000,1540.545168
32.000000,26.500000,1668.926951
33.000000,26.500000,1801.878195
18.000000,27.000000,642.270197
19.000000,27.000000,691.267678
20.000000,27.000000,741.874494
21.000000,27.000000,794.090643
22.000000,27.000000,847.916127
23.000000,27.000000,903.483272
24.000000,27.000000,967.728447
25.000000,27.000000,1033.871659
26.000000,27.000000,1101.912907
27.000000,27.000000,1171.852193
28.000000,27.000000,1253.000045
29.000000,27.000000,1348.417093
30.000000,27.000000,1446.690715
31.000000,27.000000,1551.155008
32.000000,27.000000,1680.115391
33.000000,27.000000,1813.157028
18.000000,27.500000,646.405470
19.000000,27.500000,695.646199
20.000000,27.500000,746.501441
21.000000,27.500000,798.971197
22.000000,27.500000,853.055466
23.000000,27.500000,909.535543
24.000000,27.500000,973.913346
25.000000,27.500000,1040.185896
26.000000,27.500000,1108.353193
27.000000,27.500000,1178.415237
28.000000,27.500000,1261.720967
29.000000,27.500000,1357.437378
30.000000,27.500000,1456.011791
31.000000,27.500000,1562.915713
32.000000,27.500000,1691.745261
33.000000,27.500000,1824.624633
18.000000,28.000000,650.553518
19.000000,28.000000,700.038011
20.000000,28.000000,751.142201
21.000000,28.000000,803.866088
22.000000,28.000000,858.209673
23.000000,28.000000,915.606048
24.000000,28.000000,980.116162
25.000000,28.000000,1046.517734
26.000000,28.000000,1114.810766
27.000000,28.000000,1184.995257
28.000000,28.000000,1270.467666
29.000000,28.000000,1366.483578
30.000000,28.000000,1465.358923
31.000000,28.000000,1574.712963
32.000000,28.000000,1703.408744
33.000000,28.000000,1836.123042
18.000000,28.500000,654.870181
19.000000,28.500000,704.564713
20.000000,28.500000,755.881798
21.000000,28.500000,808.821435
22.000000,28.500000,863.383625
23.000000,28.500000,921.619888
24.000000,28.500000,986.295671
25.000000,28.500000,1052.861147
26.000000,28.500000,1121.316317
27.000000,28.500000,1191.661180
28.000000,28.500000,1279.353066
29.000000,28.500000,1375.635892
30.000000,28.500000,1474.777520
31.000000,28.500000,1586.440431
32.000000,28.500000,1715.122148
33.000000,28.500000,1847.801617
17.000000,29.000000,610.921133
18.000000,29.000000,659.200603
19.000000,29.000000,709.105482
20.000000,29.000000,760.635768
21.000000,29.000000,813.791463
22.000000,29.000000,868.572565
23.000000,29.000000,927.651724
24.000000,29.000000,992.493019
25.000000,29.000000,1059.222242
26.000000,29.000000,1127.839393
27.000000,29.000000,1198.344471
28.000000,29.000000,1288.264968
29.000000,29.000000,1384.814648
30.000000,29.000000,1484.222500
31.000000,29.000000,1598.204076
32.000000,29.000000,1726.869732
33.000000,29.000000,1859.512419
17.000000,29.500000,615.275285
18.000000,29.500000,663.708168
19.000000,29.500000,713.765909
20.000000,29.500000,765.448508
21.000000,29.500000,818.755965
22.000000,29.500000,873.688280
23.000000,29.500000,933.606325
24.000000,29.500000,998.730620
25.000000,29.500000,1065.747339
26.000000,29.500000,1134.656483
27.000000,29.500000,1205.674437
28.000000,29.500000,1297.584617
29.000000,29.500000,1394.231025
30.000000,29.500000,1493.723408
31.000000,29.500000,1609.828660
32.000000,29.500000,1738.470840
17.000000,30.000000,619.644286
18.000000,30.000000,668.230541
19.000000,30.000000,718.441105
20.000000,30.000000,770.275976
21.000000,30.000000,823.735155
22.000000,30.000000,878.818641
23.000000,30.000000,939.578663
24.000000,30.000000,1004.986437
25.000000,30.000000,1072.291135
26.000000,30.000000,1141.492757
27.000000,30.000000,1213.025092
28.000000,30.000000,1306.933222
29.000000,30.000000,1403.675157
30.000000,30.000000,1503.250895
31.000000,30.000000,1621.488512
32.000000,30.000000,1750.105236
17.000000,30.500000,624.028593
18.000000,30.500000,672.758693
19.000000,30.500000,723.112142
20.000000,30.500000,775.088940
21.000000,30.500000,828.689087
22.000000,30.500000,883.912582
23.000000,30.500000,945.560285
24.000000,30.500000,1011.268609
25.000000,30.500000,1078.878895
26.000000,30.500000,1148.391141
27.000000,30.500000,1222.272412
28.000000,30.500000,1316.420602
29.000000,30.500000,1413.399729
30.000000,30.500000,1513.209794
31.000000,30.500000,1633.447929
32.000000,30.500000,1761.798695
17.000000,31.000000,628.427785
18.000000,31.000000,677.301639
19.000000,31.000000,727.797883
20.000000,31.000000,779.916518
21.000000,31.000000,833.657544
22.000000,31.000000,889.020961
23.000000,31.000000,951.559705
24.000000,31.000000,1017.569129
25.000000,31.000000,1085.485555
26.000000,31.000000,1155.308980
27.000000,31.000000,1231.549847
28.000000,31.000000,1325.937796
29.000000,31.000000,1423.153816
30.000000,31.000000,1523.197908
31.000000,31.000000,1645.444691
32.000000,31.000000,1773.525855
17.000000,31.500000,632.596873
18.000000,31.500000,681.647848
19.000000,31.500000,732.322071
20.000000,31.500000,784.619542
21.000000,31.500000,838.540261
22.000000,31.500000,894.084228
23.000000,31.500000,957.572872
24.000000,31.500000,1023.895730
25.000000,31.500000,1092.130537
26.000000,31.500000,1162.277293
27.000000,31.500000,1240.842583
28.000000,31.500000,1335.520473
29.000000,31.500000,1433.026715
30.000000,31.500000,1534.469993
31.000000,31.500000,1657.825832
32.000000,31.500000,1786.016590
17.000000,32.000000,636.779535
18.000000,32.000000,686.007759
19.000000,32.000000,736.860087
20.000000,32.000000,789.336519
21.000000,32.000000,843.437056
22.000000,32.000000,899.161697
23.000000,32.000000,963.603940
24.000000,32.000000,1030.240810
25.000000,32.000000,1098.794573
26.000000,32.000000,1169.265230
27.000000,32.000000,1250.165381
28.000000,32.000000,1345.133233
29.000000,32.000000,1442.929718
30.000000,32.000000,1545.777907
31.000000,32.000000,1670.246633
32.000000,32.000000,1798.545444
17.000000,32.500000,640.956621
18.000000,32.500000,690.376119
19.000000,32.500000,741.421539
20.000000,32.500000,794.092880
21.000000,32.500000,848.390142
22.000000,32.500000,904.875083
23.000000,32.500000,969.855233
24.000000,32.500000,1036.901639
25.000000,32.500000,1105.875099
26.000000,32.500000,1176.775613
27.000000,32.500000,1260.039957
28.000000,32.500000,1355.128551
29.000000,32.500000,1453.033993
30.000000,32.500000,1558.091744
31.000000,32.500000,1682.797566
32.000000,32.500000,1811.325879
17.000000,33.000000,645.147188
18.000000,33.000000,694.758179
19.000000,33.000000,745.996908
20.000000,33.000000,798.863375
21.000000,33.000000,853.357579
22.000000,33.000000,910.605831
23.000000,33.000000,976.125672
24.000000,33.000000,1043.582744
25.000000,33.000000,1112.977050
26.000000,33.000000,1184.308587
27.000000,33.000000,1269.948262
28.000000,33.000000,1365.156335
29.000000,33.000000,1463.169492
30.000000,33.000000,1570.446757
31.000000,33.000000,1695.388847
32.000000,33.000000,1824.145842
17.000000,33.500000,649.343160
18.000000,33.500000,699.188177
19.000000,33.500000,750.664934
20.000000,33.500000,803.773431
21.000000,33.500000,858.513669
22.000000,33.500000,916.775156
23.000000,33.500000,982.656103
24.000000,33.500000,1050.481830
25.000000,33.500000,1120.252338
26.000000,33.500000,1191.967625
27.000000,33.500000,1279.881782
28.000000,33.500000,1375.295149
29.000000,33.500000,1473.507538
16.000000,34.000000,605.108853
17.000000,34.000000,653.552616
18.000000,34.000000,703.632123
19.000000,34.000000,755.347374
20.000000,34.000000,808.698369
21.000000,34.000000,863.685108
22.000000,34.000000,922.964161
23.000000,34.000000,989.207080
24.000000,34.000000,1057.402334
25.000000,34.000000,1127.549924
26.000000,34.000000,1199.649850
27.000000,34.000000,1289.849101
28.000000,34.000000,1385.467099
29.000000,34.000000,1483.878062
16.000000,34.500000,609.091668
17.000000,34.500000,657.824564
18.000000,34.500000,708.200248
19.000000,34.500000,760.218722
20.000000,34.500000,813.879985
21.000000,34.500000,869.184037
22.000000,34.500000,929.550046
23.000000,34.500000,996.082949
24.000000,34.500000,1064.570935
25.000000,34.500000,1135.014003
26.000000,34.500000,1208.079190
27.000000,34.500000,1299.853576
28.000000,34.500000,1395.735249
29.000000,34.500000,1494.407713
16.000000,35.000000,613.087509
17.000000,35.000000,662.110363
18.000000,35.000000,712.783057
19.000000,35.000000,765.105591
20.000000,35.000000,819.077965
21.000000,35.000000,874.700177
22.000000,35.000000,936.157950
23.000000,35.000000,1002.981218
24.000000,35.000000,1071.762312
25.000000,35.000000,1142.501231
26.000000,35.000000,1216.535532
27.000000,35.000000,1309.892010
28.000000,35.000000,1406.037106
29.000000,35.000000,1504.970819
16.000000,35.500000,617.163107
17.000000,35.500000,666.485410
18.000000,35.500000,717.465207
19.000000,35.500000,770.102500
20.000000,35.500000,824.397288
21.000000,35.500000,880.349571
22.000000,35.500000,942.837918
23.000000,35.500000,1009.888088
24.000000,35.500000,1078.896321
25.000000,35.500000,1149.862616
26.000000,35.500000,1226.067427
27.000000,35.500000,1319.780084
28.000000,35.500000,1416.282505
29.000000,35.500000,1515.574691
16.000000,36.000000,621.252148
17.000000,36.000000,670.874775
18.000000,36.000000,722.162562
19.000000,36.000000,775.115510
20.000000,36.000000,829.733617
21.000000,36.000000,886.016885
22.000000,36.000000,949.540299
23.000000,36.000000,1016.817425
24.000000,36.000000,1086.052851
25.000000,36.000000,1157.246575
26.000000,36.000000,1235.632448
27.000000,36.000000,1329.701469
28.000000,36.000000,1426.561398
29.000000,36.000000,1526.212234
16.000000,36.500000,625.516797
17.000000,36.500000,675.416958
18.000000,36.500000,726.987883
19.000000,36.500000,780.229571
20.000000,36.500000,835.142023
21.000000,36.500000,891.725239
22.000000,36.500000,956.225322
23.000000,36.500000,1023.732422
24.000000,36.500000,1093.198115
25.000000,36.500000,1164.622401
26.000000,36.500000,1245.239770
27.000000,36.500000,1339.727557
28.000000,36.500000,1437.010469
16.000000,37.000000,629.795977
17.000000,37.000000,679.974385
18.000000,37.000000,731.829161
19.000000,37.000000,785.360305
20.000000,37.000000,840.567817
21.000000,37.000000,897.451696
22.000000,37.000000,962.932630
23.000000,37.000000,1030.669773
24.000000,37.000000,1100.365802
25.000000,37.000000,1172.020716
26.000000,37.000000,1254.880408
27.000000,37.000000,1349.787508
28.000000,37.000000,1447.493945
16.000000,37.500000,634.177030
17.000000,37.500000,684.609859
18.000000,37.500000,736.723481
19.000000,37.500000,790.517894
20.000000,37.500000,845.993099
21.000000,37.500000,903.715622
22.000000,37.500000,969.622669
23.000000,37.500000,1037.639687
24.000000,37.500000,1107.617607
25.000000,37.500000,1179.556427
26.000000,37.500000,1264.821055
27.000000,37.500000,1360.246272
28.000000,37.500000,1458.480611
16.000000,38.000000,638.573207
17.000000,38.000000,689.261012
18.000000,38.000000,741.634035
19.000000,38.000000,795.692276
20.000000,38.000000,851.435734
21.000000,38.000000,910.000648
22.000000,38.000000,976.334954
23.000000,38.000000,1044.632172
24.000000,38.000000,1114.892300
25.000000,38.000000,1187.115340
26.000000,38.000000,1274.796813
27.000000,38.000000,1370.741331
28.000000,38.000000,1469.504767
16.000000,38.500000,643.003370
17.000000,38.500000,693.955699
18.000000,38.500000,746.598214
19.000000,38.500000,800.930917
20.000000,38.500000,856.953807
21.000000,38.500000,916.526642
22.000000,38.500000,983.180612
23.000000,38.500000,1051.801941
24.000000,38.500000,1122.390629
25.000000,38.500000,1194.946677
26.000000,38.500000,1285.170150
27.000000,38.500000,1381.630558
28.000000,38.500000,1480.918475
16.000000,39.000000,647.448784
17.000000,39.000000,698.666249
18.000000,39.000000,751.578872
19.000000,39.000000,806.186655
20.000000,39.000000,862.489598
21.000000,39.000000,923.075017
22.000000,39.000000,990.049239
23.000000,39.000000,1058.995269
24.000000,39.000000,1129.913107
25.000000,39.000000,1202.802754
26.000000,39.000000,1295.581154
27.000000,39.000000,1392.558541
28.000000,39.000000,1492.372038
16.000000,39.500000,651.747167
17.000000,39.500000,703.258328
18.000000,39.500000,756.470674
19.000000,39.500000,811.384206
20.000000,39.500000,867.998923
21.000000,39.500000,929.632435
22.000000,39.500000,996.975210
23.000000,39.500000,1066.296539
24.000000,39.500000,1137.596423
25.000000,39.500000,1212.305500
26.000000,39.500000,1306.239629
27.000000,39.500000,1403.699352
28.000000,39.500000,1504.001161
15.000000,40.000000,605.961310
16.000000,40.000000,656.059772
17.000000,40.000000,707.865444
18.000000,40.000000,761.378328
19.000000,40.000000,816.598423
20.000000,40.000000,873.525730
21.000000,40.000000,936.212239
22.000000,40.000000,1003.924443
23.000000,40.000000,1073.621953
24.000000,40.000000,1145.304769
25.000000,40.000000,1221.842432
26.000000,40.000000,1316.937234
27.000000,40.000000,1414.880097
28.000000,40.000000,1515.671019
15.000000,40.500000,610.076659
16.000000,40.500000,660.428927
17.000000,40.500000,712.493029
18.000000,40.500000,766.268966
19.000000,40.500000,821.756737
20.000000,40.500000,878.956343
21.000000,40.500000,942.717989
22.000000,40.500000,1010.856463
23.000000,40.500000,1080.989115
24.000000,40.500000,1153.115944
25.000000,40.500000,1232.243284
26.000000,40.500000,1327.874991
27.000000,40.500000,1426.364274
15.000000,41.000000,614.205935
16.000000,41.000000,664.812582
17.000000,41.000000,717.135691
18.000000,41.000000,771.175260
19.000000,41.000000,826.931290
20.000000,41.000000,884.403781
21.000000,41.000000,949.245730
22.000000,41.000000,1017.811683
23.000000,41.000000,1088.380689
24.000000,41.000000,1160.952746
25.000000,41.000000,1242.683670
26.000000,41.000000,1338.853510
27.000000,41.000000,1437.890454
15.000000,41.500000,618.522364
16.000000,41.500000,669.356478
17.000000,41.500000,721.909650
18.000000,41.500000,776.181879
19.000000,41.500000,832.173166
20.000000,41.500000,889.883510
21.000000,41.500000,955.877198
22.000000,41.500000,1024.904810
23.000000,41.500000,1095.946232
24.000000,41.500000,1169.001465
25.000000,41.500000,1253.356838
26.000000,41.500000,1350.028766
27.000000,41.500000,1449.574794
15.000000,42.000000,622.853900
16.000000,42.000000,673.915844
17.000000,42.000000,726.699442
18.000000,42.000000,781.204694
19.000000,42.000000,837.431600
20.000000,42.000000,895.380159
21.000000,42.000000,962.531169
22.000000,42.000000,1032.021860
23.000000,42.000000,1103.537132
24.000000,42.000000,1177.076986
25.000000,42.000000,1264.071018
26.000000,42.000000,1361.245974
27.000000,42.000000,1461.302029
15.000000,42.500000,627.519005
16.000000,42.500000,678.774813
17.000000,42.500000,731.751907
18.000000,42.500000,786.450287
19.000000,42.500000,842.869953
20.000000,42.500000,901.651785
21.000000,42.500000,969.423051
22.000000,42.500000,1039.388320
23.000000,42.500000,1111.389578
24.000000,42.500000,1185.426826
25.000000,42.500000,1275.023200
26.000000,42.500000,1372.653491
27.000000,42.500000,1473.169084
15.000000,43.000000,632.201471
16.000000,43.000000,683.651201
17.000000,43.000000,736.821848
18.000000,43.000000,791.713412
19.000000,43.000000,848.325893
20.000000,43.000000,907.944885
21.000000,43.000000,976.338803
22.000000,43.000000,1046.780139
23.000000,43.000000,1119.268894
24.000000,43.000000,1193.805068
25.000000,43.000000,1286.017956
26.000000,43.000000,1384.104175
27.000000,43.000000,1485.079901
15.000000,43.500000,637.002440
16.000000,43.500000,688.690766
17.000000,43.500000,742.102254
18.000000,43.500000,797.236902
19.000000,43.500000,854.094711
20.000000,43.500000,914.856864
21.000000,43.500000,983.640280
22.000000,43.500000,1054.478123
23.000000,43.500000,1127.370392
24.000000,43.500000,1202.941277
25.000000,43.500000,1297.117324
26.000000,43.500000,1395.685030
27.000000,43.500000,1497.147722
15.000000,44.000000,641.821495
16.000000,44.000000,693.748771
17.000000,44.000000,747.401451
18.000000,44.000000,802.779533
19.000000,44.000000,859.883019
20.000000,44.000000,921.794129
21.000000,44.000000,990.968001
22.000000,44.000000,1062.203312
23.000000,44.000000,1135.500062
24.000000,44.000000,1212.110423
25.000000,44.000000,1308.259908
26.000000,44.000000,1407.309860
27.000000,44.000000,1509.260279
15.000000,44.500000,646.427394
16.000000,44.500000,698.648423
17.000000,44.500000,752.600339
18.000000,44.500000,808.283141
19.000000,44.500000,865.696828
20.000000,44.500000,928.827319
21.000000,44.500000,998.386689
22.000000,44.500000,1070.014716
23.000000,44.500000,1143.711399
24.000000,44.500000,1222.847022
25.000000,44.500000,1319.484953
26.000000,44.500000,1419.028792
14.000000,45.000000,600.270569
15.000000,45.000000,651.049748
16.000000,45.000000,703.565297
17.000000,45.000000,757.817216
18.000000,45.000000,813.805505
19.000000,45.000000,871.530163
20.000000,45.000000,935.886262
21.000000,45.000000,1005.832070
22.000000,45.000000,1077.853761
23.000000,45.000000,1151.951336
24.000000,45.000000,1233.626518
25.000000,45.000000,1330.753681
26.000000,45.000000,1430.792195
14.000000,45.500000,604.354465
15.000000,45.500000,655.475241
16.000000,45.500000,708.341262
17.000000,45.500000,762.952529
18.000000,45.500000,819.309042
19.000000,45.500000,877.410801
20.000000,45.500000,943.010230
21.000000,45.500000,1013.329900
22.000000,45.500000,1085.732038
23.000000,45.500000,1160.216644
24.000000,45.500000,1244.453739
25.000000,45.500000,1342.160173
26.000000,45.500000,1442.788428
14.000000,46.000000,608.452192
15.000000,46.000000,659.915721
16.000000,46.000000,713.133383
17.000000,46.000000,768.105177
18.000000,46.000000,824.831104
19.000000,46.000000,883.311163
20.000000,46.000000,950.160309
21.000000,46.000000,1020.854695
22.000000,46.000000,1093.638142
23.000000,46.000000,1168.510651
24.000000,46.000000,1255.324145
25.000000,46.000000,1353.611285
26.000000,46.000000,1454.830727
14.000000,46.500000,612.650721
15.000000,46.500000,664.460917
16.000000,46.500000,718.034647
17.000000,46.500000,773.371908
18.000000,46.500000,830.472702
19.000000,46.500000,889.337029
20.000000,46.500000,957.411540
21.000000,46.500000,1028.470200
22.000000,46.500000,1101.623020
23.000000,46.500000,1176.870001
24.000000,46.500000,1266.308006
25.000000,46.500000,1365.194315
26.000000,46.500000,1467.024383
14.000000,47.000000,616.863678
15.000000,47.000000,669.021711
16.000000,47.000000,722.952695
17.000000,47.000000,778.656628
18.000000,47.000000,836.133513
19.000000,47.000000,895.383347
20.000000,47.000000,964.689533
21.000000,47.000000,1036.113206
22.000000,47.000000,1109.636141
23.000000,47.000000,1185.258337
24.000000,47.000000,1277.335643
25.000000,47.000000,1376.822680
26.000000,47.000000,1479.264952
14.000000,47.500000,621.088939
15.000000,47.500000,673.609780
16.000000,47.500000,727.913105
17.000000,47.500000,783.998914
18.000000,47.500000,841.867208
19.000000,47.500000,902.347871
20.000000,47.500000,972.022400
21.000000,47.500000,1043.811289
22.000000,47.500000,1117.705400
23.000000,47.500000,1193.704731
24.000000,47.500000,1288.494664
25.000000,47.500000,1388.598398
26.000000,47.500000,1491.668538
14.000000,48.000000,625.328595
15.000000,48.000000,678.213519
16.000000,48.000000,732.890474
17.000000,48.000000,789.359459
18.000000,48.000000,847.620474
19.000000,48.000000,909.338560
20.000000,48.000000,979.382251
21.000000,48.000000,1051.537130
22.000000,48.000000,1125.803196
23.000000,48.000000,1202.180449
24.000000,48.000000,1299.698394
25.000000,48.000000,1400.420419
26.000000,48.000000,1504.120034
14.000000,48.500000,629.664223
15.000000,48.500000,682.920984
16.000000,48.500000,737.979732
17.000000,48.500000,794.840468
18.000000,48.500000,853.503191
19.000000,48.500000,916.445652
20.000000,48.500000,986.852408
21.000000,48.500000,1059.376136
22.000000,48.500000,1134.016836
23.000000,48.500000,1212.864473
24.000000,48.500000,1311.143283
25.000000,48.500000,1412.526061
14.000000,49.000000,634.014811
15.000000,49.000000,687.644724
16.000000,49.000000,743.086598
17.000000,49.000000,800.340433
18.000000,49.000000,859.406230
19.000000,49.000000,923.579634
20.000000,49.000000,994.350218
21.000000,49.000000,1067.243566
22.000000,49.000000,1142.259677
23.000000,49.000000,1223.592146
24.000000,49.000000,1322.634426
25.000000,49.000000,1424.679802
14.000000,49.500000,638.457534
15.000000,49.500000,692.463017
16.000000,49.500000,748.290541
17.000000,49.500000,805.940104
18.000000,49.500000,865.411707
19.000000,49.500000,930.775869
20.000000,49.500000,1001.899927
21.000000,49.500000,1075.151023
22.000000,49.500000,1150.529157
23.000000,49.500000,1234.571219
24.000000,49.500000,1334.394369
25.000000,49.500000,1437.241352
14.000000,50.000000,642.915750
15.000000,50.000000,697.298128
16.000000,50.000000,753.512642
17.000000,50.000000,811.559293
18.000000,50.000000,871.438080
19.000000,50.000000,937.999356
20.000000,50.000000,1009.477539
21.000000,50.000000,1083.087034
22.000000,50.000000,1158.827842
23.000000,50.000000,1245.595391
24.000000,50.000000,1346.202246
25.000000,50.000000,1449.853732
14.000000,50.500000,647.403111
15.000000,50.500000,702.181299
16.000000,50.500000,758.802047
17.000000,50.500000,817.265356
18.000000,50.500000,877.571225
19.000000,50.500000,945.323525
20.000000,50.500000,1017.196008
21.000000,50.500000,1091.207090
22.000000,50.500000,1167.356770
23.000000,50.500000,1257.040299
24.000000,50.500000,1358.406215
25.000000,50.500000,1462.834049
13.000000,51.000000,598.583583
14.000000,51.000000,651.906043
15.000000,51.000000,707.081499
16.000000,51.000000,764.109952
17.000000,51.000000,822.991403
18.000000,51.000000,883.725850
19.000000,51.000000,952.675483
20.000000,51.000000,1024.943218
21.000000,51.000000,1099.356849
22.000000,51.000000,1175.916375
23.000000,51.000000,1268.533419
24.000000,51.000000,1370.660926
25.000000,51.000000,1475.867670
13.000000,51.500000,602.841466
14.000000,51.500000,656.508501
15.000000,51.500000,712.036632
16.000000,51.500000,769.425860
17.000000,51.500000,828.676183
18.000000,51.500000,889.961886
19.000000,51.500000,959.928719
20.000000,51.500000,1032.638833
21.000000,51.500000,1107.504180
22.000000,51.500000,1184.524758
23.000000,51.500000,1280.190003
24.000000,51.500000,1383.090399
25.000000,51.500000,1489.086889
13.000000,52.000000,607.114400
14.000000,52.000000,661.127126
15.000000,52.000000,717.009056
16.000000,52.000000,774.760191
17.000000,52.000000,834.380530
18.000000,52.000000,896.219811
19.000000,52.000000,967.208981
20.000000,52.000000,1040.362736
21.000000,52.000000,1115.681078
22.000000,52.000000,1193.164005
23.000000,52.000000,1291.895710
24.000000,52.000000,1395.571527
25.000000,52.000000,1502.360319
13.000000,52.500000,611.655843
14.000000,52.500000,665.925181
15.000000,52.500000,722.066352
16.000000,52.500000,780.079357
17.000000,52.500000,839.964196
18.000000,52.500000,902.855013
19.000000,52.500000,974.357698
20.000000,52.500000,1048.037667
21.000000,52.500000,1123.894919
22.000000,52.500000,1203.386877
23.000000,52.500000,1303.709213
24.000000,52.500000,1408.078366
13.000000,53.000000,616.214204
14.000000,53.000000,670.740573
15.000000,53.000000,727.141406
16.000000,53.000000,785.416702
17.000000,53.000000,845.566461
18.000000,53.000000,909.514462
19.000000,53.000000,981.532439
20.000000,53.000000,1055.740422
21.000000,53.000000,1132.138412
22.000000,53.000000,1213.650989
23.000000,53.000000,1315.572436
24.000000,53.000000,1420.637028
13.000000,53.500000,620.900057
14.000000,53.500000,675.671539
15.000000,53.500000,732.318922
16.000000,53.500000,790.842205
17.000000,53.500000,851.241388
18.000000,53.500000,916.393507
19.000000,53.500000,989.098950
20.000000,53.500000,1064.015817
21.000000,53.500000,1141.144107
22.000000,53.500000,1225.784840
23.000000,53.500000,1328.073514
24.000000,53.500000,1433.502728
13.000000,54.000000,625.603657
14.000000,54.000000,680.620560
15.000000,54.000000,737.514798
16.000000,54.000000,796.286371
17.000000,54.000000,856.935279
18.000000,54.000000,923.298144
19.000000,54.000000,996.694002
20.000000,54.000000,1072.322781
21.000000,54.000000,1150.184481
22.000000,54.000000,1237.973320
23.000000,54.000000,1340.628818
24.000000,54.000000,1446.422249
13.000000,54.500000,630.494987
14.000000,54.500000,685.771311
15.000000,54.500000,742.927290
16.000000,54.500000,801.962924
17.000000,54.500000,862.878213
18.000000,54.500000,930.739628
19.000000,54.500000,1004.984392
20.000000,54.500000,1081.490139
21.000000,54.500000,1160.256868
13.000000,55.000000,635.405359
14.000000,55.000000,690.941477
15.000000,55.000000,748.359570
16.000000,55.000000,807.659638
17.000000,55.000000,868.841681
18.000000,55.000000,938.210350
19.000000,55.000000,1013.308082
20.000000,55.000000,1090.694986
21.000000,55.000000,1170.371061
13.000000,55.500000,640.082076
14.000000,55.500000,695.984558
15.000000,55.500000,753.776885
16.000000,55.500000,813.459058
17.000000,55.500000,875.031078
18.000000,55.500000,946.130968
19.000000,55.500000,1022.034735
20.000000,55.500000,1100.251974
21.000000,55.500000,1180.782684
13.000000,56.000000,644.775892
14.000000,56.000000,701.045947
15.000000,56.000000,759.213723
16.000000,56.000000,819.279222
17.000000,56.000000,881.242442
18.000000,56.000000,954.083951
19.000000,56.000000,1030.797446
20.000000,56.000000,1109.848791
21.000000,56.000000,1191.237987
13.000000,56.500000,649.537101
14.000000,56.500000,706.206734
15.000000,56.500000,764.783913
16.000000,56.500000,825.268640
17.000000,56.500000,888.007810
18.000000,56.500000,962.378128
19.000000,56.500000,1039.879149
20.000000,56.500000,1119.741076
12.000000,57.000000,599.162546
13.000000,57.000000,654.315798
14.000000,57.000000,711.386436
15.000000,57.000000,770.374460
16.000000,57.000000,831.279871
17.000000,57.000000,894.798926
18.000000,57.000000,970.706958
19.000000,57.000000,1048.999025
20.000000,57.000000,1129.675126
12.000000,57.500000,603.471999
13.000000,57.500000,659.033305
14.000000,57.500000,716.524127
15.000000,57.500000,775.944464
16.000000,57.500000,837.294317
17.000000,57.500000,902.483952
18.000000,57.500000,979.162796
19.000000,57.500000,1058.248895
20.000000,57.500000,1139.742248
12.000000,58.000000,607.796850
13.000000,58.000000,663.767731
14.000000,58.000000,721.680290
15.000000,58.000000,781.534527
16.000000,58.000000,843.330443
17.000000,58.000000,910.200960
18.000000,58.000000,987.654084
19.000000,58.000000,1067.537760
20.000000,58.000000,1149.851988
12.000000,58.500000,612.116878
13.000000,58.500000,668.584557
14.000000,58.500000,727.009682
15.000000,58.500000,787.392253
16.000000,58.500000,849.732270
17.000000,58.500000,918.454904
18.000000,58.500000,996.609993
19.000000,58.500000,1077.214988
20.000000,58.500000,1160.269889
12.000000,59.000000,616.452106
13.000000,59.000000,673.418764
14.000000,59.000000,732.358677
15.000000,59.000000,793.271844
16.000000,59.000000,856.158267
17.000000,59.000000,926.744545
18.000000,59.000000,1005.604502
19.000000,59.000000,1086.933774
20.000000,59.000000,1170.732362
12.000000,59.500000,620.976229
13.000000,59.500000,678.468389
14.000000,59.500000,737.950293
15.000000,59.500000,799.421940
16.000000,59.500000,862.883330
17.000000,59.500000,935.364757
18.000000,59.500000,1014.883586
19.000000,59.500000,1096.889283
20.000000,59.500000,1181.381849
12.000000,60.000000,625.516850
13.000000,60.000000,683.536873
14.000000,60.000000,743.563167
15.000000,60.000000,805.595732
16.000000,60.000000,869.634567
17.000000,60.000000,944.022873
18.000000,60.000000,1024.203142
19.000000,60.000000,1106.887886
20.000000,60.000000,1192.077102
12.000000,60.500000,630.209258
13.000000,60.500000,688.758768
14.000000,60.500000,749.330839
15.000000,60.500000,811.925471
16.000000,60.500000,876.542663
17.000000,60.500000,952.859912
18.000000,60.500000,1033.730671
19.000000,60.500000,1117.125078
12.000000,61.000000,634.919181
13.000000,61.000000,694.000533
14.000000,61.000000,755.120775
15.000000,61.000000,818.279905
16.000000,61.000000,883.477924
17.000000,61.000000,961.736091
18.000000,61.000000,1043.300136
19.000000,61.000000,1127.407067
12.000000,61.500000,639.678443
13.000000,61.500000,699.313772
14.000000,61.500000,761.005057
15.000000,61.500000,824.752297
16.000000,61.500000,891.446224
17.000000,61.500000,970.771210
18.000000,61.500000,1053.040473
19.000000,61.500000,1137.871101
12.000000,62.000000,644.455433
13.000000,62.000000,704.647270
14.000000,62.000000,766.912167
15.000000,62.000000,831.250124
16.000000,62.000000,899.449188
17.000000,62.000000,979.846589
18.000000,62.000000,1062.823888
19.000000,62.000000,1148.381083
12.000000,62.500000,649.429329
13.000000,62.500000,710.171132
14.000000,62.500000,773.002121
15.000000,62.500000,837.922299
16.000000,62.500000,908.000145
17.000000,62.500000,989.071602
18.000000,62.500000,1072.740763
19.000000,62.500000,1159.007626
11.000000,63.000000,595.233459
12.000000,63.000000,654.422336
13.000000,63.000000,715.716558
14.000000,63.000000,779.116124
15.000000,63.000000,844.621035
16.000000,63.000000,916.589638
17.000000,63.000000,998.337789
18.000000,63.000000,1082.701499
19.000000,63.000000,1169.680768
11.000000,63.500000,599.869133
12.000000,63.500000,659.569295
13.000000,63.500000,721.389097
14.000000,63.500000,785.328541
15.000000,63.500000,851.387626
16.000000,63.500000,925.209967
17.000000,63.500000,1007.623330
18.000000,63.500000,1092.669807
19.000000,63.500000,1180.349398
11.000000,64.000000,604.522766
12.000000,64.000000,664.736413
13.000000,64.000000,727.084019
14.000000,64.000000,791.565584
15.000000,64.000000,858.181106
16.000000,64.000000,933.868893
17.000000,64.000000,1016.950023
18.000000,64.000000,1102.681872
19.000000,64.000000,1191.064441
11.000000,64.500000,609.206297
12.000000,64.500000,669.871446
13.000000,64.500000,732.680853
14.000000,64.500000,797.634516
15.000000,64.500000,864.732438
16.000000,64.500000,942.297654
17.000000,64.500000,1026.156111
18.000000,64.500000,1112.687765
11.000000,65.000000,613.907850
12.000000,65.000000,675.026215
13.000000,65.000000,738.299140
14.000000,65.000000,803.726626
15.000000,65.000000,871.308671
16.000000,65.000000,950.763113
17.000000,65.000000,1035.402264
18.000000,65.000000,1122.737161
11.000000,65.500000,618.786078
12.000000,65.500000,680.344182
13.000000,65.500000,744.065725
14.000000,65.500000,809.950707
15.000000,65.500000,877.999127
16.000000,65.500000,959.436274
17.000000,65.500000,1044.867403
18.000000,65.500000,1133.016962
11.000000,66.000000,623.683592
12.000000,66.000000,685.683010
13.000000,66.000000,749.854742
14.000000,66.000000,816.198790
15.000000,66.000000,884.715152
16.000000,66.000000,968.147496
17.000000,66.000000,1054.374025
18.000000,66.000000,1143.341742
11.000000,66.500000,628.879884
12.000000,66.500000,691.287787
13.000000,66.500000,755.876641
14.000000,66.500000,822.646446
15.000000,66.500000,892.929621
16.000000,66.500000,977.286427
17.000000,66.500000,1064.441100
18.000000,66.500000,1154.367039
11.000000,67.000000,634.097701
12.000000,67.000000,696.915346
13.000000,67.000000,761.922591
14.000000,67.000000,829.119434
15.000000,67.000000,901.180773
16.000000,67.000000,986.466606
17.000000,67.000000,1074.553928
18.000000,67.000000,1165.442737
11.000000,67.500000,639.356140
12.000000,67.500000,702.666438
13.000000,67.500000,768.180091
14.000000,67.500000,835.897100
15.000000,67.500000,910.011204
16.000000,67.500000,996.152788
17.000000,67.500000,1085.121423
11.000000,68.000000,644.636273
12.000000,68.000000,708.441127
13.000000,68.000000,774.463131
14.000000,68.000000,842.702284
15.000000,68.000000,918.882881
16.000000,68.000000,1005.884152
17.000000,68.000000,1095.738127
11.000000,68.500000,650.028551
12.000000,68.500000,714.360884
13.000000,68.500000,780.925486
14.000000,68.500000,849.722354
10.000000,69.000000,592.828727
11.000000,69.000000,655.443261
12.000000,69.000000,720.305222
13.000000,69.000000,787.414611
14.000000,69.000000,856.771427
10.000000,69.500000,597.852770
11.000000,69.500000,661.013658
12.000000,69.500000,726.438454
13.000000,69.500000,794.127158
14.000000,69.500000,864.079770
10.000000,70.000000,602.897991
11.000000,70.000000,666.607576
12.000000,70.000000,732.597598
13.000000,70.000000,800.868055
14.000000,70.000000,871.418949
10.000000,70.500000,608.017589
11.000000,70.500000,672.552362
12.000000,70.500000,739.397431
13.000000,70.500000,808.552795
10.000000,71.000000,613.158821
11.000000,71.000000,678.523383
12.000000,71.000000,746.228220
13.000000,71.000000,816.273332
10.000000,71.500000,618.700692
11.000000,71.500000,684.858376
12.000000,71.500000,753.382900
13.000000,71.500000,824.274262
10.000000,72.000000,624.267383
11.000000,72.000000,691.222461
12.000000,72.000000,760.571024
13.000000,72.000000,832.313071
10.000000,72.500000,630.250164
11.000000,72.500000,697.963799
12.000000,72.500000,768.094308
13.000000,72.500000,840.641691
10.000000,73.000000,636.261119
11.000000,73.000000,704.737202
12.000000,73.000000,775.653602
13.000000,73.000000,849.010318
10.000000,73.500000,642.392819
11.000000,73.500000,711.671857
12.000000,73.500000,783.416486
13.000000,73.500000,857.626706
10.000000,74.000000,648.553559
11.000000,74.000000,718.639776
12.000000,74.000000,791.216924
13.000000,74.000000,866.285004
10.000000,74.500000,654.543992
11.000000,74.500000,725.576609
12.000000,74.500000,799.133225
9.000000,75.000000,591.134557
10.000000,75.000000,660.561786
11.000000,75.000000,732.546206
12.000000,75.000000,807.087817
9.000000,75.500000,596.945757
10.000000,75.500000,667.193931
11.000000,75.500000,740.029019
12.000000,75.500000,815.451019
9.000000,76.000000,602.784798
10.000000,76.000000,673.858299
11.000000,76.000000,747.548572
12.000000,76.000000,823.855618
9.000000,76.500000,608.998894
10.000000,76.500000,680.873926
11.000000,76.500000,755.393664
12.000000,76.500000,832.558110
9.000000,77.000000,615.243917
10.000000,77.000000,687.924643
11.000000,77.000000,763.278133
12.000000,77.000000,841.304387
9.000000,77.500000,621.915478
10.000000,77.500000,695.353975
11.000000,77.500000,771.489192
12.000000,77.500000,850.321129
9.000000,78.000000,628.621650
10.000000,78.000000,702.821623
11.000000,78.000000,779.742356
12.000000,78.000000,859.383850
9.000000,78.500000,635.566129
10.000000,78.500000,710.526912
11.000000,78.500000,788.231676
12.000000,78.500000,868.680420
9.000000,79.000000,642.547144
10.000000,79.000000,718.272390
11.000000,79.000000,796.764914
12.000000,79.000000,878.024716
9.000000,79.500000,649.748224
10.000000,79.500000,726.216128
11.000000,79.500000,805.472821
9.000000,80.000000,656.987606
10.000000,80.000000,734.201584
11.000000,80.000000,814.225927
