weight_g,685.000000
thrust_N,velocity_m_s,power_W
13.000000,0.000000,2916.701758
14.000000,0.000000,3153.275274
15.000000,0.000000,3398.993329
16.000000,0.000000,3653.855923
17.000000,0.000000,3908.294053
18.000000,0.000000,4158.185929
19.000000,0.000000,4415.740557
13.000000,0.500000,2917.533979
14.000000,0.500000,3154.185188
15.000000,0.500000,3399.984755
16.000000,0.500000,3654.932679
17.000000,0.500000,3909.259339
18.000000,0.500000,4159.335406
19.000000,0.500000,4417.083314
13.000000,1.000000,2918.366234
14.000000,1.000000,3155.095156
15.000000,1.000000,3400.976255
16.000000,1.000000,3656.009532
17.000000,1.000000,3910.224673
18.000000,1.000000,4160.484957
19.000000,1.000000,4418.426174
13.000000,1.500000,2919.201357
14.000000,1.500000,3156.007877
15.000000,1.500000,3401.970375
16.000000,1.500000,3657.088851
17.000000,1.500000,3911.195681
18.000000,1.500000,4161.638364
19.000000,1.500000,4419.770969
13.000000,2.000000,2920.036516
14.000000,2.000000,3156.920654
15.000000,2.000000,3402.964571
16.000000,2.000000,3658.168267
17.000000,2.000000,3912.166738
18.000000,2.000000,4162.791845
19.000000,2.000000,4421.115868
13.000000,2.500000,2920.874531
14.000000,2.500000,3157.836171
15.000000,2.500000,3403.961372
16.000000,2.500000,3659.250136
17.000000,2.500000,3913.143341
18.000000,2.500000,4163.949039
19.000000,2.500000,4422.462541
13.000000,3.000000,2921.712583
14.000000,3.000000,3158.751743
15.000000,3.000000,3404.958250
16.000000,3.000000,3660.332103
17.000000,3.000000,3914.119994
18.000000,3.000000,4165.106309
19.000000,3.000000,4423.809320
13.000000,3.500000,2922.553479
14.000000,3.500000,3159.670043
15.000000,3.500000,3405.957720
16.000000,3.500000,3661.416508
17.000000,3.500000,3915.102062
18.000000,3.500000,4166.267147
19.000000,3.500000,4425.157714
13.000000,4.000000,2923.394412
14.000000,4.000000,3160.588400
15.000000,4.000000,3406.957267
16.000000,4.000000,3662.501011
17.000000,4.000000,3916.084181
18.000000,4.000000,4167.428062
19.000000,4.000000,4426.506215
13.000000,4.500000,2924.238177
14.000000,4.500000,3161.509471
15.000000,4.500000,3407.959391
16.000000,4.500000,3663.587937
17.000000,4.500000,3917.071585
18.000000,4.500000,4168.592401
19.000000,4.500000,4427.856172
13.000000,5.000000,2925.081980
14.000000,5.000000,3162.430600
15.000000,5.000000,3408.961595
16.000000,5.000000,3664.674963
17.000000,5.000000,3918.059041
18.000000,5.000000,4169.756817
19.000000,5.000000,4429.206237
13.000000,5.500000,2925.928603
14.000000,5.500000,3163.354431
15.000000,5.500000,3409.966362
16.000000,5.500000,3665.764396
17.000000,5.500000,3919.051651
18.000000,5.500000,4170.924514
19.000000,5.500000,4430.557601
13.000000,6.000000,2926.775266
14.000000,6.000000,3164.278320
15.000000,6.000000,3410.971208
16.000000,6.000000,3666.853930
17.000000,6.000000,3920.044313
18.000000,6.000000,4172.092289
19.000000,6.000000,4431.909073
13.000000,6.500000,2927.588446
14.000000,6.500000,3165.178195
15.000000,6.500000,3411.962351
16.000000,6.500000,3667.940913
17.000000,6.500000,3921.041998
18.000000,6.500000,4173.263201
19.000000,6.500000,4433.261687
13.000000,7.000000,2928.401653
14.000000,7.000000,3166.078122
15.000000,7.000000,3412.953569
16.000000,7.000000,3669.027995
17.000000,7.000000,3922.039736
18.000000,7.000000,4174.434192
19.000000,7.000000,4434.614411
13.000000,7.500000,2929.221192
14.000000,7.500000,3167.049464
15.000000,7.500000,3414.085822
16.000000,7.500000,3670.330267
17.000000,7.500000,3923.174121
18.000000,7.500000,4175.684857
19.000000,7.500000,4435.986719
13.000000,8.000000,2930.040754
14.000000,8.000000,3168.020857
15.000000,8.000000,3415.218158
16.000000,8.000000,3671.632657
17.000000,8.000000,3924.308541
18.000000,8.000000,4176.935590
19.000000,8.000000,4437.359130
13.000000,8.500000,2930.865060
14.000000,8.500000,3169.015064
15.000000,8.500000,3416.392620
16.000000,8.500000,3672.997728
17.000000,8.500000,3925.459958
18.000000,8.500000,4178.155018
19.000000,8.500000,4438.649126
13.000000,9.000000,2931.689390
14.000000,9.000000,3170.009325
15.000000,9.000000,3417.567170
16.000000,9.000000,3674.362924
17.000000,9.000000,3926.611400
18.000000,9.000000,4179.374499
19.000000,9.000000,4439.939201
13.000000,9.500000,2932.512665
14.000000,9.500000,3171.002361
15.000000,9.500000,3418.740316
16.000000,9.500000,3675.726529
17.000000,9.500000,3927.756479
18.000000,9.500000,4180.587191
19.000000,9.500000,4441.222036
13.000000,10.000000,2933.335966
14.000000,10.000000,3171.995452
15.000000,10.000000,3419.913549
16.000000,10.000000,3677.090259
17.000000,10.000000,3928.901585
18.000000,10.000000,4181.799937
19.000000,10.000000,4442.504950
13.000000,10.500000,2934.158229
14.000000,10.500000,3172.987337
15.000000,10.500000,3421.085400
16.000000,10.500000,3678.452419
17.000000,10.500000,3930.040401
18.000000,10.500000,4183.005966
19.000000,10.500000,4443.780694
13.000000,11.000000,2934.980519
14.000000,11.000000,3173.979277
15.000000,11.000000,3422.257340
16.000000,11.000000,3679.814707
17.000000,11.000000,3931.179246
18.000000,11.000000,4184.212049
19.000000,11.000000,4445.056518
13.000000,11.500000,2935.790299
14.000000,11.500000,3174.961741
15.000000,11.500000,3423.423113
16.000000,11.500000,3681.174417
17.000000,11.500000,3932.311873
18.000000,11.500000,4185.411487
19.000000,11.500000,4446.325241
13.000000,12.000000,2936.600104
14.000000,12.000000,3175.944257
15.000000,12.000000,3424.588974
16.000000,12.000000,3682.534255
17.000000,12.000000,3933.444530
18.000000,12.000000,4186.610980
19.000000,12.000000,4447.594044
13.000000,12.500000,2937.382603
14.000000,12.500000,3176.906553
15.000000,12.500000,3425.742559
16.000000,12.500000,3683.890619
17.000000,12.500000,3934.571037
18.000000,12.500000,4187.803895
19.000000,12.500000,4448.855814
13.000000,13.000000,2938.165096
14.000000,13.000000,3177.868881
15.000000,13.000000,3426.896218
16.000000,13.000000,3685.247109
17.000000,13.000000,3935.697578
18.000000,13.000000,4188.996867
19.000000,13.000000,4450.117665
13.000000,13.500000,2938.990234
14.000000,13.500000,3178.861217
15.000000,13.500000,3428.066417
16.000000,13.500000,3686.605835
17.000000,13.500000,3936.818036
18.000000,13.500000,4190.183327
19.000000,13.500000,4451.372549
13.000000,14.000000,2939.815349
14.000000,14.000000,3179.853573
15.000000,14.000000,3429.236686
16.000000,14.000000,3687.964686
17.000000,14.000000,3937.938529
18.000000,14.000000,4191.369846
19.000000,14.000000,4452.627513
13.000000,14.500000,2940.648301
14.000000,14.500000,3180.869079
15.000000,14.500000,3430.446401
16.000000,14.500000,3689.380269
17.000000,14.500000,3939.077529
18.000000,14.500000,4192.564748
19.000000,14.500000,4453.880281
13.000000,15.000000,2941.481232
14.000000,15.000000,3181.884604
15.000000,15.000000,3431.656186
16.000000,15.000000,3690.795977
17.000000,15.000000,3940.216550
18.000000,15.000000,4193.759701
19.000000,15.000000,4455.133126
13.000000,15.500000,2942.313906
14.000000,15.500000,3182.897879
15.000000,15.500000,3432.861544
16.000000,15.500000,3692.204901
17.000000,15.500000,3941.374222
18.000000,15.500000,4195.016260
19.000000,15.500000,4456.492912
13.000000,16.000000,2943.146561
14.000000,16.000000,3183.911174
15.000000,16.000000,3434.066969
16.000000,16.000000,3693.613946
17.000000,16.000000,3942.531911
18.000000,16.000000,4196.272870
19.000000,16.000000,4457.852783
13.000000,16.500000,2943.981718
14.000000,16.500000,3184.930192
15.000000,16.500000,3435.281555
16.000000,16.500000,3695.035807
17.000000,16.500000,3943.735753
18.000000,16.500000,4197.622653
19.000000,16.500000,4459.355323
13.000000,17.000000,2944.816859
14.000000,17.000000,3185.949233
15.000000,17.000000,3436.496212
16.000000,17.000000,3696.457794
17.000000,17.000000,3944.939613
18.000000,17.000000,4198.972488
19.000000,17.000000,4460.857952
13.000000,17.500000,2945.654760
14.000000,17.500000,3186.974283
15.000000,17.500000,3437.720345
16.000000,17.500000,3697.892946
17.000000,17.500000,3946.153026
18.000000,17.500000,4200.332628
19.000000,17.500000,4462.371667
13.000000,18.000000,2946.492648
14.000000,18.000000,3187.999359
15.000000,18.000000,3438.944552
16.000000,18.000000,3699.328227
17.000000,18.000000,3947.366460
18.000000,18.000000,4201.692823
19.000000,18.000000,4463.885473
13.000000,18.500000,2947.340482
14.000000,18.500000,3189.035491
15.000000,18.500000,3440.181035
16.000000,18.500000,3700.777116
17.000000,18.500000,3948.589509
18.000000,18.500000,4203.063388
19.000000,18.500000,4465.410435
13.000000,19.000000,2948.188299
14.000000,19.000000,3190.071648
15.000000,19.000000,3441.417594
16.000000,19.000000,3702.226138
17.000000,19.000000,3949.812581
18.000000,19.000000,4204.434012
19.000000,19.000000,4466.935493
13.000000,19.500000,2949.003982
14.000000,19.500000,3191.089737
15.000000,19.500000,3442.651348
16.000000,19.500000,3703.688815
17.000000,19.500000,3951.045333
18.000000,19.500000,4205.815074
19.000000,19.500000,4468.471778
13.000000,20.000000,2949.819639
14.000000,20.000000,3192.107845
15.000000,20.000000,3443.885176
16.000000,20.000000,3705.151630
17.000000,20.000000,3952.278110
18.000000,20.000000,4207.196196
19.000000,20.000000,4470.008161
13.000000,20.500000,2950.647033
14.000000,20.500000,3193.138683
15.000000,20.500000,3445.132773
16.000000,20.500000,3706.303112
17.000000,20.500000,3953.520629
18.000000,20.500000,4208.587825
19.000000,20.500000,4471.555844
13.000000,21.000000,2951.474402
14.000000,21.000000,3194.169543
15.000000,21.000000,3446.380448
16.000000,21.000000,3707.454607
17.000000,21.000000,3954.763176
18.000000,21.000000,4209.979517
19.000000,21.000000,4473.103628
13.000000,21.500000,2952.298962
14.000000,21.500000,3195.177493
15.000000,21.500000,3447.583580
16.000000,21.500000,3708.490961
17.000000,21.500000,3955.963534
18.000000,21.500000,4211.352333
19.000000,21.500000,4474.657359
13.000000,22.000000,2953.123497
14.000000,22.000000,3196.185458
15.000000,22.000000,3448.786775
16.000000,22.000000,3709.527294
17.000000,22.000000,3957.163907
18.000000,22.000000,4212.725207
19.000000,22.000000,4476.211193
13.000000,22.500000,2953.951687
14.000000,22.500000,3197.188168
15.000000,22.500000,3449.975112
16.000000,22.500000,3710.540788
17.000000,22.500000,3958.352014
18.000000,22.500000,4214.097102
19.000000,22.500000,4477.776053
13.000000,23.000000,2954.779852
14.000000,23.000000,3198.190890
15.000000,23.000000,3451.163505
16.000000,23.000000,3711.554254
17.000000,23.000000,3959.540132
18.000000,23.000000,4215.469054
19.000000,23.000000,4479.341019
13.000000,23.500000,2955.618406
14.000000,23.500000,3199.205068
15.000000,23.500000,3452.364477
16.000000,23.500000,3712.576382
17.000000,23.500000,3960.709637
18.000000,23.500000,4216.793382
19.000000,23.500000,4480.827618
13.000000,24.000000,2956.456936
14.000000,24.000000,3200.219262
15.000000,24.000000,3453.565509
16.000000,24.000000,3713.598484
17.000000,24.000000,3961.879148
18.000000,24.000000,4218.117752
19.000000,24.000000,4482.314298
13.000000,24.500000,2957.332677
14.000000,24.500000,3201.262917
15.000000,24.500000,3454.787680
16.000000,24.500000,3714.629017
17.000000,24.500000,3963.045023
18.000000,24.500000,4219.425644
19.000000,24.500000,4483.770880
13.000000,25.000000,2958.208388
14.000000,25.000000,3202.306585
15.000000,25.000000,3456.009913
16.000000,25.000000,3715.659526
17.000000,25.000000,3964.210904
18.000000,25.000000,4220.733573
19.000000,25.000000,4485.227534
13.000000,25.500000,2959.147873
14.000000,25.500000,3203.397113
15.000000,25.500000,3457.260858
16.000000,25.500000,3716.699561
17.000000,25.500000,3965.386453
18.000000,25.500000,4222.051304
19.000000,25.500000,4486.694114
13.000000,26.000000,2960.087311
14.000000,26.000000,3204.487647
15.000000,26.000000,3458.511865
16.000000,26.000000,3717.739575
17.000000,26.000000,3966.562010
18.000000,26.000000,4223.369074
19.000000,26.000000,4488.160767
13.000000,26.500000,2961.047298
14.000000,26.500000,3205.595794
15.000000,26.500000,3459.777308
16.000000,26.500000,3718.786710
17.000000,26.500000,3967.733429
18.000000,26.500000,4224.670691
19.000000,26.500000,4489.598498
13.000000,27.000000,2962.007237
14.000000,27.000000,3206.703947
15.000000,27.000000,3461.042817
16.000000,27.000000,3719.833825
17.000000,27.000000,3968.904851
18.000000,27.000000,4225.972340
19.000000,27.000000,4491.036290
13.000000,27.500000,2962.977579
14.000000,27.500000,3207.822925
15.000000,27.500000,3462.319569
16.000000,27.500000,3720.886309
17.000000,27.500000,3970.067445
18.000000,27.500000,4227.250013
19.000000,27.500000,4492.434012
13.000000,28.000000,2963.947876
14.000000,28.000000,3208.941913
15.000000,28.000000,3463.596390
16.000000,28.000000,3721.938774
17.000000,28.000000,3971.230037
18.000000,28.000000,4228.527705
19.000000,28.000000,4493.831777
13.000000,28.500000,2964.964316
14.000000,28.500000,3210.146825
15.000000,28.500000,3465.001612
16.000000,28.500000,3723.085181
17.000000,28.500000,3972.459683
18.000000,28.500000,4229.844018
13.000000,29.000000,2965.980711
14.000000,29.000000,3211.351750
15.000000,29.000000,3466.406909
16.000000,29.000000,3724.231542
17.000000,29.000000,3973.689312
18.000000,29.000000,4231.160345
13.000000,29.500000,2967.022179
14.000000,29.500000,3212.595010
15.000000,29.500000,3467.864690
16.000000,29.500000,3725.412339
17.000000,29.500000,3974.944624
18.000000,29.500000,4232.493071
12.000000,30.000000,2731.998507
13.000000,30.000000,2968.063605
14.000000,30.000000,3213.838287
15.000000,30.000000,3469.322554
16.000000,30.000000,3726.593085
17.000000,30.000000,3976.199917
18.000000,30.000000,4233.825810
12.000000,30.500000,2732.856327
13.000000,30.500000,2969.109322
14.000000,30.500000,3215.084547
15.000000,30.500000,3470.782003
16.000000,30.500000,3727.770629
17.000000,30.500000,3977.460534
18.000000,30.500000,4235.172880
12.000000,31.000000,2733.714055
13.000000,31.000000,2970.154999
14.000000,31.000000,3216.330827
15.000000,31.000000,3472.241539
16.000000,31.000000,3728.948124
17.000000,31.000000,3978.721134
18.000000,31.000000,4236.519965
12.000000,31.500000,2734.568414
13.000000,31.500000,2971.167150
14.000000,31.500000,3217.510999
15.000000,31.500000,3473.599960
16.000000,31.500000,3730.053690
17.000000,31.500000,3980.040277
18.000000,31.500000,4238.063928
12.000000,32.000000,2735.422679
13.000000,32.000000,2972.179249
14.000000,32.000000,3218.691165
15.000000,32.000000,3474.958428
16.000000,32.000000,3731.159173
17.000000,32.000000,3981.359373
18.000000,32.000000,4239.607889
12.000000,32.500000,2736.280157
13.000000,32.500000,2973.190534
14.000000,32.500000,3219.866153
15.000000,32.500000,3476.307014
16.000000,32.500000,3732.256907
17.000000,32.500000,3982.674665
18.000000,32.500000,4241.152291
12.000000,33.000000,2737.137543
13.000000,33.000000,2974.201766
14.000000,33.000000,3221.041132
15.000000,33.000000,3477.655641
16.000000,33.000000,3733.354554
17.000000,33.000000,3983.989909
18.000000,33.000000,4242.696691
12.000000,33.500000,2738.008909
13.000000,33.500000,2975.227443
14.000000,33.500000,3222.231014
15.000000,33.500000,3479.019622
16.000000,33.500000,3734.468131
17.000000,33.500000,3985.317211
18.000000,33.500000,4244.249028
12.000000,34.000000,2738.880187
13.000000,34.000000,2976.253072
14.000000,34.000000,3223.420893
15.000000,34.000000,3480.383650
16.000000,34.000000,3735.581624
17.000000,34.000000,3986.644468
18.000000,34.000000,4245.801368
12.000000,34.500000,2739.765072
13.000000,34.500000,2977.290470
14.000000,34.500000,3224.620511
15.000000,34.500000,3481.755194
16.000000,34.500000,3736.703342
17.000000,34.500000,3987.978508
18.000000,34.500000,4247.358968
12.000000,35.000000,2740.649870
13.000000,35.000000,2978.327821
14.000000,35.000000,3225.820127
15.000000,35.000000,3483.126787
16.000000,35.000000,3737.824976
17.000000,35.000000,3989.312505
18.000000,35.000000,4248.916574
12.000000,35.500000,2741.555997
13.000000,35.500000,2979.421387
14.000000,35.500000,3227.113374
15.000000,35.500000,3484.631959
16.000000,35.500000,3739.035745
17.000000,35.500000,3990.705585
18.000000,35.500000,4250.501445
12.000000,36.000000,2742.462039
13.000000,36.000000,2980.514906
14.000000,36.000000,3228.406621
15.000000,36.000000,3486.137184
16.000000,36.000000,3740.246405
17.000000,36.000000,3992.098609
18.000000,36.000000,4252.086320
12.000000,36.500000,2743.374397
13.000000,36.500000,2981.618828
14.000000,36.500000,3229.714661
15.000000,36.500000,3487.661896
16.000000,36.500000,3741.470593
17.000000,36.500000,3993.500677
18.000000,36.500000,4253.675480
12.000000,37.000000,2744.286671
13.000000,37.000000,2982.722704
14.000000,37.000000,3231.022702
15.000000,37.000000,3489.186666
16.000000,37.000000,3742.694676
17.000000,37.000000,3994.902694
18.000000,37.000000,4255.264647
12.000000,37.500000,2745.213145
13.000000,37.500000,2983.836873
14.000000,37.500000,3232.336804
15.000000,37.500000,3490.712940
16.000000,37.500000,3743.925357
17.000000,37.500000,3996.319908
18.000000,37.500000,4256.878083
12.000000,38.000000,2746.139535
13.000000,38.000000,2984.950998
14.000000,38.000000,3233.650911
15.000000,38.000000,3492.239274
16.000000,38.000000,3745.155938
17.000000,38.000000,3997.737075
18.000000,38.000000,4258.491530
12.000000,38.500000,2747.087936
13.000000,38.500000,2986.080936
14.000000,38.500000,3234.974103
15.000000,38.500000,3493.767437
16.000000,38.500000,3746.394439
17.000000,38.500000,3999.171306
18.000000,38.500000,4260.131666
12.000000,39.000000,2748.036254
13.000000,39.000000,2987.210833
14.000000,39.000000,3236.297304
15.000000,39.000000,3495.295665
16.000000,39.000000,3747.632843
17.000000,39.000000,4000.605491
18.000000,39.000000,4261.771812
12.000000,39.500000,2748.983778
13.000000,39.500000,2988.339820
14.000000,39.500000,3237.619466
15.000000,39.500000,3496.822714
16.000000,39.500000,3748.869430
17.000000,39.500000,4002.031289
18.000000,39.500000,4263.396558
12.000000,40.000000,2749.931224
13.000000,40.000000,2989.468771
14.000000,40.000000,3238.941640
15.000000,40.000000,3498.349831
16.000000,40.000000,3750.105924
17.000000,40.000000,4003.457040
18.000000,40.000000,4265.021309
12.000000,40.500000,2750.880512
13.000000,40.500000,2990.606266
14.000000,40.500000,3240.279561
15.000000,40.500000,3499.900395
16.000000,40.500000,3751.363013
17.000000,40.500000,4004.903329
18.000000,40.500000,4266.666513
12.000000,41.000000,2751.829727
13.000000,41.000000,2991.743730
14.000000,41.000000,3241.617498
15.000000,41.000000,3501.451032
16.000000,41.000000,3752.620010
17.000000,41.000000,4006.349574
18.000000,41.000000,4268.311727
12.000000,41.500000,2752.687092
13.000000,41.500000,2992.836593
14.000000,41.500000,3242.962239
15.000000,41.500000,3503.064029
16.000000,41.500000,3753.923331
17.000000,41.500000,4007.831999
18.000000,41.500000,4269.982330
12.000000,42.000000,2753.544342
13.000000,42.000000,2993.929394
14.000000,42.000000,3244.306982
15.000000,42.000000,3504.677106
16.000000,42.000000,3755.226559
17.000000,42.000000,4009.314383
18.000000,42.000000,4271.652949
12.000000,42.500000,2754.527234
13.000000,42.500000,2995.115906
14.000000,42.500000,3245.710793
15.000000,42.500000,3506.311896
16.000000,42.500000,3756.540104
17.000000,42.500000,4010.810701
18.000000,42.500000,4273.341335
12.000000,43.000000,2755.509988
13.000000,43.000000,2996.302345
14.000000,43.000000,3247.114605
15.000000,43.000000,3507.946770
16.000000,43.000000,3757.853559
17.000000,43.000000,4012.306982
18.000000,43.000000,4275.029741
12.000000,43.500000,2756.578827
13.000000,43.500000,2997.555395
14.000000,43.500000,3248.563839
15.000000,43.500000,3509.604157
16.000000,43.500000,3759.183042
17.000000,43.500000,4013.820802
18.000000,43.500000,4276.737263
12.000000,44.000000,2757.647523
13.000000,44.000000,2998.808374
14.000000,44.000000,3250.013079
15.000000,44.000000,3511.261637
16.000000,44.000000,3760.512438
17.000000,44.000000,4015.334589
18.000000,44.000000,4278.444812
12.000000,44.500000,2758.734414
13.000000,44.500000,3000.079946
14.000000,44.500000,3251.481283
15.000000,44.500000,3512.938423
16.000000,44.500000,3761.859127
17.000000,44.500000,4016.866737
18.000000,44.500000,4280.171825
12.000000,45.000000,2759.821167
13.000000,45.000000,3001.351454
14.000000,45.000000,3252.949502
15.000000,45.000000,3514.615311
16.000000,45.000000,3763.205734
17.000000,45.000000,4018.398859
18.000000,45.000000,4281.898873
12.000000,45.500000,2760.926150
13.000000,45.500000,3002.641582
14.000000,45.500000,3254.436704
15.000000,45.500000,3516.311516
16.000000,45.500000,3764.563257
17.000000,45.500000,4019.935851
18.000000,45.500000,4283.624337
12.000000,46.000000,2762.031001
13.000000,46.000000,3003.931652
14.000000,46.000000,3255.923929
15.000000,46.000000,3518.007830
16.000000,46.000000,3765.920701
17.000000,46.000000,4021.472817
18.000000,46.000000,4285.349834
12.000000,46.500000,2763.150469
13.000000,46.500000,3005.237900
14.000000,46.500000,3257.428908
15.000000,46.500000,3519.553535
16.000000,46.500000,3767.301771
17.000000,46.500000,4023.041439
18.000000,46.500000,4287.115444
12.000000,47.000000,2764.269824
13.000000,47.000000,3006.544106
14.000000,47.000000,3258.933921
15.000000,47.000000,3521.099269
16.000000,47.000000,3768.682765
17.000000,47.000000,4024.610039
18.000000,47.000000,4288.881091
12.000000,47.500000,2765.420928
13.000000,47.500000,3007.913180
14.000000,47.500000,3260.535175
15.000000,47.500000,3522.400462
16.000000,47.500000,3770.143134
17.000000,47.500000,4026.237661
18.000000,47.500000,4290.684046
12.000000,48.000000,2766.571942
13.000000,48.000000,3009.282236
14.000000,48.000000,3262.136491
15.000000,48.000000,3523.701531
16.000000,48.000000,3771.603429
17.000000,48.000000,4027.865267
18.000000,48.000000,4292.487044
12.000000,48.500000,2767.853381
13.000000,48.500000,3010.787686
14.000000,48.500000,3263.880216
15.000000,48.500000,3525.108356
16.000000,48.500000,3773.138330
17.000000,48.500000,4029.534205
18.000000,48.500000,4294.295979
12.000000,49.000000,2769.134751
13.000000,49.000000,3012.293144
14.000000,49.000000,3265.624038
15.000000,49.000000,3526.515056
16.000000,49.000000,3774.673164
17.000000,49.000000,4031.203133
18.000000,49.000000,4296.104964
12.000000,49.500000,2770.500886
13.000000,49.500000,3013.893084
14.000000,49.500000,3267.472522
15.000000,49.500000,3527.996782
16.000000,49.500000,3776.259665
17.000000,49.500000,4032.898793
18.000000,49.500000,4297.914164
12.000000,50.000000,2771.866972
13.000000,50.000000,3015.493056
14.000000,50.000000,3269.321132
15.000000,50.000000,3529.478384
16.000000,50.000000,3777.846102
17.000000,50.000000,4034.594448
18.000000,50.000000,4299.723420
12.000000,50.500000,2773.234758
13.000000,50.500000,3017.109704
14.000000,50.500000,3271.202525
15.000000,50.500000,3530.984679
16.000000,50.500000,3779.448214
17.000000,50.500000,4036.296144
18.000000,50.500000,4301.528469
12.000000,51.000000,2774.602507
13.000000,51.000000,3018.726398
14.000000,51.000000,3273.084060
15.000000,51.000000,3532.490855
16.000000,51.000000,3781.050269
17.000000,51.000000,4037.997843
18.000000,51.000000,4303.333578
12.000000,51.500000,2775.970958
13.000000,51.500000,3020.354806
14.000000,51.500000,3274.989152
15.000000,51.500000,3534.010146
16.000000,51.500000,3782.659619
17.000000,51.500000,4039.700620
18.000000,51.500000,4305.133149
12.000000,52.000000,2777.339385
13.000000,52.000000,3021.983274
14.000000,52.000000,3276.894400
15.000000,52.000000,3535.529325
16.000000,52.000000,3784.268918
17.000000,52.000000,4041.403405
18.000000,52.000000,4306.932785
12.000000,52.500000,2778.826591
13.000000,52.500000,3023.701399
14.000000,52.500000,3278.857468
15.000000,52.500000,3537.078525
16.000000,52.500000,3785.962767
17.000000,52.500000,4043.248594
12.000000,53.000000,2780.313808
13.000000,53.000000,3025.419616
14.000000,53.000000,3280.820715
15.000000,53.000000,3538.627621
16.000000,53.000000,3787.656575
17.000000,53.000000,4045.093810
12.000000,53.500000,2781.871673
13.000000,53.500000,3027.194443
14.000000,53.500000,3282.825159
15.000000,53.500000,3540.223543
16.000000,53.500000,3789.478014
17.000000,53.500000,4047.152403
12.000000,54.000000,2783.429578
13.000000,54.000000,3028.969386
14.000000,54.000000,3284.829801
15.000000,54.000000,3541.819371
16.000000,54.000000,3791.299429
17.000000,54.000000,4049.211051
12.000000,54.500000,2785.044428
13.000000,54.500000,3030.822893
14.000000,54.500000,3286.936096
15.000000,54.500000,3543.495867
16.000000,54.500000,3793.137819
17.000000,54.500000,4051.218447
11.000000,55.000000,2550.991040
12.000000,55.000000,2786.659366
13.000000,55.000000,3032.676569
14.000000,55.000000,3289.042650
15.000000,55.000000,3545.172294
16.000000,55.000000,3794.976173
17.000000,55.000000,4053.225845
11.000000,55.500000,2552.411206
12.000000,55.500000,2788.270948
13.000000,55.500000,3034.490684
14.000000,55.500000,3291.070415
15.000000,55.500000,3546.762611
16.000000,55.500000,3796.749174
17.000000,55.500000,4055.190254
11.000000,56.000000,2553.831421
12.000000,56.000000,2789.882629
13.000000,56.000000,3036.304954
14.000000,56.000000,3293.098397
15.000000,56.000000,3548.352828
16.000000,56.000000,3798.522120
17.000000,56.000000,4057.154656
11.000000,56.500000,2555.265720
12.000000,56.500000,2791.480376
13.000000,56.500000,3038.074850
14.000000,56.500000,3295.049141
15.000000,56.500000,3549.871396
16.000000,56.500000,3800.241431
17.000000,56.500000,4059.084812
11.000000,57.000000,2556.700071
12.000000,57.000000,2793.078215
13.000000,57.000000,3039.844879
14.000000,57.000000,3297.000064
15.000000,57.000000,3551.389845
16.000000,57.000000,3801.960676
17.000000,57.000000,4061.014959
11.000000,57.500000,2558.148396
12.000000,57.500000,2794.685807
13.000000,57.500000,3041.620058
14.000000,57.500000,3298.951148
15.000000,57.500000,3552.910993
16.000000,57.500000,3803.676006
17.000000,57.500000,4062.934154
11.000000,58.000000,2559.596777
12.000000,58.000000,2796.293496
13.000000,58.000000,3043.395375
14.000000,58.000000,3300.902415
15.000000,58.000000,3554.432031
16.000000,58.000000,3805.391276
17.000000,58.000000,4064.853346
11.000000,58.500000,2561.464348
12.000000,58.500000,2798.212431
13.000000,58.500000,3045.363446
14.000000,58.500000,3302.917394
15.000000,58.500000,3555.984042
16.000000,58.500000,3807.164680
17.000000,58.500000,4066.859481
11.000000,59.000000,2563.332144
12.000000,59.000000,2800.131586
13.000000,59.000000,3047.331733
14.000000,59.000000,3304.932584
15.000000,59.000000,3557.535954
16.000000,59.000000,3808.938039
17.000000,59.000000,4068.865635
11.000000,59.500000,2565.306326
12.000000,59.500000,2802.152264
13.000000,59.500000,3049.395900
14.000000,59.500000,3307.037234
15.000000,59.500000,3559.173088
16.000000,59.500000,3810.787369
17.000000,59.500000,4070.937725
11.000000,60.000000,2567.280783
12.000000,60.000000,2804.173208
13.000000,60.000000,3051.460326
14.000000,60.000000,3309.142135
15.000000,60.000000,3560.810143
16.000000,60.000000,3812.636676
17.000000,60.000000,4073.009854
11.000000,60.500000,2569.332220
12.000000,60.500000,2806.258795
13.000000,60.500000,3053.575764
14.000000,60.500000,3311.283125
15.000000,60.500000,3562.508295
16.000000,60.500000,3814.569524
17.000000,60.500000,4075.189328
11.000000,61.000000,2571.383971
12.000000,61.000000,2808.344682
13.000000,61.000000,3055.691487
14.000000,61.000000,3313.424385
15.000000,61.000000,3564.206391
16.000000,61.000000,3816.502382
17.000000,61.000000,4077.368888
11.000000,61.500000,2573.489530
12.000000,61.500000,2810.524769
13.000000,61.500000,3057.945093
14.000000,61.500000,3315.750500
15.000000,61.500000,3566.070895
16.000000,61.500000,3818.553135
17.000000,61.500000,4079.614208
11.000000,62.000000,2575.595436
12.000000,62.000000,2812.705218
13.000000,62.000000,3060.199073
14.000000,62.000000,3318.077002
15.000000,62.000000,3567.935415
16.000000,62.000000,3820.603951
17.000000,62.000000,4081.859643
11.000000,62.500000,2577.564236
12.000000,62.500000,2814.792902
13.000000,62.500000,3062.408919
14.000000,62.500000,3320.412287
15.000000,62.500000,3569.829697
16.000000,62.500000,3822.683499
17.000000,62.500000,4084.132643
11.000000,63.000000,2579.533290
12.000000,63.000000,2816.880886
13.000000,63.000000,3064.619112
14.000000,63.000000,3322.747966
15.000000,63.000000,3571.724004
16.000000,63.000000,3824.763120
17.000000,63.000000,4086.405768
11.000000,63.500000,2581.514223
12.000000,63.500000,2818.982117
13.000000,63.500000,3066.843831
14.000000,63.500000,3325.099367
15.000000,63.500000,3573.641413
16.000000,63.500000,3826.867391
17.000000,63.500000,4088.705143
11.000000,64.000000,2583.495460
12.000000,64.000000,2821.083684
13.000000,64.000000,3069.068922
14.000000,64.000000,3327.451173
15.000000,64.000000,3575.558854
16.000000,64.000000,3828.971743
17.000000,64.000000,4091.004651
18.000000,64.000000,4350.624538
19.000000,64.000000,4611.516767
20.000000,64.000000,4879.944014
11.000000,64.500000,2585.675561
12.000000,64.500000,2823.331218
13.000000,64.500000,3071.381082
14.000000,64.500000,3329.825153
15.000000,64.500000,3577.499608
16.000000,64.500000,3831.100968
17.000000,64.500000,4093.330645
18.000000,64.500000,4352.630107
19.000000,64.500000,4613.655753
20.000000,64.500000,4882.221100
11.000000,65.000000,2587.856281
12.000000,65.000000,2825.579308
13.000000,65.000000,3073.693734
14.000000,65.000000,3332.199557
15.000000,65.000000,3579.440403
16.000000,65.000000,3833.230282
17.000000,65.000000,4095.656781
18.000000,65.000000,4354.635577
19.000000,65.000000,4615.794685
20.000000,65.000000,4884.498178
11.000000,65.500000,2590.057824
12.000000,65.500000,2827.884768
13.000000,65.500000,3076.103352
14.000000,65.500000,3334.713574
15.000000,65.500000,3581.515046
16.000000,65.500000,3835.482774
17.000000,65.500000,4098.094401
18.000000,65.500000,4356.714028
19.000000,65.500000,4617.974735
20.000000,65.500000,4886.782604
11.000000,66.000000,2592.259997
12.000000,66.000000,2830.190823
13.000000,66.000000,3078.513525
14.000000,66.000000,3337.228104
15.000000,66.000000,3583.589794
16.000000,66.000000,3837.735416
17.000000,66.000000,4100.532220
18.000000,66.000000,4358.792411
19.000000,66.000000,4620.154752
20.000000,66.000000,4889.067032
11.000000,66.500000,2594.514856
12.000000,66.500000,2832.575119
13.000000,66.500000,3081.029481
14.000000,66.500000,3339.697879
15.000000,66.500000,3585.787849
16.000000,66.500000,3840.101555
17.000000,66.500000,4103.072783
18.000000,66.500000,4360.934066
19.000000,66.500000,4622.368001
20.000000,66.500000,4891.352864
11.000000,67.000000,2596.770383
12.000000,67.000000,2834.960064
13.000000,67.000000,3083.546066
14.000000,67.000000,3342.168109
15.000000,67.000000,3587.986073
16.000000,67.000000,3842.467903
17.000000,67.000000,4105.613599
18.000000,67.000000,4363.075682
19.000000,67.000000,4624.581234
20.000000,67.000000,4893.638704
11.000000,67.500000,2599.192416
12.000000,67.500000,2837.493648
13.000000,67.500000,3086.191240
14.000000,67.500000,3344.305035
15.000000,67.500000,3590.278922
16.000000,67.500000,3844.922391
17.000000,67.500000,4108.235443
18.000000,67.500000,4365.262550
19.000000,67.500000,4626.815593
20.000000,67.500000,4895.920121
11.000000,68.000000,2601.615253
12.000000,68.000000,2840.027995
13.000000,68.000000,3088.837133
14.000000,68.000000,3346.442136
15.000000,68.000000,3592.571984
16.000000,68.000000,3847.377133
17.000000,68.000000,4110.857583
18.000000,68.000000,4367.449400
19.000000,68.000000,4629.049950
20.000000,68.000000,4898.201552
11.000000,68.500000,2604.138640
12.000000,68.500000,2842.714307
13.000000,68.500000,3091.690335
14.000000,68.500000,3348.804801
15.000000,68.500000,3595.045654
16.000000,68.500000,3849.963966
17.000000,68.500000,4113.559735
18.000000,68.500000,4369.675045
19.000000,68.500000,4631.300091
20.000000,68.500000,4900.474409
11.000000,69.000000,2606.662910
12.000000,69.000000,2845.401496
13.000000,69.000000,3094.544403
14.000000,69.000000,3351.167749
15.000000,69.000000,3597.519626
16.000000,69.000000,3852.551118
17.000000,69.000000,4116.262225
18.000000,69.000000,4371.900692
19.000000,69.000000,4633.550242
20.000000,69.000000,4902.747284
11.000000,69.500000,2609.399172
12.000000,69.500000,2848.228793
13.000000,69.500000,3097.459867
14.000000,69.500000,3353.525738
15.000000,69.500000,3599.995621
16.000000,69.500000,3855.147735
17.000000,69.500000,4118.982080
18.000000,69.500000,4374.138756
19.000000,69.500000,4635.817511
11.000000,70.000000,2612.136501
12.000000,70.000000,2851.057080
13.000000,70.000000,3100.376244
14.000000,70.000000,3355.884013
15.000000,70.000000,3602.471922
16.000000,70.000000,3857.744678
17.000000,70.000000,4121.702281
18.000000,70.000000,4376.376828
19.000000,70.000000,4638.084799
11.000000,70.500000,2615.273904
12.000000,70.500000,2854.145505
13.000000,70.500000,3103.399619
14.000000,70.500000,3358.238614
15.000000,70.500000,3604.951565
16.000000,70.500000,3860.352438
17.000000,70.500000,4124.174602
18.000000,70.500000,4378.659041
19.000000,70.500000,4640.432746
11.000000,71.000000,2618.412760
12.000000,71.000000,2857.235149
13.000000,71.000000,3106.423991
14.000000,71.000000,3360.593505
15.000000,71.000000,3607.431519
16.000000,71.000000,3862.960530
17.000000,71.000000,4126.647089
18.000000,71.000000,4380.941278
19.000000,71.000000,4642.780737
11.000000,71.500000,2621.526102
12.000000,71.500000,2860.307166
13.000000,71.500000,3109.439416
14.000000,71.500000,3362.974586
15.000000,71.500000,3609.935575
16.000000,71.500000,3865.590390
17.000000,71.500000,4128.877637
18.000000,71.500000,4383.251092
19.000000,71.500000,4645.171010
11.000000,72.000000,2624.640869
12.000000,72.000000,2863.380386
13.000000,72.000000,3112.455832
14.000000,72.000000,3365.355979
15.000000,72.000000,3612.439958
16.000000,72.000000,3868.220594
17.000000,72.000000,4131.108192
18.000000,72.000000,4385.560939
19.000000,72.000000,4647.561342
11.000000,72.500000,2628.065025
12.000000,72.500000,2866.843018
13.000000,72.500000,3115.947206
14.000000,72.500000,3368.217467
15.000000,72.500000,3615.316076
16.000000,72.500000,3871.105456
17.000000,72.500000,4133.479031
18.000000,72.500000,4388.053761
19.000000,72.500000,4650.179437
11.000000,73.000000,2631.491005
12.000000,73.000000,2870.307299
13.000000,73.000000,3119.440058
14.000000,73.000000,3371.079624
15.000000,73.000000,3618.192785
16.000000,73.000000,3873.990831
17.000000,73.000000,4135.849946
18.000000,73.000000,4390.546690
19.000000,73.000000,4652.797671
11.000000,73.500000,2635.073382
12.000000,73.500000,2873.886422
13.000000,73.500000,3123.002025
14.000000,73.500000,3374.017067
15.000000,73.500000,3621.222426
16.000000,73.500000,3877.111936
17.000000,73.500000,4138.501815
18.000000,73.500000,4393.223963
19.000000,73.500000,4655.497530
10.000000,74.000000,2410.136933
11.000000,74.000000,2638.657804
12.000000,74.000000,2877.467343
13.000000,74.000000,3126.565549
14.000000,74.000000,3376.955244
15.000000,74.000000,3624.252776
16.000000,74.000000,3880.233724
17.000000,74.000000,4141.153915
18.000000,74.000000,4395.901444
19.000000,74.000000,4658.197573
10.000000,74.500000,2413.753870
11.000000,74.500000,2642.286121
12.000000,74.500000,2881.093066
13.000000,74.500000,3130.174705
14.000000,74.500000,3379.949293
15.000000,74.500000,3627.320618
16.000000,74.500000,3883.373185
17.000000,74.500000,4143.802528
18.000000,74.500000,4398.571999
19.000000,74.500000,4660.887076
10.000000,75.000000,2417.373172
11.000000,75.000000,2645.916547
12.000000,75.000000,2884.720646
13.000000,75.000000,3133.785471
14.000000,75.000000,3382.944129
15.000000,75.000000,3630.389200
16.000000,75.000000,3886.513342
17.000000,75.000000,4146.451370
18.000000,75.000000,4401.242760
19.000000,75.000000,4663.576762
10.000000,75.500000,2421.194276
11.000000,75.500000,2649.703314
12.000000,75.500000,2888.454126
13.000000,75.500000,3137.446711
14.000000,75.500000,3385.938350
15.000000,75.500000,3633.379717
16.000000,75.500000,3889.492680
17.000000,75.500000,4148.917478
18.000000,75.500000,4403.791744
19.000000,75.500000,4666.209466
10.000000,76.000000,2425.018091
11.000000,76.000000,2653.492436
12.000000,76.000000,2892.189612
13.000000,76.000000,3141.109620
14.000000,76.000000,3388.933361
15.000000,76.000000,3636.370920
16.000000,76.000000,3892.472605
17.000000,76.000000,4151.383727
18.000000,76.000000,4406.340879
19.000000,76.000000,4668.842332
10.000000,76.500000,2429.010174
11.000000,76.500000,2657.377663
12.000000,76.500000,2895.941902
13.000000,76.500000,3144.702893
14.000000,76.500000,3391.855186
15.000000,76.500000,3639.307215
16.000000,76.500000,3895.417369
17.000000,76.500000,4153.845326
18.000000,76.500000,4408.885141
19.000000,76.500000,4671.470089
10.000000,77.000000,2433.005268
11.000000,77.000000,2661.265402
12.000000,77.000000,2899.696230
13.000000,77.000000,3148.297753
14.000000,77.000000,3394.777738
15.000000,77.000000,3642.244155
16.000000,77.000000,3898.362696
17.000000,77.000000,4156.307071
18.000000,77.000000,4411.429558
19.000000,77.000000,4674.098012
10.000000,77.500000,2437.002936
11.000000,77.500000,2665.130241
12.000000,77.500000,2903.400031
13.000000,77.500000,3151.812307
14.000000,77.500000,3397.669411
15.000000,77.500000,3645.184205
16.000000,77.500000,3901.347505
17.000000,77.500000,4158.860838
18.000000,77.500000,4414.116217
19.000000,77.500000,4676.921058
10.000000,78.000000,2441.003619
11.000000,78.000000,2668.997560
12.000000,78.000000,2907.105808
13.000000,78.000000,3155.328363
14.000000,78.000000,3400.561799
15.000000,78.000000,3648.124911
16.000000,78.000000,3904.332912
17.000000,78.000000,4161.414805
18.000000,78.000000,4416.803102
19.000000,78.000000,4679.744356
10.000000,78.500000,2445.489816
11.000000,78.500000,2673.321307
12.000000,78.500000,2911.233968
13.000000,78.500000,3159.227798
14.000000,78.500000,3403.789067
15.000000,78.500000,3651.302811
16.000000,78.500000,3907.450104
17.000000,78.500000,4164.086878
18.000000,78.500000,4419.671446
19.000000,78.500000,4682.815832
10.000000,79.000000,2449.979982
11.000000,79.000000,2677.648333
12.000000,79.000000,2915.364750
13.000000,79.000000,3163.129233
14.000000,79.000000,3407.017386
15.000000,79.000000,3654.481588
16.000000,79.000000,3910.568005
17.000000,79.000000,4166.759218
18.000000,79.000000,4422.540108
19.000000,79.000000,4685.887676
10.000000,79.500000,2454.488271
11.000000,79.500000,2682.069206
12.000000,79.500000,2919.671796
13.000000,79.500000,3167.296041
14.000000,79.500000,3410.502568
15.000000,79.500000,3657.843771
16.000000,79.500000,3913.790058
17.000000,79.500000,4169.527778
18.000000,79.500000,4425.500266
19.000000,79.500000,4689.045818
10.000000,80.000000,2459.000555
11.000000,80.000000,2686.493511
12.000000,80.000000,2923.981728
13.000000,80.000000,3171.465206
14.000000,80.000000,3413.989081
15.000000,80.000000,3661.207012
16.000000,80.000000,3917.012909
17.000000,80.000000,4172.296666
18.000000,80.000000,4428.460795
19.000000,80.000000,4692.204377
10.000000,80.500000,2463.507566
11.000000,80.500000,2690.899244
12.000000,80.500000,2928.258732
13.000000,80.500000,3175.586030
14.000000,80.500000,3417.575032
15.000000,80.500000,3664.841069
16.000000,80.500000,3920.689439
17.000000,80.500000,4175.525452
18.000000,80.500000,4431.751525
19.000000,80.500000,4695.555038
10.000000,81.000000,2468.018552
11.000000,81.000000,2695.308370
12.000000,81.000000,2932.538565
13.000000,81.000000,3179.709138
14.000000,81.000000,3421.162412
15.000000,81.000000,3668.476430
16.000000,81.000000,3924.367146
17.000000,81.000000,4178.754876
18.000000,81.000000,4435.042842
19.000000,81.000000,4698.906234
10.000000,81.500000,2472.748927
11.000000,81.500000,2699.868585
12.000000,81.500000,2936.894399
13.000000,81.500000,3183.826371
14.000000,81.500000,3424.758933
15.000000,81.500000,3672.109271
16.000000,81.500000,3928.029852
17.000000,81.500000,4181.979539
18.000000,81.500000,4438.337623
19.000000,81.500000,4702.269579
10.000000,82.000000,2477.483697
11.000000,82.000000,2704.432449
12.000000,82.000000,2941.253175
13.000000,82.000000,3187.945873
14.000000,82.000000,3428.356893
15.000000,82.000000,3675.743413
16.000000,82.000000,3931.693721
17.000000,82.000000,4185.204837
18.000000,82.000000,4441.632991
19.000000,82.000000,4705.633462
10.000000,82.500000,2482.330201
11.000000,82.500000,2709.141629
12.000000,82.500000,2945.793382
13.000000,82.500000,3192.285460
14.000000,82.500000,3432.132663
15.000000,82.500000,3679.470830
16.000000,82.500000,3935.360075
17.000000,82.500000,4188.427030
18.000000,82.500000,4444.933521
19.000000,82.500000,4709.011233
10.000000,83.000000,2487.181311
11.000000,83.000000,2713.854707
12.000000,83.000000,2950.336806
13.000000,83.000000,3196.627608
14.000000,83.000000,3435.910071
15.000000,83.000000,3683.199646
16.000000,83.000000,3939.027593
17.000000,83.000000,4191.649854
18.000000,83.000000,4448.234637
19.000000,83.000000,4712.389543
10.000000,83.500000,2492.458072
11.000000,83.500000,2718.871458
12.000000,83.500000,2955.050014
13.000000,83.500000,3200.759840
14.000000,83.500000,3439.716116
15.000000,83.500000,3686.930382
16.000000,83.500000,3942.668432
17.000000,83.500000,4194.871218
18.000000,83.500000,4451.542611
19.000000,83.500000,4715.783488
10.000000,84.000000,2497.740296
11.000000,84.000000,2723.892642
12.000000,84.000000,2959.766697
13.000000,84.000000,3204.894350
14.000000,84.000000,3443.523831
15.000000,84.000000,3690.662517
16.000000,84.000000,3946.310410
17.000000,84.000000,4198.093211
18.000000,84.000000,4454.851171
19.000000,84.000000,4719.177974
10.000000,84.500000,2503.433475
11.000000,84.500000,2729.197787
12.000000,84.500000,2964.628234
13.000000,84.500000,3208.818814
14.000000,84.500000,3447.466721
15.000000,84.500000,3694.614675
16.000000,84.500000,3950.262676
17.000000,84.500000,4201.551773
18.000000,84.500000,4458.284636
19.000000,84.500000,4722.578750
10.000000,85.000000,2509.133005
11.000000,85.000000,2734.507892
12.000000,85.000000,2969.493470
13.000000,85.000000,3212.745293
14.000000,85.000000,3451.411428
15.000000,85.000000,3698.568452
16.000000,85.000000,3954.216363
17.000000,85.000000,4205.011139
18.000000,85.000000,4461.718765
19.000000,85.000000,4725.980054
10.000000,85.500000,2514.891033
11.000000,85.500000,2740.053374
12.000000,85.500000,2974.786242
13.000000,85.500000,3217.324583
14.000000,85.500000,3455.877367
15.000000,85.500000,3702.900541
16.000000,85.500000,3958.394104
17.000000,85.500000,4208.756873
18.000000,85.500000,4465.526756
10.000000,86.000000,2520.655535
11.000000,86.000000,2745.604298
12.000000,86.000000,2980.083488
13.000000,86.000000,3221.906832
14.000000,86.000000,3460.345813
15.000000,86.000000,3707.234698
16.000000,86.000000,3962.573484
17.000000,86.000000,4212.503632
18.000000,86.000000,4469.335677
10.000000,86.500000,2526.384633
11.000000,86.500000,2751.116647
12.000000,86.500000,2985.339032
13.000000,86.500000,3226.476598
14.000000,86.500000,3464.820826
15.000000,86.500000,3711.595889
16.000000,86.500000,3966.657499
17.000000,86.500000,4216.356741
18.000000,86.500000,4473.278838
10.000000,87.000000,2532.120104
11.000000,87.000000,2756.634341
12.000000,87.000000,2990.598959
13.000000,87.000000,3231.049292
14.000000,87.000000,3469.298341
15.000000,87.000000,3715.959166
16.000000,87.000000,3970.743034
17.000000,87.000000,4220.210964
18.000000,87.000000,4477.223037
10.000000,87.500000,2538.067826
11.000000,87.500000,2762.272722
12.000000,87.500000,2995.879527
13.000000,87.500000,3235.621044
14.000000,87.500000,3473.875779
15.000000,87.500000,3720.530390
16.000000,87.500000,3974.833773
17.000000,87.500000,4224.281783
18.000000,87.500000,4481.264922
10.000000,88.000000,2544.022418
11.000000,88.000000,2767.916696
12.000000,88.000000,3001.164509
13.000000,88.000000,3240.195709
14.000000,88.000000,3478.455841
15.000000,88.000000,3725.103946
16.000000,88.000000,3978.926037
17.000000,88.000000,4228.353927
18.000000,88.000000,4485.307934
10.000000,88.500000,2550.072859
11.000000,88.500000,2773.774074
12.000000,88.500000,3006.790160
13.000000,88.500000,3245.211424
14.000000,88.500000,3483.355607
15.000000,88.500000,3729.866122
16.000000,88.500000,3983.085132
17.000000,88.500000,4232.460735
18.000000,88.500000,4489.351421
10.000000,89.000000,2556.130383
11.000000,89.000000,2779.637487
12.000000,89.000000,3012.420856
13.000000,89.000000,3250.230730
14.000000,89.000000,3488.258449
15.000000,89.000000,3734.630868
16.000000,89.000000,3987.245816
17.000000,89.000000,4236.568896
18.000000,89.000000,4493.396032
10.000000,89.500000,2562.751915
11.000000,89.500000,2785.897743
12.000000,89.500000,3018.265003
13.000000,89.500000,3255.350935
14.000000,89.500000,3493.217383
15.000000,89.500000,3739.403523
16.000000,89.500000,3991.392046
17.000000,89.500000,4240.656212
18.000000,89.500000,4497.413106
10.000000,90.000000,2569.381960
11.000000,90.000000,2792.164928
12.000000,90.000000,3024.114614
13.000000,90.000000,3260.474884
14.000000,90.000000,3498.179462
15.000000,90.000000,3744.178743
16.000000,90.000000,3995.539837
17.000000,90.000000,4244.744852
18.000000,90.000000,4501.431273
10.000000,90.500000,2575.982554
11.000000,90.500000,2798.404880
12.000000,90.500000,3029.939750
13.000000,90.500000,3265.611924
14.000000,90.500000,3503.136530
15.000000,90.500000,3748.929605
16.000000,90.500000,3999.689872
17.000000,90.500000,4248.892201
18.000000,90.500000,4505.568181
10.000000,91.000000,2582.591561
11.000000,91.000000,2804.651679
12.000000,91.000000,3035.770283
13.000000,91.000000,3270.752714
14.000000,91.000000,3508.096719
15.000000,91.000000,3753.682980
16.000000,91.000000,4003.841464
17.000000,91.000000,4253.040945
18.000000,91.000000,4509.706325
10.000000,91.500000,2589.209325
11.000000,91.500000,2811.010254
12.000000,91.500000,3041.824301
13.000000,91.500000,3276.221586
14.000000,91.500000,3513.407533
15.000000,91.500000,3758.810670
16.000000,91.500000,4008.388756
17.000000,91.500000,4257.461660
18.000000,91.500000,4513.984237
9.000000,92.000000,2383.262913
10.000000,92.000000,2595.835498
11.000000,92.000000,2817.375910
12.000000,92.000000,3047.884147
13.000000,92.000000,3281.694759
14.000000,92.000000,3518.722033
15.000000,92.000000,3763.941452
16.000000,92.000000,4012.938149
17.000000,92.000000,4261.884127
18.000000,92.000000,4518.263561
9.000000,92.500000,2390.055767
10.000000,92.500000,2602.514048
11.000000,92.500000,2823.903851
12.000000,92.500000,3054.225176
13.000000,92.500000,3287.503350
14.000000,92.500000,3524.332245
15.000000,92.500000,3769.324921
16.000000,92.500000,4017.706369
17.000000,92.500000,4266.449354
18.000000,92.500000,4522.604475
9.000000,93.000000,2396.858262
10.000000,93.000000,2609.201116
11.000000,93.000000,2830.439229
12.000000,93.000000,3060.572602
13.000000,93.000000,3293.316837
14.000000,93.000000,3529.946632
15.000000,93.000000,3774.711883
16.000000,93.000000,4022.477000
17.000000,93.000000,4271.016524
18.000000,93.000000,4526.946882
9.000000,93.500000,2404.092107
10.000000,93.500000,2616.188856
11.000000,93.500000,2837.132179
12.000000,93.500000,3066.922076
13.000000,93.500000,3299.093922
14.000000,93.500000,3535.540183
15.000000,93.500000,3780.094875
16.000000,93.500000,4027.321313
17.000000,93.500000,4275.775493
18.000000,93.500000,4531.606405
9.000000,94.000000,2411.336831
10.000000,94.000000,2623.185883
11.000000,94.000000,2843.832915
12.000000,94.000000,3073.277929
13.000000,94.000000,3304.875825
14.000000,94.000000,3541.137868
15.000000,94.000000,3785.481351
16.000000,94.000000,4032.168137
17.000000,94.000000,4280.536657
18.000000,94.000000,4536.267816
9.000000,94.500000,2418.747765
10.000000,94.500000,2630.403886
11.000000,94.500000,2850.813558
12.000000,94.500000,3079.976782
13.000000,94.500000,3310.988481
14.000000,94.500000,3546.971823
15.000000,94.500000,3791.002300
16.000000,94.500000,4037.100590
17.000000,94.500000,4285.334974
18.000000,94.500000,4540.914858
9.000000,95.000000,2426.170059
10.000000,95.000000,2637.631764
11.000000,95.000000,2857.802665
12.000000,95.000000,3086.682760
13.000000,95.000000,3317.106577
14.000000,95.000000,3552.810315
15.000000,95.000000,3796.526938
16.000000,95.000000,4042.035666
17.000000,95.000000,4290.135530
18.000000,95.000000,4545.563769
9.000000,95.500000,2433.865912
10.000000,95.500000,2645.143649
11.000000,95.500000,2865.086121
12.000000,95.500000,3093.693328
13.000000,95.500000,3323.475717
14.000000,95.500000,3558.806213
15.000000,95.500000,3802.108380
16.000000,95.500000,4047.002520
17.000000,95.500000,4294.937448
18.000000,95.500000,4550.181782
9.000000,96.000000,2441.573949
10.000000,96.000000,2652.666191
11.000000,96.000000,2872.378777
12.000000,96.000000,3100.711707
13.000000,96.000000,3329.850785
14.000000,96.000000,3564.806919
15.000000,96.000000,3807.693595
16.000000,96.000000,4051.972037
17.000000,96.000000,4299.741605
18.000000,96.000000,4554.801629
9.000000,96.500000,2449.211867
10.000000,96.500000,2660.125033
11.000000,96.500000,2879.615254
12.000000,96.500000,3107.682530
13.000000,96.500000,3336.169463
14.000000,96.500000,3570.738469
15.000000,96.500000,3813.196348
16.000000,96.500000,4056.897547
17.000000,96.500000,4304.501205
18.000000,96.500000,4559.376463
9.000000,97.000000,2456.861708
10.000000,97.000000,2667.594315
11.000000,97.000000,2886.860756
12.000000,97.000000,3114.661029
13.000000,97.000000,3342.493944
14.000000,97.000000,3576.674695
15.000000,97.000000,3818.702741
16.000000,97.000000,4061.825658
17.000000,97.000000,4309.262988
18.000000,97.000000,4563.953078
9.000000,97.500000,2464.443667
10.000000,97.500000,2675.001911
11.000000,97.500000,2894.051822
12.000000,97.500000,3121.593401
13.000000,97.500000,3348.759570
14.000000,97.500000,3582.539661
15.000000,97.500000,3824.124963
16.000000,97.500000,4066.786368
17.000000,97.500000,4314.163053
18.000000,97.500000,4568.779822
9.000000,98.000000,2472.037298
10.000000,98.000000,2682.419739
11.000000,98.000000,2901.251745
12.000000,98.000000,3128.533317
13.000000,98.000000,3355.030870
14.000000,98.000000,3588.409170
15.000000,98.000000,3829.550692
16.000000,98.000000,4071.749713
17.000000,98.000000,4319.065451
18.000000,98.000000,4573.608605
9.000000,98.500000,2479.733393
10.000000,98.500000,2690.070459
11.000000,98.500000,2908.825592
12.000000,98.500000,3135.998793
13.000000,98.500000,3361.932544
14.000000,98.500000,3595.026993
15.000000,98.500000,3835.849104
16.000000,98.500000,4077.550864
17.000000,98.500000,4324.673755
18.000000,98.500000,4579.002067
9.000000,99.000000,2487.441439
10.000000,99.000000,2697.732042
11.000000,99.000000,2916.409242
12.000000,99.000000,3143.473040
13.000000,99.000000,3368.841158
14.000000,99.000000,3601.650698
15.000000,99.000000,3842.152399
16.000000,99.000000,4083.355797
17.000000,99.000000,4330.285277
18.000000,99.000000,4584.398205
9.000000,99.500000,2495.503895
10.000000,99.500000,2705.647421
11.000000,99.500000,2924.136615
12.000000,99.500000,3150.779525
13.000000,99.500000,3375.930847
14.000000,99.500000,3608.624262
15.000000,99.500000,3848.985278
16.000000,99.500000,4089.577726
17.000000,99.500000,4336.135168
18.000000,99.500000,4589.842950
9.000000,100.000000,2503.579395
10.000000,100.000000,2713.574372
11.000000,100.000000,2931.874148
12.000000,100.000000,3158.094380
13.000000,100.000000,3383.027842
14.000000,100.000000,3615.604368
15.000000,100.000000,3855.823958
16.000000,100.000000,4095.804064
17.000000,100.000000,4341.988597
18.000000,100.000000,4595.290420
9.000000,100.500000,2511.926427
10.000000,100.500000,2721.724131
11.000000,100.500000,2939.781236
12.000000,100.500000,3165.425166
13.000000,100.500000,3390.224743
14.000000,100.500000,3622.639597
15.000000,100.500000,3862.669730
16.000000,100.500000,4102.056893
17.000000,100.500000,4347.916562
9.000000,101.000000,2520.287351
10.000000,101.000000,2729.886094
11.000000,101.000000,2947.698919
12.000000,101.000000,3172.764364
13.000000,101.000000,3397.429155
14.000000,101.000000,3629.681467
15.000000,101.000000,3869.521300
16.000000,101.000000,4108.314159
17.000000,101.000000,4353.848154
9.000000,101.500000,2528.719206
10.000000,101.500000,2738.243478
11.000000,101.500000,2955.946998
12.000000,101.500000,3180.564291
13.000000,101.500000,3404.932110
14.000000,101.500000,3636.847142
15.000000,101.500000,3876.169796
16.000000,101.500000,4114.623825
17.000000,101.500000,4359.953561
9.000000,102.000000,2537.165142
10.000000,102.000000,2746.613627
11.000000,102.000000,2964.206573
12.000000,102.000000,3188.373752
13.000000,102.000000,3412.443242
14.000000,102.000000,3644.019704
15.000000,102.000000,3882.823720
16.000000,102.000000,4120.937991
17.000000,102.000000,4366.062822
9.000000,102.500000,2545.549189
10.000000,102.500000,2754.919295
11.000000,102.500000,2972.399320
12.000000,102.500000,3196.104127
13.000000,102.500000,3419.886324
14.000000,102.500000,3651.136419
15.000000,102.500000,3889.308127
16.000000,102.500000,4127.223133
17.000000,102.500000,4372.124591
9.000000,103.000000,2553.947064
10.000000,103.000000,2763.237490
11.000000,103.000000,2980.603339
12.000000,103.000000,3203.843811
13.000000,103.000000,3427.337405
14.000000,103.000000,3658.259886
15.000000,103.000000,3895.797670
16.000000,103.000000,4133.512717
17.000000,103.000000,4378.190134
9.000000,103.500000,2562.283672
10.000000,103.500000,2771.492006
11.000000,103.500000,2988.741520
12.000000,103.500000,3211.508929
13.000000,103.500000,3434.728740
14.000000,103.500000,3665.339830
15.000000,103.500000,3902.284058
16.000000,103.500000,4139.777490
17.000000,103.500000,4384.208002
9.000000,104.000000,2570.633859
10.000000,104.000000,2779.758816
11.000000,104.000000,2996.890754
12.000000,104.000000,3219.183145
13.000000,104.000000,3442.127919
14.000000,104.000000,3672.426418
15.000000,104.000000,3908.775566
16.000000,104.000000,4146.046655
17.000000,104.000000,4390.229565
9.000000,104.500000,2579.155689
10.000000,104.500000,2788.194349
11.000000,104.500000,3005.205061
12.000000,104.500000,3226.993617
13.000000,104.500000,3449.607107
14.000000,104.500000,3679.532749
15.000000,104.500000,3915.257508
16.000000,104.500000,4152.285239
17.000000,104.500000,4396.198387
9.000000,105.000000,2587.691620
10.000000,105.000000,2796.642652
11.000000,105.000000,3013.530854
12.000000,105.000000,3234.813499
13.000000,105.000000,3457.094297
14.000000,105.000000,3686.645748
15.000000,105.000000,3921.744542
16.000000,105.000000,4158.528156
17.000000,105.000000,4402.170817
9.000000,105.500000,2596.573989
10.000000,105.500000,2805.450839
11.000000,105.500000,3022.229890
12.000000,105.500000,3243.058663
13.000000,105.500000,3465.146198
14.000000,105.500000,3694.471539
15.000000,105.500000,3929.109129
16.000000,105.500000,4165.733981
17.000000,105.500000,4409.194836
9.000000,106.000000,2605.471575
10.000000,106.000000,2814.272875
11.000000,106.000000,3030.941450
12.000000,106.000000,3251.314293
13.000000,106.000000,3473.207397
14.000000,106.000000,3702.305502
15.000000,106.000000,3936.480452
16.000000,106.000000,4172.945803
17.000000,106.000000,4416.224132
9.000000,106.500000,2614.415979
10.000000,106.500000,2823.112570
11.000000,106.500000,3039.639212
12.000000,106.500000,3259.612425
13.000000,106.500000,3481.475289
14.000000,106.500000,3710.521545
15.000000,106.500000,3944.325175
16.000000,106.500000,4180.514065
17.000000,106.500000,4423.485093
9.000000,107.000000,2623.375707
10.000000,107.000000,2831.966124
11.000000,107.000000,3048.349418
12.000000,107.000000,3267.921104
13.000000,107.000000,3489.752952
14.000000,107.000000,3718.746599
15.000000,107.000000,3952.177578
16.000000,107.000000,4188.088979
17.000000,107.000000,4430.751720
9.000000,107.500000,2632.413919
10.000000,107.500000,2841.065362
11.000000,107.500000,3057.485579
12.000000,107.500000,3276.675484
13.000000,107.500000,3498.297290
14.000000,107.500000,3727.046375
15.000000,107.500000,3959.977752
16.000000,107.500000,4195.626390
17.000000,107.500000,4437.996657
9.000000,108.000000,2641.467672
10.000000,108.000000,2850.179195
11.000000,108.000000,3066.635403
12.000000,108.000000,3285.441558
13.000000,108.000000,3506.852029
14.000000,108.000000,3735.355310
15.000000,108.000000,3967.785478
16.000000,108.000000,4203.170365
17.000000,108.000000,4445.247205
9.000000,108.500000,2650.481996
10.000000,108.500000,2859.253315
11.000000,108.500000,3075.745486
12.000000,108.500000,3294.154360
13.000000,108.500000,3515.368482
14.000000,108.500000,3743.642262
15.000000,108.500000,3975.598492
16.000000,108.500000,4210.741883
17.000000,108.500000,4452.548946
9.000000,109.000000,2659.511675
10.000000,109.000000,2868.341855
11.000000,109.000000,3084.869071
12.000000,109.000000,3302.878679
13.000000,109.000000,3523.895212
14.000000,109.000000,3751.938298
15.000000,109.000000,3983.419048
16.000000,109.000000,4218.319998
17.000000,109.000000,4459.856369
9.000000,109.500000,2668.494674
10.000000,109.500000,2877.374829
11.000000,109.500000,3093.927815
12.000000,109.500000,3311.531001
13.000000,109.500000,3532.376427
14.000000,109.500000,3760.217407
15.000000,109.500000,3991.244927
16.000000,109.500000,4225.906258
17.000000,109.500000,4467.175013
9.000000,110.000000,2677.492819
10.000000,110.000000,2886.422002
11.000000,110.000000,3102.999826
12.000000,110.000000,3320.194615
13.000000,110.000000,3540.867779
14.000000,110.000000,3768.505536
15.000000,110.000000,3999.078341
16.000000,110.000000,4233.499113
17.000000,110.000000,4474.499342
9.000000,110.500000,2686.669497
10.000000,110.500000,2895.545227
11.000000,110.500000,3112.036775
12.000000,110.500000,3328.779638
13.000000,110.500000,3549.287912
14.000000,110.500000,3776.730648
15.000000,110.500000,4006.852025
16.000000,110.500000,4241.026048
17.000000,110.500000,4481.751425
8.000000,111.000000,2494.623925
9.000000,111.000000,2695.861872
10.000000,111.000000,2904.682846
11.000000,111.000000,3121.086845
12.000000,111.000000,3337.375715
13.000000,111.000000,3557.717980
14.000000,111.000000,3784.964614
15.000000,111.000000,4014.633102
16.000000,111.000000,4248.559435
17.000000,111.000000,4489.009052
18.000000,111.000000,4731.881284
19.000000,111.000000,4979.911519
8.000000,111.500000,2503.997009
9.000000,111.500000,2705.312298
10.000000,111.500000,2914.185611
11.000000,111.500000,3130.616948
12.000000,111.500000,3346.352469
13.000000,111.500000,3566.343961
14.000000,111.500000,3793.196641
15.000000,111.500000,4022.353700
16.000000,111.500000,4256.026172
17.000000,111.500000,4496.193723
18.000000,111.500000,4738.658933
19.000000,111.500000,4986.466215
8.000000,112.000000,2513.387647
9.000000,112.000000,2714.779253
10.000000,112.000000,2923.703896
11.000000,112.000000,3140.161577
12.000000,112.000000,3355.341267
13.000000,112.000000,3574.980336
14.000000,112.000000,3801.437495
15.000000,112.000000,4030.081551
16.000000,112.000000,4263.499219
17.000000,112.000000,4503.383797
18.000000,112.000000,4745.441010
19.000000,112.000000,4993.024706
8.000000,112.500000,2522.757092
9.000000,112.500000,2724.267009
10.000000,112.500000,2933.288790
11.000000,112.500000,3149.822437
12.000000,112.500000,3364.611090
13.000000,112.500000,3584.134531
14.000000,112.500000,3810.447833
15.000000,112.500000,4038.591921
16.000000,112.500000,4271.662963
17.000000,112.500000,4511.166227
18.000000,112.500000,4753.036983
19.000000,112.500000,5000.635971
8.000000,113.000000,2532.143954
9.000000,113.000000,2733.771310
10.000000,113.000000,2942.889370
11.000000,113.000000,3159.498134
12.000000,113.000000,3373.893693
13.000000,113.000000,3593.300401
14.000000,113.000000,3819.468769
15.000000,113.000000,4047.111160
16.000000,113.000000,4279.834331
17.000000,113.000000,4518.955094
18.000000,113.000000,4760.638717
19.000000,113.000000,5008.252680
8.000000,113.500000,2541.517650
9.000000,113.500000,2743.318433
10.000000,113.500000,2952.593608
11.000000,113.500000,3169.343175
12.000000,113.500000,3383.466699
13.000000,113.500000,3602.904594
14.000000,113.500000,3829.084888
15.000000,113.500000,4056.356778
16.000000,113.500000,4288.888239
17.000000,113.500000,4527.767123
18.000000,113.500000,4768.942717
19.000000,113.500000,5016.146985
8.000000,114.000000,2550.908654
9.000000,114.000000,2752.882194
10.000000,114.000000,2962.313819
11.000000,114.000000,3179.203531
12.000000,114.000000,3393.053264
13.000000,114.000000,3612.521588
14.000000,114.000000,3838.713055
15.000000,114.000000,4065.612877
16.000000,114.000000,4297.951594
17.000000,114.000000,4536.587548
18.000000,114.000000,4777.253709
19.000000,114.000000,5024.047180
8.000000,114.500000,2560.286909
9.000000,114.500000,2762.450448
10.000000,114.500000,2972.057467
11.000000,114.500000,3189.107967
12.000000,114.500000,3402.662497
13.000000,114.500000,3622.142521
14.000000,114.500000,3848.325217
15.000000,114.500000,4074.827219
16.000000,114.500000,4306.968985
17.000000,114.500000,4545.207661
18.000000,114.500000,4785.487723
19.000000,114.500000,5031.862537
8.000000,115.000000,2569.682367
9.000000,115.000000,2772.035299
10.000000,115.000000,2981.817112
11.000000,115.000000,3199.027807
12.000000,115.000000,3412.285314
13.000000,115.000000,3631.776230
14.000000,115.000000,3857.949350
15.000000,115.000000,4084.051917
16.000000,115.000000,4315.995697
17.000000,115.000000,4553.835770
18.000000,115.000000,4793.728571
19.000000,115.000000,5039.683627
8.000000,115.500000,2579.212911
9.000000,115.500000,2781.695266
10.000000,115.500000,2991.586707
11.000000,115.500000,3208.773196
12.000000,115.500000,3421.856095
13.000000,115.500000,3641.377451
14.000000,115.500000,3867.539748
15.000000,115.500000,4093.239658
16.000000,115.500000,4324.978044
17.000000,115.500000,4562.392713
18.000000,115.500000,4801.890735
19.000000,115.500000,5047.418348
8.000000,116.000000,2588.761087
9.000000,116.000000,2791.372032
10.000000,116.000000,3001.372279
11.000000,116.000000,3218.533406
12.000000,116.000000,3431.440274
13.000000,116.000000,3650.991325
14.000000,116.000000,3877.142000
15.000000,116.000000,4102.437640
16.000000,116.000000,4333.969590
17.000000,116.000000,4570.957495
18.000000,116.000000,4810.059574
19.000000,116.000000,5055.158643
8.000000,116.500000,2598.546690
9.000000,116.500000,2801.190407
10.000000,116.500000,3011.195257
11.000000,116.500000,3228.002136
12.000000,116.500000,3440.958771
13.000000,116.500000,3660.540879
14.000000,116.500000,3886.435373
15.000000,116.500000,4111.565786
16.000000,116.500000,4342.906608
17.000000,116.500000,4579.473673
18.000000,116.500000,4818.234199
19.000000,116.500000,5062.962194
8.000000,117.000000,2608.350732
9.000000,117.000000,2811.026011
10.000000,117.000000,3021.034282
11.000000,117.000000,3237.484774
12.000000,117.000000,3450.490443
13.000000,117.000000,3670.102877
14.000000,117.000000,3895.739821
15.000000,117.000000,4120.703983
16.000000,117.000000,4351.852682
17.000000,117.000000,4587.997578
18.000000,117.000000,4826.415497
19.000000,117.000000,5070.771418
8.000000,117.500000,2618.211465
9.000000,117.500000,2820.951449
10.000000,117.500000,3030.998901
11.000000,117.500000,3247.130959
12.000000,117.500000,3460.113063
13.000000,117.500000,3679.678150
14.000000,117.500000,3904.968226
15.000000,117.500000,4129.772825
16.000000,117.500000,4360.736705
17.000000,117.500000,4596.462235
18.000000,117.500000,4834.573840
19.000000,117.500000,5078.596087
8.000000,118.000000,2628.090781
9.000000,118.000000,2830.894371
10.000000,118.000000,3040.979926
11.000000,118.000000,3256.791494
12.000000,118.000000,3469.749073
13.000000,118.000000,3689.265865
14.000000,118.000000,3914.207493
15.000000,118.000000,4138.851534
16.000000,118.000000,4369.629628
17.000000,118.000000,4604.934485
18.000000,118.000000,4842.738801
19.000000,118.000000,5086.426444
8.000000,118.500000,2638.029035
9.000000,118.500000,2841.082439
10.000000,118.500000,3051.406811
11.000000,118.500000,3267.035294
12.000000,118.500000,3479.758796
13.000000,118.500000,3699.002778
14.000000,118.500000,3923.401481
15.000000,118.500000,4147.879561
16.000000,118.500000,4378.466322
17.000000,118.500000,4613.344810
18.000000,118.500000,4850.861094
19.000000,118.500000,5094.234587
8.000000,119.000000,2647.986026
9.000000,119.000000,2851.288795
10.000000,119.000000,3061.851535
11.000000,119.000000,3277.295174
12.000000,119.000000,3489.782933
13.000000,119.000000,3708.752496
14.000000,119.000000,3932.606192
15.000000,119.000000,4156.917316
16.000000,119.000000,4387.311773
17.000000,119.000000,4621.762592
18.000000,119.000000,4858.989915
19.000000,119.000000,5102.048371
8.000000,119.500000,2657.951997
9.000000,119.500000,2861.514399
10.000000,119.500000,3072.326770
11.000000,119.500000,3287.590680
12.000000,119.500000,3500.021690
13.000000,119.500000,3718.908189
14.000000,119.500000,3942.339468
15.000000,119.500000,4166.263381
16.000000,119.500000,4396.231316
17.000000,119.500000,4630.157738
18.000000,119.500000,4867.182627
19.000000,119.500000,5110.017187
8.000000,120.000000,2667.936672
9.000000,120.000000,2871.758296
10.000000,120.000000,3082.819888
11.000000,120.000000,3297.902327
12.000000,120.000000,3510.275444
13.000000,120.000000,3729.077762
14.000000,120.000000,3952.084755
15.000000,120.000000,4175.619871
16.000000,120.000000,4405.159759
17.000000,120.000000,4638.560282
18.000000,120.000000,4875.381970
19.000000,120.000000,5117.991894
8.000000,120.500000,2677.926983
9.000000,120.500000,2882.008240
10.000000,120.500000,3093.319645
11.000000,120.500000,3308.229955
12.000000,120.500000,3520.679002
13.000000,120.500000,3739.540224
14.000000,120.500000,3962.318755
15.000000,120.500000,4185.818371
16.000000,120.500000,4415.302733
17.000000,120.500000,4648.361167
18.000000,120.500000,4884.905895
19.000000,120.500000,5127.211765
8.000000,121.000000,2687.935954
9.000000,121.000000,2892.276436
10.000000,121.000000,3103.837247
11.000000,121.000000,3318.573724
12.000000,121.000000,3531.097954
13.000000,121.000000,3750.017341
14.000000,121.000000,3972.565987
15.000000,121.000000,4196.029291
16.000000,121.000000,4425.457312
17.000000,121.000000,4658.172310
18.000000,121.000000,4894.438987
19.000000,121.000000,5136.439756
8.000000,121.500000,2698.183286
9.000000,121.500000,2902.650983
10.000000,121.500000,3114.318204
11.000000,121.500000,3328.771166
12.000000,121.500000,3541.390727
13.000000,121.500000,3760.390281
14.000000,121.500000,3982.752544
15.000000,121.500000,4206.271741
16.000000,121.500000,4435.741082
17.000000,121.500000,4668.077980
18.000000,121.500000,4903.985913
19.000000,121.500000,5145.596738
8.000000,122.000000,2708.450096
9.000000,122.000000,2913.044096
10.000000,122.000000,3124.816825
11.000000,122.000000,3338.984252
12.000000,122.000000,3551.698479
13.000000,122.000000,3770.777546
14.000000,122.000000,3992.952141
15.000000,122.000000,4216.526655
16.000000,122.000000,4446.036731
17.000000,122.000000,4677.994090
18.000000,122.000000,4913.542015
19.000000,122.000000,5154.761688
8.000000,122.500000,2718.881749
9.000000,122.500000,2923.544864
10.000000,122.500000,3135.361354
11.000000,122.500000,3349.197994
12.000000,122.500000,3561.974789
13.000000,122.500000,3781.099286
14.000000,122.500000,4003.071680
15.000000,122.500000,4226.707308
16.000000,122.500000,4456.264448
17.000000,122.500000,4687.799176
18.000000,122.500000,4922.998159
8.000000,123.000000,2729.333433
9.000000,123.000000,2934.064516
10.000000,123.000000,3145.923643
11.000000,123.000000,3359.427334
12.000000,123.000000,3572.265944
13.000000,123.000000,3791.435131
14.000000,123.000000,4013.204018
15.000000,123.000000,4236.900207
16.000000,123.000000,4466.503849
17.000000,123.000000,4697.614438
18.000000,123.000000,4932.463257
8.000000,123.500000,2739.782714
9.000000,123.500000,2944.586484
10.000000,123.500000,3156.493541
11.000000,123.500000,3369.679927
12.000000,123.500000,3582.586729
13.000000,123.500000,3801.807390
14.000000,123.500000,4023.362597
15.000000,123.500000,4247.081087
16.000000,123.500000,4476.690867
17.000000,123.500000,4707.324511
18.000000,123.500000,4941.834682
8.000000,124.000000,2750.251944
9.000000,124.000000,2955.127279
10.000000,124.000000,3167.081166
11.000000,124.000000,3379.948140
12.000000,124.000000,3592.922400
13.000000,124.000000,3812.193814
14.000000,124.000000,4033.534007
15.000000,124.000000,4257.274149
16.000000,124.000000,4486.889414
17.000000,124.000000,4717.044511
18.000000,124.000000,4951.214853
8.000000,124.500000,2760.798048
9.000000,124.500000,2965.872565
10.000000,124.500000,3178.010838
11.000000,124.500000,3390.598904
12.000000,124.500000,3603.545605
13.000000,124.500000,3822.765527
14.000000,124.500000,4043.824881
15.000000,124.500000,4267.545036
16.000000,124.500000,4497.121789
17.000000,124.500000,4726.828707
18.000000,124.500000,4960.758307
8.000000,125.000000,2771.364316
9.000000,125.000000,2976.637336
10.000000,125.000000,3188.959327
11.000000,125.000000,3401.266416
12.000000,125.000000,3614.184491
13.000000,125.000000,3833.351875
14.000000,125.000000,4054.128855
15.000000,125.000000,4277.828261
16.000000,125.000000,4507.365740
17.000000,125.000000,4736.622950
18.000000,125.000000,4970.310824
8.000000,125.500000,2781.960106
9.000000,125.500000,2987.466764
10.000000,125.500000,3200.010379
11.000000,125.500000,3412.017066
12.000000,125.500000,3624.870171
13.000000,125.500000,3843.946204
14.000000,125.500000,4064.428472
15.000000,125.500000,4288.092878
16.000000,125.500000,4517.576174
17.000000,125.500000,4746.356450
18.000000,125.500000,4979.798248
8.000000,126.000000,2792.576097
9.000000,126.000000,2998.315840
10.000000,126.000000,3211.080533
11.000000,126.000000,3422.784672
12.000000,126.000000,3635.571624
13.000000,126.000000,3854.555150
14.000000,126.000000,4074.741141
15.000000,126.000000,4298.369752
16.000000,126.000000,4527.798075
17.000000,126.000000,4756.099846
18.000000,126.000000,4989.294588
8.000000,126.500000,2803.190619
9.000000,126.500000,3009.150557
10.000000,126.500000,3222.122551
11.000000,126.500000,3433.601386
12.000000,126.500000,3646.498697
13.000000,126.500000,3865.577253
14.000000,126.500000,4085.398694
15.000000,126.500000,4308.806163
16.000000,126.500000,4537.983583
17.000000,126.500000,4765.781955
18.000000,126.500000,4998.725286
8.000000,127.000000,2813.825262
9.000000,127.000000,3020.004804
10.000000,127.000000,3233.183513
11.000000,127.000000,3444.435160
12.000000,127.000000,3657.442166
13.000000,127.000000,3876.615091
14.000000,127.000000,4096.070154
15.000000,127.000000,4319.255186
16.000000,127.000000,4548.180441
17.000000,127.000000,4775.473808
18.000000,127.000000,5008.164751
8.000000,127.500000,2824.445842
9.000000,127.500000,3030.837436
10.000000,127.500000,3244.213520
11.000000,127.500000,3455.321095
12.000000,127.500000,3668.576224
13.000000,127.500000,3887.990503
14.000000,127.500000,4107.073062
15.000000,127.500000,4330.038572
16.000000,127.500000,4558.454965
17.000000,127.500000,4785.440180
18.000000,127.500000,5017.799150
8.000000,128.000000,2835.086393
9.000000,128.000000,3041.689442
10.000000,128.000000,3255.262302
11.000000,128.000000,3466.224201
12.000000,128.000000,3679.727202
13.000000,128.000000,3899.382581
14.000000,128.000000,4118.090723
15.000000,128.000000,4340.835380
16.000000,128.000000,4568.741047
17.000000,128.000000,4795.416872
18.000000,128.000000,5027.442687
8.000000,128.500000,2845.729448
9.000000,128.500000,3052.542175
10.000000,128.500000,3266.309784
11.000000,128.500000,3477.118850
12.000000,128.500000,3690.849107
13.000000,128.500000,3910.723776
14.000000,128.500000,4129.224925
15.000000,128.500000,4352.021671
16.000000,128.500000,4579.706790
17.000000,128.500000,4806.339610
18.000000,128.500000,5038.305046
8.000000,129.000000,2856.392410
9.000000,129.000000,3063.414219
10.000000,129.000000,3277.375976
11.000000,129.000000,3488.030591
12.000000,129.000000,3701.987794
13.000000,129.000000,3922.081439
14.000000,129.000000,4140.374158
15.000000,129.000000,4363.222354
16.000000,129.000000,4590.685676
17.000000,129.000000,4817.274758
18.000000,129.000000,5049.179075
8.000000,129.500000,2867.137127
9.000000,129.500000,3074.453408
10.000000,129.500000,3288.700931
11.000000,129.500000,3499.137134
12.000000,129.500000,3713.204012
13.000000,129.500000,3933.391615
14.000000,129.500000,4151.442931
15.000000,129.500000,4374.334799
16.000000,129.500000,4601.566982
17.000000,129.500000,4828.139822
18.000000,129.500000,5060.012092
8.000000,130.000000,2877.901983
9.000000,130.000000,3085.512431
10.000000,130.000000,3300.045410
11.000000,130.000000,3510.261328
12.000000,130.000000,3724.437196
13.000000,130.000000,3944.718072
14.000000,130.000000,4162.526475
15.000000,130.000000,4385.461371
16.000000,130.000000,4612.461164
17.000000,130.000000,4839.017101
18.000000,130.000000,5070.856658
