weight_g,405.000000
thrust_N,velocity_m_s,power_W
14.000000,0.000000,3840.805533
15.000000,0.000000,4124.631499
16.000000,0.000000,4418.517851
17.000000,0.000000,4722.464590
14.000000,0.500000,3844.613000
15.000000,0.500000,4128.815398
16.000000,0.500000,4423.095020
17.000000,0.500000,4727.451866
14.000000,1.000000,3848.422168
15.000000,1.000000,4133.001232
16.000000,1.000000,4427.674371
17.000000,1.000000,4732.441585
14.000000,1.500000,3852.235714
15.000000,1.500000,4137.139760
16.000000,1.500000,4432.151228
17.000000,1.500000,4737.270118
14.000000,2.000000,3856.050960
15.000000,2.000000,4141.280176
16.000000,2.000000,4436.630170
17.000000,2.000000,4742.100942
14.000000,2.500000,3859.902967
15.000000,2.500000,4145.452654
16.000000,2.500000,4441.136100
17.000000,2.500000,4746.953305
14.000000,3.000000,3863.756701
15.000000,3.000000,4149.627046
16.000000,3.000000,4445.644139
17.000000,3.000000,4751.807980
14.000000,3.500000,3867.647523
15.000000,3.500000,4153.833394
16.000000,3.500000,4450.178598
14.000000,4.000000,3871.540098
15.000000,4.000000,4158.041680
16.000000,4.000000,4454.715188
14.000000,4.500000,3875.476282
15.000000,4.500000,4162.286034
16.000000,4.500000,4459.279675
14.000000,5.000000,3879.414261
15.000000,5.000000,4166.532360
16.000000,5.000000,4463.846319
14.000000,5.500000,3883.549817
15.000000,5.500000,4170.987231
16.000000,5.500000,4468.632367
13.000000,6.000000,3610.150116
14.000000,6.000000,3887.687425
15.000000,6.000000,4175.444324
16.000000,6.000000,4473.420812
13.000000,6.500000,3614.005886
14.000000,6.500000,3891.926472
15.000000,6.500000,4180.083919
16.000000,6.500000,4478.478227
13.000000,7.000000,3617.863569
14.000000,7.000000,3896.167674
15.000000,7.000000,4184.725927
16.000000,7.000000,4483.538327
13.000000,7.500000,3621.743806
14.000000,7.500000,3900.434381
15.000000,7.500000,4189.396542
16.000000,7.500000,4488.630290
13.000000,8.000000,3625.625977
14.000000,8.000000,3904.703267
15.000000,8.000000,4194.069598
16.000000,8.000000,4493.724970
13.000000,8.500000,3629.531028
14.000000,8.500000,3908.998019
15.000000,8.500000,4198.771661
16.000000,8.500000,4498.851954
13.000000,9.000000,3633.438034
14.000000,9.000000,3913.294975
15.000000,9.000000,4203.476192
16.000000,9.000000,4503.981686
13.000000,9.500000,3637.458844
14.000000,9.500000,3917.686195
15.000000,9.500000,4208.253725
16.000000,9.500000,4509.161431
13.000000,10.000000,3641.481726
14.000000,10.000000,3922.079719
15.000000,10.000000,4213.033802
16.000000,10.000000,4514.343976
13.000000,10.500000,3645.909211
14.000000,10.500000,3926.783602
15.000000,10.500000,4218.022061
16.000000,10.500000,4519.624589
13.000000,11.000000,3650.339226
14.000000,11.000000,3931.490137
15.000000,11.000000,4223.013098
16.000000,11.000000,4524.908108
13.000000,11.500000,3654.682489
14.000000,11.500000,3936.176142
15.000000,11.500000,4228.055139
16.000000,11.500000,4530.319481
13.000000,12.000000,3659.028190
14.000000,12.000000,3940.864800
15.000000,12.000000,4233.100058
16.000000,12.000000,4535.733964
13.000000,12.500000,3663.378521
14.000000,12.500000,3945.572154
15.000000,12.500000,4238.178772
16.000000,12.500000,4541.198376
13.000000,13.000000,3667.731300
14.000000,13.000000,3950.282189
15.000000,13.000000,4243.260411
16.000000,13.000000,4546.665965
13.000000,13.500000,3672.087323
14.000000,13.500000,3955.000405
15.000000,13.500000,4248.355481
16.000000,13.500000,4552.152549
13.000000,14.000000,3676.445801
14.000000,14.000000,3959.721314
15.000000,14.000000,4253.453491
16.000000,14.000000,4557.642332
13.000000,14.500000,3681.002368
14.000000,14.500000,3964.592414
15.000000,14.500000,4258.649800
16.000000,14.500000,4563.174525
13.000000,15.000000,3685.561620
14.000000,15.000000,3969.466381
15.000000,15.000000,4263.849162
16.000000,15.000000,4568.709964
13.000000,15.500000,3690.485250
14.000000,15.500000,3974.608161
15.000000,15.500000,4269.211800
16.000000,15.500000,4574.296168
13.000000,16.000000,3695.412022
14.000000,16.000000,3979.753137
15.000000,16.000000,4274.577687
16.000000,16.000000,4579.885673
13.000000,16.500000,3700.400025
14.000000,16.500000,3985.060410
15.000000,16.500000,4280.213969
16.000000,16.500000,4585.860700
13.000000,17.000000,3705.391242
14.000000,17.000000,3990.371075
15.000000,17.000000,4285.853822
16.000000,17.000000,4591.839483
13.000000,17.500000,3710.529864
14.000000,17.500000,3996.040995
15.000000,17.500000,4292.079458
16.000000,17.500000,4598.645252
13.000000,18.000000,3715.671884
14.000000,18.000000,4001.714763
15.000000,18.000000,4298.309419
16.000000,18.000000,4605.455851
13.000000,18.500000,3720.851098
14.000000,18.500000,4007.430210
15.000000,18.500000,4304.585771
16.000000,18.500000,4612.317782
13.000000,19.000000,3726.033755
14.000000,19.000000,4013.149555
15.000000,19.000000,4310.866506
16.000000,19.000000,4619.184608
13.000000,19.500000,3731.520051
14.000000,19.500000,4019.096383
15.000000,19.500000,4317.292076
16.000000,19.500000,4626.107131
13.000000,20.000000,3737.010232
14.000000,20.000000,4025.047443
15.000000,20.000000,4323.722240
16.000000,20.000000,4633.034622
13.000000,20.500000,3742.732304
14.000000,20.500000,4031.170652
15.000000,20.500000,4330.259614
13.000000,21.000000,3748.458628
14.000000,21.000000,4037.298361
15.000000,21.000000,4336.801741
13.000000,21.500000,3754.216346
14.000000,21.500000,4043.460683
15.000000,21.500000,4343.381879
13.000000,22.000000,3759.978352
14.000000,22.000000,4049.627545
15.000000,22.000000,4349.966816
13.000000,22.500000,3765.851148
14.000000,22.500000,4055.997537
15.000000,22.500000,4356.853967
13.000000,23.000000,3771.728403
14.000000,23.000000,4062.372401
15.000000,23.000000,4363.746422
13.000000,23.500000,3777.689880
14.000000,23.500000,4068.842278
15.000000,23.500000,4370.745282
12.000000,24.000000,3502.765918
13.000000,24.000000,3783.655943
14.000000,24.000000,4075.317175
15.000000,24.000000,4377.749615
12.000000,24.500000,3508.761444
13.000000,24.500000,3790.024051
14.000000,24.500000,4082.068237
15.000000,24.500000,4384.894002
12.000000,25.000000,3514.761972
13.000000,25.000000,3796.397385
14.000000,25.000000,4088.824753
15.000000,25.000000,4392.044076
12.000000,25.500000,3521.118823
13.000000,25.500000,3803.043770
14.000000,25.500000,4095.763928
15.000000,25.500000,4399.279296
12.000000,26.000000,3527.481257
13.000000,26.000000,3809.695813
14.000000,26.000000,4102.708836
15.000000,26.000000,4406.520327
12.000000,26.500000,3533.833715
13.000000,26.500000,3816.341621
14.000000,26.500000,4109.651539
15.000000,26.500000,4413.763469
12.000000,27.000000,3540.191733
13.000000,27.000000,3822.993070
14.000000,27.000000,4116.599964
15.000000,27.000000,4421.012415
12.000000,27.500000,3546.572394
13.000000,27.500000,3829.802245
14.000000,27.500000,4123.851236
15.000000,27.500000,4428.719369
12.000000,28.000000,3552.958649
13.000000,28.000000,3836.617327
14.000000,28.000000,4131.108739
15.000000,28.000000,4436.432883
12.000000,28.500000,3559.573128
13.000000,28.500000,3843.757506
14.000000,28.500000,4138.794776
15.000000,28.500000,4444.684938
12.000000,29.000000,3566.193607
13.000000,29.000000,3850.904170
14.000000,29.000000,4146.487801
15.000000,29.000000,4452.944501
12.000000,29.500000,3573.210686
13.000000,29.500000,3858.359783
14.000000,29.500000,4154.394053
15.000000,29.500000,4461.313496
12.000000,30.000000,3580.234553
13.000000,30.000000,3865.822484
14.000000,30.000000,4162.307697
15.000000,30.000000,4469.690194
12.000000,30.500000,3587.368767
13.000000,30.500000,3873.373099
14.000000,30.500000,4170.284573
15.000000,30.500000,4478.103188
12.000000,31.000000,3594.510001
13.000000,31.000000,3880.930978
14.000000,31.000000,4178.268957
15.000000,31.000000,4486.523938
12.000000,31.500000,3601.674875
13.000000,31.500000,3888.512473
14.000000,31.500000,4186.276874
15.000000,31.500000,4494.968079
12.000000,32.000000,3608.846797
13.000000,32.000000,3896.101259
14.000000,32.000000,4194.292327
15.000000,32.000000,4503.420000
12.000000,32.500000,3616.048795
13.000000,32.500000,3903.732611
14.000000,32.500000,4202.363725
15.000000,32.500000,4511.942136
12.000000,33.000000,3623.257882
13.000000,33.000000,3911.371320
14.000000,33.000000,4210.442749
15.000000,33.000000,4520.472170
12.000000,33.500000,3630.806683
13.000000,33.500000,3919.453449
14.000000,33.500000,4219.075847
15.000000,33.500000,4529.673876
12.000000,34.000000,3638.363275
13.000000,34.000000,3927.543844
14.000000,34.000000,4227.717698
15.000000,34.000000,4538.884836
12.000000,34.500000,3646.335034
13.000000,34.500000,3935.923379
14.000000,34.500000,4236.511942
15.000000,34.500000,4548.100725
12.000000,35.000000,3654.315455
13.000000,35.000000,3944.311769
14.000000,35.000000,4245.315237
15.000000,35.000000,4557.325859
12.000000,35.500000,3662.461080
13.000000,35.500000,3952.820058
14.000000,35.500000,4254.189288
12.000000,36.000000,3670.615708
13.000000,36.000000,3961.337437
14.000000,36.000000,4263.072514
12.000000,36.500000,3678.784074
13.000000,36.500000,3969.868035
14.000000,36.500000,4271.968381
12.000000,37.000000,3686.961451
13.000000,37.000000,3978.407731
14.000000,37.000000,4280.873429
12.000000,37.500000,3695.157703
13.000000,37.500000,3986.972643
14.000000,37.500000,4289.810484
12.000000,38.000000,3703.362987
13.000000,38.000000,3995.546685
14.000000,38.000000,4298.756766
12.000000,38.500000,3712.003274
13.000000,38.500000,4004.597143
14.000000,38.500000,4308.222659
12.000000,39.000000,3720.653584
13.000000,39.000000,4013.657787
14.000000,39.000000,4317.698897
12.000000,39.500000,3729.738657
13.000000,39.500000,4023.139324
14.000000,39.500000,4327.580074
12.000000,40.000000,3738.834765
13.000000,40.000000,4032.631998
14.000000,40.000000,4337.472490
12.000000,40.500000,3748.050716
13.000000,40.500000,4042.208370
14.000000,40.500000,4347.409491
12.000000,41.000000,3757.277966
13.000000,41.000000,4051.796049
14.000000,41.000000,4357.357805
12.000000,41.500000,3766.523762
13.000000,41.500000,4061.399978
14.000000,41.500000,4367.319898
11.000000,42.000000,3491.590249
12.000000,42.000000,3775.780871
13.000000,42.000000,4071.015225
14.000000,42.000000,4377.293309
11.000000,42.500000,3500.571964
12.000000,42.500000,3785.106034
13.000000,42.500000,4080.682550
14.000000,42.500000,4387.301512
11.000000,43.000000,3509.565169
12.000000,43.000000,3794.442648
13.000000,43.000000,4090.361287
14.000000,43.000000,4397.321086
11.000000,43.500000,3518.984192
12.000000,43.500000,3804.127841
13.000000,43.500000,4100.304337
14.000000,43.500000,4407.513679
11.000000,44.000000,3528.415783
12.000000,44.000000,3813.825325
13.000000,44.000000,4110.259403
14.000000,44.000000,4417.718015
11.000000,44.500000,3538.219135
12.000000,44.500000,3824.019756
13.000000,44.500000,4120.845171
14.000000,44.500000,4428.695379
11.000000,45.000000,3548.036051
12.000000,45.000000,3834.227761
13.000000,45.000000,4131.444523
14.000000,45.000000,4439.686337
11.000000,45.500000,3557.937720
12.000000,45.500000,3844.503322
13.000000,45.500000,4142.092671
14.000000,45.500000,4450.705766
11.000000,46.000000,3567.853153
12.000000,46.000000,3854.792603
13.000000,46.000000,4152.754494
14.000000,46.000000,4461.738825
11.000000,46.500000,3577.790109
12.000000,46.500000,3865.102633
13.000000,46.500000,4163.436215
14.000000,46.500000,4472.790855
11.000000,47.000000,3587.740851
12.000000,47.000000,3875.426401
13.000000,47.000000,4174.131627
14.000000,47.000000,4483.856528
11.000000,47.500000,3597.809981
12.000000,47.500000,3885.840207
13.000000,47.500000,4184.886187
14.000000,47.500000,4494.947920
11.000000,48.000000,3607.893193
12.000000,48.000000,3896.267958
13.000000,48.000000,4195.654556
14.000000,48.000000,4506.052986
11.000000,48.500000,3618.139586
12.000000,48.500000,3906.810379
13.000000,48.500000,4206.484855
14.000000,48.500000,4517.163013
11.000000,49.000000,3628.400486
12.000000,49.000000,3917.367019
13.000000,49.000000,4217.329088
14.000000,49.000000,4528.286692
11.000000,49.500000,3639.108255
12.000000,49.500000,3928.483574
13.000000,49.500000,4228.853115
14.000000,49.500000,4540.216879
11.000000,50.000000,3649.831788
12.000000,50.000000,3939.615861
13.000000,50.000000,4240.392839
14.000000,50.000000,4552.162724
11.000000,50.500000,3660.687805
12.000000,50.500000,3951.012462
13.000000,50.500000,4252.338150
14.000000,50.500000,4564.664869
11.000000,51.000000,3671.559931
12.000000,51.000000,3962.425504
13.000000,51.000000,4264.300231
14.000000,51.000000,4577.184113
11.000000,51.500000,3682.479195
12.000000,51.500000,3973.882727
13.000000,51.500000,4276.303226
11.000000,52.000000,3693.414660
12.000000,52.000000,3985.356470
13.000000,52.000000,4288.323058
11.000000,52.500000,3704.519404
12.000000,52.500000,3996.954635
13.000000,52.500000,4300.418685
11.000000,53.000000,3715.640802
12.000000,53.000000,4008.569627
13.000000,53.000000,4312.531313
11.000000,53.500000,3726.863012
12.000000,53.500000,4020.259492
13.000000,53.500000,4324.690713
11.000000,54.000000,3738.102127
12.000000,54.000000,4031.966350
13.000000,54.000000,4336.867196
11.000000,54.500000,3749.896671
12.000000,54.500000,4044.071851
13.000000,54.500000,4349.272535
11.000000,55.000000,3761.709770
12.000000,55.000000,4056.195468
13.000000,55.000000,4361.695555
11.000000,55.500000,3773.683465
12.000000,55.500000,4068.643564
13.000000,55.500000,4374.619026
11.000000,56.000000,3785.676168
12.000000,56.000000,4081.110714
13.000000,56.000000,4387.561595
11.000000,56.500000,3797.724209
12.000000,56.500000,4093.645750
13.000000,56.500000,4400.585414
11.000000,57.000000,3809.791371
12.000000,57.000000,4106.199987
13.000000,57.000000,4413.628514
11.000000,57.500000,3821.969000
12.000000,57.500000,4118.858357
13.000000,57.500000,4426.768609
10.000000,58.000000,3547.817776
11.000000,58.000000,3834.166042
12.000000,58.000000,4131.536189
13.000000,58.000000,4439.928217
10.000000,58.500000,3559.621692
11.000000,58.500000,3846.438274
12.000000,58.500000,4144.276602
13.000000,58.500000,4453.136675
10.000000,59.000000,3571.445196
11.000000,59.000000,3858.730098
12.000000,59.000000,4157.036609
13.000000,59.000000,4466.364731
10.000000,59.500000,3583.746842
11.000000,59.500000,3871.382981
12.000000,59.500000,4170.029885
13.000000,59.500000,4479.687553
10.000000,60.000000,3596.069634
11.000000,60.000000,3884.056568
12.000000,60.000000,4183.043422
13.000000,60.000000,4493.030197
10.000000,60.500000,3608.446538
11.000000,60.500000,3896.866462
12.000000,60.500000,4196.281828
13.000000,60.500000,4506.692638
10.000000,61.000000,3620.844701
11.000000,61.000000,3909.697439
12.000000,61.000000,4209.541141
13.000000,61.000000,4520.375809
10.000000,61.500000,3633.171206
11.000000,61.500000,3922.536608
12.000000,61.500000,4222.894778
13.000000,61.500000,4534.245713
10.000000,62.000000,3645.518655
11.000000,62.000000,3935.396822
12.000000,62.000000,4236.269556
13.000000,62.000000,4548.136856
10.000000,62.500000,3657.837812
11.000000,62.500000,3948.297840
12.000000,62.500000,4249.759549
13.000000,62.500000,4562.222938
10.000000,63.000000,3670.177747
11.000000,63.000000,3961.219967
12.000000,63.000000,4263.270983
13.000000,63.000000,4576.330794
10.000000,63.500000,3682.673254
11.000000,63.500000,3974.271851
12.000000,63.500000,4276.883879
13.000000,63.500000,4590.509339
10.000000,64.000000,3695.189996
11.000000,64.000000,3987.345200
12.000000,64.000000,4290.518470
13.000000,64.000000,4604.709808
10.000000,64.500000,3708.045977
11.000000,64.500000,4000.674513
12.000000,64.500000,4304.318167
13.000000,64.500000,4618.976939
10.000000,65.000000,3720.924282
11.000000,65.000000,4014.026068
12.000000,65.000000,4318.140018
13.000000,65.000000,4633.266132
10.000000,65.500000,3733.862151
11.000000,65.500000,4027.449748
12.000000,65.500000,4332.047454
10.000000,66.000000,3746.822473
11.000000,66.000000,4040.895836
12.000000,66.000000,4345.977248
10.000000,66.500000,3759.952424
11.000000,66.500000,4054.573869
12.000000,66.500000,4360.205653
10.000000,67.000000,3773.105339
11.000000,67.000000,4068.275012
12.000000,67.000000,4374.457312
10.000000,67.500000,3786.349751
11.000000,67.500000,4082.084543
12.000000,67.500000,4388.835342
10.000000,68.000000,3799.617368
11.000000,68.000000,4095.917472
12.000000,68.000000,4403.236961
10.000000,68.500000,3813.105105
11.000000,68.500000,4109.987379
12.000000,68.500000,4417.893249
10.000000,69.000000,3826.616738
11.000000,69.000000,4124.081410
12.000000,69.000000,4432.573887
10.000000,69.500000,3840.398903
11.000000,69.500000,4138.380160
12.000000,69.500000,4447.387961
10.000000,70.000000,3854.205842
11.000000,70.000000,4152.703655
12.000000,70.000000,4462.226747
10.000000,70.500000,3868.111794
11.000000,70.500000,4167.115734
12.000000,70.500000,4477.142739
10.000000,71.000000,3882.042786
11.000000,71.000000,4181.552779
12.000000,71.000000,4492.083618
10.000000,71.500000,3896.276836
11.000000,71.500000,4196.252910
12.000000,71.500000,4507.244125
10.000000,72.000000,3910.536933
11.000000,72.000000,4210.978835
12.000000,72.000000,4522.430172
10.000000,72.500000,3924.877221
11.000000,72.500000,4225.788521
12.000000,72.500000,4537.703712
10.000000,73.000000,3939.243754
11.000000,73.000000,4240.624203
12.000000,73.000000,4553.003001
10.000000,73.500000,3953.793603
11.000000,73.500000,4255.707063
12.000000,73.500000,4568.617677
10.000000,74.000000,3968.370273
11.000000,74.000000,4270.816698
12.000000,74.000000,4584.259082
10.000000,74.500000,3983.088959
11.000000,74.500000,4286.086572
12.000000,74.500000,4600.079975
10.000000,75.000000,3997.834891
11.000000,75.000000,4301.383695
12.000000,75.000000,4615.928120
10.000000,75.500000,4012.692909
11.000000,75.500000,4316.781824
12.000000,75.500000,4631.865132
9.000000,76.000000,3733.942670
10.000000,76.000000,4027.578485
11.000000,76.000000,4332.207464
12.000000,76.000000,4647.829607
9.000000,76.500000,3748.645206
10.000000,76.500000,4042.748674
11.000000,76.500000,4347.837234
12.000000,76.500000,4663.910884
9.000000,77.000000,3763.376628
10.000000,77.000000,4057.947378
11.000000,77.000000,4363.495146
12.000000,77.000000,4680.019932
9.000000,77.500000,3778.198414
10.000000,77.500000,4073.231246
11.000000,77.500000,4379.232509
12.000000,77.500000,4696.202203
9.000000,78.000000,3793.049328
10.000000,78.000000,4088.543841
11.000000,78.000000,4394.998199
12.000000,78.000000,4712.412402
9.000000,78.500000,3807.774158
10.000000,78.500000,4103.740491
11.000000,78.500000,4410.659343
12.000000,78.500000,4728.530715
9.000000,79.000000,3822.527512
10.000000,79.000000,4118.965330
11.000000,79.000000,4426.348341
12.000000,79.000000,4744.676546
9.000000,79.500000,3837.271803
10.000000,79.500000,4134.299026
11.000000,79.500000,4442.273302
12.000000,79.500000,4761.194631
9.000000,80.000000,3852.044473
10.000000,80.000000,4149.661206
11.000000,80.000000,4458.226853
12.000000,80.000000,4777.741414
9.000000,80.500000,3866.962775
10.000000,80.500000,4165.138264
11.000000,80.500000,4474.261782
9.000000,81.000000,3881.909906
10.000000,81.000000,4180.644127
11.000000,81.000000,4490.325492
9.000000,81.500000,3897.145867
10.000000,81.500000,4196.396806
11.000000,81.500000,4506.589827
9.000000,82.000000,3912.411658
10.000000,82.000000,4212.179099
11.000000,82.000000,4522.883557
9.000000,82.500000,3927.735913
10.000000,82.500000,4228.032661
11.000000,82.500000,4539.262365
9.000000,83.000000,3943.090114
10.000000,83.000000,4243.915997
11.000000,83.000000,4555.670772
9.000000,83.500000,3958.617875
10.000000,83.500000,4259.948520
11.000000,83.500000,4572.201725
9.000000,84.000000,3974.176143
10.000000,84.000000,4276.011264
11.000000,84.000000,4588.762613
9.000000,84.500000,3989.895921
10.000000,84.500000,4292.297529
11.000000,84.500000,4605.613071
9.000000,85.000000,4005.646722
10.000000,85.000000,4308.614747
11.000000,85.000000,4622.494409
9.000000,85.500000,4021.569382
10.000000,85.500000,4325.145829
11.000000,85.500000,4639.634225
9.000000,86.000000,4037.523623
10.000000,86.000000,4341.708560
11.000000,86.000000,4656.805758
9.000000,86.500000,4053.718822
10.000000,86.500000,4358.451547
11.000000,86.500000,4674.092143
9.000000,87.000000,4069.946434
10.000000,87.000000,4375.226754
11.000000,87.000000,4691.410552
9.000000,87.500000,4086.232956
10.000000,87.500000,4392.115978
11.000000,87.500000,4708.902213
9.000000,88.000000,4102.551996
10.000000,88.000000,4409.037733
11.000000,88.000000,4726.426420
9.000000,88.500000,4119.058362
10.000000,88.500000,4426.098784
11.000000,88.500000,4744.037763
9.000000,89.000000,4135.597859
10.000000,89.000000,4443.192773
11.000000,89.000000,4761.681851
9.000000,89.500000,4152.290037
10.000000,89.500000,4460.401056
11.000000,89.500000,4779.398598
9.000000,90.000000,4169.015820
10.000000,90.000000,4477.642588
11.000000,90.000000,4797.148237
9.000000,90.500000,4185.798146
10.000000,90.500000,4494.964172
11.000000,90.500000,4815.003129
9.000000,91.000000,4202.614166
10.000000,91.000000,4512.319182
11.000000,91.000000,4832.891177
9.000000,91.500000,4219.301425
10.000000,91.500000,4529.602292
11.000000,91.500000,4850.768789
9.000000,92.000000,4236.021736
10.000000,92.000000,4546.918427
11.000000,92.000000,4868.679397
9.000000,92.500000,4252.899662
10.000000,92.500000,4564.411645
11.000000,92.500000,4886.787952
9.000000,93.000000,4269.811132
10.000000,93.000000,4581.938434
11.000000,93.000000,4904.930106
9.000000,93.500000,4287.001128
10.000000,93.500000,4599.682898
11.000000,93.500000,4923.224441
8.000000,94.000000,4001.844828
9.000000,94.000000,4304.225646
10.000000,94.000000,4617.461641
11.000000,94.000000,4941.552812
8.000000,94.500000,4018.800524
9.000000,94.500000,4321.663514
10.000000,94.500000,4635.370860
11.000000,94.500000,4959.922562
8.000000,95.000000,4035.792060
9.000000,95.000000,4339.136626
10.000000,95.000000,4653.314734
11.000000,95.000000,4978.326382
8.000000,95.500000,4052.808706
9.000000,95.500000,4356.672050
10.000000,95.500000,4671.360842
11.000000,95.500000,4996.875082
8.000000,96.000000,4069.861148
9.000000,96.000000,4374.242829
10.000000,96.000000,4689.441867
11.000000,96.000000,5015.458263
8.000000,96.500000,4087.077546
9.000000,96.500000,4391.967417
10.000000,96.500000,4707.665138
8.000000,97.000000,4104.330273
9.000000,97.000000,4409.727834
10.000000,97.000000,4725.923739
8.000000,97.500000,4121.692262
9.000000,97.500000,4427.603639
10.000000,97.500000,4744.303888
8.000000,98.000000,4139.090882
9.000000,98.000000,4445.515591
10.000000,98.000000,4762.719702
8.000000,98.500000,4156.620929
9.000000,98.500000,4463.669047
10.000000,98.500000,4781.494241
8.000000,99.000000,4174.188003
9.000000,99.000000,4481.859482
10.000000,99.000000,4800.305706
8.000000,99.500000,4191.871892
9.000000,99.500000,4500.180505
10.000000,99.500000,4819.262025
8.000000,100.000000,4209.593141
9.000000,100.000000,4518.538887
10.000000,100.000000,4838.255694
8.000000,100.500000,4227.380151
9.000000,100.500000,4536.966795
10.000000,100.500000,4857.322960
8.000000,101.000000,4245.204643
9.000000,101.000000,4555.432195
10.000000,101.000000,4876.427718
8.000000,101.500000,4263.238491
9.000000,101.500000,4574.121754
10.000000,101.500000,4895.772667
8.000000,102.000000,4281.310553
9.000000,102.000000,4592.849564
10.000000,102.000000,4915.155904
8.000000,102.500000,4299.587085
9.000000,102.500000,4611.739290
10.000000,102.500000,4934.655554
8.000000,103.000000,4317.902541
9.000000,103.000000,4630.667777
10.000000,103.000000,4954.193801
8.000000,103.500000,4336.275059
9.000000,103.500000,4649.663153
10.000000,103.500000,4973.809543
8.000000,104.000000,4354.686578
9.000000,104.000000,4668.697404
10.000000,104.000000,4993.464034
8.000000,104.500000,4373.212745
9.000000,104.500000,4687.840080
10.000000,104.500000,5013.220098
8.000000,105.000000,4391.778230
9.000000,105.000000,4707.021913
10.000000,105.000000,5033.015155
