weight_g,305.000000
thrust_N,velocity_m_s,power_W
17.000000,0.000000,1223.020272
18.000000,0.000000,1312.191058
19.000000,0.000000,1404.284879
20.000000,0.000000,1499.301734
21.000000,0.000000,1597.241623
22.000000,0.000000,1706.005389
23.000000,0.000000,1818.968634
24.000000,0.000000,1935.112849
25.000000,0.000000,2066.662894
26.000000,0.000000,2207.004591
17.000000,0.500000,1225.741374
18.000000,0.500000,1314.929876
19.000000,0.500000,1407.038887
20.000000,0.500000,1502.068407
21.000000,0.500000,1600.018436
22.000000,0.500000,1709.146466
23.000000,0.500000,1822.177787
24.000000,0.500000,1938.390180
25.000000,0.500000,2070.488447
26.000000,0.500000,2210.802370
17.000000,1.000000,1228.464392
18.000000,1.000000,1317.670607
19.000000,1.000000,1409.794801
20.000000,1.000000,1504.836972
21.000000,1.000000,1602.797122
22.000000,1.000000,1712.289444
23.000000,1.000000,1825.388863
24.000000,1.000000,1941.669452
25.000000,1.000000,2074.316168
26.000000,1.000000,2214.602207
17.000000,1.500000,1231.154970
18.000000,1.500000,1320.385015
19.000000,1.500000,1412.530853
20.000000,1.500000,1507.592483
21.000000,1.500000,1605.660661
22.000000,1.500000,1715.434371
23.000000,1.500000,1828.602333
24.000000,1.500000,1944.951585
25.000000,1.500000,2078.134601
26.000000,1.500000,2218.393324
17.000000,2.000000,1233.847443
18.000000,2.000000,1323.101319
19.000000,2.000000,1415.268798
20.000000,2.000000,1510.349879
21.000000,2.000000,1608.526089
22.000000,2.000000,1718.581204
23.000000,2.000000,1831.817729
24.000000,2.000000,1948.235663
25.000000,2.000000,2081.955191
26.000000,2.000000,2222.186490
27.000000,2.000000,2372.209459
28.000000,2.000000,2533.487569
17.000000,2.500000,1236.510011
18.000000,2.500000,1325.793594
19.000000,2.500000,1417.988922
20.000000,2.500000,1513.095994
21.000000,2.500000,1611.606083
22.000000,2.500000,1721.730070
23.000000,2.500000,1835.035605
24.000000,2.500000,1951.522690
25.000000,2.500000,2085.766629
26.000000,2.500000,2225.971070
27.000000,2.500000,2376.321190
28.000000,2.500000,2537.516020
17.000000,3.000000,1239.174453
18.000000,3.000000,1328.487751
19.000000,3.000000,1420.710928
20.000000,3.000000,1515.843987
21.000000,3.000000,1614.687966
22.000000,3.000000,1724.880846
23.000000,3.000000,1838.255413
24.000000,3.000000,1954.811668
25.000000,3.000000,2089.580213
26.000000,3.000000,2229.757690
27.000000,3.000000,2380.435122
28.000000,3.000000,2541.546483
17.000000,3.500000,1241.811356
18.000000,3.500000,1331.160024
19.000000,3.500000,1423.417027
20.000000,3.500000,1518.582366
21.000000,3.500000,1617.773022
22.000000,3.500000,1728.044962
23.000000,3.500000,1841.499128
24.000000,3.500000,1958.135519
25.000000,3.500000,2093.408632
26.000000,3.500000,2233.543066
27.000000,3.500000,2384.535523
28.000000,3.500000,2545.564389
17.000000,4.000000,1244.450116
18.000000,4.000000,1333.834165
19.000000,4.000000,1426.124999
20.000000,4.000000,1521.322620
21.000000,4.000000,1620.859970
22.000000,4.000000,1731.211001
23.000000,4.000000,1844.744793
24.000000,4.000000,1961.461346
25.000000,4.000000,2097.239201
26.000000,4.000000,2237.330478
27.000000,4.000000,2388.638108
28.000000,4.000000,2549.584292
17.000000,4.500000,1247.101032
18.000000,4.500000,1336.516946
19.000000,4.500000,1428.837714
20.000000,4.500000,1524.063335
21.000000,4.500000,1623.956450
22.000000,4.500000,1734.416583
23.000000,4.500000,1848.061177
24.000000,4.500000,1965.149218
25.000000,4.500000,2101.127521
26.000000,4.500000,2241.126183
27.000000,4.500000,2392.727358
28.000000,4.500000,2553.591831
17.000000,5.000000,1249.753865
18.000000,5.000000,1339.201639
19.000000,5.000000,1431.552329
20.000000,5.000000,1526.805936
21.000000,5.000000,1627.054833
22.000000,5.000000,1737.624114
23.000000,5.000000,1851.379559
24.000000,5.000000,1968.839268
25.000000,5.000000,2105.018014
26.000000,5.000000,2244.923924
27.000000,5.000000,2396.818776
28.000000,5.000000,2557.601353
17.000000,5.500000,1252.532328
18.000000,5.500000,1342.084715
19.000000,5.500000,1434.541677
20.000000,5.500000,1529.903214
21.000000,5.500000,1630.588289
22.000000,5.500000,1741.124279
23.000000,5.500000,1854.841199
24.000000,5.500000,1972.783577
25.000000,5.500000,2108.886100
26.000000,5.500000,2248.708249
27.000000,5.500000,2400.900480
28.000000,5.500000,2561.599663
17.000000,6.000000,1255.312983
18.000000,6.000000,1344.970046
19.000000,6.000000,1437.533343
20.000000,6.000000,1533.002875
21.000000,6.000000,1634.124147
22.000000,6.000000,1744.626745
23.000000,6.000000,1858.305041
24.000000,6.000000,1976.730260
25.000000,6.000000,2112.756396
26.000000,6.000000,2252.494627
27.000000,6.000000,2404.984352
28.000000,6.000000,2565.599946
17.000000,6.500000,1258.128575
18.000000,6.500000,1347.926311
19.000000,6.500000,1440.633960
20.000000,6.500000,1536.251520
21.000000,6.500000,1637.809477
22.000000,6.500000,1748.220225
23.000000,6.500000,1861.799244
24.000000,6.500000,1980.642523
25.000000,6.500000,2116.631513
26.000000,6.500000,2256.327214
27.000000,6.500000,2409.144637
28.000000,6.500000,2569.706059
17.000000,7.000000,1260.946412
18.000000,7.000000,1350.884938
19.000000,7.000000,1443.737056
20.000000,7.000000,1539.502766
21.000000,7.000000,1641.497413
22.000000,7.000000,1751.816177
23.000000,7.000000,1865.295779
24.000000,7.000000,1984.557288
25.000000,7.000000,2120.509016
26.000000,7.000000,2260.162072
27.000000,7.000000,2413.307351
28.000000,7.000000,2573.814412
17.000000,7.500000,1263.776137
18.000000,7.500000,1353.856190
19.000000,7.500000,1446.853539
20.000000,7.500000,1542.768183
21.000000,7.500000,1645.159948
22.000000,7.500000,1755.388032
23.000000,7.500000,1868.769601
24.000000,7.500000,1988.459234
25.000000,7.500000,2124.374120
26.000000,7.500000,2263.984992
27.000000,7.500000,2417.467189
28.000000,7.500000,2577.932820
17.000000,8.000000,1266.608124
18.000000,8.000000,1356.829823
19.000000,8.000000,1449.972522
20.000000,8.000000,1546.036223
21.000000,8.000000,1648.825068
22.000000,8.000000,1758.962340
23.000000,8.000000,1872.245738
24.000000,8.000000,1992.363669
25.000000,8.000000,2128.241599
26.000000,8.000000,2267.810172
27.000000,8.000000,2421.629458
28.000000,8.000000,2582.053502
17.000000,8.500000,1269.452117
18.000000,8.500000,1359.816205
19.000000,8.500000,1453.105023
20.000000,8.500000,1549.318572
21.000000,8.500000,1652.465204
22.000000,8.500000,1762.512947
23.000000,8.500000,1875.699535
24.000000,8.500000,1996.255407
25.000000,8.500000,2132.096800
26.000000,8.500000,2271.623531
27.000000,8.500000,2425.781165
28.000000,8.500000,2586.164404
16.000000,9.000000,1184.720257
17.000000,9.000000,1272.298392
18.000000,9.000000,1362.804988
19.000000,9.000000,1456.240046
20.000000,9.000000,1552.603566
21.000000,9.000000,1656.107906
22.000000,9.000000,1766.065988
23.000000,9.000000,1879.155629
24.000000,9.000000,2000.149622
25.000000,9.000000,2135.954364
26.000000,9.000000,2275.439141
27.000000,9.000000,2429.935289
28.000000,9.000000,2590.277567
16.000000,9.500000,1187.562725
17.000000,9.500000,1275.255266
18.000000,9.500000,1365.878093
19.000000,9.500000,1459.431206
20.000000,9.500000,1555.914604
21.000000,9.500000,1659.726031
22.000000,9.500000,1769.595715
23.000000,9.500000,1882.589750
24.000000,9.500000,2004.031263
25.000000,9.500000,2139.799770
26.000000,9.500000,2279.243047
27.000000,9.500000,2434.079015
28.000000,9.500000,2594.381113
16.000000,10.000000,1190.407628
17.000000,10.000000,1278.214639
18.000000,10.000000,1368.953760
19.000000,10.000000,1462.624991
20.000000,10.000000,1559.228332
21.000000,10.000000,1663.346703
22.000000,10.000000,1773.127858
23.000000,10.000000,1886.026149
24.000000,10.000000,2007.915367
25.000000,10.000000,2143.647527
26.000000,10.000000,2283.049193
27.000000,10.000000,2438.225143
28.000000,10.000000,2598.486907
16.000000,10.500000,1193.345877
17.000000,10.500000,1281.244240
18.000000,10.500000,1372.075179
19.000000,10.500000,1465.838694
20.000000,10.500000,1562.534786
21.000000,10.500000,1666.918063
22.000000,10.500000,1776.622403
23.000000,10.500000,1889.436505
24.000000,10.500000,2011.788277
25.000000,10.500000,2147.483896
26.000000,10.500000,2286.843760
27.000000,10.500000,2442.361036
28.000000,10.500000,2602.583246
16.000000,11.000000,1196.286759
17.000000,11.000000,1284.276510
18.000000,11.000000,1375.199303
19.000000,11.000000,1469.055136
20.000000,11.000000,1565.844011
21.000000,11.000000,1670.492027
22.000000,11.000000,1780.119387
23.000000,11.000000,1892.849137
24.000000,11.000000,2015.663641
25.000000,11.000000,2151.322606
26.000000,11.000000,2290.640555
27.000000,11.000000,2446.499318
28.000000,11.000000,2606.681821
16.000000,11.500000,1199.227843
17.000000,11.500000,1287.304371
18.000000,11.500000,1378.314492
19.000000,11.500000,1472.258206
20.000000,11.500000,1569.135513
21.000000,11.500000,1674.125211
22.000000,11.500000,1783.822329
23.000000,11.500000,1896.620968
24.000000,11.500000,2019.975037
25.000000,11.500000,2155.420667
26.000000,11.500000,2294.820574
27.000000,11.500000,2450.680355
16.000000,12.000000,1202.171565
17.000000,12.000000,1290.334923
18.000000,12.000000,1381.432424
19.000000,12.000000,1475.464067
20.000000,12.000000,1572.429852
21.000000,12.000000,1677.761203
22.000000,12.000000,1787.528065
23.000000,12.000000,1900.395581
24.000000,12.000000,2024.289434
25.000000,12.000000,2159.521387
26.000000,12.000000,2299.003189
27.000000,12.000000,2454.863835
16.000000,12.500000,1205.095558
17.000000,12.500000,1293.350283
18.000000,12.500000,1384.540235
19.000000,12.500000,1478.665413
20.000000,12.500000,1575.725819
21.000000,12.500000,1681.438125
22.000000,12.500000,1791.324582
23.000000,12.500000,1904.313287
24.000000,12.500000,2028.793614
25.000000,12.500000,2163.884124
26.000000,12.500000,2303.658037
27.000000,12.500000,2459.512317
16.000000,13.000000,1208.022097
17.000000,13.000000,1296.368267
18.000000,13.000000,1387.650746
19.000000,13.000000,1481.869532
20.000000,13.000000,1579.024627
21.000000,13.000000,1685.117914
22.000000,13.000000,1795.124024
23.000000,13.000000,1908.233978
24.000000,13.000000,2033.301078
25.000000,13.000000,2168.249912
26.000000,13.000000,2308.316115
27.000000,13.000000,2464.163822
16.000000,13.500000,1210.956575
17.000000,13.500000,1299.393207
18.000000,13.500000,1390.767139
19.000000,13.500000,1485.078372
20.000000,13.500000,1582.326907
21.000000,13.500000,1688.800890
22.000000,13.500000,1798.923085
23.000000,13.500000,1912.150565
24.000000,13.500000,2037.764411
25.000000,13.500000,2172.580130
26.000000,13.500000,2312.983826
27.000000,13.500000,2468.936024
16.000000,14.000000,1213.893623
17.000000,14.000000,1302.420792
18.000000,14.000000,1393.886250
19.000000,14.000000,1488.289999
20.000000,14.000000,1585.632038
21.000000,14.000000,1692.486738
22.000000,14.000000,1802.725073
23.000000,14.000000,1916.070135
24.000000,14.000000,2042.230982
25.000000,14.000000,2176.913364
26.000000,14.000000,2317.654768
27.000000,14.000000,2473.711387
16.000000,14.500000,1217.022103
17.000000,14.500000,1305.597050
18.000000,14.500000,1397.108065
19.000000,14.500000,1491.555149
20.000000,14.500000,1589.070494
21.000000,14.500000,1696.174979
22.000000,14.500000,1806.525914
23.000000,14.500000,1919.984863
24.000000,14.500000,2046.655770
25.000000,14.500000,2181.213099
26.000000,14.500000,2322.329439
27.000000,14.500000,2478.487102
16.000000,15.000000,1220.153574
17.000000,15.000000,1308.776270
18.000000,15.000000,1400.332810
19.000000,15.000000,1494.823194
20.000000,15.000000,1592.511816
21.000000,15.000000,1699.866098
22.000000,15.000000,1810.329683
23.000000,15.000000,1923.902570
24.000000,15.000000,2051.083756
25.000000,15.000000,2185.515817
26.000000,15.000000,2327.007336
27.000000,15.000000,2483.265969
16.000000,15.500000,1223.306262
17.000000,15.500000,1311.991128
18.000000,15.500000,1403.608505
19.000000,15.500000,1498.158392
20.000000,15.500000,1596.187220
21.000000,15.500000,1703.622858
22.000000,15.500000,1814.167265
23.000000,15.500000,1927.820441
24.000000,15.500000,2055.472196
25.000000,15.500000,2189.787011
26.000000,15.500000,2331.688333
27.000000,15.500000,2488.044564
16.000000,16.000000,1226.461995
17.000000,16.000000,1315.209030
18.000000,16.000000,1406.887240
19.000000,16.000000,1501.496624
20.000000,16.000000,1599.865625
21.000000,16.000000,1707.382615
22.000000,16.000000,1818.007839
23.000000,16.000000,1931.741297
24.000000,16.000000,2059.863794
25.000000,16.000000,2194.061157
26.000000,16.000000,2336.372550
27.000000,16.000000,2492.826304
16.000000,16.500000,1229.645448
17.000000,16.500000,1318.501533
18.000000,16.500000,1410.290435
19.000000,16.500000,1505.012156
20.000000,16.500000,1603.772860
21.000000,16.500000,1711.311057
22.000000,16.500000,1821.953301
23.000000,16.500000,1935.699591
24.000000,16.500000,2064.247702
25.000000,16.500000,2198.317480
26.000000,16.500000,2341.059241
27.000000,16.500000,2497.607151
16.000000,17.000000,1232.832015
17.000000,17.000000,1321.797249
18.000000,17.000000,1413.696942
19.000000,17.000000,1508.531095
20.000000,17.000000,1607.683541
21.000000,17.000000,1715.242819
22.000000,17.000000,1825.901957
23.000000,17.000000,1939.660957
24.000000,17.000000,2068.634793
25.000000,17.000000,2202.576751
26.000000,17.000000,2345.749144
27.000000,17.000000,2502.391134
16.000000,17.500000,1236.022444
17.000000,17.500000,1325.097206
18.000000,17.500000,1417.108078
19.000000,17.500000,1512.055060
20.000000,17.500000,1611.574058
21.000000,17.500000,1719.121839
22.000000,17.500000,1829.765070
23.000000,17.500000,1943.503752
24.000000,17.500000,2072.922545
25.000000,17.500000,2206.818663
26.000000,17.500000,2350.487035
27.000000,17.500000,2507.193119
16.000000,18.000000,1239.216000
17.000000,18.000000,1328.400391
18.000000,18.000000,1420.522540
19.000000,18.000000,1515.582445
20.000000,18.000000,1615.468007
21.000000,18.000000,1723.004190
22.000000,18.000000,1833.631409
23.000000,18.000000,1947.349664
24.000000,18.000000,2077.213569
25.000000,18.000000,2211.063625
26.000000,18.000000,2355.228258
27.000000,18.000000,2511.998280
16.000000,18.500000,1242.433053
17.000000,18.500000,1331.722845
18.000000,18.500000,1423.951449
19.000000,18.500000,1519.118865
20.000000,18.500000,1619.346731
21.000000,18.500000,1726.874016
22.000000,18.500000,1837.488057
23.000000,18.500000,1951.441362
24.000000,18.500000,2081.539137
25.000000,18.500000,2215.388386
26.000000,18.500000,2360.069270
27.000000,18.500000,2516.856110
16.000000,19.000000,1245.653360
17.000000,19.000000,1335.048621
18.000000,19.000000,1427.383747
19.000000,19.000000,1522.658738
20.000000,19.000000,1623.228869
21.000000,19.000000,1730.747159
22.000000,19.000000,1841.347921
23.000000,19.000000,1955.536376
24.000000,19.000000,2085.868076
25.000000,19.000000,2219.716406
26.000000,19.000000,2364.913901
27.000000,19.000000,2521.717351
16.000000,19.500000,1248.984991
17.000000,19.500000,1338.458187
18.000000,19.500000,1430.870163
19.000000,19.500000,1526.220917
20.000000,19.500000,1627.096534
21.000000,19.500000,1734.608535
22.000000,19.500000,1845.198856
23.000000,19.500000,1959.858941
24.000000,19.500000,2090.190913
25.000000,19.500000,2224.035288
26.000000,19.500000,2369.743951
27.000000,19.500000,2526.554129
15.000000,20.000000,1165.706737
16.000000,20.000000,1252.320166
17.000000,20.000000,1341.871287
18.000000,20.000000,1434.360098
19.000000,20.000000,1529.786601
20.000000,20.000000,1630.967598
21.000000,20.000000,1738.473215
22.000000,20.000000,1849.052997
23.000000,20.000000,1964.184981
24.000000,20.000000,2094.517112
25.000000,20.000000,2228.357417
26.000000,20.000000,2374.577624
27.000000,20.000000,2531.394374
15.000000,20.500000,1168.939714
16.000000,20.500000,1255.651318
17.000000,20.500000,1345.300785
18.000000,20.500000,1437.888113
19.000000,20.500000,1533.413304
20.000000,20.500000,1634.891047
21.000000,20.500000,1742.370758
22.000000,20.500000,1852.919248
23.000000,20.500000,1968.507358
24.000000,20.500000,2098.836674
25.000000,20.500000,2232.669839
26.000000,20.500000,2379.401760
27.000000,20.500000,2536.225494
15.000000,21.000000,1172.176212
16.000000,21.000000,1258.986022
17.000000,21.000000,1348.733865
18.000000,21.000000,1441.419739
19.000000,21.000000,1537.043644
20.000000,21.000000,1638.818011
21.000000,21.000000,1746.271676
22.000000,21.000000,1856.788733
23.000000,21.000000,1972.833203
24.000000,21.000000,2103.159586
25.000000,21.000000,2236.985494
26.000000,21.000000,2384.229501
27.000000,21.000000,2541.060064
15.000000,21.500000,1175.401608
16.000000,21.500000,1262.361288
17.000000,21.500000,1352.262562
18.000000,21.500000,1445.105431
19.000000,21.500000,1540.889895
20.000000,21.500000,1642.935591
21.000000,21.500000,1750.296464
22.000000,21.500000,1860.711245
23.000000,21.500000,1977.161580
24.000000,21.500000,2107.479206
25.000000,21.500000,2241.291778
26.000000,21.500000,2389.047832
27.000000,21.500000,2545.885637
15.000000,22.000000,1178.630517
16.000000,22.000000,1265.740217
17.000000,22.000000,1355.795075
18.000000,22.000000,1448.795091
19.000000,22.000000,1544.740266
20.000000,22.000000,1647.057091
21.000000,22.000000,1754.324876
22.000000,22.000000,1864.637091
23.000000,22.000000,1981.493429
24.000000,22.000000,2111.802173
25.000000,22.000000,2245.601283
26.000000,22.000000,2393.869749
27.000000,22.000000,2550.714642
15.000000,22.500000,1181.885465
16.000000,22.500000,1269.149791
17.000000,22.500000,1359.363015
18.000000,22.500000,1452.525138
19.000000,22.500000,1548.636159
20.000000,22.500000,1651.226663
21.000000,22.500000,1758.465817
22.000000,22.500000,1868.743425
23.000000,22.500000,1986.063728
24.000000,22.500000,2116.254930
25.000000,22.500000,2249.925902
26.000000,22.500000,2398.682380
27.000000,22.500000,2555.534776
15.000000,23.000000,1185.144007
16.000000,23.000000,1272.563115
17.000000,23.000000,1362.934862
18.000000,23.000000,1456.259249
19.000000,23.000000,1552.536276
20.000000,23.000000,1655.400266
21.000000,23.000000,1762.610613
22.000000,23.000000,1872.853435
23.000000,23.000000,1990.637922
24.000000,23.000000,2120.711253
25.000000,23.000000,2254.253769
26.000000,23.000000,2403.498580
27.000000,23.000000,2560.358326
15.000000,23.500000,1188.470363
16.000000,23.500000,1276.033266
17.000000,23.500000,1366.551279
18.000000,23.500000,1460.024400
19.000000,23.500000,1556.452629
20.000000,23.500000,1659.592903
21.000000,23.500000,1766.826676
22.000000,23.500000,1877.089792
23.000000,23.500000,1995.391587
24.000000,23.500000,2125.373149
25.000000,23.500000,2258.814505
26.000000,23.500000,2408.489517
27.000000,23.500000,2565.216762
15.000000,24.000000,1191.800585
16.000000,24.000000,1279.507382
17.000000,24.000000,1370.171758
18.000000,24.000000,1463.793712
19.000000,24.000000,1560.373244
20.000000,24.000000,1663.789623
21.000000,24.000000,1771.046745
22.000000,24.000000,1881.330075
23.000000,24.000000,2000.149481
24.000000,24.000000,2130.038971
25.000000,24.000000,2263.378870
26.000000,24.000000,2413.484297
27.000000,24.000000,2570.078663
15.000000,24.500000,1195.133729
16.000000,24.500000,1282.986555
17.000000,24.500000,1373.799255
18.000000,24.500000,1467.571831
19.000000,24.500000,1564.304282
20.000000,24.500000,1667.976052
21.000000,24.500000,1775.259433
22.000000,24.500000,1885.566025
23.000000,24.500000,2004.938805
24.000000,24.500000,2134.842772
25.000000,24.500000,2268.193369
26.000000,24.500000,2418.775542
27.000000,24.500000,2575.244492
15.000000,25.000000,1198.470818
16.000000,25.000000,1286.469754
17.000000,25.000000,1377.430863
18.000000,25.000000,1471.354144
19.000000,25.000000,1568.239599
20.000000,25.000000,1672.166550
21.000000,25.000000,1779.476119
22.000000,25.000000,1889.805898
23.000000,25.000000,2009.732419
24.000000,25.000000,2139.650750
25.000000,25.000000,2273.011930
26.000000,25.000000,2424.071119
27.000000,25.000000,2580.414253
15.000000,25.500000,1201.816837
16.000000,25.500000,1289.963565
17.000000,25.500000,1381.074932
18.000000,25.500000,1475.150939
19.000000,25.500000,1572.212546
20.000000,25.500000,1676.351562
21.000000,25.500000,1783.688798
22.000000,25.500000,1894.043128
23.000000,25.500000,2014.521338
24.000000,25.500000,2144.450710
25.000000,25.500000,2277.819041
26.000000,25.500000,2429.494550
27.000000,25.500000,2585.880527
15.000000,26.000000,1205.166814
16.000000,26.000000,1293.461424
17.000000,26.000000,1384.723142
18.000000,26.000000,1478.951968
19.000000,26.000000,1576.189813
20.000000,26.000000,1680.540664
21.000000,26.000000,1787.905486
22.000000,26.000000,1898.284281
23.000000,26.000000,2019.314537
24.000000,26.000000,2149.254836
25.000000,26.000000,2282.630199
26.000000,26.000000,2434.922529
27.000000,26.000000,2591.351213
15.000000,26.500000,1208.530076
16.000000,26.500000,1296.981178
17.000000,26.500000,1388.402904
18.000000,26.500000,1482.795252
19.000000,26.500000,1580.372951
20.000000,26.500000,1684.748484
21.000000,26.500000,1792.133231
22.000000,26.500000,1902.527193
23.000000,26.500000,2024.102384
24.000000,26.500000,2154.050249
25.000000,26.500000,2287.928943
26.000000,26.500000,2440.343229
27.000000,26.500000,2596.814846
15.000000,27.000000,1211.897339
16.000000,27.000000,1300.505081
17.000000,27.000000,1392.086961
18.000000,27.000000,1486.642978
19.000000,27.000000,1584.560549
20.000000,27.000000,1688.960590
21.000000,27.000000,1796.365091
22.000000,27.000000,1906.774053
23.000000,27.000000,2028.894503
24.000000,27.000000,2158.849814
25.000000,27.000000,2293.232272
26.000000,27.000000,2445.768459
27.000000,27.000000,2602.282874
15.000000,27.500000,1215.373160
16.000000,27.500000,1304.116807
17.000000,27.500000,1395.836571
18.000000,27.500000,1490.532452
19.000000,27.500000,1588.745028
20.000000,27.500000,1693.178073
21.000000,27.500000,1800.611349
22.000000,27.500000,1911.044855
23.000000,27.500000,2033.702233
24.000000,27.500000,2163.650449
25.000000,27.500000,2298.603205
26.000000,27.500000,2451.186506
15.000000,28.000000,1218.853262
16.000000,28.000000,1307.732906
17.000000,28.000000,1399.590646
18.000000,28.000000,1494.426482
19.000000,28.000000,1592.933990
20.000000,28.000000,1697.399884
21.000000,28.000000,1804.861782
22.000000,28.000000,1915.319684
23.000000,28.000000,2038.514310
24.000000,28.000000,2168.455260
25.000000,28.000000,2303.978787
26.000000,28.000000,2456.609065
15.000000,28.500000,1222.378051
16.000000,28.500000,1311.385241
17.000000,28.500000,1403.371443
18.000000,28.500000,1498.336656
19.000000,28.500000,1597.130496
20.000000,28.500000,1701.699180
21.000000,28.500000,1809.263767
22.000000,28.500000,1919.824256
23.000000,28.500000,2043.506776
24.000000,28.500000,2173.333594
25.000000,28.500000,2309.347082
26.000000,28.500000,2462.024535
15.000000,29.000000,1225.907325
16.000000,29.000000,1315.042102
17.000000,29.000000,1407.156806
18.000000,29.000000,1502.251437
19.000000,29.000000,1601.331500
20.000000,29.000000,1706.002981
21.000000,29.000000,1813.670263
22.000000,29.000000,1924.333346
23.000000,29.000000,2048.503974
24.000000,29.000000,2178.216253
25.000000,29.000000,2314.720007
26.000000,29.000000,2467.444502
15.000000,29.500000,1229.450560
16.000000,29.500000,1318.710916
17.000000,29.500000,1410.951912
18.000000,29.500000,1506.173547
19.000000,29.500000,1605.540336
20.000000,29.500000,1710.334491
21.000000,29.500000,1818.125456
22.000000,29.500000,1928.913230
23.000000,29.500000,2053.638424
24.000000,29.500000,2183.343707
25.000000,29.500000,2320.431059
26.000000,29.500000,2473.016422
15.000000,30.000000,1232.998316
16.000000,30.000000,1322.384283
17.000000,30.000000,1414.751602
18.000000,30.000000,1510.100273
19.000000,30.000000,1609.753684
20.000000,30.000000,1714.670565
21.000000,30.000000,1822.585262
22.000000,30.000000,1933.497777
23.000000,30.000000,2058.777886
24.000000,30.000000,2188.475959
25.000000,30.000000,2326.147375
26.000000,30.000000,2478.593110
15.000000,30.500000,1236.558857
16.000000,30.500000,1326.068440
17.000000,30.500000,1418.559975
18.000000,30.500000,1514.033461
19.000000,30.500000,1613.971327
20.000000,30.500000,1719.011198
21.000000,30.500000,1827.049901
22.000000,30.500000,1938.102271
23.000000,30.500000,2063.914078
24.000000,30.500000,2193.621949
25.000000,30.500000,2331.864349
26.000000,30.500000,2484.167614
14.000000,31.000000,1153.473262
15.000000,31.000000,1240.123936
16.000000,31.000000,1329.757162
17.000000,31.000000,1422.372940
18.000000,31.000000,1517.971270
19.000000,31.000000,1618.193488
20.000000,31.000000,1723.356400
21.000000,31.000000,1831.519160
22.000000,31.000000,1942.711451
23.000000,31.000000,2069.055316
24.000000,31.000000,2198.772841
25.000000,31.000000,2337.586718
26.000000,31.000000,2489.747017
14.000000,31.500000,1156.937084
15.000000,31.500000,1243.778199
16.000000,31.500000,1333.606855
17.000000,31.500000,1426.423052
18.000000,31.500000,1522.226791
19.000000,31.500000,1622.729887
20.000000,31.500000,1727.915506
21.000000,31.500000,1836.095844
22.000000,31.500000,1947.823147
23.000000,31.500000,2074.183744
24.000000,31.500000,2203.913954
25.000000,31.500000,2343.285573
26.000000,31.500000,2495.322157
14.000000,32.000000,1160.405494
15.000000,32.000000,1247.437252
16.000000,32.000000,1337.461544
17.000000,32.000000,1430.478370
18.000000,32.000000,1526.487729
19.000000,32.000000,1627.271538
20.000000,32.000000,1732.479663
21.000000,32.000000,1840.677378
22.000000,32.000000,1952.940005
23.000000,32.000000,2079.317196
24.000000,32.000000,2209.059951
25.000000,32.000000,2348.989817
26.000000,32.000000,2500.902322
14.000000,32.500000,1163.936017
15.000000,32.500000,1251.162646
16.000000,32.500000,1341.386516
17.000000,32.500000,1434.607626
18.000000,32.500000,1530.825976
19.000000,32.500000,1631.849058
20.000000,32.500000,1737.064886
21.000000,32.500000,1845.264343
22.000000,32.500000,1958.048547
23.000000,32.500000,2084.442769
24.000000,32.500000,2214.198422
25.000000,32.500000,2354.664546
26.000000,32.500000,2506.450597
14.000000,33.000000,1167.471388
15.000000,33.000000,1254.893076
16.000000,33.000000,1345.316714
17.000000,33.000000,1438.742302
18.000000,33.000000,1535.169840
19.000000,33.000000,1636.431915
20.000000,33.000000,1741.655207
21.000000,33.000000,1849.856172
22.000000,33.000000,1963.162249
23.000000,33.000000,2089.573359
24.000000,33.000000,2219.341767
25.000000,33.000000,2360.344616
26.000000,33.000000,2512.003846
14.000000,33.500000,1171.240664
15.000000,33.500000,1258.812243
16.000000,33.500000,1349.387263
17.000000,33.500000,1442.965723
18.000000,33.500000,1539.547624
19.000000,33.500000,1641.014155
20.000000,33.500000,1746.270962
21.000000,33.500000,1854.501440
22.000000,33.500000,1968.347791
23.000000,33.500000,2094.744649
24.000000,33.500000,2224.491850
25.000000,33.500000,2365.994829
26.000000,33.500000,2517.524836
14.000000,34.000000,1175.015362
15.000000,34.000000,1262.736896
16.000000,34.000000,1353.463363
17.000000,34.000000,1447.194762
18.000000,34.000000,1543.931092
19.000000,34.000000,1645.601748
20.000000,34.000000,1750.891918
21.000000,34.000000,1859.151757
22.000000,34.000000,1973.538773
23.000000,34.000000,2099.921107
24.000000,34.000000,2229.646837
25.000000,34.000000,2371.650334
26.000000,34.000000,2523.050751
14.000000,34.500000,1178.786720
15.000000,34.500000,1266.660796
16.000000,34.500000,1357.541448
17.000000,34.500000,1451.428677
18.000000,34.500000,1548.322481
19.000000,34.500000,1650.197894
20.000000,34.500000,1755.550067
21.000000,34.500000,1863.869960
22.000000,34.500000,1978.802120
23.000000,34.500000,2105.136144
24.000000,34.500000,2234.803941
25.000000,34.500000,2377.276874
26.000000,34.500000,2528.544518
14.000000,35.000000,1182.563484
15.000000,35.000000,1270.590171
16.000000,35.000000,1361.625080
17.000000,35.000000,1455.668210
18.000000,35.000000,1552.719561
19.000000,35.000000,1654.799438
20.000000,35.000000,1760.213554
21.000000,35.000000,1868.593436
22.000000,35.000000,1984.071173
23.000000,35.000000,2110.356497
24.000000,35.000000,2239.965984
25.000000,35.000000,2382.908682
26.000000,35.000000,2534.043167
14.000000,35.500000,1186.338039
15.000000,35.500000,1274.519870
16.000000,35.500000,1365.711716
17.000000,35.500000,1459.913576
18.000000,35.500000,1557.125451
19.000000,35.500000,1659.392509
20.000000,35.500000,1764.869099
21.000000,35.500000,1873.309535
22.000000,35.500000,1989.320300
23.000000,35.500000,2115.573529
24.000000,35.500000,2245.144105
25.000000,35.500000,2388.536798
26.000000,35.500000,2539.531961
14.000000,36.000000,1190.117985
15.000000,36.000000,1278.455037
16.000000,36.000000,1369.803896
17.000000,36.000000,1464.164564
18.000000,36.000000,1561.537039
19.000000,36.000000,1663.990963
20.000000,36.000000,1769.529967
21.000000,36.000000,1878.030892
22.000000,36.000000,1994.575116
23.000000,36.000000,2120.795980
24.000000,36.000000,2250.327375
25.000000,36.000000,2394.170346
26.000000,36.000000,2545.025668
14.000000,36.500000,1193.917489
15.000000,36.500000,1282.429185
16.000000,36.500000,1373.955707
17.000000,36.500000,1468.497055
18.000000,36.500000,1566.092630
19.000000,36.500000,1668.649810
20.000000,36.500000,1774.225909
21.000000,36.500000,1882.759419
22.000000,36.500000,1999.839244
23.000000,36.500000,2126.092838
24.000000,36.500000,2255.653506
25.000000,36.500000,2399.968538
26.000000,36.500000,2550.692757
14.000000,37.000000,1197.722559
15.000000,37.000000,1286.409031
16.000000,37.000000,1378.113348
17.000000,37.000000,1472.835511
18.000000,37.000000,1570.654241
19.000000,37.000000,1673.314337
20.000000,37.000000,1778.927339
21.000000,37.000000,1887.493246
22.000000,37.000000,2005.109085
23.000000,37.000000,2131.395275
24.000000,37.000000,2260.985077
25.000000,37.000000,2405.772473
26.000000,37.000000,2556.365064
14.000000,37.500000,1201.510399
15.000000,37.500000,1290.386043
16.000000,37.500000,1382.283171
17.000000,37.500000,1477.201782
18.000000,37.500000,1575.291303
19.000000,37.500000,1677.985942
20.000000,37.500000,1783.628262
21.000000,37.500000,1892.218261
22.000000,37.500000,2010.366363
23.000000,37.500000,2136.685469
24.000000,37.500000,2266.304753
25.000000,37.500000,2411.777224
26.000000,37.500000,2562.505527
14.000000,38.000000,1205.303842
15.000000,38.000000,1294.368815
16.000000,38.000000,1386.458911
17.000000,38.000000,1481.574130
18.000000,38.000000,1579.934321
19.000000,38.000000,1682.663274
20.000000,38.000000,1788.334685
21.000000,38.000000,1896.948555
22.000000,38.000000,2015.629332
23.000000,38.000000,2141.981217
24.000000,38.000000,2271.629845
25.000000,38.000000,2417.788110
26.000000,38.000000,2568.652094
14.000000,38.500000,1209.071354
15.000000,38.500000,1298.336858
16.000000,38.500000,1390.631544
17.000000,38.500000,1485.955413
18.000000,38.500000,1584.574287
19.000000,38.500000,1687.378972
20.000000,38.500000,1793.123247
21.000000,38.500000,1901.807110
22.000000,38.500000,2021.009167
23.000000,38.500000,2147.330767
24.000000,38.500000,2277.038201
25.000000,38.500000,2423.802557
26.000000,38.500000,2574.802131
14.000000,39.000000,1212.844437
15.000000,39.000000,1302.310645
16.000000,39.000000,1394.810097
17.000000,39.000000,1490.342793
18.000000,39.000000,1589.220192
19.000000,39.000000,1692.100483
20.000000,39.000000,1797.917496
21.000000,39.000000,1906.671231
22.000000,39.000000,2026.394955
23.000000,39.000000,2152.685989
24.000000,39.000000,2282.452084
25.000000,39.000000,2429.823135
26.000000,39.000000,2580.958266
14.000000,39.500000,1216.634853
15.000000,39.500000,1306.302383
16.000000,39.500000,1399.007222
17.000000,39.500000,1494.749370
18.000000,39.500000,1593.874495
19.000000,39.500000,1696.875406
20.000000,39.500000,1802.812927
21.000000,39.500000,1911.687057
22.000000,39.500000,2031.887560
23.000000,39.500000,2158.081861
24.000000,39.500000,2288.339941
25.000000,39.500000,2435.847264
26.000000,39.500000,2587.117862
14.000000,40.000000,1220.430869
15.000000,40.000000,1310.299896
16.000000,40.000000,1403.210297
17.000000,40.000000,1499.162073
18.000000,40.000000,1598.534751
19.000000,40.000000,1701.656280
20.000000,40.000000,1807.714308
21.000000,40.000000,1916.708832
22.000000,40.000000,2037.386402
23.000000,40.000000,2163.483511
24.000000,40.000000,2294.233957
25.000000,40.000000,2441.877519
26.000000,40.000000,2593.283552
14.000000,40.500000,1224.280013
15.000000,40.500000,1314.343222
16.000000,40.500000,1407.451247
17.000000,40.500000,1503.604090
18.000000,40.500000,1603.209435
19.000000,40.500000,1706.469951
20.000000,40.500000,1812.668161
21.000000,40.500000,1921.804067
22.000000,40.500000,2042.947490
23.000000,40.500000,2168.974538
24.000000,40.500000,2300.282471
25.000000,40.500000,2447.988272
14.000000,41.000000,1228.134892
15.000000,41.000000,1318.392431
16.000000,41.000000,1411.698230
17.000000,41.000000,1508.052288
18.000000,41.000000,1607.890100
19.000000,41.000000,1711.289661
20.000000,41.000000,1817.628115
21.000000,41.000000,1926.905460
22.000000,41.000000,2048.515000
23.000000,41.000000,2174.471553
24.000000,41.000000,2306.337456
25.000000,41.000000,2454.105302
14.000000,41.500000,1232.224812
15.000000,41.500000,1322.703863
16.000000,41.500000,1416.235831
17.000000,41.500000,1512.820717
18.000000,41.500000,1612.853456
19.000000,41.500000,1716.306378
20.000000,41.500000,1822.694253
21.000000,41.500000,1932.017081
22.000000,41.500000,2054.174839
23.000000,41.500000,2180.191372
24.000000,41.500000,2312.734305
25.000000,41.500000,2460.392897
13.000000,42.000000,1148.677961
14.000000,42.000000,1236.321160
15.000000,42.000000,1327.021936
16.000000,42.000000,1420.780289
17.000000,42.000000,1517.596218
18.000000,42.000000,1617.823523
19.000000,42.000000,1721.329626
20.000000,42.000000,1827.766744
21.000000,42.000000,1937.134878
22.000000,42.000000,2059.841311
23.000000,42.000000,2185.917671
24.000000,42.000000,2319.138367
25.000000,42.000000,2466.687117
13.000000,42.500000,1152.674194
14.000000,42.500000,1240.551031
15.000000,42.500000,1331.490971
16.000000,42.500000,1425.494015
17.000000,42.500000,1522.560161
18.000000,42.500000,1622.926619
19.000000,42.500000,1726.439768
20.000000,42.500000,1832.877190
21.000000,42.500000,1942.666318
22.000000,42.500000,2065.542837
23.000000,42.500000,2191.720644
24.000000,42.500000,2325.629765
25.000000,42.500000,2473.079847
13.000000,43.000000,1156.676998
14.000000,43.000000,1244.787730
15.000000,43.000000,1335.967094
16.000000,43.000000,1430.215092
17.000000,43.000000,1527.531724
18.000000,43.000000,1628.036793
19.000000,43.000000,1731.556667
20.000000,43.000000,1837.994079
21.000000,43.000000,1948.204453
22.000000,43.000000,2071.251089
23.000000,43.000000,2197.530300
24.000000,43.000000,2332.128617
25.000000,43.000000,2479.479449
13.000000,43.500000,1160.735120
14.000000,43.500000,1249.072836
15.000000,43.500000,1340.484124
16.000000,43.500000,1434.968983
17.000000,43.500000,1532.527414
18.000000,43.500000,1633.123253
19.000000,43.500000,1736.655956
20.000000,43.500000,1843.099881
21.000000,43.500000,1953.823740
22.000000,43.500000,2076.966932
23.000000,43.500000,2203.341291
24.000000,43.500000,2338.616289
25.000000,43.500000,2485.934491
13.000000,44.000000,1164.799966
14.000000,44.000000,1253.364898
15.000000,44.000000,1345.008342
16.000000,44.000000,1439.730299
17.000000,44.000000,1537.530768
18.000000,44.000000,1638.216721
19.000000,44.000000,1741.761953
20.000000,44.000000,1848.212098
21.000000,44.000000,1959.449838
22.000000,44.000000,2082.689523
23.000000,44.000000,2209.158966
24.000000,44.000000,2345.111419
25.000000,44.000000,2492.396646
13.000000,44.500000,1168.886395
14.000000,44.500000,1257.678213
15.000000,44.500000,1349.553425
16.000000,44.500000,1444.512031
17.000000,44.500000,1542.554032
18.000000,44.500000,1643.309747
19.000000,44.500000,1746.900165
20.000000,44.500000,1853.391398
21.000000,44.500000,1965.180025
22.000000,44.500000,2088.474877
23.000000,44.500000,2214.994894
24.000000,44.500000,2351.585066
25.000000,44.500000,2498.850001
13.000000,45.000000,1172.979591
14.000000,45.000000,1261.998524
15.000000,45.000000,1354.105735
16.000000,45.000000,1449.301224
17.000000,45.000000,1547.584992
18.000000,45.000000,1648.409797
19.000000,45.000000,1752.045207
20.000000,45.000000,1858.577338
21.000000,45.000000,1970.917377
22.000000,45.000000,2094.267182
23.000000,45.000000,2220.837561
24.000000,45.000000,2358.066134
25.000000,45.000000,2505.310479
13.000000,45.500000,1177.110095
14.000000,45.500000,1266.355116
15.000000,45.500000,1358.692665
16.000000,45.500000,1454.122741
17.000000,45.500000,1552.645345
18.000000,45.500000,1653.561243
19.000000,45.500000,1757.310040
20.000000,45.500000,1863.955127
21.000000,45.500000,1976.885837
22.000000,45.500000,2100.191900
23.000000,45.500000,2226.708583
24.000000,45.500000,2364.520928
25.000000,45.500000,2511.743586
13.000000,46.000000,1181.247541
14.000000,46.000000,1270.718858
15.000000,46.000000,1363.286949
16.000000,46.000000,1458.951816
17.000000,46.000000,1557.713457
18.000000,46.000000,1658.719856
19.000000,46.000000,1762.582025
20.000000,46.000000,1869.340052
21.000000,46.000000,1982.862035
22.000000,46.000000,2106.123877
23.000000,46.000000,2232.586398
24.000000,46.000000,2370.983087
25.000000,46.000000,2518.183760
13.000000,46.500000,1185.409266
14.000000,46.500000,1275.090239
15.000000,46.500000,1367.871463
16.000000,46.500000,1463.752938
17.000000,46.500000,1562.711466
18.000000,46.500000,1663.846688
19.000000,46.500000,1767.857925
20.000000,46.500000,1874.765358
21.000000,46.500000,1988.866845
22.000000,46.500000,2112.073463
23.000000,46.500000,2238.471218
24.000000,46.500000,2377.440480
25.000000,46.500000,2524.604168
13.000000,47.000000,1189.578034
14.000000,47.000000,1279.468836
15.000000,47.000000,1372.463365
16.000000,47.000000,1468.561621
17.000000,47.000000,1567.716965
18.000000,47.000000,1668.980754
19.000000,47.000000,1773.141076
20.000000,47.000000,1880.197931
21.000000,47.000000,1994.879475
22.000000,47.000000,2118.030401
23.000000,47.000000,2244.362936
24.000000,47.000000,2383.905332
25.000000,47.000000,2531.031635
13.000000,47.500000,1193.780954
14.000000,47.500000,1283.854709
15.000000,47.500000,1377.034202
16.000000,47.500000,1473.319432
17.000000,47.500000,1572.618743
18.000000,47.500000,1674.057877
19.000000,47.500000,1778.393996
20.000000,47.500000,1885.627099
21.000000,47.500000,2000.867914
22.000000,47.500000,2123.980701
23.000000,47.500000,2250.267524
24.000000,47.500000,2390.378136
25.000000,47.500000,2537.452664
13.000000,48.000000,1197.991068
14.000000,48.000000,1288.247878
15.000000,48.000000,1381.612436
16.000000,48.000000,1478.084742
17.000000,48.000000,1577.527700
18.000000,48.000000,1679.142213
19.000000,48.000000,1783.654158
20.000000,48.000000,1891.063534
21.000000,48.000000,2006.864133
22.000000,48.000000,2129.938403
23.000000,48.000000,2256.179140
24.000000,48.000000,2396.858508
25.000000,48.000000,2543.880761
13.000000,48.500000,1202.217142
14.000000,48.500000,1292.655709
15.000000,48.500000,1386.203935
16.000000,48.500000,1482.861820
17.000000,48.500000,1582.446145
18.000000,48.500000,1684.237226
19.000000,48.500000,1788.926221
20.000000,48.500000,1896.513131
21.000000,48.500000,2012.860080
22.000000,48.500000,2135.942493
23.000000,48.500000,2262.186524
24.000000,48.500000,2403.447782
25.000000,48.500000,2550.414691
13.000000,49.000000,1206.450440
14.000000,49.000000,1297.070860
15.000000,49.000000,1390.802850
16.000000,49.000000,1487.646409
17.000000,49.000000,1587.371770
18.000000,49.000000,1689.339453
19.000000,49.000000,1794.205529
20.000000,49.000000,1901.970000
21.000000,49.000000,2018.863819
22.000000,49.000000,2141.954127
23.000000,49.000000,2268.201198
24.000000,49.000000,2410.044902
25.000000,49.000000,2556.955942
13.000000,49.500000,1210.701320
14.000000,49.500000,1301.501835
15.000000,49.500000,1395.415621
16.000000,49.500000,1492.442676
17.000000,49.500000,1592.314676
18.000000,49.500000,1694.484141
19.000000,49.500000,1799.554143
20.000000,49.500000,1907.524682
21.000000,49.500000,2024.917134
22.000000,49.500000,2147.982939
23.000000,49.500000,2274.198344
24.000000,49.500000,2416.741338
25.000000,49.500000,2563.733418
13.000000,50.000000,1214.959466
14.000000,50.000000,1305.940163
15.000000,50.000000,1400.035831
16.000000,50.000000,1497.246470
17.000000,50.000000,1597.264789
18.000000,50.000000,1699.636150
19.000000,50.000000,1804.910192
20.000000,50.000000,1913.086914
21.000000,50.000000,2030.978430
22.000000,50.000000,2154.019365
23.000000,50.000000,2280.202739
24.000000,50.000000,2423.445866
25.000000,50.000000,2570.518791
13.000000,50.500000,1219.249015
14.000000,50.500000,1310.404726
15.000000,50.500000,1404.676128
16.000000,50.500000,1502.063219
17.000000,50.500000,1602.233985
18.000000,50.500000,1704.823442
19.000000,50.500000,1810.318902
20.000000,50.500000,1918.720364
21.000000,50.500000,2037.051650
22.000000,50.500000,2160.049537
23.000000,50.500000,2286.700215
24.000000,50.500000,2430.213093
25.000000,50.500000,2577.433879
13.000000,51.000000,1223.545974
14.000000,51.000000,1314.876749
15.000000,51.000000,1409.323932
16.000000,51.000000,1506.887522
17.000000,51.000000,1607.210423
18.000000,51.000000,1710.018150
19.000000,51.000000,1815.735202
20.000000,51.000000,1924.361580
21.000000,51.000000,2043.132937
22.000000,51.000000,2166.087331
23.000000,51.000000,2293.205761
24.000000,51.000000,2436.988563
25.000000,51.000000,2584.357184
13.000000,51.500000,1227.890499
14.000000,51.500000,1319.423793
15.000000,51.500000,1414.075839
16.000000,51.500000,1511.846638
17.000000,51.500000,1612.325063
18.000000,51.500000,1715.312683
19.000000,51.500000,1821.211380
20.000000,51.500000,1930.021152
21.000000,51.500000,2049.175078
22.000000,51.500000,2172.092465
23.000000,51.500000,2299.838414
24.000000,51.500000,2443.766133
25.000000,51.500000,2591.279136
13.000000,52.000000,1232.242578
14.000000,52.000000,1323.978523
15.000000,52.000000,1418.835566
16.000000,52.000000,1516.813705
17.000000,52.000000,1617.447338
18.000000,52.000000,1720.614942
19.000000,52.000000,1826.695372
20.000000,52.000000,1935.688630
21.000000,52.000000,2055.225294
22.000000,52.000000,2178.105182
23.000000,52.000000,2306.479335
24.000000,52.000000,2450.551939
25.000000,52.000000,2598.209291
13.000000,52.500000,1236.701508
14.000000,52.500000,1328.714724
15.000000,52.500000,1423.855772
16.000000,52.500000,1522.124652
17.000000,52.500000,1622.880602
18.000000,52.500000,1726.131479
19.000000,52.500000,1832.291219
20.000000,52.500000,1941.620717
21.000000,52.500000,2061.318948
22.000000,52.500000,2184.235932
23.000000,52.500000,2313.322188
24.000000,52.500000,2457.439364
13.000000,53.000000,1241.168354
14.000000,53.000000,1333.459210
15.000000,53.000000,1428.884638
16.000000,53.000000,1527.444636
17.000000,53.000000,1628.322400
18.000000,53.000000,1731.656336
19.000000,53.000000,1837.895174
20.000000,53.000000,1947.561128
21.000000,53.000000,2067.420798
22.000000,53.000000,2190.374586
23.000000,53.000000,2320.173874
24.000000,53.000000,2464.335291
13.000000,53.500000,1245.671367
14.000000,53.500000,1338.240673
15.000000,53.500000,1433.951232
16.000000,53.500000,1532.803044
17.000000,53.500000,1633.759567
18.000000,53.500000,1737.174482
19.000000,53.500000,1843.490315
20.000000,53.500000,1953.608363
21.000000,53.500000,2073.546429
22.000000,53.500000,2196.575238
23.000000,53.500000,2327.105735
24.000000,53.500000,2471.263117
12.000000,54.000000,1160.482201
13.000000,54.000000,1250.182387
14.000000,54.000000,1343.030512
15.000000,54.000000,1439.026574
16.000000,54.000000,1538.170574
17.000000,54.000000,1639.205226
18.000000,54.000000,1742.700903
19.000000,54.000000,1849.093518
20.000000,54.000000,1959.664045
21.000000,54.000000,2079.680321
22.000000,54.000000,2202.783967
23.000000,54.000000,2334.046660
24.000000,54.000000,2478.199530
12.000000,54.500000,1164.848629
13.000000,54.500000,1254.800961
14.000000,54.500000,1347.906233
15.000000,54.500000,1444.164444
16.000000,54.500000,1543.575596
17.000000,54.500000,1644.645291
18.000000,54.500000,1748.225765
19.000000,54.500000,1854.699507
20.000000,54.500000,1965.729928
21.000000,54.500000,2085.839436
22.000000,54.500000,2209.034355
23.000000,54.500000,2341.018917
24.000000,54.500000,2485.161346
12.000000,55.000000,1169.223120
13.000000,55.000000,1259.427886
14.000000,55.000000,1352.790592
15.000000,55.000000,1449.311239
16.000000,55.000000,1548.989826
17.000000,55.000000,1650.093812
18.000000,55.000000,1753.758883
19.000000,55.000000,1860.313553
20.000000,55.000000,1971.804295
21.000000,55.000000,2092.006914
22.000000,55.000000,2215.292984
23.000000,55.000000,2348.000404
24.000000,55.000000,2492.131869
12.000000,55.500000,1173.687195
13.000000,55.500000,1264.130890
14.000000,55.500000,1357.736390
15.000000,55.500000,1454.503696
16.000000,55.500000,1554.432809
17.000000,55.500000,1655.558174
18.000000,55.500000,1759.334818
19.000000,55.500000,1865.999233
20.000000,55.500000,1977.961604
21.000000,55.500000,2098.221788
22.000000,55.500000,2221.560835
23.000000,55.500000,2354.981383
24.000000,55.500000,2499.160905
12.000000,56.000000,1178.159624
13.000000,56.000000,1268.842479
14.000000,56.000000,1362.691003
15.000000,56.000000,1459.705196
16.000000,56.000000,1559.885058
17.000000,56.000000,1661.031038
18.000000,56.000000,1764.919147
19.000000,56.000000,1871.693200
20.000000,56.000000,1984.127691
21.000000,56.000000,2104.445185
22.000000,56.000000,2227.836955
23.000000,56.000000,2361.971591
24.000000,56.000000,2506.198847
12.000000,56.500000,1182.666860
13.000000,56.500000,1273.591069
14.000000,56.500000,1367.684558
15.000000,56.500000,1464.947326
16.000000,56.500000,1565.332667
17.000000,56.500000,1666.537131
18.000000,56.500000,1770.554612
19.000000,56.500000,1877.457247
20.000000,56.500000,1990.352689
21.000000,56.500000,2110.696942
22.000000,56.500000,2234.108788
23.000000,56.500000,2368.978231
24.000000,56.500000,2513.314784
12.000000,57.000000,1187.182581
13.000000,57.000000,1278.348376
14.000000,57.000000,1372.687057
15.000000,57.000000,1470.198623
16.000000,57.000000,1570.789400
17.000000,57.000000,1672.051838
18.000000,57.000000,1776.198638
19.000000,57.000000,1883.229799
20.000000,57.000000,1996.586662
21.000000,57.000000,2116.957310
22.000000,57.000000,2240.388874
23.000000,57.000000,2375.994161
24.000000,57.000000,2520.439890
12.000000,57.500000,1191.735419
13.000000,57.500000,1283.169852
14.000000,57.500000,1377.782939
15.000000,57.500000,1475.574680
16.000000,57.500000,1576.303830
17.000000,57.500000,1677.684683
18.000000,57.500000,1781.947351
19.000000,57.500000,1889.091835
20.000000,57.500000,2002.868658
21.000000,57.500000,2123.235717
22.000000,57.500000,2246.654989
23.000000,57.500000,2383.000182
24.000000,57.500000,2527.554267
12.000000,58.000000,1196.296871
13.000000,58.000000,1288.000284
14.000000,58.000000,1382.888120
15.000000,58.000000,1480.960380
16.000000,58.000000,1581.827484
17.000000,58.000000,1683.326608
18.000000,58.000000,1787.705002
19.000000,58.000000,1894.962667
20.000000,58.000000,2009.159789
21.000000,58.000000,2129.522788
22.000000,58.000000,2252.929310
23.000000,58.000000,2390.015461
24.000000,58.000000,2534.677779
12.000000,58.500000,1200.874970
13.000000,58.500000,1292.850163
14.000000,58.500000,1388.015608
15.000000,58.500000,1486.371305
16.000000,58.500000,1587.346711
17.000000,58.500000,1688.963945
18.000000,58.500000,1793.457920
19.000000,58.500000,1900.828636
20.000000,58.500000,2015.501366
21.000000,58.500000,2135.983914
22.000000,58.500000,2259.507415
23.000000,58.500000,2397.280552
24.000000,58.500000,2541.871719
12.000000,59.000000,1205.461717
13.000000,59.000000,1297.709038
14.000000,59.000000,1393.152441
15.000000,59.000000,1491.791927
16.000000,59.000000,1592.875122
17.000000,59.000000,1694.610324
18.000000,59.000000,1799.219737
19.000000,59.000000,1906.703364
20.000000,59.000000,2021.852200
21.000000,59.000000,2142.454157
22.000000,59.000000,2266.094498
23.000000,59.000000,2404.555539
24.000000,59.000000,2549.074960
12.000000,59.500000,1209.970922
13.000000,59.500000,1302.519240
14.000000,59.500000,1398.270671
15.000000,59.500000,1497.225214
16.000000,59.500000,1598.404607
17.000000,59.500000,1700.256072
18.000000,59.500000,1804.979093
19.000000,59.500000,1912.573669
20.000000,59.500000,2028.215933
21.000000,59.500000,2148.961427
22.000000,59.500000,2272.743998
23.000000,59.500000,2411.837323
24.000000,59.500000,2556.255042
12.000000,60.000000,1214.488510
13.000000,60.000000,1307.338276
14.000000,60.000000,1403.398180
15.000000,60.000000,1502.668223
16.000000,60.000000,1603.943261
17.000000,60.000000,1705.910840
18.000000,60.000000,1810.747320
19.000000,60.000000,1918.452700
20.000000,60.000000,2034.588940
21.000000,60.000000,2155.477899
22.000000,60.000000,2279.402628
23.000000,60.000000,2419.129020
24.000000,60.000000,2563.444363
12.000000,60.500000,1219.050933
13.000000,60.500000,1312.199507
14.000000,60.500000,1408.565067
15.000000,60.500000,1508.147615
16.000000,60.500000,1609.475337
17.000000,60.500000,1711.553849
18.000000,60.500000,1816.498814
19.000000,60.500000,1924.310231
20.000000,60.500000,2040.998345
21.000000,60.500000,2162.103413
22.000000,60.500000,2286.369906
23.000000,60.500000,2426.506631
24.000000,60.500000,2570.654715
12.000000,61.000000,1223.621863
13.000000,61.000000,1317.069681
14.000000,61.000000,1413.741330
15.000000,61.000000,1513.636811
16.000000,61.000000,1615.016545
17.000000,61.000000,1717.205842
18.000000,61.000000,1822.259145
19.000000,61.000000,1930.176455
20.000000,61.000000,2047.417188
21.000000,61.000000,2168.738477
22.000000,61.000000,2293.347108
23.000000,61.000000,2433.894420
24.000000,61.000000,2577.874370
12.000000,61.500000,1228.423549
13.000000,61.500000,1322.118367
14.000000,61.500000,1419.039892
15.000000,61.500000,1519.188125
16.000000,61.500000,1620.551112
17.000000,61.500000,1722.848792
18.000000,61.500000,1828.008109
19.000000,61.500000,1936.029064
20.000000,61.500000,2053.839797
21.000000,61.500000,2175.378240
22.000000,61.500000,2300.822781
23.000000,61.500000,2441.299585
24.000000,61.500000,2585.197440
12.000000,62.000000,1233.234563
13.000000,62.000000,1327.176606
14.000000,62.000000,1424.348224
15.000000,62.000000,1524.749418
16.000000,62.000000,1626.094771
17.000000,62.000000,1728.500687
18.000000,62.000000,1833.765872
19.000000,62.000000,1941.890327
20.000000,62.000000,2060.271857
21.000000,62.000000,2182.027556
22.000000,62.000000,2308.309356
23.000000,62.000000,2448.714982
24.000000,62.000000,2592.530092
12.000000,62.500000,1238.066641
13.000000,62.500000,1332.195240
14.000000,62.500000,1429.553698
15.000000,62.500000,1530.142016
16.000000,62.500000,1631.503901
17.000000,62.500000,1734.118110
18.000000,62.500000,1839.593193
19.000000,62.500000,1948.135547
20.000000,62.500000,2066.834131
21.000000,62.500000,2188.738411
22.000000,62.500000,2315.776194
23.000000,62.500000,2456.287652
24.000000,62.500000,2600.206586
12.000000,63.000000,1242.908103
13.000000,63.000000,1337.223287
14.000000,63.000000,1434.768615
15.000000,63.000000,1535.544085
16.000000,63.000000,1636.921867
17.000000,63.000000,1739.744492
18.000000,63.000000,1845.429594
19.000000,63.000000,1954.390421
20.000000,63.000000,2073.406260
21.000000,63.000000,2195.458994
22.000000,63.000000,2323.253880
23.000000,63.000000,2463.871016
24.000000,63.000000,2607.893617
12.000000,63.500000,1247.817569
13.000000,63.500000,1342.302618
14.000000,63.500000,1440.016960
15.000000,63.500000,1540.960595
16.000000,63.500000,1642.362672
17.000000,63.500000,1745.404681
18.000000,63.500000,1851.311373
19.000000,63.500000,1960.852508
20.000000,63.500000,2080.002117
21.000000,63.500000,2202.184840
22.000000,63.500000,2330.711725
23.000000,63.500000,2471.438087
12.000000,64.000000,1252.736637
13.000000,64.000000,1347.391513
14.000000,64.000000,1445.274831
15.000000,64.000000,1546.386594
16.000000,64.000000,1647.812356
17.000000,64.000000,1751.073908
18.000000,64.000000,1857.202344
19.000000,64.000000,1967.324675
20.000000,64.000000,2086.607872
21.000000,64.000000,2208.920404
22.000000,64.000000,2338.180370
23.000000,64.000000,2479.015808
12.000000,64.500000,1257.715707
13.000000,64.500000,1352.537012
14.000000,64.500000,1450.585777
15.000000,64.500000,1551.862002
16.000000,64.500000,1653.315979
17.000000,64.500000,1756.789851
18.000000,64.500000,1863.132155
19.000000,64.500000,1973.812976
20.000000,64.500000,2093.238437
21.000000,64.500000,2215.691199
22.000000,64.500000,2345.670952
23.000000,64.500000,2486.598640
11.000000,65.000000,1170.943368
12.000000,65.000000,1262.704570
13.000000,65.000000,1357.692250
14.000000,65.000000,1455.906408
15.000000,65.000000,1557.347044
16.000000,65.000000,1658.828632
17.000000,65.000000,1762.514951
18.000000,65.000000,1869.071248
19.000000,65.000000,1980.311376
20.000000,65.000000,2099.878988
21.000000,65.000000,2222.471869
22.000000,65.000000,2353.172535
23.000000,65.000000,2494.192189
11.000000,65.500000,1175.734718
12.000000,65.500000,1267.675966
13.000000,65.500000,1362.843205
14.000000,65.500000,1461.236435
15.000000,65.500000,1562.855657
16.000000,65.500000,1664.380748
17.000000,65.500000,1768.284808
18.000000,65.500000,1875.060627
19.000000,65.500000,1986.847930
20.000000,65.500000,2106.551149
21.000000,65.500000,2229.277370
22.000000,65.500000,2360.679291
23.000000,65.500000,2501.779314
11.000000,66.000000,1180.535786
12.000000,66.000000,1272.657071
13.000000,66.000000,1368.003860
14.000000,66.000000,1466.576154
15.000000,66.000000,1568.373952
16.000000,66.000000,1669.941986
17.000000,66.000000,1774.063926
18.000000,66.000000,1881.059406
19.000000,66.000000,1993.394666
20.000000,66.000000,2113.233363
21.000000,66.000000,2236.092795
22.000000,66.000000,2368.197045
23.000000,66.000000,2509.377120
11.000000,66.500000,1185.200551
12.000000,66.500000,1277.540824
13.000000,66.500000,1373.107460
14.000000,66.500000,1471.900460
15.000000,66.500000,1573.914382
16.000000,66.500000,1675.566059
17.000000,66.500000,1779.934374
18.000000,66.500000,1887.179470
19.000000,66.500000,2000.081706
20.000000,66.500000,2120.086082
21.000000,66.500000,2243.110930
11.000000,67.000000,1189.874512
12.000000,67.000000,1282.433923
13.000000,67.000000,1378.220547
14.000000,67.000000,1477.234385
15.000000,67.000000,1579.464532
16.000000,67.000000,1681.199422
17.000000,67.000000,1785.814336
18.000000,67.000000,1893.309275
19.000000,67.000000,2006.779330
20.000000,67.000000,2126.949356
21.000000,67.000000,2250.139592
11.000000,67.500000,1194.577353
12.000000,67.500000,1287.413951
13.000000,67.500000,1383.482392
14.000000,67.500000,1482.782676
15.000000,67.500000,1585.122825
16.000000,67.500000,1687.044393
17.000000,67.500000,1791.845814
18.000000,67.500000,1899.527090
19.000000,67.500000,2013.510184
20.000000,67.500000,2133.833461
21.000000,67.500000,2257.175785
11.000000,68.000000,1199.289468
12.000000,68.000000,1292.403621
13.000000,68.000000,1388.754240
14.000000,68.000000,1488.341325
15.000000,68.000000,1590.791042
16.000000,68.000000,1692.899313
17.000000,68.000000,1797.887264
18.000000,68.000000,1905.754898
19.000000,68.000000,2020.251720
20.000000,68.000000,2140.728171
21.000000,68.000000,2264.222506
11.000000,68.500000,1204.021385
12.000000,68.500000,1297.431556
13.000000,68.500000,1394.083917
14.000000,68.500000,1493.978469
15.000000,68.500000,1596.539459
16.000000,68.500000,1698.860229
17.000000,68.500000,1804.062491
18.000000,68.500000,1912.146243
19.000000,68.500000,2027.126545
20.000000,68.500000,2147.697794
21.000000,68.500000,2271.281597
11.000000,69.000000,1208.762617
12.000000,69.000000,1302.469242
13.000000,69.000000,1399.423775
14.000000,69.000000,1499.626217
15.000000,69.000000,1602.298040
16.000000,69.000000,1704.831431
17.000000,69.000000,1810.248123
18.000000,69.000000,1918.548117
19.000000,69.000000,2034.012520
20.000000,69.000000,2154.678261
21.000000,69.000000,2278.351234
11.000000,69.500000,1213.479881
12.000000,69.500000,1307.502516
13.000000,69.500000,1404.780657
14.000000,69.500000,1505.314305
15.000000,69.500000,1608.096236
16.000000,69.500000,1710.835638
17.000000,69.500000,1816.459404
18.000000,69.500000,1924.967535
19.000000,69.500000,2040.888482
20.000000,69.500000,2161.649850
21.000000,69.500000,2285.413397
11.000000,70.000000,1218.206326
12.000000,70.000000,1312.545482
13.000000,70.000000,1410.147743
14.000000,70.000000,1511.013111
15.000000,70.000000,1613.904726
16.000000,70.000000,1716.850227
17.000000,70.000000,1822.681154
18.000000,70.000000,1931.397508
19.000000,70.000000,2047.775533
20.000000,70.000000,2168.632237
21.000000,70.000000,2292.486072
11.000000,70.500000,1223.113680
12.000000,70.500000,1317.735485
13.000000,70.500000,1415.625413
14.000000,70.500000,1516.783464
15.000000,70.500000,1619.736064
16.000000,70.500000,1722.885054
17.000000,70.500000,1828.920213
18.000000,70.500000,1937.841540
19.000000,70.500000,2054.655355
20.000000,70.500000,2175.611847
11.000000,71.000000,1228.030885
12.000000,71.000000,1322.935708
13.000000,71.000000,1421.113667
14.000000,71.000000,1522.564764
15.000000,71.000000,1625.577750
16.000000,71.000000,1728.930304
17.000000,71.000000,1835.169768
18.000000,71.000000,1944.296140
19.000000,71.000000,2061.546230
20.000000,71.000000,2182.602253
11.000000,71.500000,1233.071437
12.000000,71.500000,1328.234447
13.000000,71.500000,1426.673715
14.000000,71.500000,1528.389241
15.000000,71.500000,1631.430942
16.000000,71.500000,1734.984603
17.000000,71.500000,1841.425864
18.000000,71.500000,1950.754727
19.000000,71.500000,2068.424334
20.000000,71.500000,2189.587771
11.000000,72.000000,1238.122294
12.000000,72.000000,1333.543748
13.000000,72.000000,1432.244579
14.000000,72.000000,1534.224785
15.000000,72.000000,1637.294490
16.000000,72.000000,1741.049326
17.000000,72.000000,1847.692453
18.000000,72.000000,1957.223873
19.000000,72.000000,2075.313445
20.000000,72.000000,2196.584059
11.000000,72.500000,1243.181038
12.000000,72.500000,1338.837627
13.000000,72.500000,1437.775789
14.000000,72.500000,1539.995523
15.000000,72.500000,1643.097126
16.000000,72.500000,1747.078675
17.000000,72.500000,1853.949702
18.000000,72.500000,1963.899380
19.000000,72.500000,2082.225284
20.000000,72.500000,2203.631287
11.000000,73.000000,1248.250078
12.000000,73.000000,1344.141975
13.000000,73.000000,1443.317640
14.000000,73.000000,1545.777071
15.000000,73.000000,1648.909928
16.000000,73.000000,1753.118332
17.000000,73.000000,1860.217396
18.000000,73.000000,1970.585891
19.000000,73.000000,2089.148218
20.000000,73.000000,2210.689496
11.000000,73.500000,1253.332202
12.000000,73.500000,1349.448016
13.000000,73.500000,1448.849072
14.000000,73.500000,1551.535370
15.000000,73.500000,1654.699828
16.000000,73.500000,1759.135887
17.000000,73.500000,1866.464414
18.000000,73.500000,1977.326313
19.000000,73.500000,2096.043208
20.000000,73.500000,2217.737178
11.000000,74.000000,1258.424640
12.000000,74.000000,1354.764500
13.000000,74.000000,1454.391074
14.000000,74.000000,1557.304364
15.000000,74.000000,1660.499811
16.000000,74.000000,1765.163684
17.000000,74.000000,1872.721830
18.000000,74.000000,1984.077909
19.000000,74.000000,2102.949264
20.000000,74.000000,2224.795818
11.000000,74.500000,1263.542328
12.000000,74.500000,1360.116245
13.000000,74.500000,1459.978989
14.000000,74.500000,1563.130561
15.000000,74.500000,1666.350258
16.000000,74.500000,1771.227171
17.000000,74.500000,1878.999714
18.000000,74.500000,1990.818826
19.000000,74.500000,2109.850908
20.000000,74.500000,2231.855602
11.000000,75.000000,1268.670393
12.000000,75.000000,1365.478531
13.000000,75.000000,1465.577609
14.000000,75.000000,1568.967627
15.000000,75.000000,1672.210936
16.000000,75.000000,1777.301002
17.000000,75.000000,1885.288053
18.000000,75.000000,1997.570914
19.000000,75.000000,2116.763611
20.000000,75.000000,2238.926333
11.000000,75.500000,1273.808341
12.000000,75.500000,1370.871090
13.000000,75.500000,1471.227626
14.000000,75.500000,1574.877946
15.000000,75.500000,1678.138527
16.000000,75.500000,1783.432159
17.000000,75.500000,1891.622812
18.000000,75.500000,2004.354792
19.000000,75.500000,2123.712003
20.000000,75.500000,2246.037431
11.000000,76.000000,1278.956671
12.000000,76.000000,1376.274276
13.000000,76.000000,1476.888510
14.000000,76.000000,1580.799372
15.000000,76.000000,1684.076553
16.000000,76.000000,1789.573816
17.000000,76.000000,1897.968134
18.000000,76.000000,2011.149873
19.000000,76.000000,2130.671509
20.000000,76.000000,2253.159556
11.000000,76.500000,1284.135369
12.000000,76.500000,1381.715567
13.000000,76.500000,1482.595573
14.000000,76.500000,1586.775387
15.000000,76.500000,1690.060855
16.000000,76.500000,1795.762513
17.000000,76.500000,1904.361251
18.000000,76.500000,2017.984083
19.000000,76.500000,2137.664802
20.000000,76.500000,2260.309938
11.000000,77.000000,1289.324530
12.000000,77.000000,1387.167592
13.000000,77.000000,1488.313638
14.000000,77.000000,1592.762668
15.000000,77.000000,1696.055713
16.000000,77.000000,1801.961829
17.000000,77.000000,1910.765049
18.000000,77.000000,2024.829580
19.000000,77.000000,2144.669279
20.000000,77.000000,2267.471399
11.000000,77.500000,1294.592844
12.000000,77.500000,1392.707027
13.000000,77.500000,1494.127757
14.000000,77.500000,1598.786151
15.000000,77.500000,1702.128503
16.000000,77.500000,1808.224816
17.000000,77.500000,1917.217391
18.000000,77.500000,2031.706608
19.000000,77.500000,2151.702232
20.000000,77.500000,2274.658458
10.000000,78.000000,1204.796401
11.000000,78.000000,1299.871897
12.000000,78.000000,1398.257498
13.000000,78.000000,1499.953204
14.000000,78.000000,1604.820979
15.000000,78.000000,1708.212078
16.000000,78.000000,1814.498596
17.000000,78.000000,1923.680533
18.000000,78.000000,2038.594987
19.000000,78.000000,2158.746431
20.000000,78.000000,2281.856657
10.000000,78.500000,1209.948046
11.000000,78.500000,1305.281402
12.000000,78.500000,1403.927424
13.000000,78.500000,1505.886110
14.000000,78.500000,1610.791436
15.000000,78.500000,1714.362580
16.000000,78.500000,1820.827596
17.000000,78.500000,1930.186484
18.000000,78.500000,2045.565662
19.000000,78.500000,2165.953376
20.000000,78.500000,2289.303061
10.000000,79.000000,1215.110679
11.000000,79.000000,1310.702136
12.000000,79.000000,1409.608815
13.000000,79.000000,1511.830716
14.000000,79.000000,1616.772902
15.000000,79.000000,1720.524057
16.000000,79.000000,1827.167534
17.000000,79.000000,1936.703335
18.000000,79.000000,2052.547932
19.000000,79.000000,2173.172081
20.000000,79.000000,2296.761393
10.000000,79.500000,1220.328955
11.000000,79.500000,1316.171135
12.000000,79.500000,1415.330457
13.000000,79.500000,1517.806921
14.000000,79.500000,1622.790184
15.000000,79.500000,1726.836972
16.000000,79.500000,1833.780750
17.000000,79.500000,1943.621518
18.000000,79.500000,2059.907811
19.000000,79.500000,2180.648777
20.000000,79.500000,2304.351284
10.000000,80.000000,1225.558409
11.000000,80.000000,1321.651515
12.000000,80.000000,1421.063679
13.000000,80.000000,1523.794903
14.000000,80.000000,1628.818564
15.000000,80.000000,1733.161355
16.000000,80.000000,1840.405803
17.000000,80.000000,1950.551909
18.000000,80.000000,2067.280474
19.000000,80.000000,2188.137999
20.000000,80.000000,2311.953445
10.000000,80.500000,1230.835349
11.000000,80.500000,1327.185425
12.000000,80.500000,1426.857283
13.000000,80.500000,1529.850922
14.000000,80.500000,1634.932884
15.000000,80.500000,1739.564480
16.000000,80.500000,1847.100637
17.000000,80.500000,1957.541354
18.000000,80.500000,2074.698419
19.000000,80.500000,2195.705402
10.000000,81.000000,1236.123623
11.000000,81.000000,1332.730897
12.000000,81.000000,1432.662672
13.000000,81.000000,1535.918950
14.000000,81.000000,1641.058617
15.000000,81.000000,1745.979345
16.000000,81.000000,1853.807528
17.000000,81.000000,1964.543166
18.000000,81.000000,2082.129240
19.000000,81.000000,2203.285509
10.000000,81.500000,1241.477628
11.000000,81.500000,1338.331554
12.000000,81.500000,1438.512177
13.000000,81.500000,1542.019497
14.000000,81.500000,1647.213962
15.000000,81.500000,1752.416557
16.000000,81.500000,1860.529232
17.000000,81.500000,1971.551987
18.000000,81.500000,2089.537074
19.000000,81.500000,2210.847293
10.000000,82.000000,1246.843198
11.000000,82.000000,1343.943952
12.000000,82.000000,1444.373597
13.000000,82.000000,1548.132134
14.000000,82.000000,1653.380788
15.000000,82.000000,1758.865552
16.000000,82.000000,1867.263011
17.000000,82.000000,1978.573167
18.000000,82.000000,2096.957696
19.000000,82.000000,2218.421700
10.000000,82.500000,1252.169643
11.000000,82.500000,1349.533496
12.000000,82.500000,1450.228888
13.000000,82.500000,1554.255817
14.000000,82.500000,1659.572525
15.000000,82.500000,1765.332154
16.000000,82.500000,1874.006828
17.000000,82.500000,1985.742868
18.000000,82.500000,2104.355416
19.000000,82.500000,2225.978180
10.000000,83.000000,1257.507441
11.000000,83.000000,1355.134640
12.000000,83.000000,1456.096022
13.000000,83.000000,1560.391587
14.000000,83.000000,1665.775795
15.000000,83.000000,1771.810564
16.000000,83.000000,1880.762721
17.000000,83.000000,1992.925271
18.000000,83.000000,2111.765832
19.000000,83.000000,2233.547200
10.000000,83.500000,1262.772728
11.000000,83.500000,1360.699388
12.000000,83.500000,1461.963781
13.000000,83.500000,1566.565908
14.000000,83.500000,1672.025153
15.000000,83.500000,1778.321242
16.000000,83.500000,1887.536856
17.000000,83.500000,2000.157861
18.000000,83.500000,2119.182627
19.000000,83.500000,2241.146484
10.000000,84.000000,1268.048995
11.000000,84.000000,1366.275530
12.000000,84.000000,1467.843338
13.000000,84.000000,1572.752418
14.000000,84.000000,1678.286151
15.000000,84.000000,1784.843787
16.000000,84.000000,1894.323084
17.000000,84.000000,2007.403216
18.000000,84.000000,2126.612112
19.000000,84.000000,2248.758383
10.000000,84.500000,1273.369020
11.000000,84.500000,1371.900501
12.000000,84.500000,1473.776450
13.000000,84.500000,1578.996868
14.000000,84.500000,1684.580954
15.000000,84.500000,1791.377801
16.000000,84.500000,1901.098229
17.000000,84.500000,2014.623416
18.000000,84.500000,2134.106319
19.000000,84.500000,2256.529386
10.000000,85.000000,1278.700163
11.000000,85.000000,1377.537023
12.000000,85.000000,1479.721528
13.000000,85.000000,1585.253679
14.000000,85.000000,1690.887460
15.000000,85.000000,1797.923678
16.000000,85.000000,1907.885396
17.000000,85.000000,2021.856306
18.000000,85.000000,2141.613443
19.000000,85.000000,2264.313536
10.000000,85.500000,1284.005677
11.000000,85.500000,1383.169481
12.000000,85.500000,1485.686520
13.000000,85.500000,1591.556793
14.000000,85.500000,1697.216125
15.000000,85.500000,1804.457767
16.000000,85.500000,1914.624841
17.000000,85.500000,2029.022123
18.000000,85.500000,2149.073057
19.000000,85.500000,2272.069245
10.000000,86.000000,1289.322158
11.000000,86.000000,1388.813426
12.000000,86.000000,1491.663510
13.000000,86.000000,1597.872411
14.000000,86.000000,1703.556572
15.000000,86.000000,1811.003673
16.000000,86.000000,1921.376140
17.000000,86.000000,2036.200436
18.000000,86.000000,2156.545435
19.000000,86.000000,2279.837981
10.000000,86.500000,1294.661009
11.000000,86.500000,1394.485587
12.000000,86.500000,1497.675424
13.000000,86.500000,1604.230521
14.000000,86.500000,1709.915765
15.000000,86.500000,1817.562900
16.000000,86.500000,1928.134726
17.000000,86.500000,2043.404763
18.000000,86.500000,2164.058454
19.000000,86.500000,2287.663010
10.000000,87.000000,1300.010883
11.000000,87.000000,1400.169305
12.000000,87.000000,1503.699429
13.000000,87.000000,1610.601253
14.000000,87.000000,1716.286771
15.000000,87.000000,1824.133952
16.000000,87.000000,1934.905148
17.000000,87.000000,2050.621625
18.000000,87.000000,2171.584327
19.000000,87.000000,2295.501212
10.000000,87.500000,1305.523367
11.000000,87.500000,1405.979317
12.000000,87.500000,1509.810731
13.000000,87.500000,1617.017610
14.000000,87.500000,1722.694497
15.000000,87.500000,1830.761991
16.000000,87.500000,1941.754279
17.000000,87.500000,2057.936997
18.000000,87.500000,2179.189261
19.000000,87.500000,2303.397498
10.000000,88.000000,1311.047512
11.000000,88.000000,1411.801357
12.000000,88.000000,1515.934426
13.000000,88.000000,1623.446719
14.000000,88.000000,1729.114130
15.000000,88.000000,1837.402023
16.000000,88.000000,1948.615488
17.000000,88.000000,2065.265220
18.000000,88.000000,2186.807288
19.000000,88.000000,2311.307113
10.000000,88.500000,1316.681849
11.000000,88.500000,1417.713922
12.000000,88.500000,1522.127753
13.000000,88.500000,1629.835563
14.000000,88.500000,1735.573601
15.000000,88.500000,1844.085128
16.000000,88.500000,1955.522996
17.000000,88.500000,2072.642745
18.000000,88.500000,2194.458732
19.000000,88.500000,2319.233287
10.000000,89.000000,1322.328267
11.000000,89.000000,1423.638843
12.000000,89.000000,1528.333704
13.000000,89.000000,1636.236945
14.000000,89.000000,1742.045089
15.000000,89.000000,1850.780343
16.000000,89.000000,1962.442707
17.000000,89.000000,2080.033251
18.000000,89.000000,2202.123341
19.000000,89.000000,2327.172802
10.000000,89.500000,1328.025212
11.000000,89.500000,1429.609187
12.000000,89.500000,1534.579697
13.000000,89.500000,1642.512744
14.000000,89.500000,1748.543911
15.000000,89.500000,1857.502881
16.000000,89.500000,1969.389655
17.000000,89.500000,2087.462990
18.000000,89.500000,2209.832606
19.000000,89.500000,2335.162823
10.000000,90.000000,1333.734403
11.000000,90.000000,1435.592023
12.000000,90.000000,1540.838426
13.000000,90.000000,1648.800527
14.000000,90.000000,1755.054808
15.000000,90.000000,1864.237585
16.000000,90.000000,1976.348859
17.000000,90.000000,2094.905799
18.000000,90.000000,2217.555146
19.000000,90.000000,2343.166316
10.000000,90.500000,1339.491567
11.000000,90.500000,1441.616555
12.000000,90.500000,1547.132521
13.000000,90.500000,1655.115801
14.000000,90.500000,1761.598958
15.000000,90.500000,1871.011333
16.000000,90.500000,1983.352926
17.000000,90.500000,2102.429132
18.000000,90.500000,2225.390340
9.000000,91.000000,1246.261724
10.000000,91.000000,1345.261129
11.000000,91.000000,1447.653702
12.000000,91.000000,1553.439444
13.000000,91.000000,1661.443128
14.000000,91.000000,1768.155270
15.000000,91.000000,1877.797351
16.000000,91.000000,1990.369368
17.000000,91.000000,2109.965785
18.000000,91.000000,2233.239168
9.000000,91.500000,1251.799005
10.000000,91.500000,1351.063358
11.000000,91.500000,1453.722734
12.000000,91.500000,1559.777133
13.000000,91.500000,1667.798547
14.000000,91.500000,1774.740491
15.000000,91.500000,1884.612687
16.000000,91.500000,1997.415136
17.000000,91.500000,2117.526120
18.000000,91.500000,2241.090206
9.000000,92.000000,1257.348558
10.000000,92.000000,1356.878072
11.000000,92.000000,1459.804460
12.000000,92.000000,1566.127723
13.000000,92.000000,1674.166089
14.000000,92.000000,1781.337940
15.000000,92.000000,1891.440357
16.000000,92.000000,2004.473340
17.000000,92.000000,2125.099808
18.000000,92.000000,2248.954837
9.000000,92.500000,1262.920654
10.000000,92.500000,1362.719519
11.000000,92.500000,1465.916524
12.000000,92.500000,1572.511668
13.000000,92.500000,1680.561854
14.000000,92.500000,1787.959753
15.000000,92.500000,1898.288304
16.000000,92.500000,2011.656389
17.000000,92.500000,2132.716939
18.000000,92.500000,2256.880711
9.000000,93.000000,1268.505061
10.000000,93.000000,1368.573509
11.000000,93.000000,1472.041354
12.000000,93.000000,1578.908598
13.000000,93.000000,1686.969800
14.000000,93.000000,1794.593837
15.000000,93.000000,1905.148611
16.000000,93.000000,2018.852222
17.000000,93.000000,2140.347527
18.000000,93.000000,2264.820347
9.000000,93.500000,1274.141061
10.000000,93.500000,1374.475327
11.000000,93.500000,1478.210258
12.000000,93.500000,1585.345854
13.000000,93.500000,1693.429286
14.000000,93.500000,1801.313366
15.000000,93.500000,1912.130366
16.000000,93.500000,2026.341901
17.000000,93.500000,2148.120924
18.000000,93.500000,2272.878198
9.000000,94.000000,1279.789547
10.000000,94.000000,1380.389837
11.000000,94.000000,1484.392056
12.000000,94.000000,1591.796204
13.000000,94.000000,1699.901109
14.000000,94.000000,1808.045446
15.000000,94.000000,1919.124886
16.000000,94.000000,2033.845326
17.000000,94.000000,2155.908271
18.000000,94.000000,2280.950198
9.000000,94.500000,1285.497779
10.000000,94.500000,1386.357674
11.000000,94.500000,1490.620609
12.000000,94.500000,1598.286585
13.000000,94.500000,1706.413621
14.000000,94.500000,1814.820129
15.000000,94.500000,1926.163712
16.000000,94.500000,2041.393342
17.000000,94.500000,2163.725721
18.000000,94.500000,2289.037071
9.000000,95.000000,1291.218708
10.000000,95.000000,1392.338379
11.000000,95.000000,1496.862198
12.000000,95.000000,1604.790167
13.000000,95.000000,1712.938581
14.000000,95.000000,1821.607477
15.000000,95.000000,1933.215418
16.000000,95.000000,2048.955215
17.000000,95.000000,2171.557179
18.000000,95.000000,2297.138097
9.000000,95.500000,1296.997669
10.000000,95.500000,1398.370208
11.000000,95.500000,1503.147691
12.000000,95.500000,1611.330118
13.000000,95.500000,1719.514083
14.000000,95.500000,1828.467284
15.000000,95.500000,1940.361804
16.000000,95.500000,2056.619130
17.000000,95.500000,2179.447279
18.000000,95.500000,2305.253595
9.000000,96.000000,1302.789532
10.000000,96.000000,1404.415073
11.000000,96.000000,1509.446350
12.000000,96.000000,1617.883363
13.000000,96.000000,1726.102178
14.000000,96.000000,1835.339975
15.000000,96.000000,1947.521360
16.000000,96.000000,2064.297173
17.000000,96.000000,2187.351521
18.000000,96.000000,2313.383248
9.000000,96.500000,1308.592713
10.000000,96.500000,1410.476544
11.000000,96.500000,1515.766381
12.000000,96.500000,1624.462226
13.000000,96.500000,1732.739606
14.000000,96.500000,1842.280249
15.000000,96.500000,1954.766645
16.000000,96.500000,2072.046529
17.000000,96.500000,2195.286718
18.000000,96.500000,2321.503193
9.000000,97.000000,1314.408774
10.000000,97.000000,1416.551054
11.000000,97.000000,1522.099605
12.000000,97.000000,1631.054429
13.000000,97.000000,1739.389767
14.000000,97.000000,1849.233605
15.000000,97.000000,1962.025350
16.000000,97.000000,2079.810176
17.000000,97.000000,2203.236107
18.000000,97.000000,2329.637232
9.000000,97.500000,1320.271005
10.000000,97.500000,1422.671225
11.000000,97.500000,1528.477433
12.000000,97.500000,1637.689629
13.000000,97.500000,1746.082364
14.000000,97.500000,1856.218583
15.000000,97.500000,1969.304469
16.000000,97.500000,2087.563313
17.000000,97.500000,2211.177611
18.000000,97.500000,2337.765776
9.000000,98.000000,1326.146260
10.000000,98.000000,1428.804575
11.000000,98.000000,1534.868586
12.000000,98.000000,1644.338293
13.000000,98.000000,1752.787805
14.000000,98.000000,1863.216711
15.000000,98.000000,1976.597035
16.000000,98.000000,2095.330667
17.000000,98.000000,2219.133237
18.000000,98.000000,2345.908347
9.000000,98.500000,1331.855017
10.000000,98.500000,1434.833955
11.000000,98.500000,1541.223009
12.000000,98.500000,1651.022177
13.000000,98.500000,1759.538356
14.000000,98.500000,1870.251989
15.000000,98.500000,1983.918311
16.000000,98.500000,2103.118334
17.000000,98.500000,2227.140090
18.000000,98.500000,2354.134329
9.000000,99.000000,1337.576008
10.000000,99.000000,1440.876011
11.000000,99.000000,1547.590546
12.000000,99.000000,1657.719612
13.000000,99.000000,1766.301876
14.000000,99.000000,1877.300510
15.000000,99.000000,1991.253094
16.000000,99.000000,2110.920264
17.000000,99.000000,2235.161213
18.000000,99.000000,2362.374586
9.000000,99.500000,1343.331526
10.000000,99.500000,1446.935209
11.000000,99.500000,1553.957159
12.000000,99.500000,1664.397376
13.000000,99.500000,1773.071395
14.000000,99.500000,1884.383036
15.000000,99.500000,1998.651618
16.000000,99.500000,2118.817471
17.000000,99.500000,2243.334540
9.000000,100.000000,1349.099375
10.000000,100.000000,1453.007098
11.000000,100.000000,1560.336823
12.000000,100.000000,1671.088549
13.000000,100.000000,1779.853861
14.000000,100.000000,1891.478892
15.000000,100.000000,2006.063848
16.000000,100.000000,2126.729287
17.000000,100.000000,2251.522662
9.000000,100.500000,1354.944839
10.000000,100.500000,1459.138682
11.000000,100.500000,1566.756736
12.000000,100.500000,1677.631309
13.000000,100.500000,1786.650370
14.000000,100.500000,1898.582185
15.000000,100.500000,2013.476958
9.000000,101.000000,1360.802923
10.000000,101.000000,1465.283163
11.000000,101.000000,1573.189819
12.000000,101.000000,1684.186852
13.000000,101.000000,1793.459827
14.000000,101.000000,1905.698784
15.000000,101.000000,2020.903725
9.000000,101.500000,1366.684682
10.000000,101.500000,1471.459947
11.000000,101.500000,1579.663525
12.000000,101.500000,1690.741524
13.000000,101.500000,1800.306997
14.000000,101.500000,1912.840955
15.000000,101.500000,2028.343400
9.000000,102.000000,1372.579093
10.000000,102.000000,1477.649702
11.000000,102.000000,1586.150512
12.000000,102.000000,1697.308925
13.000000,102.000000,1807.167208
14.000000,102.000000,1919.996477
15.000000,102.000000,2035.796732
9.000000,102.500000,1378.559739
10.000000,102.500000,1483.912969
11.000000,102.500000,1592.697626
12.000000,102.500000,1703.927351
13.000000,102.500000,1814.078294
14.000000,102.500000,1927.202891
9.000000,103.000000,1384.553365
10.000000,103.000000,1490.189466
11.000000,103.000000,1599.258213
12.000000,103.000000,1710.558653
13.000000,103.000000,1821.002567
14.000000,103.000000,1934.422800
9.000000,103.500000,1390.551270
10.000000,103.500000,1496.485820
11.000000,103.500000,1605.854699
12.000000,103.500000,1717.236980
13.000000,103.500000,1827.962456
14.000000,103.500000,1941.666342
9.000000,104.000000,1396.562106
10.000000,104.000000,1502.795427
11.000000,104.000000,1612.464750
12.000000,104.000000,1723.928317
13.000000,104.000000,1834.935618
14.000000,104.000000,1948.923418
9.000000,104.500000,1402.554230
10.000000,104.500000,1509.100640
11.000000,104.500000,1619.085448
12.000000,104.500000,1730.643196
13.000000,104.500000,1841.931378
14.000000,104.500000,1956.201617
9.000000,105.000000,1408.559124
10.000000,105.000000,1515.419012
11.000000,105.000000,1625.719685
12.000000,105.000000,1737.371128
13.000000,105.000000,1848.940448
14.000000,105.000000,1963.493380
9.000000,105.500000,1414.611278
10.000000,105.500000,1521.787455
11.000000,105.500000,1632.406717
12.000000,105.500000,1744.144883
13.000000,105.500000,1855.986115
14.000000,105.500000,1970.812318
8.000000,106.000000,1316.628862
9.000000,106.000000,1420.676349
10.000000,106.000000,1528.169212
11.000000,106.000000,1639.107452
12.000000,106.000000,1750.931816
13.000000,106.000000,1863.045181
14.000000,106.000000,1978.144872
8.000000,106.500000,1322.441315
9.000000,106.500000,1426.804850
10.000000,106.500000,1534.615624
11.000000,106.500000,1645.873639
12.000000,106.500000,1757.766082
13.000000,106.500000,1870.131957
14.000000,106.500000,1985.484629
8.000000,107.000000,1328.266491
9.000000,107.000000,1432.946487
10.000000,107.000000,1541.075573
11.000000,107.000000,1652.653747
12.000000,107.000000,1764.613659
13.000000,107.000000,1877.232185
14.000000,107.000000,1992.837978
8.000000,107.500000,1334.125756
9.000000,107.500000,1439.173153
10.000000,107.500000,1547.674289
11.000000,107.500000,1659.629162
12.000000,107.500000,1771.636661
13.000000,107.500000,1884.471044
14.000000,107.500000,2000.291205
8.000000,108.000000,1339.997835
9.000000,108.000000,1445.413272
10.000000,108.000000,1554.287081
11.000000,108.000000,1666.619261
12.000000,108.000000,1778.673609
13.000000,108.000000,1891.723832
14.000000,108.000000,2007.758344
8.000000,108.500000,1345.978171
9.000000,108.500000,1451.784918
10.000000,108.500000,1561.056613
11.000000,108.500000,1673.793255
12.000000,108.500000,1785.894245
13.000000,108.500000,1899.196648
14.000000,108.500000,2015.483697
8.000000,109.000000,1351.971783
9.000000,109.000000,1458.170558
10.000000,109.000000,1567.840849
11.000000,109.000000,1680.982656
12.000000,109.000000,1793.129499
13.000000,109.000000,1906.684189
14.000000,109.000000,2023.223880
8.000000,109.500000,1358.155249
9.000000,109.500000,1464.727762
10.000000,109.500000,1574.777912
11.000000,109.500000,1688.305702
12.000000,109.500000,1800.453625
13.000000,109.500000,1914.245192
14.000000,109.500000,2031.021340
8.000000,110.000000,1364.352819
9.000000,110.000000,1471.299673
10.000000,110.000000,1581.730288
11.000000,110.000000,1695.644664
12.000000,110.000000,1807.792667
13.000000,110.000000,1921.821150
14.000000,110.000000,2038.833791
8.000000,110.500000,1370.648967
9.000000,110.500000,1477.979858
10.000000,110.500000,1588.801086
11.000000,110.500000,1703.112651
12.000000,110.500000,1815.239137
13.000000,110.500000,1929.511409
14.000000,110.500000,2046.766997
8.000000,111.000000,1376.959609
9.000000,111.000000,1484.675174
10.000000,111.000000,1595.887653
11.000000,111.000000,1710.597044
12.000000,111.000000,1822.700890
13.000000,111.000000,1937.217005
14.000000,111.000000,2054.715589
8.000000,111.500000,1383.369363
9.000000,111.500000,1491.485524
10.000000,111.500000,1603.105683
11.000000,111.500000,1718.213845
12.000000,111.500000,1830.284542
13.000000,111.500000,1945.050576
14.000000,111.500000,2062.797685
8.000000,112.000000,1389.794002
9.000000,112.000000,1498.311457
10.000000,112.000000,1610.339994
11.000000,112.000000,1725.847552
12.000000,112.000000,1837.883891
13.000000,112.000000,1952.899903
14.000000,112.000000,2070.895586
8.000000,112.500000,1396.246581
9.000000,112.500000,1505.103491
10.000000,112.500000,1617.473533
11.000000,112.500000,1733.017655
12.000000,112.500000,1845.362723
13.000000,112.500000,1960.690095
14.000000,112.500000,2078.999770
8.000000,113.000000,1402.714104
9.000000,113.000000,1511.910884
10.000000,113.000000,1624.622832
11.000000,113.000000,1740.202580
12.000000,113.000000,1852.856696
13.000000,113.000000,1968.495744
14.000000,113.000000,2087.119725
8.000000,113.500000,1409.169977
9.000000,113.500000,1518.590643
10.000000,113.500000,1631.523429
11.000000,113.500000,1747.092294
12.000000,113.500000,1860.165100
13.000000,113.500000,1976.228753
8.000000,114.000000,1415.640667
9.000000,114.000000,1525.285115
10.000000,114.000000,1638.438634
11.000000,114.000000,1753.995617
12.000000,114.000000,1867.487889
13.000000,114.000000,1983.976906
8.000000,114.500000,1422.139689
9.000000,114.500000,1532.020432
10.000000,114.500000,1645.407167
11.000000,114.500000,1760.990443
12.000000,114.500000,1874.895403
13.000000,114.500000,1991.803507
8.000000,115.000000,1428.653585
9.000000,115.000000,1538.770576
10.000000,115.000000,1652.390474
11.000000,115.000000,1767.999187
12.000000,115.000000,1882.317578
13.000000,115.000000,1999.645503
8.000000,115.500000,1435.256358
9.000000,115.500000,1545.600949
10.000000,115.500000,1659.444712
11.000000,115.500000,1775.094212
12.000000,115.500000,1889.806809
13.000000,115.500000,2007.534399
8.000000,116.000000,1441.874350
9.000000,116.000000,1552.446441
10.000000,116.000000,1666.513968
11.000000,116.000000,1782.203444
12.000000,116.000000,1897.310906
13.000000,116.000000,2015.438811
8.000000,116.500000,1448.600291
9.000000,116.500000,1559.419027
10.000000,116.500000,1673.730518
11.000000,116.500000,1789.475487
12.000000,116.500000,1904.928156
13.000000,116.500000,2023.404110
8.000000,117.000000,1455.341882
9.000000,117.000000,1566.407234
10.000000,117.000000,1680.962658
11.000000,117.000000,1796.762332
12.000000,117.000000,1912.560656
13.000000,117.000000,2031.385097
8.000000,117.500000,1462.115089
9.000000,117.500000,1573.474558
10.000000,117.500000,1688.322900
11.000000,117.500000,1804.222566
12.000000,117.500000,1920.381186
13.000000,117.500000,2039.569492
8.000000,118.000000,1468.904016
9.000000,118.000000,1580.557786
10.000000,118.000000,1695.699219
11.000000,118.000000,1811.698243
12.000000,118.000000,1928.217650
13.000000,118.000000,2047.770305
8.000000,118.500000,1475.603100
9.000000,118.500000,1587.651990
10.000000,118.500000,1703.193184
11.000000,118.500000,1819.335627
12.000000,118.500000,1936.199602
13.000000,118.500000,2056.099564
8.000000,119.000000,1482.317414
9.000000,119.000000,1594.762077
10.000000,119.000000,1710.703671
11.000000,119.000000,1826.989049
12.000000,119.000000,1944.198005
13.000000,119.000000,2064.445680
8.000000,119.500000,1489.056697
9.000000,119.500000,1601.959338
10.000000,119.500000,1718.367688
11.000000,119.500000,1834.793895
12.000000,119.500000,1952.332529
13.000000,119.500000,2072.911859
7.000000,120.000000,1385.964197
8.000000,120.000000,1495.811260
9.000000,120.000000,1609.172804
10.000000,120.000000,1726.048830
11.000000,120.000000,1842.615336
12.000000,120.000000,1960.483986
13.000000,120.000000,2081.395304
7.000000,120.500000,1392.423710
8.000000,120.500000,1502.712260
9.000000,120.500000,1616.523312
10.000000,120.500000,1733.856867
11.000000,120.500000,1850.540778
12.000000,120.500000,1968.748444
13.000000,120.500000,2090.001296
7.000000,121.000000,1398.898236
8.000000,121.000000,1509.629142
9.000000,121.000000,1623.890568
10.000000,121.000000,1741.682513
11.000000,121.000000,1858.483173
12.000000,121.000000,1977.030224
13.000000,121.000000,2098.624973
7.000000,121.500000,1405.417422
8.000000,121.500000,1516.615006
9.000000,121.500000,1631.351668
10.000000,121.500000,1749.627406
11.000000,121.500000,1866.505902
12.000000,121.500000,1985.369710
13.000000,121.500000,2107.282718
7.000000,122.000000,1411.951756
8.000000,122.000000,1523.616997
9.000000,122.000000,1638.829864
10.000000,122.000000,1757.590357
11.000000,122.000000,1874.545842
12.000000,122.000000,1993.726679
13.000000,122.000000,2115.958211
7.000000,122.500000,1418.532178
8.000000,122.500000,1530.665350
9.000000,122.500000,1646.355034
10.000000,122.500000,1765.601229
11.000000,122.500000,1882.613869
12.000000,122.500000,2002.111425
13.000000,122.500000,2124.659752
7.000000,123.000000,1425.127885
8.000000,123.000000,1537.729966
9.000000,123.000000,1653.897440
10.000000,123.000000,1773.630307
11.000000,123.000000,1890.699177
12.000000,123.000000,2010.513707
13.000000,123.000000,2133.379074
7.000000,123.500000,1431.798450
8.000000,123.500000,1544.850183
9.000000,123.500000,1661.473860
10.000000,123.500000,1781.537951
11.000000,123.500000,1898.858898
12.000000,123.500000,2019.082942
7.000000,124.000000,1438.484578
8.000000,124.000000,1551.986845
9.000000,124.000000,1669.067591
10.000000,124.000000,1789.463156
11.000000,124.000000,1907.036127
12.000000,124.000000,2027.670317
7.000000,124.500000,1445.308751
8.000000,124.500000,1559.227354
9.000000,124.500000,1676.727953
7.000000,125.000000,1452.149071
8.000000,125.000000,1566.484712
9.000000,125.000000,1684.405841
7.000000,125.500000,1459.130148
8.000000,125.500000,1573.871493
9.000000,125.500000,1692.200934
7.000000,126.000000,1466.127966
8.000000,126.000000,1581.275643
9.000000,126.000000,1700.013998
7.000000,126.500000,1473.345092
8.000000,126.500000,1588.853130
9.000000,126.500000,1707.951569
7.000000,127.000000,1480.579933
8.000000,127.000000,1596.448712
9.000000,127.000000,1715.907593
7.000000,127.500000,1487.817073
8.000000,127.500000,1604.073813
9.000000,127.500000,1723.922979
7.000000,128.000000,1495.071844
8.000000,128.000000,1611.717054
9.000000,128.000000,1731.957000
7.000000,128.500000,1502.247908
8.000000,128.500000,1619.316424
9.000000,128.500000,1739.985544
7.000000,129.000000,1509.441140
8.000000,129.000000,1626.933648
9.000000,129.000000,1748.032622
7.000000,129.500000,1516.725502
8.000000,129.500000,1634.660526
9.000000,129.500000,1756.208393
7.000000,130.000000,1524.027380
8.000000,130.000000,1642.405680
9.000000,130.000000,1764.403193
