weight_g,780.000000
thrust_N,velocity_m_s,power_W
14.000000,0.000000,10236.959140
15.000000,0.000000,10963.071738
16.000000,0.000000,11714.040587
17.000000,0.000000,12489.865688
14.000000,0.500000,10239.023574
15.000000,0.500000,10965.566350
16.000000,0.500000,11716.989523
17.000000,0.500000,12493.293093
14.000000,1.000000,10241.088186
15.000000,1.000000,10968.061214
16.000000,1.000000,11719.938795
17.000000,1.000000,12496.720932
14.000000,1.500000,10243.175658
15.000000,1.500000,10970.581680
16.000000,1.500000,11722.916552
17.000000,1.500000,12500.180275
14.000000,2.000000,10245.263311
15.000000,2.000000,10973.102403
16.000000,2.000000,11725.894653
17.000000,2.000000,12503.640061
14.000000,2.500000,10247.374039
15.000000,2.500000,10975.648963
16.000000,2.500000,11728.901491
17.000000,2.500000,12507.131625
14.000000,3.000000,10249.484953
15.000000,3.000000,10978.195785
16.000000,3.000000,11731.908681
17.000000,3.000000,12510.623641
14.000000,3.500000,10251.619160
15.000000,3.500000,10980.768681
16.000000,3.500000,11734.944866
17.000000,3.500000,12514.147713
14.000000,4.000000,10253.753557
15.000000,4.000000,10983.341845
16.000000,4.000000,11737.981408
17.000000,4.000000,12517.672245
14.000000,4.500000,10255.911466
15.000000,4.500000,10985.941321
16.000000,4.500000,11741.047204
17.000000,4.500000,12521.229113
14.000000,5.000000,10258.069570
15.000000,5.000000,10988.541071
16.000000,5.000000,11744.113364
17.000000,5.000000,12524.786449
14.000000,5.500000,10260.251406
15.000000,5.500000,10991.167373
16.000000,5.500000,11747.209039
17.000000,5.500000,12528.376402
14.000000,6.000000,10262.433441
15.000000,6.000000,10993.793955
16.000000,6.000000,11750.305086
17.000000,6.000000,12531.966833
14.000000,6.500000,10264.690875
15.000000,6.500000,10996.481503
16.000000,6.500000,11753.446640
17.000000,6.500000,12535.586289
14.000000,7.000000,10266.948509
15.000000,7.000000,10999.169334
16.000000,7.000000,11756.588574
17.000000,7.000000,12539.206230
14.000000,7.500000,10269.250850
15.000000,7.500000,11001.912671
16.000000,7.500000,11759.797440
17.000000,7.500000,12542.905159
14.000000,8.000000,10271.553398
15.000000,8.000000,11004.656302
16.000000,8.000000,11763.006700
17.000000,8.000000,12546.604593
14.000000,8.500000,10273.885057
15.000000,8.500000,11007.426481
16.000000,8.500000,11766.239711
14.000000,9.000000,10276.216930
15.000000,9.000000,11010.196962
16.000000,9.000000,11769.473123
14.000000,9.500000,10278.574607
15.000000,9.500000,11012.987258
16.000000,9.500000,11772.719906
14.000000,10.000000,10280.932503
15.000000,10.000000,11015.777861
16.000000,10.000000,11775.967094
14.000000,10.500000,10283.315511
15.000000,10.500000,11018.587551
16.000000,10.500000,11779.226886
14.000000,11.000000,10285.698744
15.000000,11.000000,11021.397553
16.000000,11.000000,11782.487088
14.000000,11.500000,10288.106396
15.000000,11.500000,11024.225917
16.000000,11.500000,11785.759137
13.000000,12.000000,9579.410643
14.000000,12.000000,10290.514280
15.000000,12.000000,11027.054599
16.000000,12.000000,11789.031599
13.000000,12.500000,9581.515944
14.000000,12.500000,10292.996568
15.000000,12.500000,11029.935063
16.000000,12.500000,11792.331429
13.000000,13.000000,9583.621437
14.000000,13.000000,10295.479117
15.000000,13.000000,11032.815866
16.000000,13.000000,11795.631684
13.000000,13.500000,9585.772399
14.000000,13.500000,10298.022776
15.000000,13.500000,11035.774385
16.000000,13.500000,11799.027227
13.000000,14.000000,9587.923566
14.000000,14.000000,10300.566710
15.000000,14.000000,11038.733261
16.000000,14.000000,11802.423219
13.000000,14.500000,9590.103137
14.000000,14.500000,10303.236053
15.000000,14.500000,11041.921235
16.000000,14.500000,11806.158682
13.000000,15.000000,9592.282919
14.000000,15.000000,10305.905700
15.000000,15.000000,11045.109623
16.000000,15.000000,11809.894687
13.000000,15.500000,9594.486993
14.000000,15.500000,10308.604973
15.000000,15.500000,11048.333285
16.000000,15.500000,11813.671930
13.000000,16.000000,9596.691283
14.000000,16.000000,10311.304558
15.000000,16.000000,11051.557372
16.000000,16.000000,11817.449727
13.000000,16.500000,9598.912579
14.000000,16.500000,10313.983204
15.000000,16.500000,11054.719849
16.000000,16.500000,11821.122514
13.000000,17.000000,9601.134097
14.000000,17.000000,10316.662158
15.000000,17.000000,11057.882732
16.000000,17.000000,11824.795819
13.000000,17.500000,9603.367978
14.000000,17.500000,10319.311651
15.000000,17.500000,11060.971335
16.000000,17.500000,11828.347030
13.000000,18.000000,9605.602084
14.000000,18.000000,10321.961443
15.000000,18.000000,11064.060322
16.000000,18.000000,11831.898720
13.000000,18.500000,9608.125271
14.000000,18.500000,10324.836336
15.000000,18.500000,11067.305394
16.000000,18.500000,11835.532445
13.000000,19.000000,9610.648716
14.000000,19.000000,10327.711560
15.000000,19.000000,11070.550877
16.000000,19.000000,11839.166667
13.000000,19.500000,9613.229606
14.000000,19.500000,10330.636707
15.000000,19.500000,11073.838097
16.000000,19.500000,11842.833776
13.000000,20.000000,9615.810766
14.000000,20.000000,10333.562197
15.000000,20.000000,11077.125739
16.000000,20.000000,11846.501391
13.000000,20.500000,9618.437788
14.000000,20.500000,10336.589302
15.000000,20.500000,11080.574557
16.000000,20.500000,11850.393551
13.000000,21.000000,9621.065090
14.000000,21.000000,10339.616776
15.000000,21.000000,11084.023840
16.000000,21.000000,11854.286283
13.000000,21.500000,9623.759310
14.000000,21.500000,10342.802173
15.000000,21.500000,11087.728279
16.000000,21.500000,11858.537628
13.000000,22.000000,9626.453824
14.000000,22.000000,10345.987979
15.000000,22.000000,11091.433256
16.000000,22.000000,11862.789655
13.000000,22.500000,9629.002494
14.000000,22.500000,10349.072642
15.000000,22.500000,11095.085366
16.000000,22.500000,11867.040667
13.000000,23.000000,9631.551415
14.000000,23.000000,10352.157681
15.000000,23.000000,11098.737997
16.000000,23.000000,11871.292363
13.000000,23.500000,9633.858970
14.000000,23.500000,10355.073781
15.000000,23.500000,11102.299898
16.000000,23.500000,11875.537319
13.000000,24.000000,9636.166715
14.000000,24.000000,10357.990209
15.000000,24.000000,11105.862290
16.000000,24.000000,11879.782958
13.000000,24.500000,9638.921351
14.000000,24.500000,10361.241152
15.000000,24.500000,11109.637576
16.000000,24.500000,11884.110623
13.000000,25.000000,9641.676319
14.000000,25.000000,10364.492540
15.000000,25.000000,11113.413435
16.000000,25.000000,11888.439004
13.000000,25.500000,9644.467752
14.000000,25.500000,10367.776398
15.000000,25.500000,11117.217403
16.000000,25.500000,11892.790767
13.000000,26.000000,9647.259528
14.000000,26.000000,10371.060711
15.000000,26.000000,11121.021953
16.000000,26.000000,11897.143255
13.000000,26.500000,9650.092839
14.000000,26.500000,10374.407968
15.000000,26.500000,11124.912273
16.000000,26.500000,11901.605751
13.000000,27.000000,9652.926504
14.000000,27.000000,10377.755700
15.000000,27.000000,11128.803203
16.000000,27.000000,11906.069011
13.000000,27.500000,9655.843194
14.000000,27.500000,10381.272136
15.000000,27.500000,11132.954375
16.000000,27.500000,11910.889910
13.000000,28.000000,9658.760261
14.000000,28.000000,10384.789098
15.000000,28.000000,11137.106246
16.000000,28.000000,11915.711703
13.000000,28.500000,9661.752570
14.000000,28.500000,10388.422279
15.000000,28.500000,11141.418043
16.000000,28.500000,11920.739861
13.000000,29.000000,9664.745279
14.000000,29.000000,10392.056024
15.000000,29.000000,11145.730598
16.000000,29.000000,11925.768998
13.000000,29.500000,9667.898168
14.000000,29.500000,10395.823130
15.000000,29.500000,11150.147376
16.000000,29.500000,11930.870905
13.000000,30.000000,9671.051505
14.000000,30.000000,10399.590847
15.000000,30.000000,11154.564952
16.000000,30.000000,11935.973820
13.000000,30.500000,9674.611207
14.000000,30.500000,10403.662008
15.000000,30.500000,11159.174750
16.000000,30.500000,11941.149433
13.000000,31.000000,9678.171479
14.000000,31.000000,10407.733881
15.000000,31.000000,11163.785416
16.000000,31.000000,11946.326084
13.000000,31.500000,9681.772928
14.000000,31.500000,10411.850917
15.000000,31.500000,11168.445403
16.000000,31.500000,11951.556386
13.000000,32.000000,9685.374964
14.000000,32.000000,10415.968684
15.000000,32.000000,11173.106279
16.000000,32.000000,11956.787748
13.000000,32.500000,9689.011262
14.000000,32.500000,10420.127045
15.000000,32.500000,11177.814435
13.000000,33.000000,9692.648162
14.000000,33.000000,10424.286152
15.000000,33.000000,11182.523500
13.000000,33.500000,9696.378696
14.000000,33.500000,10428.614568
15.000000,33.500000,11187.482697
13.000000,34.000000,9700.109868
14.000000,34.000000,10432.943799
15.000000,34.000000,11192.442909
13.000000,34.500000,9704.054774
14.000000,34.500000,10437.542403
15.000000,34.500000,11197.731565
13.000000,35.000000,9708.000399
14.000000,35.000000,10442.141936
15.000000,35.000000,11203.021384
13.000000,35.500000,9712.278178
14.000000,35.500000,10447.024986
15.000000,35.500000,11208.541773
12.000000,36.000000,9008.006596
13.000000,36.000000,9716.556807
14.000000,36.000000,10451.909086
15.000000,36.000000,11214.063432
12.000000,36.500000,9012.140308
13.000000,36.500000,9721.175412
14.000000,36.500000,10457.036881
15.000000,36.500000,11219.724715
12.000000,37.000000,9016.274872
13.000000,37.000000,9725.795019
14.000000,37.000000,10462.165841
15.000000,37.000000,11225.387336
12.000000,37.500000,9020.457838
13.000000,37.500000,9730.462234
14.000000,37.500000,10467.341418
15.000000,37.500000,11231.095389
12.000000,38.000000,9024.641679
13.000000,38.000000,9735.130474
14.000000,38.000000,10472.518182
15.000000,38.000000,11236.804801
12.000000,38.500000,9028.863185
13.000000,38.500000,9739.838143
14.000000,38.500000,10477.736164
15.000000,38.500000,11242.557246
12.000000,39.000000,9033.085581
13.000000,39.000000,9744.546855
14.000000,39.000000,10482.955352
15.000000,39.000000,11248.311071
12.000000,39.500000,9037.345813
13.000000,39.500000,9749.295165
14.000000,39.500000,10488.215926
15.000000,39.500000,11254.108096
12.000000,40.000000,9041.606952
13.000000,40.000000,9754.044537
14.000000,40.000000,10493.477727
15.000000,40.000000,11259.906522
12.000000,40.500000,9046.312183
13.000000,40.500000,9759.371333
14.000000,40.500000,10499.458874
15.000000,40.500000,11266.574806
12.000000,41.000000,9051.018551
13.000000,41.000000,9764.699496
14.000000,41.000000,10505.441636
15.000000,41.000000,11273.244971
12.000000,41.500000,9056.137591
13.000000,41.500000,9770.385626
14.000000,41.500000,10511.722348
15.000000,41.500000,11280.147757
12.000000,42.000000,9061.258002
13.000000,42.000000,9776.073330
14.000000,42.000000,10518.004851
15.000000,42.000000,11287.052564
12.000000,42.500000,9066.671997
13.000000,42.500000,9781.971236
14.000000,42.500000,10524.407115
15.000000,42.500000,11293.979631
12.000000,43.000000,9072.087533
13.000000,43.000000,9787.870840
14.000000,43.000000,10530.811240
15.000000,43.000000,11300.908732
16.000000,43.000000,12049.376737
17.000000,43.000000,12783.514314
18.000000,43.000000,13539.340230
12.000000,43.500000,9077.480069
13.000000,43.500000,9793.629499
14.000000,43.500000,10536.947745
15.000000,43.500000,11307.434808
16.000000,43.500000,12053.970309
17.000000,43.500000,12788.381376
18.000000,43.500000,13544.488785
12.000000,44.000000,9082.874132
13.000000,44.000000,9799.389771
14.000000,44.000000,10543.085952
15.000000,44.000000,11313.962676
16.000000,44.000000,12058.564650
17.000000,44.000000,12793.249261
18.000000,44.000000,13549.638216
12.000000,44.500000,9088.275535
13.000000,44.500000,9805.163104
14.000000,44.500000,10549.243337
15.000000,44.500000,11320.516235
16.000000,44.500000,12063.421971
17.000000,44.500000,12798.760235
18.000000,44.500000,13555.832432
12.000000,45.000000,9093.678471
13.000000,45.000000,9810.938058
14.000000,45.000000,10555.402434
15.000000,45.000000,11327.071598
16.000000,45.000000,12068.280159
17.000000,45.000000,12804.272277
18.000000,45.000000,13562.027938
12.000000,45.500000,9099.106829
13.000000,45.500000,9816.780234
14.000000,45.500000,10561.673580
15.000000,45.500000,11333.786867
16.000000,45.500000,12073.303335
17.000000,45.500000,12809.917896
18.000000,45.500000,13568.323505
12.000000,46.000000,9104.536735
13.000000,46.000000,9822.624068
14.000000,46.000000,10567.946501
15.000000,46.000000,11340.504031
16.000000,46.000000,12078.327443
17.000000,46.000000,12815.564640
18.000000,46.000000,13574.620407
12.000000,46.500000,9110.947217
13.000000,46.500000,9829.340622
14.000000,46.500000,10574.973498
15.000000,46.500000,11347.845844
16.000000,46.500000,12083.750059
17.000000,46.500000,12821.479759
18.000000,46.500000,13581.047313
12.000000,47.000000,9117.359859
13.000000,47.000000,9836.059372
14.000000,47.000000,10582.002728
15.000000,47.000000,11355.189927
16.000000,47.000000,12089.173770
17.000000,47.000000,12827.396118
18.000000,47.000000,13587.475611
12.000000,47.500000,9124.305723
13.000000,47.500000,9843.463922
14.000000,47.500000,10589.880139
15.000000,47.500000,11363.554373
16.000000,47.500000,12095.245459
17.000000,47.500000,12833.725519
18.000000,47.500000,13594.067252
12.000000,48.000000,9131.254123
13.000000,48.000000,9850.871144
14.000000,48.000000,10597.760361
15.000000,48.000000,11371.921772
16.000000,48.000000,12101.318532
17.000000,48.000000,12840.056346
18.000000,48.000000,13600.660362
12.000000,48.500000,9137.866605
13.000000,48.500000,9858.043110
14.000000,48.500000,10605.514460
15.000000,48.500000,11380.280655
16.000000,48.500000,12107.395665
17.000000,48.500000,12846.388385
18.000000,48.500000,13607.251660
12.000000,49.000000,9144.481371
13.000000,49.000000,9865.217572
14.000000,49.000000,10613.271277
15.000000,49.000000,11388.642485
16.000000,49.000000,12113.474187
17.000000,49.000000,12852.721854
18.000000,49.000000,13613.844428
12.000000,49.500000,9151.047814
13.000000,49.500000,9872.363849
14.000000,49.500000,10621.021683
15.000000,49.500000,11397.021316
16.000000,49.500000,12119.582066
17.000000,49.500000,12859.110028
18.000000,49.500000,13620.518668
12.000000,50.000000,9157.616507
13.000000,50.000000,9879.512601
14.000000,50.000000,10628.774800
15.000000,50.000000,11405.403106
16.000000,50.000000,12125.691350
17.000000,50.000000,12865.499659
18.000000,50.000000,13627.194417
12.000000,50.500000,9164.366878
13.000000,50.500000,9886.792888
14.000000,50.500000,10636.605055
15.000000,50.500000,11412.433790
16.000000,50.500000,12131.948376
17.000000,50.500000,12872.179679
18.000000,50.500000,13634.311230
12.000000,51.000000,9171.119630
13.000000,51.000000,9894.075746
14.000000,51.000000,10644.438077
15.000000,51.000000,11419.466512
16.000000,51.000000,12138.206881
17.000000,51.000000,12878.861300
18.000000,51.000000,13641.429768
12.000000,51.500000,9178.054251
13.000000,51.500000,9901.569504
14.000000,51.500000,10652.512663
15.000000,51.500000,11425.582301
16.000000,51.500000,12144.857943
17.000000,51.500000,12886.068495
18.000000,51.500000,13649.213957
12.000000,52.000000,9184.991388
13.000000,52.000000,9909.065989
14.000000,52.000000,10660.590196
15.000000,52.000000,11431.699595
16.000000,52.000000,12151.510693
17.000000,52.000000,12893.277571
18.000000,52.000000,13657.000230
12.000000,52.500000,9193.156472
13.000000,52.500000,9917.554742
14.000000,52.500000,10669.403147
15.000000,52.500000,11438.286674
16.000000,52.500000,12158.610330
17.000000,52.500000,12900.908377
18.000000,52.500000,13665.180814
12.000000,53.000000,9201.325097
13.000000,53.000000,9926.047032
14.000000,53.000000,10678.219630
15.000000,53.000000,11444.875517
16.000000,53.000000,12165.711906
17.000000,53.000000,12908.541303
18.000000,53.000000,13673.363710
12.000000,53.500000,9209.662985
13.000000,53.500000,9934.844161
14.000000,53.500000,10687.486164
15.000000,53.500000,11452.070547
16.000000,53.500000,12173.256720
17.000000,53.500000,12916.443542
18.000000,53.500000,13681.631013
12.000000,54.000000,9218.004562
13.000000,54.000000,9943.645092
14.000000,54.000000,10696.756613
15.000000,54.000000,11459.267715
16.000000,54.000000,12180.803744
17.000000,54.000000,12924.348065
18.000000,54.000000,13689.900677
12.000000,54.500000,9226.428382
13.000000,54.500000,9952.609475
14.000000,54.500000,10706.277547
15.000000,54.500000,11466.772617
16.000000,54.500000,12188.574763
17.000000,54.500000,12932.387211
18.000000,54.500000,13698.209960
11.000000,55.000000,8535.637091
12.000000,55.000000,9234.855963
13.000000,55.000000,9961.577804
14.000000,55.000000,10715.802616
15.000000,55.000000,11474.279857
16.000000,55.000000,12196.348135
17.000000,55.000000,12940.428724
18.000000,55.000000,13706.521625
11.000000,55.500000,8543.782437
12.000000,55.500000,9243.474132
13.000000,55.500000,9970.680034
14.000000,55.500000,10725.400142
15.000000,55.500000,11481.790088
16.000000,55.500000,12204.129464
17.000000,55.500000,12948.483458
18.000000,55.500000,13714.852071
11.000000,56.000000,8551.931586
12.000000,56.000000,9252.096233
13.000000,56.000000,9979.786325
14.000000,56.000000,10735.001863
15.000000,56.000000,11489.302655
16.000000,56.000000,12211.913148
17.000000,56.000000,12956.540565
18.000000,56.000000,13723.184907
11.000000,56.500000,8560.501643
12.000000,56.500000,9261.039810
13.000000,56.500000,9989.105699
14.000000,56.500000,10744.699311
15.000000,56.500000,11496.826031
16.000000,56.500000,12219.730791
17.000000,56.500000,12964.656160
11.000000,57.000000,8569.075909
12.000000,57.000000,9269.987617
13.000000,57.000000,9998.429326
14.000000,57.000000,10754.401034
15.000000,57.000000,11504.351748
16.000000,57.000000,12227.550809
17.000000,57.000000,12972.774161
11.000000,57.500000,8577.991319
12.000000,57.500000,9279.191369
13.000000,57.500000,10007.916094
14.000000,57.500000,10764.165495
15.000000,57.500000,11511.998762
16.000000,57.500000,12235.757095
17.000000,57.500000,12981.559138
11.000000,58.000000,8586.911279
12.000000,58.000000,9288.399595
13.000000,58.000000,10017.407262
14.000000,58.000000,10773.934281
15.000000,58.000000,11519.648196
16.000000,58.000000,12243.966010
17.000000,58.000000,12990.346964
11.000000,58.500000,8596.912270
12.000000,58.500000,9298.691231
13.000000,58.500000,10027.981169
14.000000,58.500000,10784.782083
15.000000,58.500000,11528.340163
16.000000,58.500000,12252.977161
17.000000,58.500000,12999.680304
11.000000,59.000000,8606.918991
12.000000,59.000000,9308.988475
13.000000,59.000000,10038.560561
14.000000,59.000000,10795.635249
15.000000,59.000000,11537.035302
16.000000,59.000000,12261.991514
17.000000,59.000000,13009.016877
11.000000,59.500000,8616.913957
12.000000,59.500000,9319.320098
13.000000,59.500000,10049.224085
14.000000,59.500000,10806.625918
15.000000,59.500000,11545.949200
16.000000,59.500000,12271.287709
17.000000,59.500000,13018.701768
11.000000,60.000000,8626.914633
12.000000,60.000000,9329.657360
13.000000,60.000000,10059.893178
14.000000,60.000000,10817.622087
15.000000,60.000000,11554.866436
16.000000,60.000000,12280.587317
17.000000,60.000000,13028.390147
11.000000,60.500000,8636.952016
12.000000,60.500000,9340.197264
13.000000,60.500000,10070.943494
14.000000,60.500000,10829.190705
15.000000,60.500000,11564.291619
16.000000,60.500000,12290.226677
17.000000,60.500000,13038.239060
11.000000,61.000000,8646.995144
12.000000,61.000000,9350.743027
13.000000,61.000000,10081.999783
14.000000,61.000000,10840.765414
15.000000,61.000000,11573.720537
16.000000,61.000000,12299.869709
17.000000,61.000000,13048.091579
11.000000,61.500000,8657.908548
12.000000,61.500000,9361.925187
13.000000,61.500000,10093.437963
14.000000,61.500000,10852.446877
15.000000,61.500000,11583.158409
16.000000,61.500000,12309.520063
17.000000,61.500000,13057.949678
11.000000,62.000000,8668.828753
12.000000,62.000000,9373.113946
13.000000,62.000000,10104.882541
14.000000,62.000000,10864.134541
15.000000,62.000000,11592.600022
16.000000,62.000000,12319.174091
17.000000,62.000000,13067.811383
11.000000,62.500000,8679.980106
12.000000,62.500000,9384.455792
13.000000,62.500000,10116.395500
14.000000,62.500000,10875.799230
15.000000,62.500000,11602.028165
16.000000,62.500000,12328.821189
17.000000,62.500000,13077.673117
11.000000,63.000000,8691.138549
12.000000,63.000000,9395.804415
13.000000,63.000000,10127.914929
14.000000,63.000000,10887.470090
15.000000,63.000000,11611.460036
16.000000,63.000000,12338.471952
17.000000,63.000000,13087.538453
11.000000,63.500000,8702.733712
12.000000,63.500000,9407.447863
13.000000,63.500000,10139.575158
14.000000,63.500000,10899.115596
15.000000,63.500000,11620.879909
16.000000,63.500000,12348.117242
17.000000,63.500000,13097.405254
11.000000,64.000000,8714.336532
12.000000,64.000000,9419.098443
13.000000,64.000000,10151.242012
14.000000,64.000000,10910.767240
15.000000,64.000000,11630.303496
16.000000,64.000000,12357.766189
17.000000,64.000000,13107.275654
11.000000,64.500000,8726.607009
12.000000,64.500000,9431.530820
13.000000,64.500000,10163.811527
14.000000,64.500000,10923.449130
15.000000,64.500000,11640.947784
16.000000,64.500000,12368.908355
17.000000,64.500000,13118.925820
11.000000,65.000000,8738.886050
12.000000,65.000000,9443.971321
13.000000,65.000000,10176.388736
14.000000,65.000000,10936.138295
15.000000,65.000000,11651.596832
16.000000,65.000000,12380.055425
17.000000,65.000000,13130.581034
11.000000,65.500000,8751.312860
12.000000,65.500000,9456.873930
13.000000,65.500000,10189.765913
14.000000,65.500000,10949.988806
15.000000,65.500000,11663.153898
16.000000,65.500000,12391.857891
17.000000,65.500000,13142.622282
11.000000,66.000000,8763.748428
12.000000,66.000000,9469.785270
13.000000,66.000000,10203.151791
14.000000,66.000000,10963.847990
15.000000,66.000000,11674.716580
16.000000,66.000000,12403.665860
17.000000,66.000000,13154.668919
11.000000,66.500000,8776.612071
12.000000,66.500000,9483.051115
13.000000,66.500000,10216.811717
14.000000,66.500000,10977.316635
15.000000,66.500000,11686.469053
16.000000,66.500000,12415.681684
17.000000,66.500000,13166.942207
11.000000,67.000000,8789.485085
12.000000,67.000000,9496.326171
13.000000,67.000000,10230.480699
14.000000,67.000000,10990.793454
15.000000,67.000000,11698.227325
16.000000,67.000000,12427.703202
17.000000,67.000000,13179.221085
11.000000,67.500000,8803.388186
12.000000,67.500000,9510.353075
13.000000,67.500000,10244.599044
14.000000,67.500000,11002.422703
15.000000,67.500000,11710.021989
16.000000,67.500000,12439.650776
17.000000,67.500000,13191.309063
11.000000,68.000000,8817.302227
12.000000,68.000000,9524.390270
13.000000,68.000000,10258.727048
14.000000,68.000000,11014.057996
15.000000,68.000000,11721.822483
16.000000,68.000000,12451.603968
17.000000,68.000000,13203.402451
11.000000,68.500000,8831.230270
12.000000,68.500000,9538.416695
13.000000,68.500000,10272.817686
14.000000,68.500000,11025.647821
15.000000,68.500000,11733.474371
16.000000,68.500000,12463.299213
17.000000,68.500000,13215.122348
11.000000,69.000000,8845.169257
12.000000,69.000000,9552.453378
13.000000,69.000000,10286.917916
14.000000,69.000000,11037.243635
15.000000,69.000000,11745.131932
16.000000,69.000000,12474.999824
17.000000,69.000000,13226.847311
11.000000,69.500000,8859.505774
12.000000,69.500000,9566.647284
13.000000,69.500000,10300.915843
14.000000,69.500000,11048.558872
15.000000,69.500000,11756.644812
16.000000,69.500000,12486.700563
17.000000,69.500000,13238.726127
11.000000,70.000000,8873.853852
12.000000,70.000000,9580.851665
13.000000,70.000000,10314.923205
14.000000,70.000000,11059.879796
15.000000,70.000000,11768.163213
16.000000,70.000000,12498.406661
17.000000,70.000000,13250.610140
11.000000,70.500000,8888.453479
12.000000,70.500000,9595.261832
13.000000,70.500000,10329.086573
14.000000,70.500000,11071.386380
15.000000,70.500000,11779.859263
16.000000,70.500000,12510.281571
17.000000,70.500000,13262.653304
11.000000,71.000000,8903.065060
12.000000,71.000000,9609.682766
13.000000,71.000000,10343.259575
14.000000,71.000000,11082.898836
15.000000,71.000000,11791.561005
16.000000,71.000000,12522.161994
17.000000,71.000000,13274.701804
11.000000,71.500000,8918.193608
12.000000,71.500000,9625.269445
13.000000,71.500000,10359.294394
14.000000,71.500000,11096.761839
15.000000,71.500000,11805.480558
16.000000,71.500000,12536.114884
11.000000,72.000000,8933.334954
12.000000,72.000000,9640.868698
13.000000,72.000000,10375.341562
14.000000,72.000000,11110.633415
15.000000,72.000000,11819.408222
16.000000,72.000000,12550.075434
11.000000,72.500000,8949.673493
12.000000,72.500000,9657.223758
13.000000,72.500000,10391.666799
14.000000,72.500000,11124.490314
15.000000,72.500000,11833.421788
16.000000,72.500000,12564.228677
10.000000,73.000000,8285.307673
11.000000,73.000000,8966.026910
12.000000,73.000000,9673.592618
13.000000,73.000000,10408.004796
14.000000,73.000000,11138.355755
15.000000,73.000000,11847.443554
16.000000,73.000000,12578.389786
10.000000,73.500000,8302.149054
11.000000,73.500000,8982.766467
12.000000,73.500000,9690.169880
13.000000,73.500000,10424.359294
14.000000,73.500000,11152.179657
15.000000,73.500000,11861.422976
16.000000,73.500000,12592.507816
10.000000,74.000000,8319.007493
11.000000,74.000000,8999.521583
12.000000,74.000000,9706.761271
13.000000,74.000000,10440.726555
14.000000,74.000000,11166.012038
15.000000,74.000000,11875.410537
16.000000,74.000000,12606.633654
10.000000,74.500000,8335.847529
11.000000,74.500000,9016.264494
12.000000,74.500000,9723.347427
13.000000,74.500000,10457.096329
14.000000,74.500000,11179.914054
15.000000,74.500000,11889.428631
16.000000,74.500000,12620.748449
10.000000,75.000000,8352.704549
11.000000,75.000000,9033.022912
12.000000,75.000000,9739.947679
13.000000,75.000000,10473.478849
14.000000,75.000000,11193.824625
15.000000,75.000000,11903.454890
16.000000,75.000000,12634.871030
10.000000,75.500000,8370.264639
11.000000,75.500000,9050.378359
12.000000,75.500000,9757.028885
13.000000,75.500000,10490.216218
14.000000,75.500000,11208.078141
15.000000,75.500000,11917.728533
16.000000,75.500000,12649.139025
10.000000,76.000000,8387.843127
11.000000,76.000000,9067.750412
12.000000,76.000000,9774.124996
13.000000,76.000000,10506.966879
14.000000,76.000000,11222.340639
15.000000,76.000000,11932.010630
16.000000,76.000000,12663.414962
10.000000,76.500000,8405.468870
11.000000,76.500000,9085.156215
12.000000,76.500000,9791.240465
13.000000,76.500000,10523.721621
14.000000,76.500000,11236.795702
15.000000,76.500000,11946.660579
16.000000,76.500000,12678.244354
10.000000,77.000000,8423.113072
11.000000,77.000000,9102.578658
12.000000,77.000000,9808.370847
13.000000,77.000000,10540.489640
14.000000,77.000000,11251.259983
15.000000,77.000000,11961.319422
16.000000,77.000000,12693.082323
10.000000,77.500000,8441.230053
11.000000,77.500000,9120.762781
12.000000,77.500000,9826.572623
13.000000,77.500000,10558.659578
14.000000,77.500000,11266.976952
15.000000,77.500000,11976.803205
16.000000,77.500000,12708.289398
10.000000,78.000000,8459.366459
11.000000,78.000000,9138.965004
12.000000,78.000000,9844.791217
13.000000,78.000000,10576.845098
14.000000,78.000000,11282.704811
15.000000,78.000000,11992.296915
16.000000,78.000000,12723.505480
10.000000,78.500000,8479.490772
11.000000,78.500000,9158.852014
12.000000,78.500000,9864.362709
13.000000,78.500000,10596.022859
14.000000,78.500000,11299.448052
15.000000,78.500000,12008.959255
16.000000,78.500000,12740.050876
10.000000,79.000000,8499.638971
11.000000,79.000000,9178.760605
12.000000,79.000000,9883.953591
13.000000,79.000000,10615.217930
14.000000,79.000000,11316.203634
15.000000,79.000000,12025.633080
16.000000,79.000000,12756.606932
10.000000,79.500000,8519.671523
11.000000,79.500000,9198.539909
12.000000,79.500000,9903.401224
13.000000,79.500000,10634.255467
14.000000,79.500000,11333.009790
15.000000,79.500000,12042.517047
16.000000,79.500000,12773.542260
10.000000,80.000000,8539.727631
11.000000,80.000000,9218.340469
12.000000,80.000000,9922.867925
13.000000,80.000000,10653.309999
14.000000,80.000000,11349.828345
15.000000,80.000000,12059.412777
16.000000,80.000000,12790.488734
10.000000,80.500000,8559.724769
11.000000,80.500000,9238.066939
12.000000,80.500000,9942.244817
13.000000,80.500000,10672.258401
14.000000,80.500000,11366.617919
15.000000,80.500000,12076.258478
16.000000,80.500000,12807.363002
10.000000,81.000000,8579.745268
11.000000,81.000000,9257.814459
12.000000,81.000000,9961.640562
13.000000,81.000000,10691.223577
14.000000,81.000000,11383.419830
15.000000,81.000000,12093.115857
16.000000,81.000000,12824.248306
10.000000,81.500000,8600.594539
11.000000,81.500000,9278.409353
12.000000,81.500000,9981.901598
13.000000,81.500000,10710.850680
14.000000,81.500000,11400.871242
15.000000,81.500000,12110.310971
16.000000,81.500000,12841.139908
10.000000,82.000000,8621.469091
11.000000,82.000000,9299.027098
12.000000,82.000000,10002.183174
13.000000,82.000000,10730.495722
14.000000,82.000000,11418.335950
15.000000,82.000000,12127.518223
16.000000,82.000000,12858.042540
10.000000,82.500000,8642.270490
11.000000,82.500000,9319.578545
12.000000,82.500000,10022.406398
13.000000,82.500000,10748.180815
14.000000,82.500000,11435.910805
15.000000,82.500000,12144.941909
16.000000,82.500000,12875.274127
10.000000,83.000000,8663.096932
11.000000,83.000000,9340.152644
12.000000,83.000000,10042.650001
13.000000,83.000000,10765.880407
14.000000,83.000000,11453.499103
15.000000,83.000000,12162.378023
16.000000,83.000000,12892.517164
10.000000,83.500000,8685.297722
11.000000,83.500000,9361.752563
12.000000,83.500000,10063.541715
13.000000,83.500000,10783.986603
14.000000,83.500000,11471.761496
15.000000,83.500000,12180.771302
16.000000,83.500000,12911.016021
10.000000,84.000000,8707.526902
11.000000,84.000000,9383.377399
12.000000,84.000000,10084.455093
13.000000,84.000000,10802.107952
14.000000,84.000000,11490.038367
15.000000,84.000000,12199.178398
16.000000,84.000000,12929.528047
10.000000,84.500000,8730.781101
11.000000,84.500000,9406.300526
12.000000,84.500000,10106.957835
13.000000,84.500000,10822.134126
14.000000,84.500000,11509.663865
15.000000,84.500000,12218.340503
16.000000,84.500000,12948.164039
10.000000,85.000000,8754.066291
11.000000,85.000000,9429.251595
12.000000,85.000000,10129.485622
13.000000,85.000000,10842.178804
14.000000,85.000000,11529.306052
15.000000,85.000000,12237.517570
16.000000,85.000000,12966.813357
10.000000,85.500000,8777.175137
11.000000,85.500000,9452.032857
12.000000,85.500000,10151.851564
13.000000,85.500000,10862.191456
14.000000,85.500000,11549.245166
15.000000,85.500000,12257.340692
10.000000,86.000000,8800.314426
11.000000,86.000000,9474.841579
12.000000,86.000000,10174.242137
13.000000,86.000000,10882.222516
14.000000,86.000000,11569.201448
15.000000,86.000000,12277.179781
10.000000,86.500000,8823.553655
11.000000,86.500000,9497.660522
12.000000,86.500000,10196.546881
13.000000,86.500000,10902.238590
14.000000,86.500000,11589.331462
15.000000,86.500000,12297.392865
10.000000,87.000000,8846.823509
11.000000,87.000000,9520.506884
12.000000,87.000000,10218.876012
13.000000,87.000000,10922.273009
14.000000,87.000000,11609.478912
15.000000,87.000000,12317.622497
10.000000,87.500000,8870.964740
11.000000,87.500000,9544.273696
12.000000,87.500000,10242.176342
13.000000,87.500000,10943.288035
14.000000,87.500000,11630.250987
15.000000,87.500000,12338.097639
10.000000,88.000000,8895.138849
11.000000,88.000000,9568.070116
12.000000,88.000000,10265.503175
13.000000,88.000000,10964.323216
14.000000,88.000000,11651.041572
15.000000,88.000000,12358.589708
10.000000,88.500000,8919.380191
11.000000,88.500000,9591.951244
12.000000,88.500000,10288.933742
13.000000,88.500000,10985.491872
14.000000,88.500000,11671.870470
15.000000,88.500000,12379.019188
10.000000,89.000000,8943.654505
11.000000,89.000000,9615.862117
12.000000,89.000000,10312.390989
13.000000,89.000000,11006.680900
14.000000,89.000000,11692.717911
15.000000,89.000000,12399.465461
10.000000,89.500000,8969.238620
11.000000,89.500000,9640.526718
12.000000,89.500000,10336.003225
13.000000,89.500000,11027.892824
14.000000,89.500000,11713.811171
15.000000,89.500000,12420.393987
9.000000,90.000000,8348.551560
10.000000,90.000000,8994.859271
11.000000,90.000000,9665.222897
12.000000,90.000000,10359.642437
13.000000,90.000000,11049.125126
14.000000,90.000000,11734.923384
15.000000,90.000000,12441.340089
9.000000,90.500000,8374.720278
10.000000,90.500000,9020.760294
11.000000,90.500000,9690.763601
12.000000,90.500000,10384.730198
13.000000,90.500000,11072.114349
14.000000,90.500000,11757.628199
15.000000,90.500000,12463.701787
9.000000,91.000000,8400.929944
10.000000,91.000000,9046.698551
11.000000,91.000000,9716.337996
12.000000,91.000000,10409.848278
13.000000,91.000000,11095.127430
14.000000,91.000000,11780.354916
15.000000,91.000000,12486.083509
9.000000,91.500000,8426.941423
10.000000,91.500000,9072.680675
11.000000,91.500000,9742.217008
12.000000,91.500000,10435.550422
13.000000,91.500000,11118.717102
14.000000,91.500000,11803.415826
15.000000,91.500000,12508.541925
9.000000,92.000000,8452.993107
10.000000,92.000000,9098.700051
11.000000,92.000000,9768.130427
12.000000,92.000000,10461.284236
13.000000,92.000000,11142.331796
14.000000,92.000000,11826.499245
15.000000,92.000000,12531.020466
9.000000,92.500000,8479.655890
10.000000,92.500000,9125.129163
11.000000,92.500000,9794.236449
12.000000,92.500000,10486.977747
13.000000,92.500000,11165.966919
14.000000,92.500000,11849.806588
15.000000,92.500000,12553.938693
9.000000,93.000000,8506.360656
10.000000,93.000000,9151.596600
11.000000,93.000000,9820.377298
12.000000,93.000000,10512.702751
13.000000,93.000000,11189.627053
14.000000,93.000000,11873.136837
15.000000,93.000000,12576.877810
9.000000,93.500000,8533.886659
10.000000,93.500000,9178.851778
11.000000,93.500000,9847.268329
12.000000,93.500000,10539.136312
13.000000,93.500000,11213.980833
14.000000,93.500000,11897.102385
15.000000,93.500000,12600.389539
9.000000,94.000000,8561.457125
10.000000,94.000000,9206.147478
11.000000,94.000000,9874.196118
12.000000,94.000000,10565.603046
13.000000,94.000000,11238.361061
14.000000,94.000000,11921.092062
15.000000,94.000000,12623.923183
9.000000,94.500000,8589.645922
10.000000,94.500000,9233.990793
11.000000,94.500000,9901.594694
12.000000,94.500000,10592.457626
13.000000,94.500000,11263.012069
14.000000,94.500000,11945.178039
15.000000,94.500000,12647.368322
9.000000,95.000000,8617.881048
10.000000,95.000000,9261.876146
11.000000,95.000000,9929.031221
12.000000,95.000000,10619.346272
13.000000,95.000000,11287.690059
14.000000,95.000000,11969.288290
15.000000,95.000000,12670.835170
9.000000,95.500000,8646.517455
10.000000,95.500000,9289.971161
11.000000,95.500000,9956.471812
12.000000,95.500000,10646.019409
13.000000,95.500000,11312.174296
14.000000,95.500000,11993.213325
15.000000,95.500000,12694.126507
9.000000,96.000000,8675.201362
10.000000,96.000000,9318.108721
11.000000,96.000000,9983.950260
12.000000,96.000000,10672.725981
13.000000,96.000000,11336.685032
14.000000,96.000000,12017.162212
15.000000,96.000000,12717.439188
9.000000,96.500000,8703.717497
10.000000,96.500000,9346.292367
11.000000,96.500000,10011.704838
12.000000,96.500000,10699.938782
13.000000,96.500000,11361.984475
14.000000,96.500000,12042.124653
15.000000,96.500000,12742.002175
9.000000,97.000000,8732.280422
10.000000,97.000000,9374.518569
11.000000,97.000000,10039.497930
12.000000,97.000000,10727.186211
13.000000,97.000000,11387.312093
14.000000,97.000000,12067.112963
15.000000,97.000000,12766.588822
9.000000,97.500000,8760.917485
10.000000,97.500000,9403.489818
11.000000,97.500000,10068.754170
12.000000,97.500000,10754.981997
13.000000,97.500000,11414.604667
14.000000,97.500000,12093.823054
15.000000,97.500000,12792.637157
9.000000,98.000000,8789.601426
10.000000,98.000000,9432.505762
11.000000,98.000000,10098.052968
12.000000,98.000000,10782.813735
13.000000,98.000000,11441.929891
14.000000,98.000000,12120.562648
15.000000,98.000000,12818.712006
9.000000,98.500000,8819.467073
10.000000,98.500000,9462.308831
11.000000,98.500000,10127.714281
12.000000,98.500000,10810.531430
13.000000,98.500000,11469.116777
14.000000,98.500000,12147.138807
15.000000,98.500000,12844.597519
9.000000,99.000000,8849.383372
10.000000,99.000000,9492.158907
11.000000,99.000000,10157.419086
12.000000,99.000000,10838.284691
13.000000,99.000000,11496.335905
14.000000,99.000000,12173.744044
15.000000,99.000000,12870.509108
9.000000,99.500000,8879.881279
10.000000,99.500000,9522.478598
11.000000,99.500000,10187.472890
12.000000,99.500000,10866.289217
13.000000,99.500000,11523.869953
14.000000,99.500000,12200.731482
9.000000,100.000000,8910.431649
10.000000,100.000000,9552.846634
11.000000,100.000000,10217.571083
12.000000,100.000000,10894.329863
13.000000,100.000000,11551.436915
14.000000,100.000000,12227.748775
9.000000,100.500000,8941.434479
10.000000,100.500000,9583.638776
11.000000,100.500000,10248.062618
12.000000,100.500000,10922.804771
13.000000,100.500000,11579.598083
14.000000,100.500000,12255.529015
9.000000,101.000000,8972.491151
10.000000,101.000000,9614.480464
11.000000,101.000000,10278.599575
12.000000,101.000000,10951.316832
13.000000,101.000000,11607.793518
14.000000,101.000000,12283.340749
9.000000,101.500000,9003.374037
10.000000,101.500000,9645.119379
11.000000,101.500000,10308.903814
12.000000,101.500000,10979.606296
13.000000,101.500000,11635.791656
14.000000,101.500000,12310.982670
9.000000,102.000000,9034.309981
10.000000,102.000000,9675.807033
11.000000,102.000000,10339.252653
12.000000,102.000000,11007.932238
13.000000,102.000000,11663.823500
14.000000,102.000000,12338.655629
9.000000,102.500000,9065.042179
10.000000,102.500000,9706.272397
11.000000,102.500000,10369.360480
12.000000,102.500000,11036.045528
13.000000,102.500000,11691.667144
14.000000,102.500000,12366.166928
9.000000,103.000000,9095.826560
10.000000,103.000000,9736.785644
11.000000,103.000000,10399.512071
12.000000,103.000000,11064.194657
13.000000,103.000000,11719.543959
14.000000,103.000000,12393.708833
9.000000,103.500000,9126.949805
10.000000,103.500000,9768.342863
11.000000,103.500000,10431.460028
12.000000,103.500000,11094.654887
13.000000,103.500000,11749.487769
14.000000,103.500000,12423.056055
9.000000,104.000000,9158.126206
10.000000,104.000000,9799.951139
11.000000,104.000000,10463.456982
12.000000,104.000000,11125.156987
13.000000,104.000000,11779.469777
14.000000,104.000000,12452.437963
9.000000,104.500000,9191.146628
10.000000,104.500000,9832.941087
11.000000,104.500000,10496.338454
12.000000,104.500000,11156.315729
13.000000,104.500000,11810.226286
14.000000,104.500000,12482.718186
9.000000,105.000000,9224.226470
10.000000,105.000000,9865.986468
11.000000,105.000000,10529.271510
12.000000,105.000000,11187.518044
13.000000,105.000000,11841.022890
14.000000,105.000000,12513.035165
9.000000,105.500000,9256.932709
10.000000,105.500000,9898.810812
11.000000,105.500000,10562.147476
12.000000,105.500000,11218.684960
13.000000,105.500000,11871.702066
14.000000,105.500000,12543.148538
9.000000,106.000000,9289.696827
10.000000,106.000000,9931.689669
11.000000,106.000000,10595.074686
12.000000,106.000000,11249.895228
13.000000,106.000000,11902.420929
14.000000,106.000000,12573.298085
9.000000,106.500000,9322.360033
10.000000,106.500000,9964.543559
11.000000,106.500000,10628.058566
12.000000,106.500000,11281.182369
13.000000,106.500000,11933.253660
14.000000,106.500000,12603.600893
9.000000,107.000000,9355.080560
10.000000,107.000000,9997.451699
11.000000,107.000000,10661.093708
12.000000,107.000000,11312.512954
13.000000,107.000000,11964.126270
14.000000,107.000000,12633.940157
9.000000,107.500000,9387.618953
10.000000,107.500000,10030.153805
11.000000,107.500000,10693.898183
12.000000,107.500000,11343.846809
13.000000,107.500000,11995.425795
14.000000,107.500000,12665.153929
9.000000,108.000000,9420.213833
10.000000,108.000000,10062.909308
11.000000,108.000000,10726.753050
12.000000,108.000000,11375.223998
13.000000,108.000000,12026.766204
14.000000,108.000000,12696.406206
9.000000,108.500000,9452.926573
10.000000,108.500000,10095.526780
11.000000,108.500000,10759.197591
12.000000,108.500000,11406.233230
13.000000,108.500000,12057.863390
14.000000,108.500000,12727.547677
8.000000,109.000000,8864.188075
9.000000,109.000000,9485.696013
10.000000,109.000000,10128.197030
11.000000,109.000000,10791.691125
12.000000,109.000000,11437.284670
13.000000,109.000000,12089.000725
14.000000,109.000000,12758.727284
8.000000,109.500000,8897.349896
9.000000,109.500000,9519.071373
10.000000,109.500000,10161.723722
11.000000,109.500000,10825.306945
12.000000,109.500000,11469.199411
13.000000,109.500000,12120.604640
14.000000,109.500000,12789.954035
8.000000,110.000000,8930.573631
9.000000,110.000000,9552.505344
10.000000,110.000000,10195.305814
11.000000,110.000000,10858.975040
12.000000,110.000000,11501.158616
13.000000,110.000000,12152.249808
14.000000,110.000000,12821.218944
8.000000,110.500000,8965.061035
9.000000,110.500000,9587.463512
10.000000,110.500000,10230.687359
11.000000,110.500000,10894.732576
12.000000,110.500000,11534.980952
13.000000,110.500000,12185.581306
14.000000,110.500000,12853.981495
8.000000,111.000000,8999.614900
9.000000,111.000000,9622.485528
10.000000,111.000000,10266.130191
11.000000,111.000000,10930.548888
12.000000,111.000000,11568.852945
13.000000,111.000000,12218.958450
14.000000,111.000000,12886.785847
8.000000,111.500000,9034.076842
9.000000,111.500000,9657.368172
10.000000,111.500000,10301.383689
11.000000,111.500000,10966.123391
12.000000,111.500000,11602.608833
13.000000,111.500000,12252.450890
14.000000,111.500000,12919.950028
8.000000,112.000000,9068.604640
9.000000,112.000000,9692.313929
10.000000,112.000000,10336.697613
11.000000,112.000000,11001.755690
12.000000,112.000000,11636.413895
13.000000,112.000000,12285.989166
14.000000,112.000000,12953.156824
8.000000,112.500000,9103.033740
9.000000,112.500000,9727.113718
10.000000,112.500000,10371.815838
11.000000,112.500000,11036.806422
12.000000,112.500000,11669.916758
13.000000,112.500000,12319.215315
14.000000,112.500000,12986.041842
8.000000,113.000000,9137.528072
9.000000,113.000000,9761.975868
10.000000,113.000000,10406.993617
11.000000,113.000000,11071.912898
12.000000,113.000000,11703.467780
13.000000,113.000000,12352.486329
14.000000,113.000000,13018.968546
8.000000,113.500000,9171.957855
9.000000,113.500000,9796.863839
10.000000,113.500000,10442.294032
11.000000,113.500000,11105.854104
12.000000,113.500000,11737.160019
13.000000,113.500000,12385.863576
8.000000,114.000000,9206.452380
9.000000,114.000000,9831.814040
10.000000,114.000000,10477.654215
11.000000,114.000000,11139.847253
12.000000,114.000000,11770.900684
13.000000,114.000000,12419.285853
8.000000,114.500000,9241.830798
9.000000,114.500000,9867.471558
10.000000,114.500000,10513.531908
11.000000,114.500000,11174.208261
12.000000,114.500000,11805.618973
13.000000,114.500000,12454.328434
8.000000,115.000000,9277.277056
9.000000,115.000000,9903.193619
10.000000,115.000000,10549.470922
11.000000,115.000000,11208.622180
12.000000,115.000000,11840.388387
13.000000,115.000000,12489.420383
8.000000,115.500000,9313.118243
9.000000,115.500000,9939.186645
10.000000,115.500000,10585.548456
11.000000,115.500000,11243.104924
12.000000,115.500000,11875.214614
13.000000,115.500000,12524.556573
8.000000,116.000000,9349.028522
9.000000,116.000000,9975.244958
10.000000,116.000000,10621.687574
11.000000,116.000000,11277.640628
12.000000,116.000000,11910.091983
13.000000,116.000000,12559.742116
8.000000,116.500000,9385.436466
9.000000,116.500000,10012.128373
10.000000,116.500000,10658.999727
11.000000,116.500000,11313.681311
12.000000,116.500000,11945.962626
13.000000,116.500000,12595.379376
8.000000,117.000000,9421.915153
9.000000,117.000000,10049.079844
10.000000,117.000000,10696.377297
11.000000,117.000000,11349.779489
12.000000,117.000000,11981.887206
13.000000,117.000000,12631.067123
8.000000,117.500000,9458.392443
9.000000,117.500000,10086.032146
10.000000,117.500000,10733.758442
11.000000,117.500000,11385.923442
12.000000,117.500000,12018.155725
13.000000,117.500000,12667.413294
8.000000,118.000000,9494.940198
9.000000,118.000000,10123.052258
10.000000,118.000000,10771.204789
11.000000,118.000000,11422.124854
12.000000,118.000000,12054.479054
13.000000,118.000000,12703.811683
8.000000,118.500000,9531.460244
9.000000,118.500000,10159.995820
10.000000,118.500000,10808.523055
11.000000,118.500000,11458.154731
12.000000,118.500000,12090.698526
13.000000,118.500000,12740.178053
8.000000,119.000000,9568.050379
9.000000,119.000000,10197.006668
10.000000,119.000000,10845.905855
11.000000,119.000000,11494.241345
12.000000,119.000000,12126.972331
13.000000,119.000000,12776.596400
8.000000,119.500000,9604.606192
9.000000,119.500000,10233.934207
10.000000,119.500000,10883.153708
11.000000,119.500000,11530.136633
12.000000,119.500000,12163.040678
13.000000,119.500000,12812.794954
8.000000,120.000000,9641.231697
9.000000,120.000000,10270.928488
10.000000,120.000000,10920.465410
11.000000,120.000000,11566.087883
12.000000,120.000000,12199.162584
13.000000,120.000000,12849.044711
8.000000,120.500000,9679.336995
9.000000,120.500000,10309.283688
10.000000,120.500000,10959.009309
11.000000,120.500000,11603.065751
12.000000,120.500000,12235.854475
13.000000,120.500000,12885.382425
8.000000,121.000000,9717.517436
9.000000,121.000000,10347.710363
10.000000,121.000000,10997.621105
11.000000,121.000000,11640.102635
12.000000,121.000000,12272.601462
13.000000,121.000000,12921.771446
8.000000,121.500000,9755.136109
9.000000,121.500000,10385.883628
10.000000,121.500000,11036.308517
11.000000,121.500000,11677.761582
12.000000,121.500000,12310.747858
13.000000,121.500000,12960.377680
8.000000,122.000000,9792.827447
9.000000,122.000000,10424.127169
10.000000,122.000000,11075.063854
11.000000,122.000000,11715.481347
12.000000,122.000000,12348.953445
13.000000,122.000000,12999.041500
8.000000,122.500000,9830.514866
9.000000,122.500000,10462.525099
10.000000,122.500000,11114.142061
11.000000,122.500000,11753.578461
12.000000,122.500000,12387.416394
13.000000,122.500000,13037.836039
8.000000,123.000000,9868.274657
9.000000,123.000000,10500.993613
10.000000,123.000000,11153.289085
11.000000,123.000000,11791.737413
12.000000,123.000000,12425.939148
13.000000,123.000000,13076.688381
8.000000,123.500000,9906.106264
9.000000,123.500000,10539.634994
10.000000,123.500000,11192.716407
11.000000,123.500000,11830.166686
12.000000,123.500000,12464.647390
13.000000,123.500000,13115.636792
8.000000,124.000000,9944.010241
9.000000,124.000000,10578.347332
10.000000,124.000000,11232.213287
11.000000,124.000000,11868.658473
12.000000,124.000000,12503.415826
13.000000,124.000000,13154.643120
8.000000,124.500000,9982.100015
9.000000,124.500000,10617.158133
10.000000,124.500000,11271.715842
11.000000,124.500000,11907.115100
12.000000,124.500000,12542.235960
13.000000,124.500000,13193.792837
8.000000,125.000000,10020.262593
9.000000,125.000000,10656.039995
10.000000,125.000000,11311.287735
11.000000,125.000000,11945.633927
12.000000,125.000000,12581.116264
13.000000,125.000000,13233.000725
8.000000,125.500000,10058.775883
9.000000,125.500000,10695.106698
10.000000,125.500000,11350.868172
11.000000,125.500000,11984.009710
12.000000,125.500000,12619.776271
13.000000,125.500000,13271.907578
8.000000,126.000000,10097.363041
9.000000,126.000000,10734.244879
10.000000,126.000000,11390.517735
11.000000,126.000000,12022.447035
12.000000,126.000000,12658.495586
13.000000,126.000000,13310.871542
8.000000,126.500000,10136.730598
9.000000,126.500000,10774.000318
10.000000,126.500000,11430.610426
11.000000,126.500000,12061.027885
12.000000,126.500000,12697.046877
13.000000,126.500000,13349.340126
8.000000,127.000000,10176.174744
9.000000,127.000000,10813.829236
10.000000,127.000000,11470.773550
11.000000,127.000000,12099.670539
12.000000,127.000000,12735.656782
13.000000,127.000000,13387.864217
8.000000,127.500000,10216.199745
9.000000,127.500000,10854.736471
10.000000,127.500000,11512.541725
11.000000,127.500000,12139.503754
12.000000,127.500000,12774.882092
8.000000,128.000000,10256.303301
9.000000,128.000000,10895.720929
10.000000,128.000000,11554.385800
11.000000,128.000000,12179.402425
12.000000,128.000000,12814.167715
8.000000,128.500000,10296.363922
9.000000,128.500000,10936.509668
10.000000,128.500000,11595.872647
11.000000,128.500000,12219.718682
12.000000,128.500000,12854.895908
7.000000,129.000000,9714.817887
8.000000,129.000000,10336.502625
9.000000,129.000000,10977.374609
10.000000,129.000000,11637.433837
11.000000,129.000000,12260.101553
12.000000,129.000000,12895.688722
7.000000,129.500000,9754.276564
8.000000,129.500000,10376.555385
9.000000,129.500000,11017.981746
10.000000,129.500000,11678.443381
11.000000,129.500000,12300.183002
12.000000,129.500000,12936.352651
7.000000,130.000000,9793.815212
8.000000,130.000000,10416.685592
9.000000,130.000000,11058.663848
10.000000,130.000000,11719.525052
11.000000,130.000000,12340.329860
12.000000,130.000000,12977.080591
