weight_g,405.000000
thrust_N,velocity_m_s,power_W
15.000000,15.000000,3541.170192
16.000000,15.000000,3784.326391
17.000000,15.000000,4035.505037
18.000000,15.000000,4294.706130
15.000000,15.500000,3544.335733
16.000000,15.500000,3787.819771
17.000000,15.500000,4039.340890
18.000000,15.500000,4298.899088
14.000000,16.000000,3311.742009
15.000000,16.000000,3547.502355
16.000000,16.000000,3791.314427
17.000000,16.000000,4043.178226
18.000000,16.000000,4303.093751
14.000000,16.500000,3314.653987
15.000000,16.500000,3550.723914
16.000000,16.500000,3794.859623
17.000000,16.500000,4047.061116
18.000000,16.500000,4307.328393
14.000000,17.000000,3317.566967
15.000000,17.000000,3553.946641
16.000000,17.000000,3798.406167
17.000000,17.000000,4050.945546
18.000000,17.000000,4311.564777
14.000000,17.500000,3320.499436
15.000000,17.500000,3557.190300
16.000000,17.500000,3801.975111
17.000000,17.500000,4054.853869
18.000000,17.500000,4315.826573
14.000000,18.000000,3323.432931
15.000000,18.000000,3560.435153
16.000000,18.000000,3805.545429
17.000000,18.000000,4058.763757
18.000000,18.000000,4320.090137
14.000000,18.500000,3326.374870
15.000000,18.500000,3563.715596
16.000000,18.500000,3809.180306
17.000000,18.500000,4062.769000
18.000000,18.500000,4324.481678
14.000000,19.000000,3329.317852
15.000000,19.000000,3566.997274
16.000000,19.000000,3812.816628
17.000000,19.000000,4066.775912
18.000000,19.000000,4328.875127
14.000000,19.500000,3332.268566
15.000000,19.500000,3570.291252
16.000000,19.500000,3816.470098
17.000000,19.500000,4070.805106
14.000000,20.000000,3335.220337
15.000000,20.000000,3573.586483
16.000000,20.000000,3820.125035
17.000000,20.000000,4074.835996
14.000000,20.500000,3338.191634
15.000000,20.500000,3576.896571
16.000000,20.500000,3823.789809
17.000000,20.500000,4078.871349
14.000000,21.000000,3341.164008
15.000000,21.000000,3580.207931
16.000000,21.000000,3827.456064
17.000000,21.000000,4082.908407
14.000000,21.500000,3344.493027
15.000000,21.500000,3583.790654
16.000000,21.500000,3831.302139
17.000000,21.500000,4087.027480
14.000000,22.000000,3347.823369
15.000000,22.000000,3587.374846
16.000000,22.000000,3835.149831
17.000000,22.000000,4091.148326
14.000000,22.500000,3351.213129
15.000000,22.500000,3591.000439
16.000000,22.500000,3839.019584
17.000000,22.500000,4095.270565
14.000000,23.000000,3354.604269
15.000000,23.000000,3594.627541
16.000000,23.000000,3842.890980
17.000000,23.000000,4099.394585
14.000000,23.500000,3358.021543
15.000000,23.500000,3598.301215
16.000000,23.500000,3846.830671
17.000000,23.500000,4103.609909
14.000000,24.000000,3361.440221
15.000000,24.000000,3601.976440
16.000000,24.000000,3850.772064
17.000000,24.000000,4107.827094
14.000000,24.500000,3364.911378
15.000000,24.500000,3605.765655
16.000000,24.500000,3854.892917
17.000000,24.500000,4112.293163
14.000000,25.000000,3368.383984
15.000000,25.000000,3609.556524
16.000000,25.000000,3859.015637
17.000000,25.000000,4116.761325
14.000000,25.500000,3371.888152
15.000000,25.500000,3613.387327
16.000000,25.500000,3863.187161
17.000000,25.500000,4121.287651
14.000000,26.000000,3375.393798
15.000000,26.000000,3617.219822
16.000000,26.000000,3867.360599
17.000000,26.000000,4125.816128
14.000000,26.500000,3378.920185
15.000000,26.500000,3621.077751
16.000000,26.500000,3871.564081
17.000000,26.500000,4130.379173
14.000000,27.000000,3382.448155
15.000000,27.000000,3624.937457
16.000000,27.000000,3875.769543
17.000000,27.000000,4134.944415
14.000000,27.500000,3385.964321
15.000000,27.500000,3628.798759
16.000000,27.500000,3879.990887
17.000000,27.500000,4139.540705
14.000000,28.000000,3389.482065
15.000000,28.000000,3632.661843
16.000000,28.000000,3884.214228
17.000000,28.000000,4144.139221
14.000000,28.500000,3393.043987
15.000000,28.500000,3636.567778
16.000000,28.500000,3888.478942
17.000000,28.500000,4148.777480
14.000000,29.000000,3396.607517
15.000000,29.000000,3640.475526
16.000000,29.000000,3892.745687
17.000000,29.000000,4153.417999
14.000000,29.500000,3400.245416
15.000000,29.500000,3644.491222
16.000000,29.500000,3897.156103
17.000000,29.500000,4158.240059
14.000000,30.000000,3403.884984
15.000000,30.000000,3648.508832
16.000000,30.000000,3901.568695
17.000000,30.000000,4163.064573
14.000000,30.500000,3407.631175
15.000000,30.500000,3652.676646
16.000000,30.500000,3906.177771
17.000000,30.500000,4168.134549
14.000000,31.000000,3411.379145
15.000000,31.000000,3656.846534
16.000000,31.000000,3910.789237
17.000000,31.000000,4173.207255
14.000000,31.500000,3415.425369
15.000000,31.500000,3661.248817
16.000000,31.500000,3915.562238
17.000000,31.500000,4178.365631
13.000000,32.000000,3181.798552
14.000000,32.000000,3419.473658
15.000000,32.000000,3665.653406
16.000000,32.000000,3920.337797
17.000000,32.000000,4183.526831
13.000000,32.500000,3185.736515
14.000000,32.500000,3423.711783
15.000000,32.500000,3670.202990
16.000000,32.500000,3925.210135
17.000000,32.500000,4188.733218
13.000000,33.000000,3189.676540
14.000000,33.000000,3427.952163
15.000000,33.000000,3674.755027
16.000000,33.000000,3930.085132
17.000000,33.000000,4193.942478
13.000000,33.500000,3193.614443
14.000000,33.500000,3432.199347
15.000000,33.500000,3679.323375
16.000000,33.500000,3934.986526
13.000000,34.000000,3197.554418
14.000000,34.000000,3436.448802
15.000000,34.000000,3683.894200
16.000000,34.000000,3939.890610
13.000000,34.500000,3201.491815
14.000000,34.500000,3440.692148
15.000000,34.500000,3688.455090
16.000000,34.500000,3944.780640
13.000000,35.000000,3205.431292
14.000000,35.000000,3444.937764
15.000000,35.000000,3693.018447
16.000000,35.000000,3949.673340
13.000000,35.500000,3209.493610
14.000000,35.500000,3449.323209
15.000000,35.500000,3697.739446
16.000000,35.500000,3954.742319
13.000000,36.000000,3213.558166
14.000000,36.000000,3453.711099
15.000000,36.000000,3702.463104
16.000000,36.000000,3959.814181
13.000000,36.500000,3217.848010
14.000000,36.500000,3458.320347
15.000000,36.500000,3707.403212
16.000000,36.500000,3965.096604
13.000000,37.000000,3222.140402
14.000000,37.000000,3462.932337
15.000000,37.000000,3712.346262
16.000000,37.000000,3970.382177
13.000000,37.500000,3226.567900
14.000000,37.500000,3467.654857
15.000000,37.500000,3717.373004
16.000000,37.500000,3975.722342
13.000000,38.000000,3230.998163
14.000000,38.000000,3472.380290
15.000000,38.000000,3722.402813
16.000000,38.000000,3981.065729
13.000000,38.500000,3235.447898
14.000000,38.500000,3477.127981
15.000000,38.500000,3727.457807
16.000000,38.500000,3986.437375
13.000000,39.000000,3239.900414
14.000000,39.000000,3481.878605
15.000000,39.000000,3732.515890
16.000000,39.000000,3991.812269
13.000000,39.500000,3244.372858
14.000000,39.500000,3486.651987
15.000000,39.500000,3737.599708
16.000000,39.500000,3997.216021
13.000000,40.000000,3248.848100
14.000000,40.000000,3491.428323
15.000000,40.000000,3742.686639
16.000000,40.000000,4002.623049
13.000000,40.500000,3253.512889
14.000000,40.500000,3496.372765
15.000000,40.500000,3747.918344
16.000000,40.500000,4008.149625
13.000000,41.000000,3258.180733
14.000000,41.000000,3501.320394
15.000000,41.000000,3753.153368
16.000000,41.000000,4013.679656
13.000000,41.500000,3263.182393
14.000000,41.500000,3506.564241
15.000000,41.500000,3758.643726
16.000000,41.500000,4019.420850
13.000000,42.000000,3268.187594
14.000000,42.000000,3511.811712
15.000000,42.000000,3764.137795
16.000000,42.000000,4025.165840
13.000000,42.500000,3273.398438
14.000000,42.500000,3517.225675
15.000000,42.500000,3769.755997
16.000000,42.500000,4030.989402
13.000000,43.000000,3278.613133
14.000000,43.000000,3522.643511
15.000000,43.000000,3775.378093
16.000000,43.000000,4036.816879
13.000000,43.500000,3283.832904
14.000000,43.500000,3528.067351
15.000000,43.500000,3781.007183
16.000000,43.500000,4042.652402
13.000000,44.000000,3289.056526
14.000000,44.000000,3533.495065
15.000000,44.000000,3786.640172
16.000000,44.000000,4048.491845
13.000000,44.500000,3294.285409
14.000000,44.500000,3538.928979
15.000000,44.500000,3792.280360
16.000000,44.500000,4054.339552
13.000000,45.000000,3299.518144
14.000000,45.000000,3544.366770
15.000000,45.000000,3797.924450
16.000000,45.000000,4060.191184
13.000000,45.500000,3304.896070
14.000000,45.500000,3549.928856
15.000000,45.500000,3803.669985
16.000000,45.500000,4066.119458
13.000000,46.000000,3310.278098
14.000000,46.000000,3555.495019
15.000000,46.000000,3809.419573
16.000000,46.000000,4072.051761
13.000000,46.500000,3316.052398
14.000000,46.500000,3561.465187
15.000000,46.500000,3815.584421
12.000000,47.000000,3084.928142
13.000000,47.000000,3321.831498
14.000000,47.000000,3567.440108
15.000000,47.000000,3821.753970
12.000000,47.500000,3090.596783
13.000000,47.500000,3327.762245
14.000000,47.500000,3573.636179
15.000000,47.500000,3828.218585
12.000000,48.000000,3096.270426
13.000000,48.000000,3333.698051
14.000000,48.000000,3579.837366
15.000000,48.000000,3834.688371
12.000000,48.500000,3101.964409
13.000000,48.500000,3339.666274
14.000000,48.500000,3586.083859
15.000000,48.500000,3841.217163
12.000000,49.000000,3107.663419
13.000000,49.000000,3345.639602
14.000000,49.000000,3592.335532
15.000000,49.000000,3847.751209
12.000000,49.500000,3113.370617
13.000000,49.500000,3351.623126
14.000000,49.500000,3598.599535
15.000000,49.500000,3854.299846
12.000000,50.000000,3119.082843
13.000000,50.000000,3357.611757
14.000000,50.000000,3604.868724
15.000000,50.000000,3860.853745
12.000000,50.500000,3124.968890
13.000000,50.500000,3363.735448
14.000000,50.500000,3611.230829
15.000000,50.500000,3867.455032
12.000000,51.000000,3130.860294
13.000000,51.000000,3369.864492
14.000000,51.000000,3617.598278
15.000000,51.000000,3874.061651
12.000000,51.500000,3137.264641
13.000000,51.500000,3376.404476
14.000000,51.500000,3624.265790
15.000000,51.500000,3880.848582
12.000000,52.000000,3143.675401
13.000000,52.000000,3382.950636
14.000000,52.000000,3630.939238
15.000000,52.000000,3887.641206
12.000000,52.500000,3150.098210
13.000000,52.500000,3389.543580
14.000000,52.500000,3637.697084
15.000000,52.500000,3894.558723
12.000000,53.000000,3156.527444
13.000000,53.000000,3396.142799
14.000000,53.000000,3644.461055
15.000000,53.000000,3901.482213
12.000000,53.500000,3162.974017
13.000000,53.500000,3402.791822
14.000000,53.500000,3651.309707
15.000000,53.500000,3908.527675
12.000000,54.000000,3169.427035
13.000000,54.000000,3409.447206
14.000000,54.000000,3658.164638
15.000000,54.000000,3915.579330
12.000000,54.500000,3175.914810
13.000000,54.500000,3416.125226
14.000000,54.500000,3665.029124
15.000000,54.500000,3922.626506
12.000000,55.000000,3182.409092
13.000000,55.000000,3422.809642
14.000000,55.000000,3671.899897
15.000000,55.000000,3929.679858
12.000000,55.500000,3189.038118
13.000000,55.500000,3429.586045
14.000000,55.500000,3678.816459
15.000000,55.500000,3936.729360
12.000000,56.000000,3195.673924
13.000000,56.000000,3436.369020
14.000000,56.000000,3685.739385
15.000000,56.000000,3943.785021
12.000000,56.500000,3202.924995
13.000000,56.500000,3443.584688
14.000000,56.500000,3692.897546
15.000000,56.500000,3950.863570
12.000000,57.000000,3210.184201
13.000000,57.000000,3450.807822
14.000000,57.000000,3700.062525
15.000000,57.000000,3957.948312
12.000000,57.500000,3217.554937
13.000000,57.500000,3458.330459
14.000000,57.500000,3707.728022
15.000000,57.500000,3965.747629
12.000000,58.000000,3224.934038
13.000000,58.000000,3465.861175
14.000000,58.000000,3715.401312
15.000000,58.000000,3973.554450
12.000000,58.500000,3232.389920
13.000000,58.500000,3473.566716
14.000000,58.500000,3723.354206
15.000000,58.500000,3981.752391
12.000000,59.000000,3239.854319
13.000000,59.000000,3481.280696
14.000000,59.000000,3731.315455
15.000000,59.000000,3989.958596
12.000000,59.500000,3247.392733
13.000000,59.500000,3489.075297
14.000000,59.500000,3739.364225
12.000000,60.000000,3254.939816
13.000000,60.000000,3496.878496
14.000000,60.000000,3747.421517
12.000000,60.500000,3262.569973
13.000000,60.500000,3504.738791
14.000000,60.500000,3755.507924
12.000000,61.000000,3270.208967
13.000000,61.000000,3512.607787
14.000000,61.000000,3763.602891
12.000000,61.500000,3278.731175
13.000000,61.500000,3521.068255
14.000000,61.500000,3771.975114
11.000000,62.000000,3053.533252
12.000000,62.000000,3287.264350
13.000000,62.000000,3529.538756
14.000000,62.000000,3780.356470
11.000000,62.500000,3062.064345
12.000000,62.500000,3295.754787
13.000000,62.500000,3537.961990
14.000000,62.500000,3788.685953
11.000000,63.000000,3070.607233
12.000000,63.000000,3304.256049
13.000000,63.000000,3546.395115
14.000000,63.000000,3797.024431
11.000000,63.500000,3079.171389
12.000000,63.500000,3313.041091
13.000000,63.500000,3555.393702
14.000000,63.500000,3806.229222
11.000000,64.000000,3087.747363
12.000000,64.000000,3321.837679
13.000000,64.000000,3564.403563
14.000000,64.000000,3815.445016
11.000000,64.500000,3096.376263
12.000000,64.500000,3330.686571
13.000000,64.500000,3573.464964
14.000000,64.500000,3824.711443
11.000000,65.000000,3105.017097
12.000000,65.000000,3339.547116
13.000000,65.000000,3582.537740
14.000000,65.000000,3833.988969
11.000000,65.500000,3113.661569
12.000000,65.500000,3348.407890
13.000000,65.500000,3591.607130
14.000000,65.500000,3843.259290
11.000000,66.000000,3122.317949
12.000000,66.000000,3357.280285
13.000000,66.000000,3600.687855
14.000000,66.000000,3852.540662
11.000000,66.500000,3131.720189
12.000000,66.500000,3366.701438
13.000000,66.500000,3610.103408
14.000000,66.500000,3861.926100
11.000000,67.000000,3141.136534
12.000000,67.000000,3376.135738
13.000000,67.000000,3619.531169
14.000000,67.000000,3871.322827
11.000000,67.500000,3150.541735
12.000000,67.500000,3385.558794
13.000000,67.500000,3628.947769
14.000000,67.500000,3880.708661
11.000000,68.000000,3159.960964
12.000000,68.000000,3394.994924
13.000000,68.000000,3638.376512
14.000000,68.000000,3890.105727
11.000000,68.500000,3169.349712
12.000000,68.500000,3404.479090
13.000000,68.500000,3647.937580
14.000000,68.500000,3899.725181
11.000000,69.000000,3178.752353
12.000000,69.000000,3413.976427
13.000000,69.000000,3657.511104
14.000000,69.000000,3909.356384
11.000000,69.500000,3188.245824
12.000000,69.500000,3423.819291
13.000000,69.500000,3667.702715
14.000000,69.500000,3919.896099
11.000000,70.000000,3197.753416
12.000000,70.000000,3433.676268
13.000000,70.000000,3677.908427
14.000000,70.000000,3930.449893
11.000000,70.500000,3207.288850
12.000000,70.500000,3443.557488
13.000000,70.500000,3688.134488
14.000000,70.500000,3941.019851
11.000000,71.000000,3216.838442
12.000000,71.000000,3453.452846
13.000000,71.000000,3698.374661
14.000000,71.000000,3951.603886
11.000000,71.500000,3227.165455
12.000000,71.500000,3463.893550
13.000000,71.500000,3708.909697
14.000000,71.500000,3962.213896
11.000000,72.000000,3237.508993
12.000000,72.000000,3474.349965
13.000000,72.000000,3719.459637
14.000000,72.000000,3972.838009
11.000000,72.500000,3247.859681
12.000000,72.500000,3484.815046
13.000000,72.500000,3730.019960
11.000000,73.000000,3258.226861
12.000000,73.000000,3495.295811
13.000000,73.000000,3740.595169
11.000000,73.500000,3268.612801
12.000000,73.500000,3505.787750
13.000000,73.500000,3751.173423
11.000000,74.000000,3279.015241
12.000000,74.000000,3516.295359
13.000000,74.000000,3761.766525
11.000000,74.500000,3289.512947
12.000000,74.500000,3526.965520
13.000000,74.500000,3772.594466
11.000000,75.000000,3300.027413
12.000000,75.000000,3537.651816
13.000000,75.000000,3783.437923
11.000000,75.500000,3310.623886
12.000000,75.500000,3548.503609
13.000000,75.500000,3794.536572
10.000000,76.000000,3091.247439
11.000000,76.000000,3321.237335
12.000000,76.000000,3559.372009
13.000000,76.000000,3805.651463
10.000000,76.500000,3102.045745
11.000000,76.500000,3332.171976
12.000000,76.500000,3570.423675
13.000000,76.500000,3816.800842
10.000000,77.000000,3112.862877
11.000000,77.000000,3343.124589
12.000000,77.000000,3581.492470
13.000000,77.000000,3827.966522
10.000000,77.500000,3123.691563
11.000000,77.500000,3354.074553
12.000000,77.500000,3592.543420
13.000000,77.500000,3839.098164
10.000000,78.000000,3134.539051
11.000000,78.000000,3365.042421
12.000000,78.000000,3603.611390
13.000000,78.000000,3850.245958
10.000000,78.500000,3145.505064
11.000000,78.500000,3376.096126
12.000000,78.500000,3614.730186
13.000000,78.500000,3861.407245
10.000000,79.000000,3156.490227
11.000000,79.000000,3387.167956
12.000000,79.000000,3625.866105
13.000000,79.000000,3872.584675
10.000000,79.500000,3167.776548
11.000000,79.500000,3398.457796
12.000000,79.500000,3637.130720
13.000000,79.500000,3883.795321
10.000000,80.000000,3179.083011
11.000000,80.000000,3409.766417
12.000000,80.000000,3648.412799
13.000000,80.000000,3895.022157
10.000000,80.500000,3190.496990
11.000000,80.500000,3421.409791
12.000000,80.500000,3660.272617
13.000000,80.500000,3907.085468
10.000000,81.000000,3201.931420
11.000000,81.000000,3433.073006
12.000000,81.000000,3672.151673
13.000000,81.000000,3919.167419
10.000000,81.500000,3213.758020
11.000000,81.500000,3445.088995
12.000000,81.500000,3684.340800
13.000000,81.500000,3931.513436
10.000000,82.000000,3225.606415
11.000000,82.000000,3457.125967
12.000000,82.000000,3696.550114
13.000000,82.000000,3943.878855
10.000000,82.500000,3237.524797
11.000000,82.500000,3469.227409
12.000000,82.500000,3708.818061
13.000000,82.500000,3956.296753
10.000000,83.000000,3249.465148
11.000000,83.000000,3481.349985
12.000000,83.000000,3721.106321
13.000000,83.000000,3968.734157
10.000000,83.500000,3261.436938
11.000000,83.500000,3493.535231
12.000000,83.500000,3733.490596
13.000000,83.500000,3981.303033
10.000000,84.000000,3273.430732
11.000000,84.000000,3505.741755
12.000000,84.000000,3745.895434
13.000000,84.000000,3993.891767
10.000000,84.500000,3285.676862
11.000000,84.500000,3518.129940
12.000000,84.500000,3758.405324
13.000000,84.500000,4006.503016
10.000000,85.000000,3297.945857
11.000000,85.000000,3530.539972
12.000000,85.000000,3770.936062
13.000000,85.000000,4019.134129
10.000000,85.500000,3310.236442
11.000000,85.500000,3542.971031
12.000000,85.500000,3783.487241
13.000000,85.500000,4031.785070
10.000000,86.000000,3322.549886
11.000000,86.000000,3555.423935
12.000000,86.000000,3796.059264
13.000000,86.000000,4044.455874
10.000000,86.500000,3335.076931
11.000000,86.500000,3568.287051
12.000000,86.500000,3809.250812
10.000000,87.000000,3347.627547
11.000000,87.000000,3581.173392
12.000000,87.000000,3822.465234
10.000000,87.500000,3360.183784
11.000000,87.500000,3594.043438
12.000000,87.500000,3835.639980
10.000000,88.000000,3372.763525
11.000000,88.000000,3606.936567
12.000000,88.000000,3848.837385
10.000000,88.500000,3385.366302
11.000000,88.500000,3619.903492
12.000000,88.500000,3862.162895
10.000000,89.000000,3397.992580
11.000000,89.000000,3632.893683
12.000000,89.000000,3875.511430
10.000000,89.500000,3410.980789
11.000000,89.500000,3646.179922
12.000000,89.500000,3889.084768
10.000000,90.000000,3423.993771
11.000000,90.000000,3659.490412
12.000000,90.000000,3902.681833
10.000000,90.500000,3436.957064
11.000000,90.500000,3672.772855
12.000000,90.500000,3916.274323
10.000000,91.000000,3449.944849
11.000000,91.000000,3686.079359
12.000000,91.000000,3929.890440
10.000000,91.500000,3462.968083
11.000000,91.500000,3699.439450
12.000000,91.500000,3943.579739
9.000000,92.000000,3246.869265
10.000000,92.000000,3476.015851
11.000000,92.000000,3712.823709
12.000000,92.000000,3957.292838
9.000000,92.500000,3259.653271
10.000000,92.500000,3489.162980
11.000000,92.500000,3726.327622
12.000000,92.500000,3971.147198
9.000000,93.000000,3272.462393
10.000000,93.000000,3502.334923
11.000000,93.000000,3739.856047
12.000000,93.000000,3985.025767
9.000000,93.500000,3285.328370
10.000000,93.500000,3515.539550
11.000000,93.500000,3753.391181
12.000000,93.500000,3998.883264
9.000000,94.000000,3298.219585
10.000000,94.000000,3528.769022
11.000000,94.000000,3766.950764
12.000000,94.000000,4012.764812
9.000000,94.500000,3311.435379
10.000000,94.500000,3542.362814
11.000000,94.500000,3780.916514
12.000000,94.500000,4027.096482
9.000000,95.000000,3324.677595
10.000000,95.000000,3555.982738
11.000000,95.000000,3794.908105
12.000000,95.000000,4041.453699
9.000000,95.500000,3338.045464
10.000000,95.500000,3569.775482
11.000000,95.500000,3809.122563
12.000000,95.500000,4056.086708
9.000000,96.000000,3351.440151
10.000000,96.000000,3583.594923
11.000000,96.000000,3823.363593
12.000000,96.000000,4070.746161
9.000000,96.500000,3364.819715
10.000000,96.500000,3597.429938
11.000000,96.500000,3837.652846
12.000000,96.500000,4085.488438
9.000000,97.000000,3378.225930
10.000000,97.000000,3611.291607
11.000000,97.000000,3851.968751
12.000000,97.000000,4100.257361
9.000000,97.500000,3391.886945
10.000000,97.500000,3625.371788
11.000000,97.500000,3866.463973
12.000000,97.500000,4115.163499
9.000000,98.000000,3405.575523
10.000000,98.000000,3639.479363
11.000000,98.000000,3880.986416
12.000000,98.000000,4130.096682
9.000000,98.500000,3419.432470
10.000000,98.500000,3653.722468
11.000000,98.500000,3895.609001
12.000000,98.500000,4145.092068
9.000000,99.000000,3433.317549
10.000000,99.000000,3667.993389
11.000000,99.000000,3910.259082
12.000000,99.000000,4160.114626
9.000000,99.500000,3447.289802
10.000000,99.500000,3682.312265
11.000000,99.500000,3924.914994
9.000000,100.000000,3461.290425
10.000000,100.000000,3696.659035
11.000000,100.000000,3939.598321
9.000000,100.500000,3475.356681
10.000000,100.500000,3711.042579
11.000000,100.500000,3954.288578
9.000000,101.000000,3489.451454
10.000000,101.000000,3725.454044
11.000000,101.000000,3969.006165
9.000000,101.500000,3503.573978
10.000000,101.500000,3739.898998
11.000000,101.500000,3983.763577
9.000000,102.000000,3517.725016
10.000000,102.000000,3754.371895
11.000000,102.000000,3998.548364
9.000000,102.500000,3532.013042
10.000000,102.500000,3768.938042
11.000000,102.500000,4013.379734
9.000000,103.000000,3546.330022
10.000000,103.000000,3783.532386
11.000000,103.000000,4028.238554
9.000000,103.500000,3560.809056
10.000000,103.500000,3798.303747
11.000000,103.500000,4043.290540
9.000000,104.000000,3575.317587
10.000000,104.000000,3813.103884
11.000000,104.000000,4058.370592
9.000000,104.500000,3589.834135
10.000000,104.500000,3827.945543
11.000000,104.500000,4073.527709
9.000000,105.000000,3604.380094
10.000000,105.000000,3842.816028
11.000000,105.000000,4088.713075
9.000000,105.500000,3618.960799
10.000000,105.500000,3857.747540
11.000000,105.500000,4103.987267
9.000000,106.000000,3633.570935
10.000000,106.000000,3872.708002
11.000000,106.000000,4119.289933
9.000000,106.500000,3648.377036
10.000000,106.500000,3887.917916
11.000000,106.500000,4134.898700
9.000000,107.000000,3663.213241
10.000000,107.000000,3903.157636
11.000000,107.000000,4150.536980
9.000000,107.500000,3678.133069
10.000000,107.500000,3918.478459
11.000000,107.500000,4166.253411
9.000000,108.000000,3693.083218
10.000000,108.000000,3933.829290
11.000000,108.000000,4181.999539
9.000000,108.500000,3708.106252
10.000000,108.500000,3949.243068
11.000000,108.500000,4197.796938
8.000000,109.000000,3489.042486
9.000000,109.000000,3723.159769
10.000000,109.000000,3964.686979
11.000000,109.000000,4213.624116
8.000000,109.500000,3503.804252
9.000000,109.500000,3738.404912
10.000000,109.500000,3980.414049
11.000000,109.500000,4229.831663
8.000000,110.000000,3518.597168
9.000000,110.000000,3753.681194
10.000000,110.000000,3996.172244
11.000000,110.000000,4246.070316
8.000000,110.500000,3533.497031
9.000000,110.500000,3769.073971
10.000000,110.500000,4012.057113
11.000000,110.500000,4262.446455
8.000000,111.000000,3548.428370
9.000000,111.000000,3784.498240
10.000000,111.000000,4027.973487
11.000000,111.000000,4278.854110
8.000000,111.500000,3563.580878
9.000000,111.500000,3800.119720
10.000000,111.500000,4044.060994
11.000000,111.500000,4295.404700
8.000000,112.000000,3578.765663
9.000000,112.000000,3815.773370
10.000000,112.000000,4060.180561
11.000000,112.000000,4311.987235
8.000000,112.500000,3594.162181
9.000000,112.500000,3831.627049
10.000000,112.500000,4076.487169
11.000000,112.500000,4328.742542
8.000000,113.000000,3609.591740
9.000000,113.000000,3847.513589
10.000000,113.000000,4092.826456
11.000000,113.000000,4345.530340
