weight_g,405.000000
thrust_N,velocity_m_s,power_W
17.000000,0.000000,2370.551870
18.000000,0.000000,2520.001272
19.000000,0.000000,2673.950802
20.000000,0.000000,2832.400458
21.000000,0.000000,2995.350242
22.000000,0.000000,3160.039617
23.000000,0.000000,3326.932292
24.000000,0.000000,3498.001066
25.000000,0.000000,3673.245940
17.000000,0.500000,2372.831400
18.000000,0.500000,2522.408583
19.000000,0.500000,2676.489807
20.000000,0.500000,2835.075072
21.000000,0.500000,2998.164379
22.000000,0.500000,3162.791703
23.000000,0.500000,3329.764450
24.000000,0.500000,3500.914438
25.000000,0.500000,3676.241666
17.000000,1.000000,2375.111550
18.000000,1.000000,2524.816583
19.000000,1.000000,2679.029573
20.000000,1.000000,2837.750521
21.000000,1.000000,3000.979426
22.000000,1.000000,3165.544411
23.000000,1.000000,3332.597265
24.000000,1.000000,3503.828500
25.000000,1.000000,3679.238118
17.000000,1.500000,2377.406238
18.000000,1.500000,2527.239425
19.000000,1.500000,2681.584476
20.000000,1.500000,2840.441392
21.000000,1.500000,3003.810173
22.000000,1.500000,3168.301886
23.000000,1.500000,3335.430578
24.000000,1.500000,3506.738606
25.000000,1.500000,3682.225969
17.000000,2.000000,2379.701557
18.000000,2.000000,2529.662968
19.000000,2.000000,2684.140153
20.000000,2.000000,2843.133111
21.000000,2.000000,3006.641842
22.000000,2.000000,3171.059988
23.000000,2.000000,3338.264553
24.000000,2.000000,3509.649406
25.000000,2.000000,3685.214546
17.000000,2.500000,2382.011442
18.000000,2.500000,2532.101380
19.000000,2.500000,2686.710991
20.000000,2.500000,2845.840275
21.000000,2.500000,3009.489232
22.000000,2.500000,3173.822014
23.000000,2.500000,3341.098208
24.000000,2.500000,3512.555456
17.000000,3.000000,2384.321970
18.000000,3.000000,2534.540506
19.000000,3.000000,2689.282615
20.000000,3.000000,2848.548299
21.000000,3.000000,3012.337558
22.000000,3.000000,3176.584672
23.000000,3.000000,3343.932529
24.000000,3.000000,3515.462203
17.000000,3.500000,2386.622881
18.000000,3.500000,2536.975549
19.000000,3.500000,2691.856068
20.000000,3.500000,2851.264439
21.000000,3.500000,3015.200662
22.000000,3.500000,3179.350422
23.000000,3.500000,3346.765725
24.000000,3.500000,3518.363425
17.000000,4.000000,2388.924416
18.000000,4.000000,2539.411295
19.000000,4.000000,2694.430305
20.000000,4.000000,2853.981444
21.000000,4.000000,3018.064714
22.000000,4.000000,3182.116810
23.000000,4.000000,3349.599590
24.000000,4.000000,3521.265347
17.000000,4.500000,2391.155652
18.000000,4.500000,2541.796033
19.000000,4.500000,2696.974162
20.000000,4.500000,2856.690039
21.000000,4.500000,3020.943663
22.000000,4.500000,3184.885469
23.000000,4.500000,3352.431541
24.000000,4.500000,3524.160985
17.000000,5.000000,2393.387429
18.000000,5.000000,2544.181413
19.000000,5.000000,2699.518766
20.000000,5.000000,2859.399486
21.000000,5.000000,3023.823573
22.000000,5.000000,3187.654771
23.000000,5.000000,3355.264165
24.000000,5.000000,3527.057325
17.000000,5.500000,2395.747799
18.000000,5.500000,2546.679677
19.000000,5.500000,2702.159332
20.000000,5.500000,2862.186762
21.000000,5.500000,3026.761969
22.000000,5.500000,3190.453326
23.000000,5.500000,3358.112298
24.000000,5.500000,3529.954748
17.000000,6.000000,2398.108837
18.000000,6.000000,2549.178693
19.000000,6.000000,2704.800736
20.000000,6.000000,2864.974964
21.000000,6.000000,3029.701378
22.000000,6.000000,3193.252548
23.000000,6.000000,3360.961120
24.000000,6.000000,3532.852881
17.000000,6.500000,2400.527846
18.000000,6.500000,2551.784469
19.000000,6.500000,2707.600361
20.000000,6.500000,2867.975523
21.000000,6.500000,3032.700490
22.000000,6.500000,3196.272072
23.000000,6.500000,3364.012607
24.000000,6.500000,3535.935003
17.000000,7.000000,2402.947584
18.000000,7.000000,2554.391092
19.000000,7.000000,2710.400959
20.000000,7.000000,2870.977185
21.000000,7.000000,3035.700433
22.000000,7.000000,3199.292409
23.000000,7.000000,3367.064917
24.000000,7.000000,3539.017956
17.000000,7.500000,2405.368203
18.000000,7.500000,2556.999513
19.000000,7.500000,2713.204310
20.000000,7.500000,2873.982592
21.000000,7.500000,3038.671854
22.000000,7.500000,3202.319289
23.000000,7.500000,3370.147000
24.000000,7.500000,3542.154989
17.000000,8.000000,2407.789563
18.000000,8.000000,2559.608795
19.000000,8.000000,2716.008645
20.000000,8.000000,2876.989113
21.000000,8.000000,3041.644080
22.000000,8.000000,3205.346998
23.000000,8.000000,3373.229937
24.000000,8.000000,3545.292898
17.000000,8.500000,2410.212061
18.000000,8.500000,2562.220123
19.000000,8.500000,2718.815971
20.000000,8.500000,2879.999605
21.000000,8.500000,3044.602205
22.000000,8.500000,3208.365723
23.000000,8.500000,3376.309237
24.000000,8.500000,3548.432747
17.000000,9.000000,2412.635314
18.000000,9.000000,2564.832324
19.000000,9.000000,2721.624294
20.000000,9.000000,2883.011224
21.000000,9.000000,3047.561135
22.000000,9.000000,3211.385281
23.000000,9.000000,3379.389395
24.000000,9.000000,3551.573477
17.000000,9.500000,2415.067854
18.000000,9.500000,2567.452744
19.000000,9.500000,2724.439681
20.000000,9.500000,2886.028666
21.000000,9.500000,3050.507350
22.000000,9.500000,3214.397181
23.000000,9.500000,3382.467180
24.000000,9.500000,3554.717346
16.000000,10.000000,2269.537421
17.000000,10.000000,2417.501166
18.000000,10.000000,2570.074052
19.000000,10.000000,2727.256079
20.000000,10.000000,2889.047247
21.000000,10.000000,3053.454373
22.000000,10.000000,3217.409916
23.000000,10.000000,3385.545826
24.000000,10.000000,3557.862102
16.000000,10.500000,2272.016413
17.000000,10.500000,2420.118487
18.000000,10.500000,2572.833863
19.000000,10.500000,2730.162541
20.000000,10.500000,2892.104522
21.000000,10.500000,3056.390020
22.000000,10.500000,3220.416281
23.000000,10.500000,3388.623331
24.000000,10.500000,3561.011170
16.000000,11.000000,2274.496245
17.000000,11.000000,2422.736730
18.000000,11.000000,2575.594680
19.000000,11.000000,2733.070095
20.000000,11.000000,2895.162975
21.000000,11.000000,3059.326476
22.000000,11.000000,3223.423485
23.000000,11.000000,3391.701703
24.000000,11.000000,3564.161132
16.000000,11.500000,2277.046088
17.000000,11.500000,2425.458327
18.000000,11.500000,2578.494008
19.000000,11.500000,2736.153131
20.000000,11.500000,2898.435695
21.000000,11.500000,3062.450422
22.000000,11.500000,3226.567799
23.000000,11.500000,3394.864224
24.000000,11.500000,3567.339697
16.000000,12.000000,2279.596839
17.000000,12.000000,2428.180941
18.000000,12.000000,2581.394464
19.000000,12.000000,2739.237411
20.000000,12.000000,2901.709779
21.000000,12.000000,3065.575297
22.000000,12.000000,3229.713038
23.000000,12.000000,3398.027664
24.000000,12.000000,3570.519175
16.000000,12.500000,2282.182342
17.000000,12.500000,2430.993992
18.000000,12.500000,2584.444278
19.000000,12.500000,2742.533198
20.000000,12.500000,2905.260752
21.000000,12.500000,3068.953918
22.000000,12.500000,3233.097786
23.000000,12.500000,3401.415456
24.000000,12.500000,3573.906927
16.000000,13.000000,2284.768784
17.000000,13.000000,2433.808140
18.000000,13.000000,2587.495353
19.000000,13.000000,2745.830422
20.000000,13.000000,2908.813347
21.000000,13.000000,3072.333649
22.000000,13.000000,3236.483626
23.000000,13.000000,3404.804322
24.000000,13.000000,3577.295736
16.000000,13.500000,2287.383310
17.000000,13.500000,2436.652724
18.000000,13.500000,2590.579308
19.000000,13.500000,2749.163063
20.000000,13.500000,2912.403988
21.000000,13.500000,3075.740449
22.000000,13.500000,3239.946150
23.000000,13.500000,3408.321863
24.000000,13.500000,3580.867588
16.000000,14.000000,2289.998801
17.000000,14.000000,2439.498433
18.000000,14.000000,2593.664558
19.000000,14.000000,2752.497177
20.000000,14.000000,2915.996290
21.000000,14.000000,3079.148387
22.000000,14.000000,3243.409835
23.000000,14.000000,3411.840587
24.000000,14.000000,3584.440643
16.000000,14.500000,2292.656712
17.000000,14.500000,2442.384006
18.000000,14.500000,2596.786797
19.000000,14.500000,2755.865083
20.000000,14.500000,2919.618864
21.000000,14.500000,3082.550628
22.000000,14.500000,3246.876817
23.000000,14.500000,3415.372198
24.000000,14.500000,3588.036771
16.000000,15.000000,2295.315624
17.000000,15.000000,2445.270733
18.000000,15.000000,2599.910347
19.000000,15.000000,2759.234467
20.000000,15.000000,2923.243092
21.000000,15.000000,3085.953958
22.000000,15.000000,3250.344934
23.000000,15.000000,3418.904986
24.000000,15.000000,3591.634116
16.000000,15.500000,2298.224631
17.000000,15.500000,2448.355452
18.000000,15.500000,2603.176129
19.000000,15.500000,2762.686661
20.000000,15.500000,2926.887050
21.000000,15.500000,3089.337177
22.000000,15.500000,3253.807257
23.000000,15.500000,3422.447139
24.000000,15.500000,3595.256823
16.000000,16.000000,2301.134877
17.000000,16.000000,2451.441505
18.000000,16.000000,2606.443343
19.000000,16.000000,2766.140389
20.000000,16.000000,2930.532644
21.000000,16.000000,3092.721437
22.000000,16.000000,3257.270690
23.000000,16.000000,3425.990467
24.000000,16.000000,3598.880768
16.000000,16.500000,2304.149744
17.000000,16.500000,2454.611422
18.000000,16.500000,2609.772271
19.000000,16.500000,2769.632289
20.000000,16.500000,2934.191476
21.000000,16.500000,3096.107940
22.000000,16.500000,3260.745085
23.000000,16.500000,3429.553822
16.000000,17.000000,2307.165949
17.000000,17.000000,2457.782756
18.000000,17.000000,2613.102694
19.000000,17.000000,2773.125765
20.000000,17.000000,2937.851967
21.000000,17.000000,3099.495504
22.000000,17.000000,3264.220611
23.000000,17.000000,3433.118375
16.000000,17.500000,2310.207553
17.000000,17.500000,2461.028474
18.000000,17.500000,2616.559439
19.000000,17.500000,2776.800450
20.000000,17.500000,2941.751505
21.000000,17.500000,3103.059922
22.000000,17.500000,3267.825658
23.000000,17.500000,3436.762440
16.000000,18.000000,2313.250539
17.000000,18.000000,2464.275711
18.000000,18.000000,2620.017844
19.000000,18.000000,2780.476941
20.000000,18.000000,2945.653001
21.000000,18.000000,3106.625598
22.000000,18.000000,3271.431973
23.000000,18.000000,3440.407780
16.000000,18.500000,2316.306808
17.000000,18.500000,2467.553090
18.000000,18.500000,2623.524253
19.000000,18.500000,2784.220297
20.000000,18.500000,2949.398521
21.000000,18.500000,3110.244773
22.000000,18.500000,3275.090788
23.000000,18.500000,3444.104548
16.000000,19.000000,2319.364487
17.000000,19.000000,2470.832037
18.000000,19.000000,2627.032392
19.000000,19.000000,2787.965553
20.000000,19.000000,2953.145676
21.000000,19.000000,3113.865288
22.000000,19.000000,3278.750954
23.000000,19.000000,3447.802675
16.000000,19.500000,2322.459790
17.000000,19.500000,2474.141319
18.000000,19.500000,2630.563046
19.000000,19.500000,2791.724970
20.000000,19.500000,2956.709456
21.000000,19.500000,3117.530839
22.000000,19.500000,3282.519651
23.000000,19.500000,3451.675893
16.000000,20.000000,2325.556560
17.000000,20.000000,2477.452217
18.000000,20.000000,2634.095467
19.000000,20.000000,2795.486313
20.000000,20.000000,2960.274570
21.000000,20.000000,3121.197797
22.000000,20.000000,3286.289826
23.000000,20.000000,3455.550658
16.000000,20.500000,2328.852393
17.000000,20.500000,2480.915310
18.000000,20.500000,2637.729904
19.000000,20.500000,2799.296176
20.000000,20.500000,2963.827974
21.000000,20.500000,3124.858312
22.000000,20.500000,3290.059075
23.000000,20.500000,3459.430262
16.000000,21.000000,2332.149971
17.000000,21.000000,2484.380230
18.000000,21.000000,2641.366253
19.000000,21.000000,2803.108038
20.000000,21.000000,2967.382719
21.000000,21.000000,3128.520245
22.000000,21.000000,3293.829815
23.000000,21.000000,3463.311429
16.000000,21.500000,2335.474870
17.000000,21.500000,2487.864469
18.000000,21.500000,2645.013333
19.000000,21.500000,2806.921461
20.000000,21.500000,2970.926289
21.000000,21.500000,3132.172656
22.000000,21.500000,3297.592760
23.000000,21.500000,3467.186603
15.000000,22.000000,2191.015330
16.000000,22.000000,2338.801570
17.000000,22.000000,2491.350577
18.000000,22.000000,2648.662351
19.000000,22.000000,2810.736893
20.000000,22.000000,2974.471207
21.000000,22.000000,3135.826491
22.000000,22.000000,3301.357204
23.000000,22.000000,3471.063346
15.000000,22.500000,2194.200519
16.000000,22.500000,2342.162850
17.000000,22.500000,2494.892730
18.000000,22.500000,2652.390157
19.000000,22.500000,2814.655132
20.000000,22.500000,2978.111807
21.000000,22.500000,3139.549509
22.000000,22.500000,3305.162825
23.000000,22.500000,3474.951755
15.000000,23.000000,2197.387455
16.000000,23.000000,2345.525974
17.000000,23.000000,2498.436824
18.000000,23.000000,2656.120006
19.000000,23.000000,2818.575518
20.000000,23.000000,2981.753881
21.000000,23.000000,3143.274043
22.000000,23.000000,3308.970002
23.000000,23.000000,3478.841759
15.000000,23.500000,2200.593938
16.000000,23.500000,2348.930542
17.000000,23.500000,2502.045790
18.000000,23.500000,2659.939682
19.000000,23.500000,2822.612218
20.000000,23.500000,2985.506288
21.000000,23.500000,3147.076788
22.000000,23.500000,3312.821191
23.000000,23.500000,3482.739496
15.000000,24.000000,2203.802193
16.000000,24.000000,2352.337025
17.000000,24.000000,2505.656818
18.000000,24.000000,2663.761573
19.000000,24.000000,2826.651289
20.000000,24.000000,2989.260392
21.000000,24.000000,3150.881207
22.000000,24.000000,3316.674029
23.000000,24.000000,3486.638858
15.000000,24.500000,2207.059499
16.000000,24.500000,2355.789069
17.000000,24.500000,2509.309518
18.000000,24.500000,2667.620848
19.000000,24.500000,2830.723057
20.000000,24.500000,2993.034542
21.000000,24.500000,3154.734491
22.000000,24.500000,3320.606009
23.000000,24.500000,3490.649097
15.000000,25.000000,2210.318672
16.000000,25.000000,2359.243112
17.000000,25.000000,2512.964354
18.000000,25.000000,2671.482398
19.000000,25.000000,2834.797244
20.000000,25.000000,2996.810416
21.000000,25.000000,3158.589508
22.000000,25.000000,3324.539731
23.000000,25.000000,3494.661085
15.000000,25.500000,2213.719164
16.000000,25.500000,2362.815593
17.000000,25.500000,2516.712657
18.000000,25.500000,2675.410356
19.000000,25.500000,2838.908690
20.000000,25.500000,3000.632406
21.000000,25.500000,3162.554932
22.000000,25.500000,3328.651388
23.000000,25.500000,3498.921774
15.000000,26.000000,2217.121843
16.000000,26.000000,2366.390332
17.000000,26.000000,2520.463290
18.000000,26.000000,2679.340717
19.000000,26.000000,2843.022613
20.000000,26.000000,3004.456174
21.000000,26.000000,3166.522220
22.000000,26.000000,3332.764994
23.000000,26.000000,3503.184496
15.000000,26.500000,2220.448893
16.000000,26.500000,2369.909789
17.000000,26.500000,2524.180504
18.000000,26.500000,2683.261038
19.000000,26.500000,2847.151391
20.000000,26.500000,3008.297555
21.000000,26.500000,3170.509557
22.000000,26.500000,3336.901208
23.000000,26.500000,3507.472508
15.000000,27.000000,2223.777989
16.000000,27.000000,2373.431399
17.000000,27.000000,2527.899979
18.000000,27.000000,2687.183731
19.000000,27.000000,2851.282655
20.000000,27.000000,3012.140739
21.000000,27.000000,3174.498785
22.000000,27.000000,3341.039402
23.000000,27.000000,3511.762588
15.000000,27.500000,2227.126094
16.000000,27.500000,2376.986280
17.000000,27.500000,2531.667858
18.000000,27.500000,2691.170827
19.000000,27.500000,2855.495187
20.000000,27.500000,3016.041328
21.000000,27.500000,3178.528385
22.000000,27.500000,3345.200012
23.000000,27.500000,3516.056207
15.000000,28.000000,2230.476264
16.000000,28.000000,2380.543353
17.000000,28.000000,2535.438057
18.000000,28.000000,2695.160376
19.000000,28.000000,2859.710309
20.000000,28.000000,3019.943790
21.000000,28.000000,3182.559928
22.000000,28.000000,3349.362633
23.000000,28.000000,3520.351905
24.000000,28.000000,3695.031380
25.000000,28.000000,3873.724580
26.000000,28.000000,4056.494860
15.000000,28.500000,2233.900216
16.000000,28.500000,2384.235933
17.000000,28.500000,2539.409224
18.000000,28.500000,2699.420087
19.000000,28.500000,2864.268525
20.000000,28.500000,3024.090166
21.000000,28.500000,3186.759250
22.000000,28.500000,3353.612756
23.000000,28.500000,3524.650684
24.000000,28.500000,3699.392089
25.000000,28.500000,3878.169208
26.000000,28.500000,4061.023094
15.000000,29.000000,2237.326332
16.000000,29.000000,2387.930890
17.000000,29.000000,2543.382990
18.000000,29.000000,2703.682633
19.000000,29.000000,2868.829818
20.000000,29.000000,3028.238710
21.000000,29.000000,3190.960715
22.000000,29.000000,3357.864995
23.000000,29.000000,3528.951552
24.000000,29.000000,3703.754588
25.000000,29.000000,3882.615626
26.000000,29.000000,4065.553117
15.000000,29.500000,2240.983690
16.000000,29.500000,2391.871916
17.000000,29.500000,2547.618137
18.000000,29.500000,2708.222351
19.000000,29.500000,2873.581974
20.000000,29.500000,3032.570518
21.000000,29.500000,3195.301603
22.000000,29.500000,3362.210229
23.000000,29.500000,3533.290454
24.000000,29.500000,3708.155331
25.000000,29.500000,3887.086898
26.000000,29.500000,4070.094467
15.000000,30.000000,2244.643516
16.000000,30.000000,2395.815652
17.000000,30.000000,2551.856243
18.000000,30.000000,2712.765290
19.000000,30.000000,2878.337422
20.000000,30.000000,3036.904679
21.000000,30.000000,3199.644743
22.000000,30.000000,3366.557614
23.000000,30.000000,3537.631254
24.000000,30.000000,3712.557824
25.000000,30.000000,3891.559943
26.000000,30.000000,4074.637610
15.000000,30.500000,2248.717418
16.000000,30.500000,2400.080606
17.000000,30.500000,2556.316256
18.000000,30.500000,2717.424366
19.000000,30.500000,2882.630903
20.000000,30.500000,3041.265176
21.000000,30.500000,3204.070226
22.000000,30.500000,3371.046054
23.000000,30.500000,3542.162410
24.000000,30.500000,3717.100197
25.000000,30.500000,3896.110253
26.000000,30.500000,4079.192578
15.000000,31.000000,2252.794368
16.000000,31.000000,2404.348720
17.000000,31.000000,2560.779541
18.000000,31.000000,2722.086829
19.000000,31.000000,2886.926816
20.000000,31.000000,3045.628062
21.000000,31.000000,3208.498056
22.000000,31.000000,3375.536800
23.000000,31.000000,3546.695484
24.000000,31.000000,3721.644452
25.000000,31.000000,3900.662409
26.000000,31.000000,4083.749355
15.000000,31.500000,2256.863558
16.000000,31.500000,2408.609770
17.000000,31.500000,2565.236504
18.000000,31.500000,2726.743760
19.000000,31.500000,2891.230210
20.000000,31.500000,3050.147672
21.000000,31.500000,3213.239303
22.000000,31.500000,3380.505102
23.000000,31.500000,3551.787860
24.000000,31.500000,3726.571473
25.000000,31.500000,3905.412595
15.000000,32.000000,2260.935791
16.000000,32.000000,2412.873975
17.000000,32.000000,2569.696736
18.000000,32.000000,2731.404073
19.000000,32.000000,2895.536049
20.000000,32.000000,3054.669862
21.000000,32.000000,3217.983266
22.000000,32.000000,3385.476260
23.000000,32.000000,3556.882717
24.000000,32.000000,3731.500744
25.000000,32.000000,3910.164812
15.000000,32.500000,2265.000830
16.000000,32.500000,2417.131658
17.000000,32.500000,2574.151161
18.000000,32.500000,2736.059340
19.000000,32.500000,2899.847264
20.000000,32.500000,3059.198855
21.000000,32.500000,3222.735518
22.000000,32.500000,3390.457254
23.000000,32.500000,3561.930438
24.000000,32.500000,3736.439537
25.000000,32.500000,3914.985880
15.000000,33.000000,2269.068908
16.000000,33.000000,2421.392492
17.000000,33.000000,2578.608851
18.000000,33.000000,2740.717986
19.000000,33.000000,2904.160938
20.000000,33.000000,3063.730440
21.000000,33.000000,3227.490501
22.000000,33.000000,3395.441120
23.000000,33.000000,3566.980611
24.000000,33.000000,3741.380623
25.000000,33.000000,3919.809085
15.000000,33.500000,2273.250051
16.000000,33.500000,2425.821301
17.000000,33.500000,2583.292557
18.000000,33.500000,2745.663818
19.000000,33.500000,2908.759510
20.000000,33.500000,3068.475555
21.000000,33.500000,3232.383547
22.000000,33.500000,3400.483484
23.000000,33.500000,3572.027787
24.000000,33.500000,3746.440716
25.000000,33.500000,3924.878846
14.000000,34.000000,2129.522602
15.000000,34.000000,2277.434471
16.000000,34.000000,2430.253581
17.000000,34.000000,2587.979932
18.000000,34.000000,2750.613523
19.000000,34.000000,2913.360953
20.000000,34.000000,3073.223570
21.000000,34.000000,3237.279521
22.000000,34.000000,3405.528804
23.000000,34.000000,3577.077442
24.000000,34.000000,3751.503272
25.000000,34.000000,3929.951049
14.000000,34.500000,2133.579764
15.000000,34.500000,2281.760347
16.000000,34.500000,2434.856838
17.000000,34.500000,2592.869237
18.000000,34.500000,2755.797545
19.000000,34.500000,2918.156738
20.000000,34.500000,3078.112262
21.000000,34.500000,3242.259433
22.000000,34.500000,3410.598253
23.000000,34.500000,3582.098318
24.000000,34.500000,3756.539250
25.000000,34.500000,3934.998971
14.000000,35.000000,2137.640282
15.000000,35.000000,2286.089805
16.000000,35.000000,2439.463911
17.000000,35.000000,2597.762600
18.000000,35.000000,2760.985872
19.000000,35.000000,2922.955701
20.000000,35.000000,3083.004069
21.000000,35.000000,3247.242399
22.000000,35.000000,3415.670693
23.000000,35.000000,3587.121664
24.000000,35.000000,3761.577683
25.000000,35.000000,3940.049327
14.000000,35.500000,2141.857946
15.000000,35.500000,2290.558904
16.000000,35.500000,2444.191414
17.000000,35.500000,2602.755476
18.000000,35.500000,2766.251090
19.000000,35.500000,2927.782898
20.000000,35.500000,3087.918721
21.000000,35.500000,3252.242524
22.000000,35.500000,3420.754309
23.000000,35.500000,3592.138865
24.000000,35.500000,3766.604335
25.000000,35.500000,3945.081939
14.000000,36.000000,2146.079334
15.000000,36.000000,2295.031904
16.000000,36.000000,2448.922998
17.000000,36.000000,2607.752617
18.000000,36.000000,2771.520761
19.000000,36.000000,2932.613321
20.000000,36.000000,3092.836530
21.000000,36.000000,3257.245737
22.000000,36.000000,3425.840943
23.000000,36.000000,3597.158566
24.000000,36.000000,3771.633456
25.000000,36.000000,3950.116986
14.000000,36.500000,2150.307741
15.000000,36.500000,2299.517467
16.000000,36.500000,2453.673007
17.000000,36.500000,2612.774363
18.000000,36.500000,2776.821535
19.000000,36.500000,2937.459381
20.000000,36.500000,3097.793422
21.000000,36.500000,3262.312808
22.000000,36.500000,3431.017538
23.000000,36.500000,3602.242383
24.000000,36.500000,3776.694379
25.000000,36.500000,3955.149766
14.000000,37.000000,2154.539880
15.000000,37.000000,2304.006946
16.000000,37.000000,2458.427121
17.000000,37.000000,2617.800406
18.000000,37.000000,2782.126801
19.000000,37.000000,2942.308690
20.000000,37.000000,3102.753542
21.000000,37.000000,3267.383085
22.000000,37.000000,3436.197319
23.000000,37.000000,3607.328847
24.000000,37.000000,3781.757853
25.000000,37.000000,3960.185003
14.000000,37.500000,2158.780531
15.000000,37.500000,2308.510561
16.000000,37.500000,2463.201313
17.000000,37.500000,2622.852789
18.000000,37.500000,2787.464989
19.000000,37.500000,2947.211160
20.000000,37.500000,3107.831442
21.000000,37.500000,3272.639278
22.000000,37.500000,3441.634667
23.000000,37.500000,3612.600206
24.000000,37.500000,3786.923892
25.000000,37.500000,3965.236116
14.000000,38.000000,2163.024925
15.000000,38.000000,2313.018110
16.000000,38.000000,2467.979636
17.000000,38.000000,2627.909503
18.000000,38.000000,2792.807711
19.000000,38.000000,2952.116975
20.000000,38.000000,3112.912789
21.000000,38.000000,3277.899020
22.000000,38.000000,3447.075668
23.000000,38.000000,3617.874561
24.000000,38.000000,3792.092676
25.000000,38.000000,3970.289736
14.000000,38.500000,2167.510271
15.000000,38.500000,2317.711929
16.000000,38.500000,2472.885411
17.000000,38.500000,2633.030715
18.000000,38.500000,2798.147843
19.000000,38.500000,2957.000483
20.000000,38.500000,3117.978542
21.000000,38.500000,3283.150305
22.000000,38.500000,3452.515772
23.000000,38.500000,3623.181406
24.000000,38.500000,3797.389496
25.000000,38.500000,3975.571080
14.000000,39.000000,2171.999821
15.000000,39.000000,2322.410029
16.000000,39.000000,2477.795540
17.000000,39.000000,2638.156357
18.000000,39.000000,2803.492479
19.000000,39.000000,2961.887293
20.000000,39.000000,3123.047713
21.000000,39.000000,3288.405126
22.000000,39.000000,3457.959533
23.000000,39.000000,3628.491289
24.000000,39.000000,3802.689210
25.000000,39.000000,3980.855178
14.000000,39.500000,2176.633929
15.000000,39.500000,2327.303160
16.000000,39.500000,2482.954324
17.000000,39.500000,2643.587420
18.000000,39.500000,2809.202448
19.000000,39.500000,2967.059829
20.000000,39.500000,3128.312970
21.000000,39.500000,3293.761016
22.000000,39.500000,3463.392237
23.000000,39.500000,3633.855834
24.000000,39.500000,3808.135031
25.000000,39.500000,3986.381009
14.000000,40.000000,2181.272559
15.000000,40.000000,2332.201003
16.000000,40.000000,2488.118012
17.000000,40.000000,2649.023584
18.000000,40.000000,2814.917720
19.000000,40.000000,2972.236237
20.000000,40.000000,3133.582030
21.000000,40.000000,3299.120639
22.000000,40.000000,3468.828569
23.000000,40.000000,3639.223511
24.000000,40.000000,3813.583966
25.000000,40.000000,3991.909936
14.000000,40.500000,2186.053066
15.000000,40.500000,2337.214636
16.000000,40.500000,2493.369246
17.000000,40.500000,2654.516897
18.000000,40.500000,2820.077747
19.000000,40.500000,2977.404995
20.000000,40.500000,3138.839982
21.000000,40.500000,3304.465562
22.000000,40.500000,3474.101137
23.000000,40.500000,3644.618682
24.000000,40.500000,3819.102362
25.000000,40.500000,3997.552177
14.000000,41.000000,2190.838420
15.000000,41.000000,2342.233237
16.000000,41.000000,2498.625570
17.000000,41.000000,2660.015420
18.000000,41.000000,2825.241868
19.000000,41.000000,2982.577605
20.000000,41.000000,3144.101713
21.000000,41.000000,3309.814192
22.000000,41.000000,3479.376846
23.000000,41.000000,3650.017035
24.000000,41.000000,3824.623979
25.000000,41.000000,4003.197678
14.000000,41.500000,2195.637482
15.000000,41.500000,2347.267275
16.000000,41.500000,2503.899148
17.000000,41.500000,2665.533098
18.000000,41.500000,2830.322533
19.000000,41.500000,2987.772372
20.000000,41.500000,3149.409590
21.000000,41.500000,3315.234185
22.000000,41.500000,3484.748528
23.000000,41.500000,3655.490658
24.000000,41.500000,3830.199042
25.000000,41.500000,4008.873680
14.000000,42.000000,2200.441402
15.000000,42.000000,2352.306296
16.000000,42.000000,2509.177830
17.000000,42.000000,2671.056005
18.000000,42.000000,2835.407114
19.000000,42.000000,2992.971022
20.000000,42.000000,3154.721315
21.000000,42.000000,3320.657994
22.000000,42.000000,3490.123497
23.000000,42.000000,3660.967572
24.000000,42.000000,3835.777398
25.000000,42.000000,4014.552976
14.000000,42.500000,2205.314232
15.000000,42.500000,2357.404798
16.000000,42.500000,2514.505815
17.000000,42.500000,2676.617282
18.000000,42.500000,2840.518563
19.000000,42.500000,2998.263163
20.000000,42.500000,3160.196631
21.000000,42.500000,3326.318969
22.000000,42.500000,3495.762717
23.000000,42.500000,3666.633413
24.000000,42.500000,3841.465554
25.000000,42.500000,4020.259141
14.000000,43.000000,2210.192050
15.000000,43.000000,2362.508389
16.000000,43.000000,2519.838989
17.000000,43.000000,2682.183848
18.000000,43.000000,2845.633968
19.000000,43.000000,3003.559338
20.000000,43.000000,3165.676061
21.000000,43.000000,3331.984137
22.000000,43.000000,3501.405617
23.000000,43.000000,3672.302812
24.000000,43.000000,3847.157149
25.000000,43.000000,4025.968627
14.000000,43.500000,2215.387814
15.000000,43.500000,2367.875486
16.000000,43.500000,2525.377079
17.000000,43.500000,2687.892595
18.000000,43.500000,2850.859339
19.000000,43.500000,3009.004913
20.000000,43.500000,3171.346301
21.000000,43.500000,3337.883501
22.000000,43.500000,3507.254487
23.000000,43.500000,3678.114390
24.000000,43.500000,3852.923709
14.000000,44.000000,2220.589254
15.000000,44.000000,2373.248228
16.000000,44.000000,2530.920784
17.000000,44.000000,2693.606923
18.000000,44.000000,2856.088879
19.000000,44.000000,3014.454808
20.000000,44.000000,3177.021012
21.000000,44.000000,3343.787491
22.000000,44.000000,3513.107412
23.000000,44.000000,3683.929769
24.000000,44.000000,3858.693824
14.000000,44.500000,2225.964812
15.000000,44.500000,2378.844674
16.000000,44.500000,2536.740639
17.000000,44.500000,2699.652708
18.000000,44.500000,2861.635816
19.000000,44.500000,3020.151859
20.000000,44.500000,3182.868506
21.000000,44.500000,3349.785756
22.000000,44.500000,3518.973575
23.000000,44.500000,3689.782169
24.000000,44.500000,3864.526024
13.000000,45.000000,2083.264234
14.000000,45.000000,2231.346431
15.000000,45.000000,2384.447251
16.000000,45.000000,2542.566696
17.000000,45.000000,2705.704765
18.000000,45.000000,2867.187495
19.000000,45.000000,3025.853667
20.000000,45.000000,3188.720771
21.000000,45.000000,3355.788806
22.000000,45.000000,3524.843821
23.000000,45.000000,3695.638449
24.000000,45.000000,3870.361906
13.000000,45.500000,2088.610283
14.000000,45.500000,2236.936691
15.000000,45.500000,2390.285570
16.000000,45.500000,2548.656922
17.000000,45.500000,2712.050747
18.000000,45.500000,2872.978884
19.000000,45.500000,3031.731743
20.000000,45.500000,3194.682190
21.000000,45.500000,3361.830226
22.000000,45.500000,3530.719930
23.000000,45.500000,3701.547909
24.000000,45.500000,3876.300700
13.000000,46.000000,2093.962747
14.000000,46.000000,2242.533489
15.000000,46.000000,2396.130552
16.000000,46.000000,2554.753936
17.000000,46.000000,2718.403641
18.000000,46.000000,2878.775466
19.000000,46.000000,3037.614894
20.000000,46.000000,3200.648568
21.000000,46.000000,3367.876489
22.000000,46.000000,3536.600139
23.000000,46.000000,3707.461356
24.000000,46.000000,3882.243370
13.000000,46.500000,2099.326383
14.000000,46.500000,2248.138717
15.000000,46.500000,2401.981042
16.000000,46.500000,2560.853358
17.000000,46.500000,2724.755664
18.000000,46.500000,2884.548620
19.000000,46.500000,3043.479533
20.000000,46.500000,3206.601625
21.000000,46.500000,3373.914896
22.000000,46.500000,3542.536891
23.000000,46.500000,3713.534106
24.000000,46.500000,3888.452734
13.000000,47.000000,2104.696440
14.000000,47.000000,2253.750484
15.000000,47.000000,2407.838189
16.000000,47.000000,2566.959555
17.000000,47.000000,2731.114582
18.000000,47.000000,2890.326921
19.000000,47.000000,3049.349210
20.000000,47.000000,3212.559611
21.000000,47.000000,3379.958124
22.000000,47.000000,3548.477831
23.000000,47.000000,3719.611087
24.000000,47.000000,3894.666371
13.000000,47.500000,2110.140087
14.000000,47.500000,2259.420139
15.000000,47.500000,2413.736062
16.000000,47.500000,2573.087855
17.000000,47.500000,2737.475518
18.000000,47.500000,2896.109302
19.000000,47.500000,3055.261619
20.000000,47.500000,3218.601042
21.000000,47.500000,3386.127571
22.000000,47.500000,3554.532041
23.000000,47.500000,3725.757738
24.000000,47.500000,3900.903879
13.000000,48.000000,2115.590399
14.000000,48.000000,2265.096519
15.000000,48.000000,2419.640715
16.000000,48.000000,2579.222990
17.000000,48.000000,2743.843342
18.000000,48.000000,2901.896840
19.000000,48.000000,3061.179151
20.000000,48.000000,3224.647563
21.000000,48.000000,3392.302075
22.000000,48.000000,3560.590646
23.000000,48.000000,3731.908746
24.000000,48.000000,3907.145705
13.000000,48.500000,2121.158460
14.000000,48.500000,2270.898686
15.000000,48.500000,2425.679141
16.000000,48.500000,2585.499824
17.000000,48.500000,2750.360735
18.000000,48.500000,2907.857883
19.000000,48.500000,3067.312210
20.000000,48.500000,3230.953589
21.000000,48.500000,3398.782020
22.000000,48.500000,3566.873623
23.000000,48.500000,3738.192203
24.000000,48.500000,3913.423419
13.000000,49.000000,2126.733573
14.000000,49.000000,2276.707964
15.000000,49.000000,2431.724729
16.000000,49.000000,2591.783867
17.000000,49.000000,2756.885380
18.000000,49.000000,2913.824464
19.000000,49.000000,3073.450846
20.000000,49.000000,3237.265231
21.000000,49.000000,3405.267619
22.000000,49.000000,3573.161413
23.000000,49.000000,3744.480258
24.000000,49.000000,3919.705518
13.000000,49.500000,2132.360127
14.000000,49.500000,2282.574178
15.000000,49.500000,2437.832943
16.000000,49.500000,2598.136423
17.000000,49.500000,2763.484617
18.000000,49.500000,2919.885014
19.000000,49.500000,3079.709634
20.000000,49.500000,3243.724433
21.000000,49.500000,3411.929412
22.000000,49.500000,3579.543560
23.000000,49.500000,3750.811804
24.000000,49.500000,3925.977761
13.000000,50.000000,2137.993867
14.000000,50.000000,2288.447644
15.000000,50.000000,2443.948470
16.000000,50.000000,2604.496345
17.000000,50.000000,2770.091271
18.000000,50.000000,2925.951306
19.000000,50.000000,3085.974250
20.000000,50.000000,3250.189549
21.000000,50.000000,3418.597205
22.000000,50.000000,3585.930699
23.000000,50.000000,3757.148028
24.000000,50.000000,3932.254377
13.000000,50.500000,2143.706192
14.000000,50.500000,2294.432841
15.000000,50.500000,2450.211148
16.000000,50.500000,2611.041113
17.000000,50.500000,2776.220890
18.000000,50.500000,2932.221565
19.000000,50.500000,3092.398978
20.000000,50.500000,3256.767870
21.000000,50.500000,3425.049994
22.000000,50.500000,3592.342120
23.000000,50.500000,3763.512161
24.000000,50.500000,3938.562712
13.000000,51.000000,2149.425925
14.000000,51.000000,2300.425611
15.000000,51.000000,2456.481564
16.000000,51.000000,2617.593782
17.000000,51.000000,2782.356867
18.000000,51.000000,2938.498098
19.000000,51.000000,3098.829928
20.000000,51.000000,3263.352358
21.000000,51.000000,3431.508142
22.000000,51.000000,3598.758577
23.000000,51.000000,3769.881022
24.000000,51.000000,3944.875478
13.000000,51.500000,2155.163867
14.000000,51.500000,2306.439087
15.000000,51.500000,2462.775324
16.000000,51.500000,2624.172578
17.000000,51.500000,2788.487776
18.000000,51.500000,2944.783087
19.000000,51.500000,3105.268030
20.000000,51.500000,3269.942604
21.000000,51.500000,3437.958307
22.000000,51.500000,3605.300267
23.000000,51.500000,3776.512024
24.000000,51.500000,3951.593580
13.000000,52.000000,2160.909240
14.000000,52.000000,2312.460164
15.000000,52.000000,2469.076856
16.000000,52.000000,2630.759316
17.000000,52.000000,2794.625014
18.000000,52.000000,2951.074351
19.000000,52.000000,3111.712350
20.000000,52.000000,3276.539011
21.000000,52.000000,3444.413808
22.000000,52.000000,3611.847223
23.000000,52.000000,3783.148223
24.000000,52.000000,3958.316808
13.000000,52.500000,2166.910465
14.000000,52.500000,2318.679834
15.000000,52.500000,2475.515153
16.000000,52.500000,2637.416423
17.000000,52.500000,2800.762641
18.000000,52.500000,2957.366979
19.000000,52.500000,3118.159070
20.000000,52.500000,3283.138914
21.000000,52.500000,3450.872766
22.000000,52.500000,3618.426779
23.000000,52.500000,3789.847650
24.000000,52.500000,3965.135381
13.000000,53.000000,2172.919819
14.000000,53.000000,2324.907626
15.000000,53.000000,2481.961562
16.000000,53.000000,2644.081628
17.000000,53.000000,2806.906578
18.000000,53.000000,2963.665863
19.000000,53.000000,3124.611992
20.000000,53.000000,3289.744964
21.000000,53.000000,3457.337065
22.000000,53.000000,3625.011668
23.000000,53.000000,3796.552402
24.000000,53.000000,3971.959267
13.000000,53.500000,2179.096542
14.000000,53.500000,2331.293085
15.000000,53.500000,2488.554862
16.000000,53.500000,2650.881873
17.000000,53.500000,2813.178502
18.000000,53.500000,2970.118368
19.000000,53.500000,3131.245366
20.000000,53.500000,3296.559496
21.000000,53.500000,3464.003489
22.000000,53.500000,3631.757527
23.000000,53.500000,3803.374813
24.000000,53.500000,3978.855347
13.000000,54.000000,2185.281851
14.000000,54.000000,2337.687082
15.000000,54.000000,2495.156646
16.000000,54.000000,2657.690543
17.000000,54.000000,2819.457012
18.000000,54.000000,2976.577457
19.000000,54.000000,3137.885319
20.000000,54.000000,3303.380598
21.000000,54.000000,3470.675656
22.000000,54.000000,3638.509033
23.000000,54.000000,3810.202775
24.000000,54.000000,3985.756882
13.000000,54.500000,2191.581667
14.000000,54.500000,2344.218325
15.000000,54.500000,2501.919766
16.000000,54.500000,2664.685991
17.000000,54.500000,2825.956268
18.000000,54.500000,2983.307769
19.000000,54.500000,3144.849369
20.000000,54.500000,3310.581067
21.000000,54.500000,3477.675969
22.000000,54.500000,3645.478890
23.000000,54.500000,3817.133666
13.000000,55.000000,2197.890363
14.000000,55.000000,2350.758457
15.000000,55.000000,2508.691781
16.000000,55.000000,2671.690334
17.000000,55.000000,2832.462615
18.000000,55.000000,2990.045272
19.000000,55.000000,3151.820708
20.000000,55.000000,3317.788924
21.000000,55.000000,3484.682701
22.000000,55.000000,3652.454823
23.000000,55.000000,3824.070300
13.000000,55.500000,2204.329845
14.000000,55.500000,2357.441460
15.000000,55.500000,2515.619344
16.000000,55.500000,2678.863498
17.000000,55.500000,2839.135575
18.000000,55.500000,2996.934157
19.000000,55.500000,3158.927101
20.000000,55.500000,3325.114405
21.000000,55.500000,3491.731073
22.000000,55.500000,3659.447733
23.000000,55.500000,3830.998059
13.000000,56.000000,2210.778549
14.000000,56.000000,2364.133722
15.000000,56.000000,2522.556200
16.000000,56.000000,2686.045983
17.000000,56.000000,2845.816007
18.000000,56.000000,3003.830569
19.000000,56.000000,3166.041072
20.000000,56.000000,3332.447517
21.000000,56.000000,3498.785945
22.000000,56.000000,3666.446748
23.000000,56.000000,3837.931540
13.000000,56.500000,2217.288101
14.000000,56.500000,2370.935343
15.000000,56.500000,2529.654065
16.000000,56.500000,2693.444268
17.000000,56.500000,2852.697870
18.000000,56.500000,3010.889576
19.000000,56.500000,3173.276373
20.000000,56.500000,3339.858259
21.000000,56.500000,3505.842371
22.000000,56.500000,3673.434045
23.000000,56.500000,3844.839434
12.000000,57.000000,2074.943194
13.000000,57.000000,2223.807024
14.000000,57.000000,2377.746509
15.000000,57.000000,2536.761648
16.000000,57.000000,2700.852443
17.000000,57.000000,2859.587678
18.000000,57.000000,3017.956477
19.000000,57.000000,3180.519512
20.000000,57.000000,3347.276783
21.000000,57.000000,3512.905294
22.000000,57.000000,3680.427418
23.000000,57.000000,3851.752999
12.000000,57.500000,2081.562794
13.000000,57.500000,2230.637712
14.000000,57.500000,2384.786051
15.000000,57.500000,2544.007812
16.000000,57.500000,2708.302995
17.000000,57.500000,2866.480401
18.000000,57.500000,3025.026387
19.000000,57.500000,3187.765768
20.000000,57.500000,3354.698544
21.000000,57.500000,3520.099226
22.000000,57.500000,3687.768326
23.000000,57.500000,3859.240236
12.000000,58.000000,2088.192799
13.000000,58.000000,2237.478705
14.000000,58.000000,2391.835794
15.000000,58.000000,2551.264065
16.000000,58.000000,2715.763520
17.000000,58.000000,2873.381049
18.000000,58.000000,3032.104170
19.000000,58.000000,3195.019843
20.000000,58.000000,3362.128068
21.000000,58.000000,3527.299896
22.000000,58.000000,3695.115944
23.000000,58.000000,3866.734156
12.000000,58.500000,2094.883703
13.000000,58.500000,2244.370959
14.000000,58.500000,2398.926363
15.000000,58.500000,2558.549915
16.000000,58.500000,2723.241614
17.000000,58.500000,2880.296342
18.000000,58.500000,3039.193097
19.000000,58.500000,3202.281360
20.000000,58.500000,3369.561130
21.000000,58.500000,3534.565141
22.000000,58.500000,3702.598652
23.000000,58.500000,3874.436779
12.000000,59.000000,2101.585170
13.000000,59.000000,2251.273640
14.000000,59.000000,2406.027217
15.000000,59.000000,2565.845901
16.000000,59.000000,2730.729692
17.000000,59.000000,2887.219571
18.000000,59.000000,3046.289897
19.000000,59.000000,3209.550686
20.000000,59.000000,3377.001937
21.000000,59.000000,3541.837235
22.000000,59.000000,3710.088315
23.000000,59.000000,3882.146465
12.000000,59.500000,2108.361415
13.000000,59.500000,2258.318030
14.000000,59.500000,2413.341110
15.000000,59.500000,2573.430656
16.000000,59.500000,2738.586666
17.000000,59.500000,2894.498389
18.000000,59.500000,3053.734671
19.000000,59.500000,3217.159381
20.000000,59.500000,3384.588010
21.000000,59.500000,3549.401882
22.000000,59.500000,3717.826973
23.000000,59.500000,3890.059189
12.000000,60.000000,2115.148436
13.000000,60.000000,2265.373264
14.000000,60.000000,2420.665909
15.000000,60.000000,2581.026372
16.000000,60.000000,2746.454653
17.000000,60.000000,2901.786023
18.000000,60.000000,3061.188150
19.000000,60.000000,3224.776670
20.000000,60.000000,3392.182068
21.000000,60.000000,3556.973990
22.000000,60.000000,3725.573091
23.000000,60.000000,3897.979370
12.000000,60.500000,2122.004009
13.000000,60.500000,2272.488058
14.000000,60.500000,2428.040418
15.000000,60.500000,2588.661090
16.000000,60.500000,2753.656302
17.000000,60.500000,2909.210389
18.000000,60.500000,3068.897109
19.000000,60.500000,3232.774359
20.000000,60.500000,3400.045003
21.000000,60.500000,3564.882707
22.000000,60.500000,3733.520975
23.000000,60.500000,3905.959809
12.000000,61.000000,2128.870552
13.000000,61.000000,2279.613853
14.000000,61.000000,2435.425952
15.000000,61.000000,2596.306848
16.000000,61.000000,2760.867059
17.000000,61.000000,2916.643893
18.000000,61.000000,3076.615391
19.000000,61.000000,3240.781555
20.000000,61.000000,3407.916458
21.000000,61.000000,3572.799619
22.000000,61.000000,3741.476736
23.000000,61.000000,3913.947809
12.000000,61.500000,2135.829414
13.000000,61.500000,2286.886210
14.000000,61.500000,2443.015788
15.000000,61.500000,2604.218149
16.000000,61.500000,2768.325094
17.000000,61.500000,2924.322363
18.000000,61.500000,3084.514622
19.000000,61.500000,3248.901870
20.000000,61.500000,3415.796079
21.000000,61.500000,3580.718245
22.000000,61.500000,3749.427450
23.000000,61.500000,3921.923696
12.000000,62.000000,2142.799509
13.000000,62.000000,2294.169995
14.000000,62.000000,2450.617245
15.000000,62.000000,2612.141259
16.000000,62.000000,2775.792881
17.000000,62.000000,2932.010592
18.000000,62.000000,3092.423614
19.000000,62.000000,3257.031948
20.000000,62.000000,3423.684216
21.000000,62.000000,3588.645046
22.000000,62.000000,3757.386005
23.000000,62.000000,3929.907092
12.000000,62.500000,2150.130022
13.000000,62.500000,2301.746497
14.000000,62.500000,2458.438127
15.000000,62.500000,2620.204914
16.000000,62.500000,2783.323342
17.000000,62.500000,2939.752936
18.000000,62.500000,3100.377603
19.000000,62.500000,3265.197344
20.000000,62.500000,3431.564371
21.000000,62.500000,3596.561729
22.000000,62.500000,3765.332221
23.000000,62.500000,3937.875847
12.000000,63.000000,2157.472951
13.000000,63.000000,2309.335353
14.000000,63.000000,2466.271293
15.000000,63.000000,2628.280771
16.000000,63.000000,2790.863693
17.000000,63.000000,2947.505149
18.000000,63.000000,3108.341437
19.000000,63.000000,3273.372557
20.000000,63.000000,3439.452998
21.000000,63.000000,3604.486540
22.000000,63.000000,3773.286226
23.000000,63.000000,3945.852055
12.000000,63.500000,2164.820575
13.000000,63.500000,2316.929615
14.000000,63.500000,2474.110649
15.000000,63.500000,2636.363676
16.000000,63.500000,2798.409653
17.000000,63.500000,2955.254638
18.000000,63.500000,3116.293762
19.000000,63.500000,3281.527025
20.000000,63.500000,3447.313560
21.000000,63.500000,3612.446668
22.000000,63.500000,3781.342357
12.000000,64.000000,2172.180580
13.000000,64.000000,2324.536199
14.000000,64.000000,2481.962257
15.000000,64.000000,2644.458754
16.000000,64.000000,2805.965484
17.000000,64.000000,2963.013953
18.000000,64.000000,3124.255866
19.000000,64.000000,3289.691221
20.000000,64.000000,3455.182520
21.000000,64.000000,3620.415025
22.000000,64.000000,3789.406551
12.000000,64.500000,2179.627748
13.000000,64.500000,2332.254591
14.000000,64.500000,2489.951931
15.000000,64.500000,2652.719769
16.000000,64.500000,2813.693973
17.000000,64.500000,2970.897092
18.000000,64.500000,3132.289763
19.000000,64.500000,3297.871988
20.000000,64.500000,3463.072775
21.000000,64.500000,3628.479812
22.000000,64.500000,3797.646337
12.000000,65.000000,2187.087567
13.000000,65.000000,2339.985653
14.000000,65.000000,2497.954289
15.000000,65.000000,2660.993475
16.000000,65.000000,2821.432831
17.000000,65.000000,2978.790396
18.000000,65.000000,3140.333619
19.000000,65.000000,3306.062500
20.000000,65.000000,3470.971488
21.000000,65.000000,3636.553095
22.000000,65.000000,3805.894655
12.000000,65.500000,2194.628369
13.000000,65.500000,2347.802156
14.000000,65.500000,2506.046663
15.000000,65.500000,2669.361890
16.000000,65.500000,2829.290207
17.000000,65.500000,2986.854242
18.000000,65.500000,3148.602789
19.000000,65.500000,3314.535848
20.000000,65.500000,3479.130131
21.000000,65.500000,3644.808878
22.000000,65.500000,3814.243829
12.000000,66.000000,2202.182065
13.000000,66.000000,2355.631583
14.000000,66.000000,2514.151984
15.000000,66.000000,2677.743269
16.000000,66.000000,2837.158273
17.000000,66.000000,2994.928718
18.000000,66.000000,3156.882522
19.000000,66.000000,3323.019688
20.000000,66.000000,3487.297894
21.000000,66.000000,3653.073602
22.000000,66.000000,3822.601765
12.000000,66.500000,2209.866261
13.000000,66.500000,2363.577962
14.000000,66.500000,2522.359509
15.000000,66.500000,2686.210902
16.000000,66.500000,2845.152191
17.000000,66.500000,3003.200156
18.000000,66.500000,3165.434184
19.000000,66.500000,3331.854275
20.000000,66.500000,3495.739548
21.000000,66.500000,3661.516848
22.000000,66.500000,3831.037780
12.000000,67.000000,2217.563764
13.000000,67.000000,2371.537620
14.000000,67.000000,2530.580277
15.000000,67.000000,2694.691736
16.000000,67.000000,2853.157139
17.000000,67.000000,3011.482764
18.000000,67.000000,3173.997154
19.000000,67.000000,3340.700307
20.000000,67.000000,3504.191030
21.000000,67.000000,3669.969471
22.000000,67.000000,3839.482732
12.000000,67.500000,2225.480263
13.000000,67.500000,2379.706037
14.000000,67.500000,2538.998458
15.000000,67.500000,2703.357525
16.000000,67.500000,2861.329827
17.000000,67.500000,3019.888902
18.000000,67.500000,3182.636597
19.000000,67.500000,3349.572910
20.000000,67.500000,3512.608828
21.000000,67.500000,3678.386570
22.000000,67.500000,3847.890319
11.000000,68.000000,2083.997682
12.000000,68.000000,2233.410807
13.000000,68.000000,2387.888416
14.000000,68.000000,2547.430510
15.000000,68.000000,2712.037089
16.000000,68.000000,2869.514018
17.000000,68.000000,3028.306539
18.000000,68.000000,3191.287529
19.000000,68.000000,3358.456991
20.000000,68.000000,3521.036347
21.000000,68.000000,3686.812942
22.000000,68.000000,3856.306742
11.000000,68.500000,2091.668577
12.000000,68.500000,2241.340030
13.000000,68.500000,2396.074141
14.000000,68.500000,2555.870911
15.000000,68.500000,2720.730337
16.000000,68.500000,2877.714913
17.000000,68.500000,3036.739453
18.000000,68.500000,3199.952229
19.000000,68.500000,3367.104324
20.000000,68.500000,3529.429902
21.000000,68.500000,3695.203548
22.000000,68.500000,3864.685599
11.000000,69.000000,2099.353516
12.000000,69.000000,2249.283239
13.000000,69.000000,2404.273786
14.000000,69.000000,2564.325157
15.000000,69.000000,2729.437351
16.000000,69.000000,2885.927316
17.000000,69.000000,3045.183867
18.000000,69.000000,3208.628414
19.000000,69.000000,3375.762437
20.000000,69.000000,3537.833074
21.000000,69.000000,3703.603325
22.000000,69.000000,3873.073189
11.000000,69.500000,2107.210283
12.000000,69.500000,2257.381442
13.000000,69.500000,2412.610281
14.000000,69.500000,2572.896802
15.000000,69.500000,2738.232715
16.000000,69.500000,2894.230304
17.000000,69.500000,3053.702747
18.000000,69.500000,3217.361853
19.000000,69.500000,3384.160454
20.000000,69.500000,3546.247613
21.000000,69.500000,3712.026119
22.000000,69.500000,3881.495971
11.000000,70.000000,2115.081670
12.000000,70.000000,2265.494126
13.000000,70.000000,2420.961117
14.000000,70.000000,2581.482642
15.000000,70.000000,2747.042095
16.000000,70.000000,2902.545039
17.000000,70.000000,3062.233307
18.000000,70.000000,3226.106902
19.000000,70.000000,3392.568528
20.000000,70.000000,3554.671779
21.000000,70.000000,3720.458119
22.000000,70.000000,3889.927546
11.000000,70.500000,2123.115573
12.000000,70.500000,2273.773130
13.000000,70.500000,2429.482339
14.000000,70.500000,2590.243199
15.000000,70.500000,2755.331301
16.000000,70.500000,2911.008631
17.000000,70.500000,3070.867033
18.000000,70.500000,3234.906507
19.000000,70.500000,3401.030636
20.000000,70.500000,3563.429924
21.000000,70.500000,3729.516943
22.000000,70.500000,3899.291690
11.000000,71.000000,2131.164642
12.000000,71.000000,2282.067165
13.000000,71.000000,2438.018454
14.000000,71.000000,2599.018509
15.000000,71.000000,2763.632880
16.000000,71.000000,2919.484391
17.000000,71.000000,3079.512712
18.000000,71.000000,3243.717842
19.000000,71.000000,3409.502912
20.000000,71.000000,3572.198483
21.000000,71.000000,3738.586428
22.000000,71.000000,3908.666748
11.000000,71.500000,2139.295525
12.000000,71.500000,2290.425033
13.000000,71.500000,2446.598664
14.000000,71.500000,2607.816417
15.000000,71.500000,2771.940498
16.000000,71.500000,2928.012950
17.000000,71.500000,3088.261052
18.000000,71.500000,3252.684804
19.000000,71.500000,3418.198368
20.000000,71.500000,3581.135677
21.000000,71.500000,3747.766573
22.000000,71.500000,3918.091056
11.000000,72.000000,2147.441851
12.000000,72.000000,2298.798128
13.000000,72.000000,2455.193880
14.000000,72.000000,2616.629107
15.000000,72.000000,2780.260462
16.000000,72.000000,2936.553807
17.000000,72.000000,3097.021639
18.000000,72.000000,3261.663957
19.000000,72.000000,3426.904635
20.000000,72.000000,3590.083748
21.000000,72.000000,3756.957659
22.000000,72.000000,3927.526368
11.000000,72.500000,2155.663471
12.000000,72.500000,2307.275650
13.000000,72.500000,2463.924517
14.000000,72.500000,2625.610072
15.000000,72.500000,2788.789213
16.000000,72.500000,2945.303037
17.000000,72.500000,3105.990150
18.000000,72.500000,3270.850553
19.000000,72.500000,3435.820638
20.000000,72.500000,3599.182433
21.000000,72.500000,3766.236584
11.000000,73.000000,2163.900771
12.000000,73.000000,2315.768738
13.000000,73.000000,2472.670601
14.000000,73.000000,2634.606359
15.000000,73.000000,2797.330935
16.000000,73.000000,2954.065184
17.000000,73.000000,3114.971524
18.000000,73.000000,3280.049956
19.000000,73.000000,3444.748046
20.000000,73.000000,3608.292402
21.000000,73.000000,3775.526665
11.000000,73.500000,2172.170239
12.000000,73.500000,2324.310126
13.000000,73.500000,2481.482340
14.000000,73.500000,2643.686881
15.000000,73.500000,2805.964487
16.000000,73.500000,2962.896991
17.000000,73.500000,3123.998981
18.000000,73.500000,3289.270457
19.000000,73.500000,3453.682819
20.000000,73.500000,3617.408725
21.000000,73.500000,3784.822029
11.000000,74.000000,2180.455445
12.000000,74.000000,2332.867196
13.000000,74.000000,2490.309703
14.000000,74.000000,2652.782965
15.000000,74.000000,2814.611260
16.000000,74.000000,2971.741890
17.000000,74.000000,3133.039399
18.000000,74.000000,3298.503786
19.000000,74.000000,3462.628974
20.000000,74.000000,3626.536307
21.000000,74.000000,3794.128517
11.000000,74.500000,2188.776649
12.000000,74.500000,2341.458637
13.000000,74.500000,2499.169122
14.000000,74.500000,2661.908104
15.000000,74.500000,2823.276002
16.000000,74.500000,2980.601598
17.000000,74.500000,3142.091315
18.000000,74.500000,3307.745152
19.000000,74.500000,3471.585188
20.000000,74.500000,3635.674281
21.000000,74.500000,3803.445745
11.000000,75.000000,2197.113688
12.000000,75.000000,2350.065845
13.000000,75.000000,2508.044234
14.000000,75.000000,2671.048853
15.000000,75.000000,2831.953974
16.000000,75.000000,2989.474400
17.000000,75.000000,3151.156185
18.000000,75.000000,3316.999331
19.000000,75.000000,3480.552771
20.000000,75.000000,3644.823499
21.000000,75.000000,3812.774083
11.000000,75.500000,2205.533372
12.000000,75.500000,2358.823064
13.000000,75.500000,2517.140688
14.000000,75.500000,2680.486244
15.000000,75.500000,2840.902741
16.000000,75.500000,2998.542554
17.000000,75.500000,3160.336472
18.000000,75.500000,3326.284496
19.000000,75.500000,3489.534399
20.000000,75.500000,3653.984560
21.000000,75.500000,3822.111936
11.000000,76.000000,2213.969154
12.000000,76.000000,2367.596556
13.000000,76.000000,2526.253581
14.000000,76.000000,2689.940228
15.000000,76.000000,2849.865545
16.000000,76.000000,3007.624351
17.000000,76.000000,3169.530010
18.000000,76.000000,3335.582522
19.000000,76.000000,3498.527392
20.000000,76.000000,3663.156853
21.000000,76.000000,3831.460879
11.000000,76.500000,2222.528192
12.000000,76.500000,2376.467048
13.000000,76.500000,2535.435012
14.000000,76.500000,2699.432084
15.000000,76.500000,2858.816700
16.000000,76.500000,3016.690157
17.000000,76.500000,3178.703056
18.000000,76.500000,3344.855397
19.000000,76.500000,3507.624886
20.000000,76.500000,3672.564249
21.000000,76.500000,3841.182154
11.000000,77.000000,2231.103741
12.000000,77.000000,2385.354114
13.000000,77.000000,2544.633067
14.000000,77.000000,2708.940601
15.000000,77.000000,2867.781807
16.000000,77.000000,3025.769511
17.000000,77.000000,3187.889249
18.000000,77.000000,3354.141022
19.000000,77.000000,3516.734002
20.000000,77.000000,3681.983500
21.000000,77.000000,3850.915518
11.000000,77.500000,2239.716431
12.000000,77.500000,2394.282803
13.000000,77.500000,2553.877480
14.000000,77.500000,2718.500461
15.000000,77.500000,2876.860595
16.000000,77.500000,3035.082528
17.000000,77.500000,3197.435283
18.000000,77.500000,3363.918858
19.000000,77.500000,3526.284410
20.000000,77.500000,3691.755969
21.000000,77.500000,3860.909838
11.000000,78.000000,2248.345710
12.000000,78.000000,2403.228159
13.000000,78.000000,2563.138622
14.000000,78.000000,2728.077100
15.000000,78.000000,2885.953651
16.000000,78.000000,3044.409764
17.000000,78.000000,3206.995483
18.000000,78.000000,3373.710808
19.000000,78.000000,3535.847591
20.000000,78.000000,3701.541207
21.000000,78.000000,3870.916922
11.000000,78.500000,2257.035361
12.000000,78.500000,2412.291462
13.000000,78.500000,2572.579353
14.000000,78.500000,2737.899032
15.000000,78.500000,2895.351119
16.000000,78.500000,3054.090496
17.000000,78.500000,3216.960003
18.000000,78.500000,3383.542407
19.000000,78.500000,3545.721219
20.000000,78.500000,3711.513242
21.000000,78.500000,3880.981205
11.000000,79.000000,2265.741770
12.000000,79.000000,2421.371815
13.000000,79.000000,2582.037418
14.000000,79.000000,2747.738580
15.000000,79.000000,2904.763810
16.000000,79.000000,3063.786524
17.000000,79.000000,3226.939885
18.000000,79.000000,3393.388146
19.000000,79.000000,3555.608433
20.000000,79.000000,3721.498505
21.000000,79.000000,3891.058361
11.000000,79.500000,2274.704394
12.000000,79.500000,2430.642815
13.000000,79.500000,2591.615906
14.000000,79.500000,2757.623664
15.000000,79.500000,2914.200750
16.000000,79.500000,3073.499562
17.000000,79.500000,3236.929105
18.000000,79.500000,3403.141016
19.000000,79.500000,3565.468060
20.000000,79.500000,3731.458883
21.000000,79.500000,3901.113483
11.000000,80.000000,2283.684703
12.000000,80.000000,2439.931517
13.000000,80.000000,2601.212103
14.000000,80.000000,2767.526462
15.000000,80.000000,2923.652938
16.000000,80.000000,3083.227896
17.000000,80.000000,3246.933662
18.000000,80.000000,3412.907703
19.000000,80.000000,3575.341153
20.000000,80.000000,3741.432377
21.000000,80.000000,3911.181375
11.000000,80.500000,2292.853108
12.000000,80.500000,2449.372705
13.000000,80.500000,2610.922796
14.000000,80.500000,2777.131921
15.000000,80.500000,2933.184198
16.000000,80.500000,3093.024732
17.000000,80.500000,3256.995267
18.000000,80.500000,3422.687962
19.000000,80.500000,3585.220154
20.000000,80.500000,3751.403789
21.000000,80.500000,3921.238867
10.000000,81.000000,2150.274845
11.000000,81.000000,2302.039872
12.000000,81.000000,2458.832110
13.000000,81.000000,2620.651561
14.000000,81.000000,2786.753994
15.000000,81.000000,2942.730921
16.000000,81.000000,3102.837035
17.000000,81.000000,3267.072334
18.000000,81.000000,3432.482032
19.000000,81.000000,3595.112594
20.000000,81.000000,3761.388272
21.000000,81.000000,3931.309065
10.000000,81.500000,2159.269695
11.000000,81.500000,2311.300495
12.000000,81.500000,2468.354470
13.000000,81.500000,2630.431619
14.000000,81.500000,2796.086735
15.000000,81.500000,2952.324496
16.000000,81.500000,3112.690137
17.000000,81.500000,3277.183660
18.000000,81.500000,3442.273921
19.000000,81.500000,3604.999364
20.000000,81.500000,3771.363480
10.000000,82.000000,2168.283313
11.000000,82.000000,2320.579700
12.000000,82.000000,2477.895221
13.000000,82.000000,2640.229875
14.000000,82.000000,2805.435052
15.000000,82.000000,2961.933634
16.000000,82.000000,3122.558783
17.000000,82.000000,3287.310498
18.000000,82.000000,3452.079570
19.000000,82.000000,3614.899516
20.000000,82.000000,3781.351695
10.000000,82.500000,2177.330914
11.000000,82.500000,2329.885345
12.000000,82.500000,2487.454402
13.000000,82.500000,2650.038085
14.000000,82.500000,2814.793293
15.000000,82.500000,2971.557155
16.000000,82.500000,3132.446537
17.000000,82.500000,3297.461437
18.000000,82.500000,3461.923594
19.000000,82.500000,3624.920509
20.000000,82.500000,3791.547156
10.000000,83.000000,2186.397343
11.000000,83.000000,2339.209599
12.000000,83.000000,2497.031971
13.000000,83.000000,2659.864458
14.000000,83.000000,2824.167082
15.000000,83.000000,2981.196228
16.000000,83.000000,3142.349835
17.000000,83.000000,3307.627903
18.000000,83.000000,3471.781448
19.000000,83.000000,3634.955187
20.000000,83.000000,3801.756157
10.000000,83.500000,2195.516063
11.000000,83.500000,2348.647417
12.000000,83.500000,2506.788558
13.000000,83.500000,2669.939486
14.000000,83.500000,2833.841223
15.000000,83.500000,2991.145433
16.000000,83.500000,3152.573399
17.000000,83.500000,3318.125121
18.000000,83.500000,3481.999827
19.000000,83.500000,3645.407708
20.000000,83.500000,3812.442443
10.000000,84.000000,2204.653747
11.000000,84.000000,2358.104221
12.000000,84.000000,2516.564152
13.000000,84.000000,2680.033539
14.000000,84.000000,2843.531874
15.000000,84.000000,3001.111165
16.000000,84.000000,3162.813500
17.000000,84.000000,3328.638878
18.000000,84.000000,3492.233083
19.000000,84.000000,3655.875096
20.000000,84.000000,3823.143583
10.000000,84.500000,2213.881573
11.000000,84.500000,2367.692805
12.000000,84.500000,2526.514917
13.000000,84.500000,2690.347909
14.000000,84.500000,2853.459841
15.000000,84.500000,3011.316547
16.000000,84.500000,3173.295557
17.000000,84.500000,3339.396871
18.000000,84.500000,3502.659451
19.000000,84.500000,3666.464587
20.000000,84.500000,3833.892105
10.000000,85.000000,2223.128672
11.000000,85.000000,2377.300843
12.000000,85.000000,2536.485310
13.000000,85.000000,2700.682075
14.000000,85.000000,2863.405081
15.000000,85.000000,3021.539208
16.000000,85.000000,3183.794897
17.000000,85.000000,3350.172145
18.000000,85.000000,3513.101244
19.000000,85.000000,3677.069265
20.000000,85.000000,3844.655574
10.000000,85.500000,2232.214911
11.000000,85.500000,2386.809711
12.000000,85.500000,2546.422163
13.000000,85.500000,2711.052267
14.000000,85.500000,2873.403932
15.000000,85.500000,3031.802198
16.000000,85.500000,3194.320456
17.000000,85.500000,3360.958706
18.000000,85.500000,3523.540213
19.000000,85.500000,3687.681113
20.000000,85.500000,3855.436778
10.000000,86.000000,2241.319677
11.000000,86.000000,2396.337558
12.000000,86.000000,2556.378438
13.000000,86.000000,2721.442316
14.000000,86.000000,2883.420179
15.000000,86.000000,3042.082540
16.000000,86.000000,3204.863320
17.000000,86.000000,3371.762518
18.000000,86.000000,3533.994546
19.000000,86.000000,3698.308119
20.000000,86.000000,3866.232933
10.000000,86.500000,2250.468228
11.000000,86.500000,2405.921969
12.000000,86.500000,2566.404869
13.000000,86.500000,2731.916930
14.000000,86.500000,2893.500528
15.000000,86.500000,3052.424573
16.000000,86.500000,3215.465315
17.000000,86.500000,3382.622754
18.000000,86.500000,3544.487114
19.000000,86.500000,3708.963771
20.000000,86.500000,3877.047590
10.000000,87.000000,2259.635410
11.000000,87.000000,2415.525508
12.000000,87.000000,2576.450921
13.000000,87.000000,2742.411648
14.000000,87.000000,2903.598435
15.000000,87.000000,3062.784111
16.000000,87.000000,3226.084756
17.000000,87.000000,3393.500371
18.000000,87.000000,3554.995119
19.000000,87.000000,3719.634622
20.000000,87.000000,3887.877209
10.000000,87.500000,2268.868897
11.000000,87.500000,2425.198100
12.000000,87.500000,2586.568728
13.000000,87.500000,2752.980780
14.000000,87.500000,2913.733065
15.000000,87.500000,3073.179880
16.000000,87.500000,3236.740049
17.000000,87.500000,3404.092911
18.000000,87.500000,3565.519586
19.000000,87.500000,3730.315411
20.000000,87.500000,3898.709909
10.000000,88.000000,2278.121211
11.000000,88.000000,2434.890018
12.000000,88.000000,2596.706353
13.000000,88.000000,2763.570215
14.000000,88.000000,2923.885311
15.000000,88.000000,3083.593211
16.000000,88.000000,3247.412844
17.000000,88.000000,3414.701864
18.000000,88.000000,3576.059494
19.000000,88.000000,3741.011383
20.000000,88.000000,3909.557532
10.000000,88.500000,2287.506213
11.000000,88.500000,2444.696866
12.000000,88.500000,2606.939734
13.000000,88.500000,2774.234819
14.000000,88.500000,2934.071797
15.000000,88.500000,3094.037108
16.000000,88.500000,3258.112370
17.000000,88.500000,3425.089361
18.000000,88.500000,3586.604878
19.000000,88.500000,3751.710139
20.000000,88.500000,3920.405142
10.000000,89.000000,2296.910507
11.000000,89.000000,2454.523419
12.000000,89.000000,2617.193226
13.000000,89.000000,2784.919930
14.000000,89.000000,2944.275950
15.000000,89.000000,3104.498605
16.000000,89.000000,3268.829424
17.000000,89.000000,3435.492526
18.000000,89.000000,3597.165670
19.000000,89.000000,3762.424037
20.000000,89.000000,3931.267629
10.000000,89.500000,2306.462208
11.000000,89.500000,2464.444180
12.000000,89.500000,2627.485270
13.000000,89.500000,2795.585478
14.000000,89.500000,2954.550503
15.000000,89.500000,3115.041796
16.000000,89.500000,3279.638975
17.000000,89.500000,3446.052418
18.000000,89.500000,3608.049652
19.000000,89.500000,3773.634706
20.000000,89.500000,3942.807582
10.000000,90.000000,2316.033724
11.000000,90.000000,2474.384946
12.000000,90.000000,2637.797507
13.000000,90.000000,2806.271407
14.000000,90.000000,2964.842951
15.000000,90.000000,3125.602854
16.000000,90.000000,3290.466352
17.000000,90.000000,3456.628465
18.000000,90.000000,3618.950011
19.000000,90.000000,3784.861972
20.000000,90.000000,3954.364349
10.000000,90.500000,2325.661167
11.000000,90.500000,2484.309964
12.000000,90.500000,2648.017540
13.000000,90.500000,2816.783894
14.000000,90.500000,2975.018957
15.000000,90.500000,3136.114180
16.000000,90.500000,3301.314781
17.000000,90.500000,3467.293614
18.000000,90.500000,3629.912809
19.000000,90.500000,3796.123253
10.000000,91.000000,2335.308575
11.000000,91.000000,2494.254845
12.000000,91.000000,2658.257331
13.000000,91.000000,2827.316033
14.000000,91.000000,2985.212395
15.000000,91.000000,3146.643148
16.000000,91.000000,3312.181054
17.000000,91.000000,3477.975159
18.000000,91.000000,3640.892134
19.000000,91.000000,3807.401186
10.000000,91.500000,2345.017418
11.000000,91.500000,2504.258124
12.000000,91.500000,2668.552211
13.000000,91.500000,2837.514422
14.000000,91.500000,2995.453077
15.000000,91.500000,3157.213473
16.000000,91.500000,3323.082500
17.000000,91.500000,3488.682227
18.000000,91.500000,3651.899642
19.000000,91.500000,3818.710152
10.000000,92.000000,2354.746400
11.000000,92.000000,2514.281422
12.000000,92.000000,2678.866988
13.000000,92.000000,2847.731171
14.000000,92.000000,3005.711292
15.000000,92.000000,3167.801516
16.000000,92.000000,3334.001841
17.000000,92.000000,3499.405711
18.000000,92.000000,3662.923704
19.000000,92.000000,3830.035803
10.000000,92.500000,2364.541302
11.000000,92.500000,2524.375580
12.000000,92.500000,2689.257832
13.000000,92.500000,2857.751294
14.000000,92.500000,3016.076468
15.000000,92.500000,3178.514079
16.000000,92.500000,3345.064130
17.000000,92.500000,3510.278400
18.000000,92.500000,3674.100081
19.000000,92.500000,3841.516852
10.000000,93.000000,2374.356533
11.000000,93.000000,2534.489959
12.000000,93.000000,2699.668789
13.000000,93.000000,2867.789015
14.000000,93.000000,3026.459481
15.000000,93.000000,3189.244718
16.000000,93.000000,3356.144724
17.000000,93.000000,3521.167914
18.000000,93.000000,3685.293422
19.000000,93.000000,3853.014997
10.000000,93.500000,2384.234939
11.000000,93.500000,2544.673502
12.000000,93.500000,2710.154590
13.000000,93.500000,2877.917422
14.000000,93.500000,3036.947449
15.000000,93.500000,3200.095304
16.000000,93.500000,3367.360988
17.000000,93.500000,3532.173306
18.000000,93.500000,3696.574498
19.000000,93.500000,3864.571287
9.000000,94.000000,2238.429875
10.000000,94.000000,2394.133847
11.000000,94.000000,2554.877461
12.000000,94.000000,2720.660716
13.000000,94.000000,2888.063681
14.000000,94.000000,3047.453554
15.000000,94.000000,3210.964309
16.000000,94.000000,3378.595947
17.000000,94.000000,3543.195827
18.000000,94.000000,3707.872750
19.000000,94.000000,3876.144790
9.000000,94.500000,2248.135092
10.000000,94.500000,2404.171833
11.000000,94.500000,2565.246575
12.000000,94.500000,2731.359321
13.000000,94.500000,2898.421501
14.000000,94.500000,3058.132683
15.000000,94.500000,3221.965313
16.000000,94.500000,3389.919391
17.000000,94.500000,3554.272891
18.000000,94.500000,3719.216676
19.000000,94.500000,3887.754696
9.000000,95.000000,2257.861290
10.000000,95.000000,2414.230810
11.000000,95.000000,2575.636686
12.000000,95.000000,2742.078919
13.000000,95.000000,2908.797861
14.000000,95.000000,3068.830486
15.000000,95.000000,3232.985119
16.000000,95.000000,3401.261758
17.000000,95.000000,3565.367194
18.000000,95.000000,3730.577857
19.000000,95.000000,3899.381864
9.000000,95.500000,2267.663237
10.000000,95.500000,2424.398325
11.000000,95.500000,2586.170192
12.000000,95.500000,2752.978837
13.000000,95.500000,2919.373869
14.000000,95.500000,3079.719035
15.000000,95.500000,3244.186244
16.000000,95.500000,3412.775499
17.000000,95.500000,3576.638070
18.000000,95.500000,3742.123266
19.000000,95.500000,3911.201364
9.000000,96.000000,2277.486403
10.000000,96.000000,2434.587200
11.000000,96.000000,2596.725190
12.000000,96.000000,2763.900375
13.000000,96.000000,2929.969070
14.000000,96.000000,3090.626863
15.000000,96.000000,3255.406734
16.000000,96.000000,3424.308683
17.000000,96.000000,3587.926702
18.000000,96.000000,3753.686468
19.000000,96.000000,3923.038690
9.000000,96.500000,2287.366771
10.000000,96.500000,2444.832668
11.000000,96.500000,2607.336001
12.000000,96.500000,2774.876772
13.000000,96.500000,2940.616095
14.000000,96.500000,3101.603436
15.000000,96.500000,3266.713913
16.000000,96.500000,3435.947526
17.000000,96.500000,3599.320035
18.000000,96.500000,3765.355579
19.000000,96.500000,3934.983293
9.000000,97.000000,2297.268517
10.000000,97.000000,2455.099645
11.000000,97.000000,2617.968446
12.000000,97.000000,2785.874921
13.000000,97.000000,2951.282428
14.000000,97.000000,3112.599462
15.000000,97.000000,3278.040687
16.000000,97.000000,3447.606104
17.000000,97.000000,3610.731402
18.000000,97.000000,3777.042764
19.000000,97.000000,3946.946006
9.000000,97.500000,2307.227526
10.000000,97.500000,2465.424060
11.000000,97.500000,2628.658425
12.000000,97.500000,2796.930620
13.000000,97.500000,2962.001325
14.000000,97.500000,3123.647974
15.000000,97.500000,3289.419750
16.000000,97.500000,3458.983462
17.000000,97.500000,3622.173683
18.000000,97.500000,3788.751892
19.000000,97.500000,3958.921332
9.000000,98.000000,2317.208069
10.000000,98.000000,2475.770136
11.000000,98.000000,2639.370184
12.000000,98.000000,2808.008212
13.000000,98.000000,2972.739649
14.000000,98.000000,3134.716053
15.000000,98.000000,3300.818518
16.000000,98.000000,3470.379539
17.000000,98.000000,3633.634031
18.000000,98.000000,3800.479098
19.000000,98.000000,3970.914742
9.000000,98.500000,2327.378818
10.000000,98.500000,2486.281923
11.000000,98.500000,2650.221029
12.000000,98.500000,2819.196138
13.000000,98.500000,2983.586093
14.000000,98.500000,3145.878917
15.000000,98.500000,3312.297811
16.000000,98.500000,3481.645263
17.000000,98.500000,3645.181635
18.000000,98.500000,3812.308419
19.000000,98.500000,3983.025616
9.000000,99.000000,2337.571823
10.000000,99.000000,2496.815969
11.000000,99.000000,2661.094131
12.000000,99.000000,2830.406307
13.000000,99.000000,2994.452289
14.000000,99.000000,3157.061619
15.000000,99.000000,3323.797025
16.000000,99.000000,3492.929226
17.000000,99.000000,3656.747535
18.000000,99.000000,3824.156090
19.000000,99.000000,3995.154888
9.000000,99.500000,2347.841584
10.000000,99.500000,2507.422856
11.000000,99.500000,2672.035621
12.000000,99.500000,2841.679880
13.000000,99.500000,3005.383752
14.000000,99.500000,3168.312070
15.000000,99.500000,3335.366978
16.000000,99.500000,3504.301248
17.000000,99.500000,3668.403329
18.000000,99.500000,3836.095114
9.000000,100.000000,2358.133836
10.000000,100.000000,2518.052215
11.000000,100.000000,2682.999556
12.000000,100.000000,2852.975860
13.000000,100.000000,3016.335133
14.000000,100.000000,3179.582531
15.000000,100.000000,3346.957032
16.000000,100.000000,3515.691747
17.000000,100.000000,3680.077656
18.000000,100.000000,3848.052723
9.000000,100.500000,2368.533150
10.000000,100.500000,2528.806345
11.000000,100.500000,2694.107334
12.000000,100.500000,2864.436117
13.000000,100.500000,3027.437459
14.000000,100.500000,3190.970675
15.000000,100.500000,3358.629358
16.000000,100.500000,3527.135767
17.000000,100.500000,3691.801302
18.000000,100.500000,3860.055204
9.000000,101.000000,2378.955331
10.000000,101.000000,2539.583383
11.000000,101.000000,2705.238054
12.000000,101.000000,2875.919346
13.000000,101.000000,3038.560181
14.000000,101.000000,3202.379177
15.000000,101.000000,3370.322001
16.000000,101.000000,3538.598375
17.000000,101.000000,3703.543578
18.000000,101.000000,3872.076350
9.000000,101.500000,2389.150489
10.000000,101.500000,2550.215874
11.000000,101.500000,2716.312671
12.000000,101.500000,2887.440880
13.000000,101.500000,3049.749850
14.000000,101.500000,3213.884165
15.000000,101.500000,3382.142226
16.000000,101.500000,3550.197201
17.000000,101.500000,3715.395855
18.000000,101.500000,3884.180127
9.000000,102.000000,2399.367438
10.000000,102.000000,2560.870572
11.000000,102.000000,2727.409909
12.000000,102.000000,2898.985447
13.000000,102.000000,3060.960085
14.000000,102.000000,3225.409783
15.000000,102.000000,3393.983142
16.000000,102.000000,3561.814999
17.000000,102.000000,3727.267054
18.000000,102.000000,3896.302771
9.000000,102.500000,2409.664449
10.000000,102.500000,2571.597626
11.000000,102.500000,2738.571090
12.000000,102.500000,2910.584841
13.000000,102.500000,3072.213016
14.000000,102.500000,3236.985810
15.000000,102.500000,3405.882600
16.000000,102.500000,3573.491063
17.000000,102.500000,3739.203671
18.000000,102.500000,3908.498762
9.000000,103.000000,2419.983502
10.000000,103.000000,2582.347096
11.000000,103.000000,2749.755060
12.000000,103.000000,2922.207394
13.000000,103.000000,3083.486593
14.000000,103.000000,3248.582573
15.000000,103.000000,3417.802881
16.000000,103.000000,3585.186227
17.000000,103.000000,3751.159363
18.000000,103.000000,3920.713799
9.000000,103.500000,2430.315476
10.000000,103.500000,2593.124288
11.000000,103.500000,2760.981541
12.000000,103.500000,2933.367391
13.000000,103.500000,3094.804898
14.000000,103.500000,3260.212041
15.000000,103.500000,3429.742884
16.000000,103.500000,3596.892454
17.000000,103.500000,3763.132047
18.000000,103.500000,3932.951933
9.000000,104.000000,2440.669424
10.000000,104.000000,2603.923903
11.000000,104.000000,2772.230885
12.000000,104.000000,2944.548657
13.000000,104.000000,3106.143938
14.000000,104.000000,3271.862287
15.000000,104.000000,3441.703706
16.000000,104.000000,3608.617754
17.000000,104.000000,3775.123796
18.000000,104.000000,3945.209122
9.000000,104.500000,2451.115080
10.000000,104.500000,2614.805518
11.000000,104.500000,2783.552371
12.000000,104.500000,2955.658728
13.000000,104.500000,3117.564770
14.000000,104.500000,3283.592581
15.000000,104.500000,3453.742164
16.000000,104.500000,3620.416596
17.000000,104.500000,3787.178239
18.000000,104.500000,3957.517293
9.000000,105.000000,2461.583002
10.000000,105.000000,2625.709793
11.000000,105.000000,2794.896908
12.000000,105.000000,2966.789706
13.000000,105.000000,3129.006554
14.000000,105.000000,3295.343864
15.000000,105.000000,3465.801638
16.000000,105.000000,3632.234690
17.000000,105.000000,3799.251887
18.000000,105.000000,3969.844617
9.000000,105.500000,2472.154044
10.000000,105.500000,2636.692859
11.000000,105.500000,2806.294706
12.000000,105.500000,2977.960804
13.000000,105.500000,3140.527243
14.000000,105.500000,3307.215250
15.000000,105.500000,3478.024825
16.000000,105.500000,3644.241954
17.000000,105.500000,3811.518190
18.000000,105.500000,3982.368068
9.000000,106.000000,2482.747705
10.000000,106.000000,2647.698822
11.000000,106.000000,2817.715675
12.000000,106.000000,2989.152874
13.000000,106.000000,3152.069088
14.000000,106.000000,3319.107971
15.000000,106.000000,3490.269523
16.000000,106.000000,3656.269031
17.000000,106.000000,3823.804262
18.000000,106.000000,3994.911239
9.000000,106.500000,2493.443676
10.000000,106.500000,2658.788532
11.000000,106.500000,2829.200894
12.000000,106.500000,3000.396618
13.000000,106.500000,3163.660512
14.000000,106.500000,3331.047946
15.000000,106.500000,3502.558920
16.000000,106.500000,3668.336619
17.000000,106.500000,3836.136307
18.000000,106.500000,4007.505955
9.000000,107.000000,2504.162616
10.000000,107.000000,2669.901394
11.000000,107.000000,2840.709449
12.000000,107.000000,3011.661448
13.000000,107.000000,3175.273194
14.000000,107.000000,3343.009348
15.000000,107.000000,3514.869911
16.000000,107.000000,3680.424088
17.000000,107.000000,3848.488206
18.000000,107.000000,4020.120491
9.000000,107.500000,2514.963116
10.000000,107.500000,2681.105518
11.000000,107.500000,2852.318763
12.000000,107.500000,3023.001849
13.000000,107.500000,3186.919553
14.000000,107.500000,3354.960385
15.000000,107.500000,3527.124344
16.000000,107.500000,3692.481189
17.000000,107.500000,3860.847897
18.000000,107.500000,4032.782806
9.000000,108.000000,2525.786827
10.000000,108.000000,2692.333076
11.000000,108.000000,2863.951732
12.000000,108.000000,3034.363547
13.000000,108.000000,3198.587222
14.000000,108.000000,3366.932740
15.000000,108.000000,3539.400101
16.000000,108.000000,3704.558007
17.000000,108.000000,3873.227402
18.000000,108.000000,4045.465027
9.000000,108.500000,2536.703135
10.000000,108.500000,2703.576185
11.000000,108.500000,2875.517793
12.000000,108.500000,3045.600294
13.000000,108.500000,3210.146031
14.000000,108.500000,3378.813490
15.000000,108.500000,3551.133191
16.000000,108.500000,3716.622899
17.000000,108.500000,3885.655576
18.000000,108.500000,4058.259640
8.000000,109.000000,2385.507906
9.000000,109.000000,2547.642954
10.000000,109.000000,2714.842702
11.000000,109.000000,2887.107151
12.000000,109.000000,3056.857803
13.000000,109.000000,3221.725684
14.000000,109.000000,3390.715164
15.000000,109.000000,3562.885697
16.000000,109.000000,3728.707404
17.000000,109.000000,3898.103656
18.000000,109.000000,4071.074452
8.000000,109.500000,2396.216944
9.000000,109.500000,2558.684413
10.000000,109.500000,2726.212881
11.000000,109.500000,2898.802348
12.000000,109.500000,3068.227039
13.000000,109.500000,3233.403195
14.000000,109.500000,3402.699759
15.000000,109.500000,3574.687747
16.000000,109.500000,3740.862656
17.000000,109.500000,3910.614784
8.000000,110.000000,2406.949933
9.000000,110.000000,2569.749720
10.000000,110.000000,2737.606800
11.000000,110.000000,2910.521173
12.000000,110.000000,3079.617371
13.000000,110.000000,3245.101826
14.000000,110.000000,3414.705496
15.000000,110.000000,3586.509312
16.000000,110.000000,3753.037688
17.000000,110.000000,3923.145956
8.000000,110.500000,2417.738685
9.000000,110.500000,2580.893776
10.000000,110.500000,2749.103960
11.000000,110.500000,2922.369237
12.000000,110.500000,3091.147233
13.000000,110.500000,3256.930488
14.000000,110.500000,3426.830986
15.000000,110.500000,3598.447614
16.000000,110.500000,3765.306816
17.000000,110.500000,3935.747301
8.000000,111.000000,2428.551530
9.000000,111.000000,2592.061917
10.000000,111.000000,2760.625192
11.000000,111.000000,2934.241355
12.000000,111.000000,3102.698629
13.000000,111.000000,3268.780664
14.000000,111.000000,3438.977965
15.000000,111.000000,3610.405752
16.000000,111.000000,3777.595966
17.000000,111.000000,3948.368849
8.000000,111.500000,2439.420387
9.000000,111.500000,2603.286841
10.000000,111.500000,2772.203821
11.000000,111.500000,2946.171326
12.000000,111.500000,3114.348203
13.000000,111.500000,3280.801016
14.000000,111.500000,3451.371023
15.000000,111.500000,3622.659820
16.000000,111.500000,3790.154183
17.000000,111.500000,3961.231235
8.000000,112.000000,2450.313481
9.000000,112.000000,2614.535994
10.000000,112.000000,2783.806664
11.000000,112.000000,2958.125490
12.000000,112.000000,3126.019599
13.000000,112.000000,3292.843425
14.000000,112.000000,3463.786368
15.000000,112.000000,3634.934648
16.000000,112.000000,3802.733241
17.000000,112.000000,3974.114537
8.000000,112.500000,2461.300746
9.000000,112.500000,2625.869564
10.000000,112.500000,2795.482890
11.000000,112.500000,2970.140723
12.000000,112.500000,3137.748148
13.000000,112.500000,3304.936603
14.000000,112.500000,3476.245744
15.000000,112.500000,3647.263646
16.000000,112.500000,3815.422243
17.000000,112.500000,3987.166442
8.000000,113.000000,2472.312548
9.000000,113.000000,2637.227617
10.000000,113.000000,2807.183535
11.000000,113.000000,2982.180302
12.000000,113.000000,3149.498652
13.000000,113.000000,3317.051943
14.000000,113.000000,3488.727486
15.000000,113.000000,3659.613518
16.000000,113.000000,3828.132381
17.000000,113.000000,4000.239745
8.000000,113.500000,2483.325014
9.000000,113.500000,2648.623686
10.000000,113.500000,2818.961483
11.000000,113.500000,2994.338406
12.000000,113.500000,3161.360339
13.000000,113.500000,3329.250343
14.000000,113.500000,3501.262470
8.000000,114.000000,2494.361894
9.000000,114.000000,2660.044287
10.000000,114.000000,2830.764068
11.000000,114.000000,3006.521237
12.000000,114.000000,3173.244317
13.000000,114.000000,3341.471128
14.000000,114.000000,3513.819932
8.000000,114.500000,2505.252253
9.000000,114.500000,2671.396613
10.000000,114.500000,2842.582340
11.000000,114.500000,3018.809433
12.000000,114.500000,3185.245012
13.000000,114.500000,3353.816928
14.000000,114.500000,3526.510984
8.000000,115.000000,2516.166296
9.000000,115.000000,2682.773088
10.000000,115.000000,2854.425217
11.000000,115.000000,3031.122684
12.000000,115.000000,3197.268353
13.000000,115.000000,3366.185490
14.000000,115.000000,3539.224912
8.000000,115.500000,2527.215715
9.000000,115.500000,2694.254822
10.000000,115.500000,2866.342115
11.000000,115.500000,3043.477596
12.000000,115.500000,3209.377390
13.000000,115.500000,3378.669100
14.000000,115.500000,3552.084009
8.000000,116.000000,2538.289315
9.000000,116.000000,2705.761049
10.000000,116.000000,2878.283817
11.000000,116.000000,3055.857618
12.000000,116.000000,3221.509302
13.000000,116.000000,3391.175810
14.000000,116.000000,3564.966423
8.000000,116.500000,2549.494655
9.000000,116.500000,2717.394317
10.000000,116.500000,2890.347472
11.000000,116.500000,3067.775231
12.000000,116.500000,3233.742652
13.000000,116.500000,3403.780075
14.000000,116.500000,3577.942245
8.000000,117.000000,2560.724656
9.000000,117.000000,2729.052521
10.000000,117.000000,2902.436340
11.000000,117.000000,3079.716022
12.000000,117.000000,3245.999178
13.000000,117.000000,3416.407717
14.000000,117.000000,3590.941639
8.000000,117.500000,2572.060997
9.000000,117.500000,2740.826912
10.000000,117.500000,2914.651069
11.000000,117.500000,3091.709655
12.000000,117.500000,3258.319832
13.000000,117.500000,3429.054875
14.000000,117.500000,3603.914784
8.000000,118.000000,2583.422352
9.000000,118.000000,2752.626631
10.000000,118.000000,2926.891435
11.000000,118.000000,3103.726587
12.000000,118.000000,3270.663815
13.000000,118.000000,3441.725389
14.000000,118.000000,3616.911311
8.000000,118.500000,2594.914542
9.000000,118.500000,2764.559127
10.000000,118.500000,2939.265665
11.000000,118.500000,3115.850789
12.000000,118.500000,3283.120993
13.000000,118.500000,3454.515176
14.000000,118.500000,3630.033337
8.000000,119.000000,2606.432208
9.000000,119.000000,2776.517414
10.000000,119.000000,2951.665991
11.000000,119.000000,3127.998622
12.000000,119.000000,3295.601846
13.000000,119.000000,3467.328679
14.000000,119.000000,3643.179120
8.000000,119.500000,2618.030578
9.000000,119.500000,2788.487404
10.000000,119.500000,2964.006317
11.000000,119.500000,3140.112329
12.000000,119.500000,3308.102283
13.000000,119.500000,3480.216449
8.000000,120.000000,2629.654666
9.000000,120.000000,2800.483108
10.000000,120.000000,2976.372349
11.000000,120.000000,3152.249411
12.000000,120.000000,3320.626364
13.000000,120.000000,3493.128120
8.000000,120.500000,2641.376528
9.000000,120.500000,2812.548660
10.000000,120.500000,2988.779171
11.000000,120.500000,3164.444217
12.000000,120.500000,3333.222786
13.000000,120.500000,3506.126920
8.000000,121.000000,2653.124430
9.000000,121.000000,2824.640109
10.000000,121.000000,3001.211749
11.000000,121.000000,3176.662517
12.000000,121.000000,3345.843031
13.000000,121.000000,3519.149854
8.000000,121.500000,2664.977025
9.000000,121.500000,2836.824258
10.000000,121.500000,3013.724519
11.000000,121.500000,3188.959221
12.000000,121.500000,3358.512505
13.000000,121.500000,3532.192355
8.000000,122.000000,2676.856014
9.000000,122.000000,2849.034591
10.000000,122.000000,3026.263266
11.000000,122.000000,3201.279623
12.000000,122.000000,3371.205878
13.000000,122.000000,3545.258951
8.000000,122.500000,2688.688256
9.000000,122.500000,2861.103473
10.000000,122.500000,3038.559230
11.000000,122.500000,3213.387135
12.000000,122.500000,3383.803814
13.000000,122.500000,3558.353850
8.000000,123.000000,2700.546544
9.000000,123.000000,2873.197811
10.000000,123.000000,3050.880066
11.000000,123.000000,3225.517449
12.000000,123.000000,3396.425208
13.000000,123.000000,3571.472863
8.000000,123.500000,2712.432862
9.000000,123.500000,2885.295834
10.000000,123.500000,3063.177838
11.000000,123.500000,3237.669713
12.000000,123.500000,3409.111796
13.000000,123.500000,3584.702676
8.000000,124.000000,2724.345216
9.000000,124.000000,2897.419216
10.000000,124.000000,3075.500294
11.000000,124.000000,3249.844786
12.000000,124.000000,3421.822006
13.000000,124.000000,3597.956928
8.000000,124.500000,2736.329361
9.000000,124.500000,2909.644242
10.000000,124.500000,3087.955736
11.000000,124.500000,3262.105630
12.000000,124.500000,3434.462031
13.000000,124.500000,3610.977155
8.000000,125.000000,2748.339746
9.000000,125.000000,2921.894955
10.000000,125.000000,3100.436309
11.000000,125.000000,3274.389529
12.000000,125.000000,3447.125337
13.000000,125.000000,3624.020883
8.000000,125.500000,2760.085827
9.000000,125.500000,2934.075545
10.000000,125.500000,3113.053403
11.000000,125.500000,3286.861966
12.000000,125.500000,3459.922472
13.000000,125.500000,3637.140463
7.000000,126.000000,2602.422504
8.000000,126.000000,2771.856897
9.000000,126.000000,2946.281421
10.000000,126.000000,3125.696074
11.000000,126.000000,3299.358081
12.000000,126.000000,3472.743296
13.000000,126.000000,3650.283735
7.000000,126.500000,2613.927930
8.000000,126.500000,2783.797762
9.000000,126.500000,2958.659662
10.000000,126.500000,3138.513630
11.000000,126.500000,3311.992403
12.000000,126.500000,3485.687345
13.000000,126.500000,3663.534571
7.000000,127.000000,2625.458686
8.000000,127.000000,2795.764250
9.000000,127.000000,2971.063816
10.000000,127.000000,3151.357382
11.000000,127.000000,3324.650847
12.000000,127.000000,3498.655458
13.000000,127.000000,3676.809404
7.000000,127.500000,2637.122970
8.000000,127.500000,2807.874328
9.000000,127.500000,2983.621454
10.000000,127.500000,3164.364349
11.000000,127.500000,3337.417434
12.000000,127.500000,3511.701103
13.000000,127.500000,3690.130819
7.000000,128.000000,2648.813060
8.000000,128.000000,2820.010539
9.000000,128.000000,2996.205547
10.000000,128.000000,3177.398084
11.000000,128.000000,3350.208466
12.000000,128.000000,3524.771000
13.000000,128.000000,3703.476294
7.000000,128.500000,2660.654803
8.000000,128.500000,2832.303428
9.000000,128.500000,3008.950519
10.000000,128.500000,3190.596077
11.000000,128.500000,3363.120283
12.000000,128.500000,3537.954312
13.000000,128.500000,3716.927592
7.000000,129.000000,2672.522896
8.000000,129.000000,2844.623012
9.000000,129.000000,3021.722518
10.000000,129.000000,3203.821413
11.000000,129.000000,3376.056920
12.000000,129.000000,3551.162214
13.000000,129.000000,3730.403249
7.000000,129.500000,2684.531824
8.000000,129.500000,2857.037519
9.000000,129.500000,3034.541624
10.000000,129.500000,3217.044139
11.000000,129.500000,3389.035300
12.000000,129.500000,3564.445749
13.000000,129.500000,3743.988971
7.000000,130.000000,2696.567625
8.000000,130.000000,2869.479016
9.000000,130.000000,3047.387831
10.000000,130.000000,3230.294070
11.000000,130.000000,3402.038554
12.000000,130.000000,3577.754062
13.000000,130.000000,3757.599370
