weight_g,350.000000
thrust_N,velocity_m_s,power_W
21.000000,0.000000,1150.909440
22.000000,0.000000,1214.658716
23.000000,0.000000,1280.014440
24.000000,0.000000,1346.976612
25.000000,0.000000,1415.545232
26.000000,0.000000,1485.898111
27.000000,0.000000,1561.369717
28.000000,0.000000,1638.467804
29.000000,0.000000,1717.192373
30.000000,0.000000,1797.543422
21.000000,0.500000,1155.423137
22.000000,0.500000,1219.368589
23.000000,0.500000,1284.924873
24.000000,0.500000,1352.091989
25.000000,0.500000,1420.869936
26.000000,0.500000,1491.709254
27.000000,0.500000,1567.333927
28.000000,0.500000,1644.587131
29.000000,0.500000,1723.468865
30.000000,0.500000,1803.979129
20.000000,1.000000,1097.418239
21.000000,1.000000,1159.944963
22.000000,1.000000,1224.086909
23.000000,1.000000,1289.844075
24.000000,1.000000,1357.216462
25.000000,1.000000,1426.204069
26.000000,1.000000,1497.530249
27.000000,1.000000,1573.308148
28.000000,1.000000,1650.716626
29.000000,1.000000,1729.755683
30.000000,1.000000,1810.425319
20.000000,1.500000,1101.780476
21.000000,1.500000,1164.500193
22.000000,1.500000,1228.839531
23.000000,1.500000,1294.798491
24.000000,1.500000,1362.377072
25.000000,1.500000,1431.575274
26.000000,1.500000,1503.369318
27.000000,1.500000,1579.301668
28.000000,1.500000,1656.866676
29.000000,1.500000,1736.064341
30.000000,1.500000,1816.894664
20.000000,2.000000,1106.150624
21.000000,2.000000,1169.063647
22.000000,2.000000,1233.600698
23.000000,2.000000,1299.761776
24.000000,2.000000,1367.546881
25.000000,2.000000,1436.956013
26.000000,2.000000,1509.218290
27.000000,2.000000,1585.305251
28.000000,2.000000,1663.026949
29.000000,2.000000,1742.383382
30.000000,2.000000,1823.374551
20.000000,2.500000,1110.553567
21.000000,2.500000,1173.660768
22.000000,2.500000,1238.396413
23.000000,2.500000,1304.760502
24.000000,2.500000,1372.753034
25.000000,2.500000,1442.374010
26.000000,2.500000,1515.085777
27.000000,2.500000,1591.328587
28.000000,2.500000,1669.208242
29.000000,2.500000,1748.724741
20.000000,3.000000,1114.964515
21.000000,3.000000,1178.266210
22.000000,3.000000,1243.200771
23.000000,3.000000,1309.768197
24.000000,3.000000,1377.968489
25.000000,3.000000,1447.801647
26.000000,3.000000,1520.963217
27.000000,3.000000,1597.362040
28.000000,3.000000,1675.399815
29.000000,3.000000,1755.076542
20.000000,3.500000,1119.617978
21.000000,3.500000,1183.078739
22.000000,3.500000,1248.174961
23.000000,3.500000,1314.906644
24.000000,3.500000,1383.273789
25.000000,3.500000,1453.276395
26.000000,3.500000,1526.853558
27.000000,3.500000,1603.413362
28.000000,3.500000,1681.614149
29.000000,3.500000,1761.455920
20.000000,4.000000,1124.280294
21.000000,4.000000,1187.900319
22.000000,4.000000,1253.158401
23.000000,4.000000,1320.054540
24.000000,4.000000,1388.588736
25.000000,4.000000,1458.760989
26.000000,4.000000,1532.754002
27.000000,4.000000,1609.474942
28.000000,4.000000,1687.838898
29.000000,4.000000,1767.845870
20.000000,4.500000,1129.018515
21.000000,4.500000,1192.783158
22.000000,4.500000,1258.187958
23.000000,4.500000,1325.232913
24.000000,4.500000,1393.918025
25.000000,4.500000,1464.243293
26.000000,4.500000,1538.644988
27.000000,4.500000,1615.535060
28.000000,4.500000,1694.070474
29.000000,4.500000,1774.251230
20.000000,5.000000,1133.765848
21.000000,5.000000,1197.675276
22.000000,5.000000,1263.226956
23.000000,5.000000,1330.420888
24.000000,5.000000,1399.257072
25.000000,5.000000,1469.735508
26.000000,5.000000,1544.546212
27.000000,5.000000,1621.605591
28.000000,5.000000,1700.312639
29.000000,5.000000,1780.667356
20.000000,5.500000,1138.520157
21.000000,5.500000,1202.575955
22.000000,5.500000,1268.276156
23.000000,5.500000,1335.620760
24.000000,5.500000,1404.609765
25.000000,5.500000,1475.243173
26.000000,5.500000,1550.466389
27.000000,5.500000,1627.695544
28.000000,5.500000,1706.574697
29.000000,5.500000,1787.103849
20.000000,6.000000,1143.283601
21.000000,6.000000,1207.485939
22.000000,6.000000,1273.334827
23.000000,6.000000,1340.830265
24.000000,6.000000,1409.972252
25.000000,6.000000,1480.760788
26.000000,6.000000,1556.396852
27.000000,6.000000,1633.795959
28.000000,6.000000,1712.847394
29.000000,6.000000,1793.551157
20.000000,6.500000,1147.947810
21.000000,6.500000,1212.319467
22.000000,6.500000,1278.340480
23.000000,6.500000,1346.010850
24.000000,6.500000,1415.330577
25.000000,6.500000,1486.489218
26.000000,6.500000,1562.348202
27.000000,6.500000,1639.917178
28.000000,6.500000,1719.140788
29.000000,6.500000,1800.019033
19.000000,7.000000,1089.731962
20.000000,7.000000,1152.620978
21.000000,7.000000,1217.162159
22.000000,7.000000,1283.355506
23.000000,7.000000,1351.201018
24.000000,7.000000,1420.698695
25.000000,7.000000,1492.227814
26.000000,7.000000,1568.309892
27.000000,7.000000,1646.048912
28.000000,7.000000,1725.444872
29.000000,7.000000,1806.497773
19.000000,7.500000,1094.134558
20.000000,7.500000,1157.289409
21.000000,7.500000,1222.103647
22.000000,7.500000,1288.577273
23.000000,7.500000,1356.710287
24.000000,7.500000,1426.502689
25.000000,7.500000,1498.536444
26.000000,7.500000,1574.670369
27.000000,7.500000,1652.459334
28.000000,7.500000,1731.903341
29.000000,7.500000,1813.002389
19.000000,8.000000,1098.545643
20.000000,8.000000,1161.966860
21.000000,8.000000,1227.054701
22.000000,8.000000,1293.809168
23.000000,8.000000,1362.230260
24.000000,8.000000,1432.317976
25.000000,8.000000,1504.856818
26.000000,8.000000,1581.042418
27.000000,8.000000,1658.881152
28.000000,8.000000,1738.373020
29.000000,8.000000,1819.518022
19.000000,8.500000,1103.006506
20.000000,8.500000,1166.715103
21.000000,8.500000,1232.098470
22.000000,8.500000,1299.156606
23.000000,8.500000,1367.889511
24.000000,8.500000,1438.297187
25.000000,8.500000,1511.262571
26.000000,8.500000,1587.469786
27.000000,8.500000,1665.327596
28.000000,8.500000,1744.836002
29.000000,8.500000,1825.995004
19.000000,9.000000,1107.476012
20.000000,9.000000,1171.472592
21.000000,9.000000,1237.152106
22.000000,9.000000,1304.514552
23.000000,9.000000,1373.559930
24.000000,9.000000,1444.288242
25.000000,9.000000,1517.680347
26.000000,9.000000,1593.908945
27.000000,9.000000,1671.785586
28.000000,9.000000,1751.310268
29.000000,9.000000,1832.482993
19.000000,9.500000,1112.066027
20.000000,9.500000,1176.343649
21.000000,9.500000,1242.311731
22.000000,9.500000,1309.970274
23.000000,9.500000,1379.319278
24.000000,9.500000,1450.358743
25.000000,9.500000,1524.070029
26.000000,9.500000,1600.320028
27.000000,9.500000,1678.215533
28.000000,9.500000,1757.756541
19.000000,10.000000,1116.665138
20.000000,10.000000,1181.224372
21.000000,10.000000,1247.481610
22.000000,10.000000,1315.436851
23.000000,10.000000,1385.090096
24.000000,10.000000,1456.441346
25.000000,10.000000,1530.471657
26.000000,10.000000,1606.742825
27.000000,10.000000,1684.656944
28.000000,10.000000,1764.214014
19.000000,10.500000,1121.527396
20.000000,10.500000,1186.328178
21.000000,10.500000,1252.832567
22.000000,10.500000,1321.040561
23.000000,10.500000,1390.952162
24.000000,10.500000,1462.567368
25.000000,10.500000,1536.812417
26.000000,10.500000,1613.113523
27.000000,10.500000,1691.055084
28.000000,10.500000,1770.637102
19.000000,11.000000,1126.399661
20.000000,11.000000,1191.442428
21.000000,11.000000,1258.194412
22.000000,11.000000,1326.655613
23.000000,11.000000,1396.826032
24.000000,11.000000,1468.705669
25.000000,11.000000,1543.165026
26.000000,11.000000,1619.495833
27.000000,11.000000,1697.464590
28.000000,11.000000,1777.071297
19.000000,11.500000,1131.310527
20.000000,11.500000,1196.582018
21.000000,11.500000,1263.568057
22.000000,11.500000,1332.268643
23.000000,11.500000,1402.683775
24.000000,11.500000,1474.813455
25.000000,11.500000,1549.513212
26.000000,11.500000,1625.989142
27.000000,11.500000,1704.103999
28.000000,11.500000,1783.857784
19.000000,12.000000,1136.231533
20.000000,12.000000,1201.732160
21.000000,12.000000,1268.952672
22.000000,12.000000,1337.893069
23.000000,12.000000,1408.553350
24.000000,12.000000,1480.933517
25.000000,12.000000,1555.873431
26.000000,12.000000,1632.494554
27.000000,12.000000,1710.755580
28.000000,12.000000,1790.656509
19.000000,12.500000,1141.329078
20.000000,12.500000,1207.035932
21.000000,12.500000,1274.466763
22.000000,12.500000,1343.621573
23.000000,12.500000,1414.500360
24.000000,12.500000,1487.154365
25.000000,12.500000,1562.316937
26.000000,12.500000,1639.143128
27.000000,12.500000,1717.612357
28.000000,12.500000,1797.724624
19.000000,13.000000,1146.437401
20.000000,13.000000,1212.350804
21.000000,13.000000,1279.992282
22.000000,13.000000,1349.361834
23.000000,13.000000,1420.459461
24.000000,13.000000,1493.387387
25.000000,13.000000,1568.772735
26.000000,13.000000,1645.804259
27.000000,13.000000,1724.481958
28.000000,13.000000,1804.805833
19.000000,13.500000,1151.561804
20.000000,13.500000,1217.688630
21.000000,13.500000,1285.547523
22.000000,13.500000,1355.138483
23.000000,13.500000,1426.461510
24.000000,13.500000,1499.681858
25.000000,13.500000,1575.267514
26.000000,13.500000,1652.502385
27.000000,13.500000,1731.386471
28.000000,13.500000,1811.919773
18.000000,14.000000,1092.092643
19.000000,14.000000,1156.697147
20.000000,14.000000,1223.037715
21.000000,14.000000,1291.114347
22.000000,14.000000,1360.927042
23.000000,14.000000,1432.475801
24.000000,14.000000,1505.988480
25.000000,14.000000,1581.774698
26.000000,14.000000,1659.213173
27.000000,14.000000,1738.303905
28.000000,14.000000,1819.046894
18.000000,14.500000,1097.047074
19.000000,14.500000,1161.859080
20.000000,14.500000,1228.411290
21.000000,14.500000,1296.703706
22.000000,14.500000,1366.736327
23.000000,14.500000,1438.509154
24.000000,14.500000,1512.305340
25.000000,14.500000,1588.297728
26.000000,14.500000,1665.945025
27.000000,14.500000,1745.247232
28.000000,14.500000,1826.204349
18.000000,15.000000,1102.012218
19.000000,15.000000,1167.032047
20.000000,15.000000,1233.796227
21.000000,15.000000,1302.304757
22.000000,15.000000,1372.557639
23.000000,15.000000,1444.554871
24.000000,15.000000,1518.634524
25.000000,15.000000,1594.833314
26.000000,15.000000,1672.689668
27.000000,15.000000,1752.203586
28.000000,15.000000,1833.375069
18.000000,15.500000,1106.957376
19.000000,15.500000,1172.186317
20.000000,15.500000,1239.163814
21.000000,15.500000,1307.889868
22.000000,15.500000,1378.364479
23.000000,15.500000,1450.587646
24.000000,15.500000,1524.947175
25.000000,15.500000,1601.358916
26.000000,15.500000,1679.431435
27.000000,15.500000,1759.164732
18.000000,16.000000,1111.913203
19.000000,16.000000,1177.351579
20.000000,16.000000,1244.542722
21.000000,16.000000,1313.486632
22.000000,16.000000,1384.183308
23.000000,16.000000,1456.632751
24.000000,16.000000,1531.272167
25.000000,16.000000,1607.897133
26.000000,16.000000,1686.186094
27.000000,16.000000,1766.139050
18.000000,16.500000,1117.020653
19.000000,16.500000,1182.648818
20.000000,16.500000,1250.032608
21.000000,16.500000,1319.172024
22.000000,16.500000,1390.067065
23.000000,16.500000,1462.717731
24.000000,16.500000,1537.633577
25.000000,16.500000,1614.483223
26.000000,16.500000,1693.000533
27.000000,16.500000,1773.185505
18.000000,17.000000,1122.139417
19.000000,17.000000,1187.957595
20.000000,17.000000,1255.534259
21.000000,17.000000,1324.869408
22.000000,17.000000,1395.963044
23.000000,17.000000,1468.815165
24.000000,17.000000,1544.007436
25.000000,17.000000,1621.082077
26.000000,17.000000,1699.828052
27.000000,17.000000,1780.245362
18.000000,17.500000,1127.303114
19.000000,17.500000,1193.312020
20.000000,17.500000,1261.082274
21.000000,17.500000,1330.613876
22.000000,17.500000,1401.906826
23.000000,17.500000,1474.961123
24.000000,17.500000,1550.447065
25.000000,17.500000,1627.758640
26.000000,17.500000,1706.745412
27.000000,17.500000,1787.407382
18.000000,18.000000,1132.478278
19.000000,18.000000,1198.678137
20.000000,18.000000,1266.642208
21.000000,18.000000,1336.370490
22.000000,18.000000,1407.862985
23.000000,18.000000,1481.119691
24.000000,18.000000,1556.899348
25.000000,18.000000,1634.448198
26.000000,18.000000,1713.676112
27.000000,18.000000,1794.583092
18.000000,18.500000,1137.751850
19.000000,18.500000,1204.180949
20.000000,18.500000,1272.379024
21.000000,18.500000,1342.346075
22.000000,18.500000,1414.082103
23.000000,18.500000,1487.609424
24.000000,18.500000,1563.611223
25.000000,18.500000,1641.338102
26.000000,18.500000,1720.745112
27.000000,18.500000,1801.832253
18.000000,19.000000,1143.037278
19.000000,19.000000,1209.696002
20.000000,19.000000,1278.128473
21.000000,19.000000,1348.334690
22.000000,19.000000,1420.314655
23.000000,19.000000,1494.112914
24.000000,19.000000,1570.336723
25.000000,19.000000,1648.241729
26.000000,19.000000,1727.827932
27.000000,19.000000,1809.095333
18.000000,19.500000,1148.480298
19.000000,19.500000,1215.346496
20.000000,19.500000,1283.989853
21.000000,19.500000,1354.410369
22.000000,19.500000,1426.608045
23.000000,19.500000,1500.693079
24.000000,19.500000,1577.162915
25.000000,19.500000,1655.317980
26.000000,19.500000,1735.158274
27.000000,19.500000,1816.683796
18.000000,20.000000,1153.935831
19.000000,20.000000,1221.009783
20.000000,20.000000,1289.864308
21.000000,20.000000,1360.499408
22.000000,20.000000,1432.915081
23.000000,20.000000,1507.286855
24.000000,20.000000,1584.003088
25.000000,20.000000,1662.408585
26.000000,20.000000,1742.503348
27.000000,20.000000,1824.287375
18.000000,20.500000,1159.463153
19.000000,20.500000,1226.736451
20.000000,20.500000,1295.793229
21.000000,20.500000,1366.633489
22.000000,20.500000,1439.257231
23.000000,20.500000,1513.918114
24.000000,20.500000,1590.882517
25.000000,20.500000,1669.540276
26.000000,20.500000,1749.891389
27.000000,20.500000,1831.935857
17.000000,21.000000,1099.316777
18.000000,21.000000,1165.003266
19.000000,21.000000,1232.476147
20.000000,21.000000,1301.735418
21.000000,21.000000,1372.781079
22.000000,21.000000,1445.613131
23.000000,21.000000,1520.563096
24.000000,21.000000,1597.776044
25.000000,21.000000,1676.686443
26.000000,21.000000,1757.294291
27.000000,21.000000,1839.599589
17.000000,21.500000,1104.676048
18.000000,21.500000,1170.580311
19.000000,21.500000,1238.274895
20.000000,21.500000,1307.759801
21.000000,21.500000,1379.035027
22.000000,21.500000,1452.100574
23.000000,21.500000,1527.351565
24.000000,21.500000,1604.787737
25.000000,21.500000,1683.924170
26.000000,21.500000,1764.760865
17.000000,22.000000,1110.047938
18.000000,22.000000,1176.170299
19.000000,22.000000,1244.086915
20.000000,22.000000,1313.797786
21.000000,22.000000,1385.302913
22.000000,22.000000,1458.602295
23.000000,22.000000,1534.154307
24.000000,22.000000,1611.813964
25.000000,22.000000,1691.176698
26.000000,22.000000,1772.242507
17.000000,22.500000,1115.404705
18.000000,22.500000,1181.787064
19.000000,22.500000,1249.969392
20.000000,22.500000,1319.951689
21.000000,22.500000,1391.733955
22.000000,22.500000,1465.316189
23.000000,22.500000,1541.152790
24.000000,22.500000,1618.993694
25.000000,22.500000,1698.538653
26.000000,22.500000,1779.787670
17.000000,23.000000,1120.774089
18.000000,23.000000,1187.416937
19.000000,23.000000,1255.865476
20.000000,23.000000,1326.119706
21.000000,23.000000,1398.179627
22.000000,23.000000,1472.045239
23.000000,23.000000,1548.166301
24.000000,23.000000,1626.188540
25.000000,23.000000,1705.915815
26.000000,23.000000,1787.348128
17.000000,23.500000,1126.153185
18.000000,23.500000,1193.067899
19.000000,23.500000,1261.794238
20.000000,23.500000,1332.332203
21.000000,23.500000,1404.681793
22.000000,23.500000,1478.843010
23.000000,23.500000,1555.215238
24.000000,23.500000,1633.418817
25.000000,23.500000,1713.329020
26.000000,23.500000,1794.945845
17.000000,24.000000,1131.544961
18.000000,24.000000,1198.732065
19.000000,24.000000,1267.736739
20.000000,24.000000,1338.558982
21.000000,24.000000,1411.198794
22.000000,24.000000,1485.656176
23.000000,24.000000,1562.279324
24.000000,24.000000,1640.664370
25.000000,24.000000,1720.757624
26.000000,24.000000,1802.559087
17.000000,24.500000,1137.016712
18.000000,24.500000,1204.477218
19.000000,24.500000,1273.761044
20.000000,24.500000,1344.868190
21.000000,24.500000,1417.798657
22.000000,24.500000,1492.558157
23.000000,24.500000,1569.389563
24.000000,24.500000,1647.957730
25.000000,24.500000,1728.236024
26.000000,24.500000,1810.224446
17.000000,25.000000,1142.501444
18.000000,25.000000,1210.235871
19.000000,25.000000,1279.799376
20.000000,25.000000,1351.191960
21.000000,25.000000,1424.413621
22.000000,25.000000,1499.475649
23.000000,25.000000,1576.515043
24.000000,25.000000,1655.266481
25.000000,25.000000,1735.729964
26.000000,25.000000,1817.905490
17.000000,25.500000,1148.092035
18.000000,25.500000,1216.071501
19.000000,25.500000,1285.884609
20.000000,25.500000,1357.531359
21.000000,25.500000,1431.011751
22.000000,25.500000,1506.343203
23.000000,25.500000,1583.587629
24.000000,25.500000,1662.546145
25.000000,25.500000,1743.218750
26.000000,25.500000,1825.605446
17.000000,26.000000,1153.696050
18.000000,26.000000,1221.920955
19.000000,26.000000,1291.984072
20.000000,26.000000,1363.885399
21.000000,26.000000,1437.624938
22.000000,26.000000,1513.225733
23.000000,26.000000,1590.675379
24.000000,26.000000,1669.841162
25.000000,26.000000,1750.723081
26.000000,26.000000,1833.321136
17.000000,26.500000,1159.465005
18.000000,26.500000,1227.912433
19.000000,26.500000,1298.201310
20.000000,26.500000,1370.331636
21.000000,26.500000,1444.303411
22.000000,26.500000,1520.146503
23.000000,26.500000,1597.823981
24.000000,26.500000,1677.220402
25.000000,26.500000,1758.335765
26.000000,26.500000,1841.170070
17.000000,27.000000,1165.248108
18.000000,27.000000,1233.918343
19.000000,27.000000,1304.433269
20.000000,27.000000,1376.792884
21.000000,27.000000,1450.997189
22.000000,27.000000,1527.082399
23.000000,27.000000,1604.987978
24.000000,27.000000,1684.615308
25.000000,27.000000,1765.964389
26.000000,27.000000,1849.035220
17.000000,27.500000,1171.088227
18.000000,27.500000,1239.981548
19.000000,27.500000,1310.722742
20.000000,27.500000,1383.311809
21.000000,27.500000,1457.748749
22.000000,27.500000,1534.095989
23.000000,27.500000,1612.270392
24.000000,27.500000,1692.171098
25.000000,27.500000,1773.798108
16.000000,28.000000,1109.677071
17.000000,28.000000,1176.942699
18.000000,28.000000,1246.059387
19.000000,28.000000,1317.027134
20.000000,28.000000,1389.845941
21.000000,28.000000,1464.515807
22.000000,28.000000,1541.124970
23.000000,28.000000,1619.568633
24.000000,28.000000,1699.743159
25.000000,28.000000,1781.648548
16.000000,28.500000,1115.357369
17.000000,28.500000,1182.854985
18.000000,28.500000,1252.207358
19.000000,28.500000,1323.414486
20.000000,28.500000,1396.476371
21.000000,28.500000,1471.393011
22.000000,28.500000,1548.278076
23.000000,28.500000,1626.988230
24.000000,28.500000,1707.433607
25.000000,28.500000,1789.614207
16.000000,29.000000,1121.051913
17.000000,29.000000,1188.781846
18.000000,29.000000,1258.370236
19.000000,29.000000,1329.817082
20.000000,29.000000,1403.122384
21.000000,29.000000,1478.286143
22.000000,29.000000,1555.447038
23.000000,29.000000,1634.424105
24.000000,29.000000,1715.140760
25.000000,29.000000,1797.597005
16.000000,29.500000,1126.686863
17.000000,29.500000,1194.706942
18.000000,29.500000,1264.591443
19.000000,29.500000,1336.340365
20.000000,29.500000,1409.953709
21.000000,29.500000,1485.431475
22.000000,29.500000,1562.845591
23.000000,29.500000,1642.043884
24.000000,29.500000,1722.983906
25.000000,29.500000,1805.665659
16.000000,30.000000,1132.335854
17.000000,30.000000,1200.646663
18.000000,30.000000,1270.827866
19.000000,30.000000,1342.879463
20.000000,30.000000,1416.801453
21.000000,30.000000,1492.593836
22.000000,30.000000,1570.260942
23.000000,30.000000,1649.680671
24.000000,30.000000,1730.844274
25.000000,30.000000,1813.751749
16.000000,30.500000,1138.009837
17.000000,30.500000,1206.616320
18.000000,30.500000,1277.099555
19.000000,30.500000,1349.459542
20.000000,30.500000,1423.696281
21.000000,30.500000,1499.807240
22.000000,30.500000,1577.701034
23.000000,30.500000,1657.345307
24.000000,30.500000,1738.735904
25.000000,30.500000,1821.872826
16.000000,31.000000,1143.697899
17.000000,31.000000,1212.600665
18.000000,31.000000,1283.386550
19.000000,31.000000,1356.055553
20.000000,31.000000,1430.607675
21.000000,31.000000,1507.037740
22.000000,31.000000,1585.158012
23.000000,31.000000,1665.027061
24.000000,31.000000,1746.644889
25.000000,31.000000,1830.011495
16.000000,31.500000,1149.442214
17.000000,31.500000,1218.642657
18.000000,31.500000,1289.732699
19.000000,31.500000,1362.712341
20.000000,31.500000,1437.581581
21.000000,31.500000,1514.304174
22.000000,31.500000,1592.648006
23.000000,31.500000,1672.743435
24.000000,31.500000,1754.590460
25.000000,31.500000,1838.189083
16.000000,32.000000,1155.200798
17.000000,32.000000,1224.699530
18.000000,32.000000,1296.094352
19.000000,32.000000,1369.385263
20.000000,32.000000,1444.572264
21.000000,32.000000,1521.587352
22.000000,32.000000,1600.154998
23.000000,32.000000,1680.477061
24.000000,32.000000,1762.553542
25.000000,32.000000,1846.384439
16.000000,32.500000,1161.189104
17.000000,32.500000,1230.981705
18.000000,32.500000,1302.676356
19.000000,32.500000,1376.273057
20.000000,32.500000,1451.771807
21.000000,32.500000,1529.031993
22.000000,32.500000,1607.795804
23.000000,32.500000,1688.315592
24.000000,32.500000,1770.591357
25.000000,32.500000,1854.623099
16.000000,33.000000,1167.192738
17.000000,33.000000,1237.279787
18.000000,33.000000,1309.274854
19.000000,33.000000,1383.177940
20.000000,33.000000,1458.989044
21.000000,33.000000,1536.494058
22.000000,33.000000,1615.454160
23.000000,33.000000,1696.171797
24.000000,33.000000,1778.646970
25.000000,33.000000,1862.879679
16.000000,33.500000,1173.292169
17.000000,33.500000,1243.693388
18.000000,33.500000,1316.009489
19.000000,33.500000,1390.240470
20.000000,33.500000,1466.386333
21.000000,33.500000,1544.092183
22.000000,33.500000,1623.223077
23.000000,33.500000,1704.111793
24.000000,33.500000,1786.758331
16.000000,34.000000,1179.407337
17.000000,34.000000,1250.123397
18.000000,34.000000,1322.761212
19.000000,34.000000,1397.320782
20.000000,34.000000,1473.802107
21.000000,34.000000,1551.708302
22.000000,34.000000,1631.009987
23.000000,34.000000,1712.069778
24.000000,34.000000,1794.887675
16.000000,34.500000,1185.580444
17.000000,34.500000,1256.620829
18.000000,34.500000,1329.590174
19.000000,34.500000,1404.488478
20.000000,34.500000,1481.315743
21.000000,34.500000,1559.386983
22.000000,34.500000,1638.885656
23.000000,34.500000,1720.143786
24.000000,34.500000,1803.161373
15.000000,35.000000,1122.340269
16.000000,35.000000,1191.769513
17.000000,35.000000,1263.134934
18.000000,35.000000,1336.436531
19.000000,35.000000,1411.674305
20.000000,35.000000,1488.848256
21.000000,35.000000,1567.083893
22.000000,35.000000,1646.779661
23.000000,35.000000,1728.236238
24.000000,35.000000,1811.453622
15.000000,35.500000,1128.379862
16.000000,35.500000,1198.110055
17.000000,35.500000,1269.782415
18.000000,35.500000,1343.396940
19.000000,35.500000,1418.953631
20.000000,35.500000,1496.452489
21.000000,35.500000,1574.805250
22.000000,35.500000,1654.704732
23.000000,35.500000,1736.366819
24.000000,35.500000,1819.791512
15.000000,36.000000,1134.435513
16.000000,36.000000,1204.467257
17.000000,36.000000,1276.447164
18.000000,36.000000,1350.375233
19.000000,36.000000,1426.251466
20.000000,36.000000,1504.075861
21.000000,36.000000,1582.544907
22.000000,36.000000,1662.648247
23.000000,36.000000,1744.515989
24.000000,36.000000,1828.148132
15.000000,36.500000,1140.584640
16.000000,36.500000,1210.840781
17.000000,36.500000,1283.047662
18.000000,36.500000,1357.205282
19.000000,36.500000,1433.313640
20.000000,36.500000,1511.335266
21.000000,36.500000,1590.017875
22.000000,36.500000,1670.403608
23.000000,36.500000,1752.557771
24.000000,36.500000,1836.480364
15.000000,37.000000,1146.750241
16.000000,37.000000,1217.231005
17.000000,37.000000,1289.665086
18.000000,37.000000,1364.052482
19.000000,37.000000,1440.393196
20.000000,37.000000,1518.612027
21.000000,37.000000,1597.508132
22.000000,37.000000,1678.176699
23.000000,37.000000,1760.617728
24.000000,37.000000,1844.831221
15.000000,37.500000,1153.083869
16.000000,37.500000,1223.764977
17.000000,37.500000,1296.400832
18.000000,37.500000,1370.991437
19.000000,37.500000,1447.536789
20.000000,37.500000,1525.880417
21.000000,37.500000,1605.050551
22.000000,37.500000,1685.996668
23.000000,37.500000,1768.718768
24.000000,37.500000,1853.216851
15.000000,38.000000,1159.434748
16.000000,38.000000,1230.316293
17.000000,38.000000,1303.154019
18.000000,38.000000,1377.947923
19.000000,38.000000,1454.698007
20.000000,38.000000,1533.165887
21.000000,38.000000,1612.610454
22.000000,38.000000,1693.834527
23.000000,38.000000,1776.838106
24.000000,38.000000,1861.621190
15.000000,38.500000,1165.791007
16.000000,38.500000,1236.884812
17.000000,38.500000,1309.936581
18.000000,38.500000,1384.946315
19.000000,38.500000,1461.914015
20.000000,38.500000,1540.530977
21.000000,38.500000,1620.233272
22.000000,38.500000,1701.718217
23.000000,38.500000,1784.985811
15.000000,39.000000,1172.164505
16.000000,39.000000,1243.470711
17.000000,39.000000,1316.736668
18.000000,39.000000,1391.962376
19.000000,39.000000,1469.147836
20.000000,39.000000,1547.913435
21.000000,39.000000,1627.873797
22.000000,39.000000,1709.619955
23.000000,39.000000,1793.151908
15.000000,39.500000,1178.569909
16.000000,39.500000,1250.127816
17.000000,39.500000,1323.648857
18.000000,39.500000,1399.133032
19.000000,39.500000,1476.580342
20.000000,39.500000,1555.520410
21.000000,39.500000,1635.726453
22.000000,39.500000,1717.721056
23.000000,39.500000,1801.504221
15.000000,40.000000,1184.992667
16.000000,40.000000,1256.802604
17.000000,40.000000,1330.579062
18.000000,40.000000,1406.322041
19.000000,40.000000,1484.031541
20.000000,40.000000,1563.145666
21.000000,40.000000,1643.597671
22.000000,40.000000,1725.841004
23.000000,40.000000,1809.875666
15.000000,40.500000,1191.384020
16.000000,40.500000,1263.512947
17.000000,40.500000,1337.614650
18.000000,40.500000,1413.689131
19.000000,40.500000,1491.736390
20.000000,40.500000,1571.021512
21.000000,40.500000,1651.692505
22.000000,40.500000,1734.156558
23.000000,40.500000,1818.413671
15.000000,41.000000,1197.792516
16.000000,41.000000,1270.241099
17.000000,41.000000,1344.668722
18.000000,41.000000,1421.075386
19.000000,41.000000,1499.461092
20.000000,41.000000,1578.916686
21.000000,41.000000,1659.806823
22.000000,41.000000,1742.491752
23.000000,41.000000,1826.971472
15.000000,41.500000,1204.262390
16.000000,41.500000,1277.058771
17.000000,41.500000,1351.841635
18.000000,41.500000,1428.610981
19.000000,41.500000,1507.366810
20.000000,41.500000,1586.939666
21.000000,41.500000,1668.029214
22.000000,41.500000,1750.914274
23.000000,41.500000,1835.594846
14.000000,42.000000,1139.598604
15.000000,42.000000,1210.749656
16.000000,42.000000,1283.894643
17.000000,42.000000,1359.033563
18.000000,42.000000,1436.166417
19.000000,42.000000,1515.293205
20.000000,42.000000,1594.982514
21.000000,42.000000,1676.271525
22.000000,42.000000,1759.356766
23.000000,42.000000,1844.238237
14.000000,42.500000,1145.868642
15.000000,42.500000,1217.353656
16.000000,42.500000,1290.839399
17.000000,42.500000,1366.325872
18.000000,42.500000,1443.813074
19.000000,42.500000,1523.261226
20.000000,42.500000,1603.065214
21.000000,42.500000,1684.568030
22.000000,42.500000,1767.868354
23.000000,42.500000,1852.966187
14.000000,43.000000,1152.155856
15.000000,43.000000,1223.975580
16.000000,43.000000,1297.802835
17.000000,43.000000,1373.637623
18.000000,43.000000,1451.479942
19.000000,43.000000,1531.249955
20.000000,43.000000,1611.167902
21.000000,43.000000,1692.884636
22.000000,43.000000,1776.400156
23.000000,43.000000,1861.714462
14.000000,43.500000,1158.529775
15.000000,43.500000,1230.650577
16.000000,43.500000,1304.784085
17.000000,43.500000,1380.930300
18.000000,43.500000,1459.089221
19.000000,43.500000,1539.025930
20.000000,43.500000,1619.231653
21.000000,43.500000,1701.240116
22.000000,43.500000,1785.051319
23.000000,43.500000,1870.665263
14.000000,44.000000,1164.921253
15.000000,44.000000,1237.343698
16.000000,44.000000,1311.784028
17.000000,44.000000,1388.242245
18.000000,44.000000,1466.718348
19.000000,44.000000,1546.821271
20.000000,44.000000,1627.315216
21.000000,44.000000,1709.615859
22.000000,44.000000,1793.723200
23.000000,44.000000,1879.637239
14.000000,44.500000,1171.434412
15.000000,44.500000,1244.141157
16.000000,44.500000,1318.870000
17.000000,44.500000,1395.620942
18.000000,44.500000,1474.393984
19.000000,44.500000,1554.655587
20.000000,44.500000,1635.470136
21.000000,44.500000,1718.096284
22.000000,44.500000,1802.534031
14.000000,45.000000,1177.965705
15.000000,45.000000,1250.957211
16.000000,45.000000,1325.975033
17.000000,45.000000,1403.019170
18.000000,45.000000,1482.089623
19.000000,45.000000,1562.509429
20.000000,45.000000,1643.645164
21.000000,45.000000,1726.597405
22.000000,45.000000,1811.366153
14.000000,45.500000,1184.507440
15.000000,45.500000,1257.794013
16.000000,45.500000,1333.111470
17.000000,45.500000,1410.459814
18.000000,45.500000,1489.839042
19.000000,45.500000,1570.434659
20.000000,45.500000,1651.895390
21.000000,45.500000,1735.177261
22.000000,45.500000,1820.280273
14.000000,46.000000,1191.067284
15.000000,46.000000,1264.649438
16.000000,46.000000,1340.267051
17.000000,46.000000,1417.920123
18.000000,46.000000,1497.608653
19.000000,46.000000,1578.379712
20.000000,46.000000,1660.166025
21.000000,46.000000,1743.778115
22.000000,46.000000,1829.215983
14.000000,46.500000,1197.726907
15.000000,46.500000,1271.612899
16.000000,46.500000,1347.539214
17.000000,46.500000,1425.505852
18.000000,46.500000,1505.512812
19.000000,46.500000,1586.458151
20.000000,46.500000,1668.558017
21.000000,46.500000,1752.487760
22.000000,46.500000,1838.247381
14.000000,47.000000,1204.405083
15.000000,47.000000,1278.595464
16.000000,47.000000,1354.831035
17.000000,47.000000,1433.111797
18.000000,47.000000,1513.437750
19.000000,47.000000,1594.556948
20.000000,47.000000,1676.970889
21.000000,47.000000,1761.218810
22.000000,47.000000,1847.300710
14.000000,47.500000,1211.324971
15.000000,47.500000,1285.800722
16.000000,47.500000,1362.325110
17.000000,47.500000,1440.898136
18.000000,47.500000,1521.519799
14.000000,48.000000,1218.264654
15.000000,48.000000,1293.026196
16.000000,48.000000,1369.839822
17.000000,48.000000,1448.705534
18.000000,48.000000,1529.623330
14.000000,48.500000,1225.329892
15.000000,48.500000,1300.404522
16.000000,48.500000,1377.536045
17.000000,48.500000,1456.724460
13.000000,49.000000,1159.088945
14.000000,49.000000,1232.415522
15.000000,49.000000,1307.803803
16.000000,49.000000,1385.253787
17.000000,49.000000,1464.765474
13.000000,49.500000,1165.952103
14.000000,49.500000,1239.591205
15.000000,49.500000,1315.297108
16.000000,49.500000,1393.069813
17.000000,49.500000,1472.909320
13.000000,50.000000,1172.835463
14.000000,50.000000,1246.787661
15.000000,50.000000,1322.811764
16.000000,50.000000,1400.907771
17.000000,50.000000,1481.075684
13.000000,50.500000,1179.549327
14.000000,50.500000,1253.851287
15.000000,50.500000,1330.231593
16.000000,50.500000,1408.690243
17.000000,50.500000,1489.227239
13.000000,51.000000,1186.282343
14.000000,51.000000,1260.934848
15.000000,51.000000,1337.672141
16.000000,51.000000,1416.494224
17.000000,51.000000,1497.401096
13.000000,51.500000,1193.058301
14.000000,51.500000,1268.061485
15.000000,51.500000,1345.155702
16.000000,51.500000,1424.340950
17.000000,51.500000,1505.617231
13.000000,52.000000,1199.853551
14.000000,52.000000,1275.208193
15.000000,52.000000,1352.660113
16.000000,52.000000,1432.209310
17.000000,52.000000,1513.855785
13.000000,52.500000,1206.728752
14.000000,52.500000,1282.330849
15.000000,52.500000,1360.032053
16.000000,52.500000,1439.832363
17.000000,52.500000,1521.731779
13.000000,53.000000,1213.623589
14.000000,53.000000,1289.473341
15.000000,53.000000,1367.424027
16.000000,53.000000,1447.475649
17.000000,53.000000,1529.628207
13.000000,53.500000,1220.684115
14.000000,53.500000,1296.768779
15.000000,53.500000,1374.955334
16.000000,53.500000,1455.243780
17.000000,53.500000,1537.634119
13.000000,54.000000,1227.765109
14.000000,54.000000,1304.084792
15.000000,54.000000,1382.507322
16.000000,54.000000,1463.032700
17.000000,54.000000,1545.660927
13.000000,54.500000,1235.016527
14.000000,54.500000,1311.555886
15.000000,54.500000,1390.198038
16.000000,54.500000,1470.942982
17.000000,54.500000,1553.790719
13.000000,55.000000,1242.289278
14.000000,55.000000,1319.048312
15.000000,55.000000,1397.910083
16.000000,55.000000,1478.874591
17.000000,55.000000,1561.941836
13.000000,55.500000,1249.647030
14.000000,55.500000,1326.668648
15.000000,55.500000,1405.794811
16.000000,55.500000,1487.025518
12.000000,56.000000,1181.848408
13.000000,56.000000,1257.026488
14.000000,56.000000,1334.310919
15.000000,56.000000,1413.701702
16.000000,56.000000,1495.198838
12.000000,56.500000,1188.988613
13.000000,56.500000,1264.488932
14.000000,56.500000,1342.099952
15.000000,56.500000,1421.821672
16.000000,56.500000,1503.654092
12.000000,57.000000,1196.150315
13.000000,57.000000,1271.973451
14.000000,57.000000,1349.911638
15.000000,57.000000,1429.964874
16.000000,57.000000,1512.133161
12.000000,57.500000,1203.185030
13.000000,57.500000,1279.393177
14.000000,57.500000,1357.723221
15.000000,57.500000,1438.175164
16.000000,57.500000,1520.749005
12.000000,58.000000,1210.240361
13.000000,58.000000,1286.834478
14.000000,58.000000,1365.557341
15.000000,58.000000,1446.408949
16.000000,58.000000,1529.389302
12.000000,58.500000,1217.484308
13.000000,58.500000,1294.447554
14.000000,58.500000,1373.545561
15.000000,58.500000,1454.778329
16.000000,58.500000,1538.145858
12.000000,59.000000,1224.749870
13.000000,59.000000,1302.083082
14.000000,59.000000,1381.557070
15.000000,59.000000,1463.171836
16.000000,59.000000,1546.927378
12.000000,59.500000,1232.088900
13.000000,59.500000,1309.787984
14.000000,59.500000,1389.633187
15.000000,59.500000,1471.624510
16.000000,59.500000,1555.761952
12.000000,60.000000,1239.449849
13.000000,60.000000,1317.515615
14.000000,60.000000,1397.732838
15.000000,60.000000,1480.101520
16.000000,60.000000,1564.621659
12.000000,60.500000,1246.985075
13.000000,60.500000,1325.405015
14.000000,60.500000,1405.980908
15.000000,60.500000,1488.712756
16.000000,60.500000,1573.600556
12.000000,61.000000,1254.543137
13.000000,61.000000,1333.317965
14.000000,61.000000,1414.253237
15.000000,61.000000,1497.348954
16.000000,61.000000,1582.605114
12.000000,61.500000,1262.223118
13.000000,61.500000,1341.406722
14.000000,61.500000,1422.757852
15.000000,61.500000,1506.276508
12.000000,62.000000,1269.926535
13.000000,62.000000,1349.519935
14.000000,62.000000,1431.287944
15.000000,62.000000,1515.230561
12.000000,62.500000,1277.601382
13.000000,62.500000,1357.656637
14.000000,62.500000,1439.896659
15.000000,62.500000,1524.321448
12.000000,63.000000,1285.299348
13.000000,63.000000,1365.817781
14.000000,63.000000,1448.531154
15.000000,63.000000,1533.439466
12.000000,63.500000,1293.259398
13.000000,63.500000,1374.223138
14.000000,63.500000,1457.390687
15.000000,63.500000,1542.762045
11.000000,64.000000,1222.046448
12.000000,64.000000,1301.244004
13.000000,64.000000,1382.654246
14.000000,64.000000,1466.277176
15.000000,64.000000,1552.112793
11.000000,64.500000,1229.720435
12.000000,64.500000,1309.322154
13.000000,64.500000,1391.143663
14.000000,64.500000,1475.184960
15.000000,64.500000,1561.446048
11.000000,65.000000,1237.418429
12.000000,65.000000,1317.425280
13.000000,65.000000,1399.659028
14.000000,65.000000,1484.119672
15.000000,65.000000,1570.807213
11.000000,65.500000,1245.166910
12.000000,65.500000,1325.487039
13.000000,65.500000,1408.036553
14.000000,65.500000,1492.815451
15.000000,65.500000,1579.823735
11.000000,66.000000,1252.939571
12.000000,66.000000,1333.573385
13.000000,66.000000,1416.439070
14.000000,66.000000,1501.536626
15.000000,66.000000,1588.866053
11.000000,66.500000,1260.720296
12.000000,66.500000,1341.695826
13.000000,66.500000,1424.906196
14.000000,66.500000,1510.351406
15.000000,66.500000,1598.031456
11.000000,67.000000,1268.525105
12.000000,67.000000,1349.842928
13.000000,67.000000,1433.398552
14.000000,67.000000,1519.191978
15.000000,67.000000,1607.223205
11.000000,67.500000,1276.478640
12.000000,67.500000,1358.183443
13.000000,67.500000,1442.130834
14.000000,67.500000,1528.320814
11.000000,68.000000,1284.457031
12.000000,68.000000,1366.549640
13.000000,68.000000,1450.889618
14.000000,68.000000,1537.476963
11.000000,68.500000,1292.571397
12.000000,68.500000,1375.145634
13.000000,68.500000,1459.975652
14.000000,68.500000,1547.061449
11.000000,69.000000,1300.711312
12.000000,69.000000,1383.768564
13.000000,69.000000,1469.089996
14.000000,69.000000,1556.675607
11.000000,69.500000,1308.993735
12.000000,69.500000,1392.614219
13.000000,69.500000,1478.510070
14.000000,69.500000,1566.681290
11.000000,70.000000,1317.302444
12.000000,70.000000,1401.488027
13.000000,70.000000,1487.960145
14.000000,70.000000,1576.718800
11.000000,70.500000,1325.786274
12.000000,70.500000,1410.549955
13.000000,70.500000,1497.611379
14.000000,70.500000,1586.970547
10.000000,71.000000,1251.262556
11.000000,71.000000,1334.297331
12.000000,71.000000,1419.641030
13.000000,71.000000,1507.293654
14.000000,71.000000,1597.255203
10.000000,71.500000,1259.382051
11.000000,71.500000,1342.980295
12.000000,71.500000,1428.898983
13.000000,71.500000,1517.138115
14.000000,71.500000,1607.697690
10.000000,72.000000,1267.527803
11.000000,72.000000,1351.691392
12.000000,72.000000,1438.186933
13.000000,72.000000,1527.014427
14.000000,72.000000,1618.173874
10.000000,72.500000,1275.957527
11.000000,72.500000,1360.630961
12.000000,72.500000,1447.646325
13.000000,72.500000,1537.003618
10.000000,73.000000,1284.415129
11.000000,73.000000,1369.599896
12.000000,73.000000,1457.136576
13.000000,73.000000,1547.025169
10.000000,73.500000,1293.061604
11.000000,73.500000,1378.762429
12.000000,73.500000,1466.825215
13.000000,73.500000,1557.249960
10.000000,74.000000,1301.736988
11.000000,74.000000,1387.955367
12.000000,74.000000,1476.545761
13.000000,74.000000,1567.508168
10.000000,74.500000,1310.663397
11.000000,74.500000,1397.404239
12.000000,74.500000,1486.526935
13.000000,74.500000,1578.031485
10.000000,75.000000,1319.620152
11.000000,75.000000,1406.884952
12.000000,75.000000,1496.541453
13.000000,75.000000,1588.589653
10.000000,75.500000,1328.768780
11.000000,75.500000,1416.552263
12.000000,75.500000,1506.737029
13.000000,75.500000,1599.323078
10.000000,76.000000,1337.948839
11.000000,76.000000,1426.252456
12.000000,76.000000,1516.966946
13.000000,76.000000,1610.092308
10.000000,76.500000,1347.346608
11.000000,76.500000,1436.186984
12.000000,76.500000,1527.448047
13.000000,76.500000,1621.129798
10.000000,77.000000,1356.777051
11.000000,77.000000,1446.155714
12.000000,77.000000,1537.964886
13.000000,77.000000,1632.204565
