weight_g,450.000000
thrust_N,velocity_m_s,power_W
16.000000,0.000000,5590.527626
17.000000,0.000000,5923.705471
18.000000,0.000000,6266.466953
19.000000,0.000000,6618.812072
20.000000,0.000000,6978.369759
21.000000,0.000000,7334.812203
22.000000,0.000000,7699.988567
16.000000,0.500000,5598.936127
17.000000,0.500000,5932.553256
18.000000,0.500000,6275.765273
19.000000,0.500000,6628.572178
20.000000,0.500000,6988.092180
21.000000,0.500000,7344.840581
22.000000,0.500000,7710.326400
16.000000,1.000000,5607.350833
17.000000,1.000000,5941.407539
18.000000,1.000000,6285.070391
19.000000,1.000000,6638.339387
20.000000,1.000000,6997.821167
21.000000,1.000000,7354.875624
22.000000,1.000000,7720.670999
16.000000,1.500000,5615.791221
17.000000,1.500000,5950.289116
18.000000,1.500000,6294.404462
19.000000,1.500000,6648.137258
20.000000,1.500000,7007.562612
21.000000,1.500000,7364.924336
22.000000,1.500000,7731.030524
16.000000,2.000000,5624.237844
17.000000,2.000000,5959.177223
18.000000,2.000000,6303.745364
19.000000,2.000000,6657.942268
20.000000,2.000000,7017.310633
21.000000,2.000000,7374.979724
22.000000,2.000000,7741.396826
16.000000,2.500000,5632.710333
17.000000,2.500000,5968.092816
18.000000,2.500000,6313.115422
19.000000,2.500000,6667.778151
20.000000,2.500000,7027.071307
21.000000,2.500000,7385.048984
22.000000,2.500000,7751.778264
16.000000,3.000000,5641.189087
17.000000,3.000000,5977.014971
18.000000,3.000000,6322.492345
19.000000,3.000000,6677.621209
20.000000,3.000000,7036.838567
21.000000,3.000000,7395.124931
22.000000,3.000000,7762.166490
16.000000,3.500000,5649.693891
17.000000,3.500000,5985.964807
18.000000,3.500000,6331.898629
19.000000,3.500000,6687.495354
20.000000,3.500000,7046.618676
21.000000,3.500000,7405.214951
22.000000,3.500000,7772.570060
16.000000,4.000000,5658.204991
17.000000,4.000000,5994.921237
18.000000,4.000000,6341.311810
19.000000,4.000000,6697.376710
20.000000,4.000000,7056.405380
21.000000,4.000000,7415.311669
22.000000,4.000000,7782.980431
16.000000,4.500000,5667.197637
17.000000,4.500000,6004.249973
18.000000,4.500000,6350.981356
19.000000,4.500000,6707.391786
20.000000,4.500000,7066.232652
21.000000,4.500000,7425.439196
22.000000,4.500000,7793.411363
16.000000,5.000000,5676.197260
17.000000,5.000000,6013.585825
18.000000,5.000000,6360.658156
19.000000,5.000000,6717.414253
20.000000,5.000000,7076.066564
21.000000,5.000000,7435.573454
22.000000,5.000000,7803.849114
16.000000,5.500000,5685.794088
17.000000,5.500000,6023.642983
18.000000,5.500000,6371.186579
19.000000,5.500000,6728.424877
20.000000,5.500000,7086.780461
21.000000,5.500000,7446.406268
22.000000,5.500000,7814.794911
16.000000,6.000000,5695.398795
17.000000,6.000000,6033.708357
18.000000,6.000000,6381.723557
19.000000,6.000000,6739.444395
20.000000,6.000000,7097.502222
21.000000,6.000000,7457.246779
22.000000,6.000000,7825.748235
16.000000,6.500000,5705.034420
17.000000,6.500000,6043.817379
18.000000,6.500000,6392.317565
19.000000,6.500000,6750.534981
20.000000,6.500000,7108.291404
21.000000,6.500000,7468.230519
22.000000,6.500000,7836.924430
16.000000,7.000000,5714.677967
17.000000,7.000000,6053.934678
18.000000,7.000000,6402.920210
19.000000,7.000000,6761.634564
20.000000,7.000000,7119.088548
21.000000,7.000000,7479.222168
22.000000,7.000000,7848.108475
16.000000,7.500000,5724.350669
17.000000,7.500000,6064.088193
18.000000,7.500000,6413.566463
19.000000,7.500000,6772.785481
20.000000,7.500000,7129.891508
21.000000,7.500000,7490.216813
22.000000,7.500000,7859.292573
16.000000,8.000000,5734.031335
17.000000,8.000000,6074.250035
18.000000,8.000000,6424.221413
19.000000,8.000000,6783.945468
20.000000,8.000000,7140.702430
21.000000,8.000000,7501.219363
22.000000,8.000000,7870.484515
16.000000,8.500000,5743.776039
17.000000,8.500000,6084.473557
18.000000,8.500000,6434.935377
19.000000,8.500000,6795.161498
20.000000,8.500000,7151.518810
21.000000,8.500000,7512.224475
22.000000,8.500000,7881.676000
16.000000,9.000000,5753.528815
17.000000,9.000000,6094.705506
18.000000,9.000000,6445.658127
19.000000,9.000000,6806.386677
20.000000,9.000000,7162.343152
21.000000,9.000000,7523.237490
22.000000,9.000000,7892.875321
16.000000,9.500000,5763.620383
17.000000,9.500000,6105.200451
18.000000,9.500000,6456.562795
19.000000,9.500000,6817.707416
20.000000,9.500000,7173.196218
21.000000,9.500000,7534.265447
22.000000,9.500000,7904.075072
15.000000,10.000000,5441.525654
16.000000,10.000000,5773.720666
17.000000,10.000000,6115.704304
18.000000,10.000000,6467.476566
19.000000,10.000000,6829.037453
20.000000,10.000000,7184.057287
21.000000,10.000000,7545.301324
22.000000,10.000000,7915.282654
15.000000,10.500000,5451.278188
16.000000,10.500000,5784.034751
17.000000,10.500000,6126.595830
18.000000,10.500000,6478.961427
19.000000,10.500000,6841.131541
20.000000,10.500000,7195.516294
21.000000,10.500000,7556.780008
22.000000,10.500000,7926.769501
15.000000,11.000000,5461.039326
16.000000,11.000000,5794.357919
17.000000,11.000000,6137.496934
18.000000,11.000000,6490.456371
19.000000,11.000000,6853.236232
20.000000,11.000000,7206.984235
21.000000,11.000000,7568.267265
22.000000,11.000000,7938.264567
15.000000,11.500000,5470.841827
16.000000,11.500000,5804.738345
17.000000,11.500000,6148.472042
18.000000,11.500000,6502.042918
19.000000,11.500000,6865.288904
20.000000,11.500000,7218.736399
21.000000,11.500000,7580.309028
15.000000,12.000000,5480.652989
16.000000,12.000000,5815.127942
17.000000,12.000000,6159.456843
18.000000,12.000000,6513.639692
19.000000,12.000000,6877.352042
20.000000,12.000000,7230.497937
21.000000,12.000000,7592.360205
15.000000,12.500000,5490.505388
16.000000,12.500000,5825.561731
17.000000,12.500000,6170.488891
18.000000,12.500000,6525.286869
19.000000,12.500000,6888.830139
20.000000,12.500000,7242.266216
21.000000,12.500000,7604.419783
15.000000,13.000000,5500.366507
16.000000,13.000000,5836.004753
17.000000,13.000000,6181.530699
18.000000,13.000000,6536.944345
19.000000,13.000000,6900.317567
20.000000,13.000000,7254.043869
21.000000,13.000000,7616.488778
15.000000,13.500000,5510.769485
16.000000,13.500000,5846.873086
17.000000,13.500000,6192.873565
18.000000,13.500000,6548.770922
19.000000,13.500000,6911.810491
20.000000,13.500000,7265.828608
21.000000,13.500000,7628.566513
15.000000,14.000000,5521.182158
16.000000,14.000000,5857.751407
17.000000,14.000000,6204.226715
18.000000,14.000000,6560.608083
19.000000,14.000000,6923.312745
20.000000,14.000000,7277.622723
21.000000,14.000000,7640.653668
15.000000,14.500000,5531.929320
16.000000,14.500000,5868.903346
17.000000,14.500000,6215.788544
18.000000,14.500000,6572.584914
19.000000,14.500000,6934.878789
20.000000,14.500000,7289.462502
21.000000,14.500000,7652.767294
15.000000,15.000000,5542.686794
16.000000,15.000000,5880.065767
17.000000,15.000000,6227.361025
18.000000,15.000000,6584.572568
19.000000,15.000000,6946.454271
20.000000,15.000000,7301.311727
21.000000,15.000000,7664.890374
15.000000,15.500000,5553.533565
16.000000,15.500000,5891.471773
17.000000,15.500000,6239.340278
18.000000,15.500000,6597.139078
19.000000,15.500000,6958.646408
20.000000,15.500000,7313.564395
21.000000,15.500000,7677.192280
15.000000,16.000000,5564.390805
16.000000,16.000000,5902.888715
17.000000,16.000000,6251.330941
18.000000,16.000000,6609.717482
19.000000,16.000000,6970.849043
20.000000,16.000000,7325.827173
21.000000,16.000000,7689.503916
15.000000,16.500000,5575.296087
16.000000,16.500000,5914.371922
17.000000,16.500000,6263.407066
18.000000,16.500000,6622.401519
19.000000,16.500000,6983.211976
20.000000,16.500000,7338.564773
21.000000,16.500000,7702.619941
15.000000,17.000000,5586.211915
16.000000,17.000000,5925.866173
17.000000,17.000000,6275.494745
18.000000,17.000000,6635.097630
19.000000,17.000000,6995.585670
20.000000,17.000000,7351.313268
21.000000,17.000000,7715.746994
15.000000,17.500000,5597.337948
16.000000,17.500000,5937.526994
17.000000,17.500000,6287.702471
18.000000,17.500000,6647.864379
19.000000,17.500000,7007.998182
20.000000,17.500000,7364.158723
21.000000,17.500000,7729.031905
15.000000,18.000000,5608.474920
16.000000,18.000000,5949.199163
17.000000,18.000000,6299.921962
18.000000,18.000000,6660.643317
19.000000,18.000000,7020.421506
20.000000,18.000000,7377.015223
21.000000,18.000000,7742.328096
15.000000,18.500000,5620.154836
16.000000,18.500000,5961.278094
17.000000,18.500000,6312.403228
18.000000,18.500000,6673.530239
19.000000,18.500000,7032.867379
20.000000,18.500000,7389.897317
21.000000,18.500000,7755.653037
15.000000,19.000000,5631.846766
16.000000,19.000000,5973.369159
17.000000,19.000000,6324.896749
18.000000,19.000000,6686.429536
19.000000,19.000000,7045.324090
20.000000,19.000000,7402.790484
21.000000,19.000000,7768.989288
15.000000,19.500000,5643.625079
16.000000,19.500000,5985.599580
17.000000,19.500000,6337.585477
18.000000,19.500000,6699.582770
19.000000,19.500000,7057.991554
20.000000,19.500000,7415.823248
21.000000,19.500000,7782.390419
15.000000,20.000000,5655.415561
16.000000,20.000000,5997.842392
17.000000,20.000000,6350.286818
18.000000,20.000000,6712.748840
19.000000,20.000000,7070.670197
20.000000,20.000000,7428.867303
21.000000,20.000000,7795.802953
15.000000,20.500000,5667.387388
16.000000,20.500000,6010.453990
17.000000,20.500000,6363.554914
18.000000,20.500000,6726.690160
19.000000,20.500000,7083.969649
20.000000,20.500000,7442.286891
21.000000,20.500000,7809.333125
15.000000,21.000000,5679.371738
16.000000,21.000000,6023.078715
17.000000,21.000000,6376.836754
18.000000,21.000000,6740.645853
19.000000,21.000000,7097.281392
20.000000,21.000000,7455.718416
21.000000,21.000000,7822.874884
15.000000,21.500000,5691.419106
16.000000,21.500000,6035.783605
17.000000,21.500000,6390.216803
18.000000,21.500000,6754.718700
19.000000,21.500000,7110.765925
20.000000,21.500000,7469.496112
21.000000,21.500000,7836.944342
14.000000,22.000000,5368.542801
15.000000,22.000000,5703.479108
16.000000,22.000000,6048.501767
17.000000,22.000000,6403.610777
18.000000,22.000000,6768.806137
19.000000,22.000000,7124.263057
20.000000,22.000000,7483.286357
21.000000,22.000000,7851.026296
14.000000,22.500000,5380.569238
15.000000,22.500000,5716.029174
16.000000,22.500000,6061.584686
17.000000,22.500000,6417.235775
18.000000,22.500000,6782.982441
19.000000,22.500000,7137.931568
20.000000,22.500000,7497.444428
21.000000,22.500000,7865.681864
14.000000,23.000000,5392.609048
15.000000,23.000000,5728.592949
16.000000,23.000000,6074.681657
17.000000,23.000000,6430.875172
18.000000,23.000000,6797.173493
19.000000,23.000000,7151.612984
20.000000,23.000000,7511.615713
21.000000,23.000000,7880.350955
14.000000,23.500000,5404.843140
15.000000,23.500000,5741.317900
16.000000,23.500000,6087.904339
17.000000,23.500000,6444.602457
18.000000,23.500000,6811.412255
19.000000,23.500000,7165.331930
20.000000,23.500000,7525.824018
21.000000,23.500000,7895.056501
14.000000,24.000000,5417.091016
15.000000,24.000000,5754.056889
16.000000,24.000000,6101.141316
17.000000,24.000000,6458.344298
18.000000,24.000000,6825.665834
19.000000,24.000000,7179.063830
20.000000,24.000000,7540.045584
21.000000,24.000000,7909.775616
14.000000,24.500000,5429.374935
15.000000,24.500000,5766.866576
16.000000,24.500000,6114.485699
17.000000,24.500000,6472.232306
18.000000,24.500000,6839.697066
19.000000,24.500000,7192.944850
20.000000,24.500000,7554.363022
21.000000,24.500000,7924.534471
14.000000,25.000000,5441.672689
15.000000,25.000000,5779.690429
16.000000,25.000000,6127.844585
17.000000,25.000000,6486.135156
18.000000,25.000000,6853.742587
19.000000,25.000000,7206.839099
20.000000,25.000000,7568.693885
21.000000,25.000000,7939.306946
14.000000,25.500000,5454.050606
15.000000,25.500000,5792.750192
16.000000,25.500000,6141.604279
17.000000,25.500000,6500.612866
18.000000,25.500000,6867.896015
19.000000,25.500000,7221.213226
20.000000,25.500000,7583.282286
14.000000,26.000000,5466.442508
15.000000,26.000000,5805.824620
16.000000,26.000000,6155.379333
17.000000,26.000000,6515.106648
18.000000,26.000000,6882.063856
19.000000,26.000000,7235.601507
20.000000,26.000000,7597.884583
14.000000,26.500000,5479.355047
15.000000,26.500000,5819.342640
16.000000,26.500000,6169.515639
17.000000,26.500000,6529.874045
18.000000,26.500000,6896.344121
19.000000,26.500000,7250.099731
20.000000,26.500000,7612.594184
14.000000,27.000000,5492.282707
15.000000,27.000000,5832.876280
16.000000,27.000000,6183.668073
17.000000,27.000000,6544.658086
18.000000,27.000000,6910.639000
19.000000,27.000000,7264.612302
20.000000,27.000000,7627.317866
14.000000,27.500000,5505.828456
15.000000,27.500000,5846.889096
16.000000,27.500000,6198.151650
17.000000,27.500000,6559.616120
18.000000,27.500000,6925.003847
19.000000,27.500000,7279.482560
20.000000,27.500000,7642.701203
14.000000,28.000000,5519.390740
15.000000,28.000000,5860.918600
16.000000,28.000000,6212.652070
17.000000,28.000000,6574.591150
18.000000,28.000000,6939.383428
19.000000,28.000000,7294.367866
20.000000,28.000000,7658.099907
14.000000,28.500000,5532.998995
15.000000,28.500000,5874.989356
16.000000,28.500000,6227.188677
17.000000,28.500000,6589.596958
18.000000,28.500000,6953.805159
19.000000,28.500000,7309.307633
20.000000,28.500000,7673.565929
14.000000,29.000000,5546.623861
15.000000,29.000000,5889.076863
16.000000,29.000000,6241.742174
17.000000,29.000000,6604.619796
18.000000,29.000000,6968.241683
19.000000,29.000000,7324.262531
20.000000,29.000000,7689.047425
14.000000,29.500000,5560.318789
15.000000,29.500000,5903.310808
16.000000,29.500000,6256.522877
17.000000,29.500000,6619.954997
18.000000,29.500000,6982.989379
19.000000,29.500000,7339.432840
20.000000,29.500000,7704.643538
14.000000,30.000000,5574.030460
15.000000,30.000000,5917.561815
16.000000,30.000000,6271.320964
17.000000,30.000000,6635.307904
18.000000,30.000000,6997.752483
19.000000,30.000000,7354.618691
20.000000,30.000000,7720.255326
14.000000,30.500000,5587.938252
15.000000,30.500000,5932.196845
16.000000,30.500000,6286.701633
17.000000,30.500000,6651.452616
18.000000,30.500000,7013.207286
19.000000,30.500000,7370.250615
20.000000,30.500000,7736.054824
14.000000,31.000000,5601.863236
15.000000,31.000000,5946.849833
16.000000,31.000000,6302.101043
17.000000,31.000000,6667.616866
18.000000,31.000000,7028.678942
19.000000,31.000000,7385.898976
20.000000,31.000000,7751.870346
14.000000,31.500000,5616.359489
15.000000,31.500000,5961.988760
16.000000,31.500000,6317.894234
17.000000,31.500000,6684.075911
18.000000,31.500000,7044.266489
19.000000,31.500000,7401.613027
20.000000,31.500000,7767.698831
14.000000,32.000000,5630.874440
15.000000,32.000000,5977.146889
16.000000,32.000000,6333.707135
17.000000,32.000000,6700.555178
18.000000,32.000000,7059.871109
19.000000,32.000000,7417.343621
20.000000,32.000000,7783.543336
14.000000,32.500000,5645.500012
15.000000,32.500000,5992.401203
16.000000,32.500000,6349.600769
17.000000,32.500000,6717.098710
18.000000,32.500000,7075.665296
19.000000,32.500000,7433.581933
20.000000,32.500000,7800.228947
14.000000,33.000000,5660.144515
15.000000,33.000000,6007.674910
16.000000,33.000000,6365.514261
17.000000,33.000000,6733.662569
18.000000,33.000000,7091.476942
19.000000,33.000000,7449.837844
20.000000,33.000000,7816.932297
14.000000,33.500000,5674.854050
15.000000,33.500000,6023.011089
16.000000,33.500000,6381.487427
17.000000,33.500000,6750.283063
18.000000,33.500000,7107.408734
19.000000,33.500000,7466.336339
20.000000,33.500000,7834.006520
14.000000,34.000000,5689.582633
15.000000,34.000000,6038.366769
16.000000,34.000000,6397.480548
17.000000,34.000000,6766.923970
18.000000,34.000000,7123.358221
19.000000,34.000000,7482.852934
20.000000,34.000000,7851.099251
14.000000,34.500000,5704.473666
15.000000,34.500000,6053.981533
16.000000,34.500000,6413.834764
17.000000,34.500000,6784.033361
18.000000,34.500000,7139.641998
19.000000,34.500000,7499.579259
20.000000,34.500000,7868.270776
13.000000,35.000000,5379.512923
14.000000,35.000000,5719.384116
15.000000,35.000000,6069.616405
16.000000,35.000000,6430.209791
17.000000,35.000000,6801.164273
18.000000,35.000000,7155.944184
19.000000,35.000000,7516.324110
20.000000,35.000000,7885.460944
13.000000,35.500000,5394.549721
14.000000,35.500000,5735.103230
15.000000,35.500000,6086.030808
16.000000,35.500000,6447.332453
17.000000,35.500000,6819.008167
18.000000,35.500000,7172.720489
19.000000,35.500000,7533.341691
20.000000,35.500000,7902.712006
13.000000,36.000000,5409.607429
14.000000,36.000000,5750.843841
15.000000,36.000000,6102.467302
16.000000,36.000000,6464.477810
17.000000,36.000000,6836.875366
18.000000,36.000000,7189.516271
19.000000,36.000000,7550.378380
20.000000,36.000000,7919.981808
13.000000,36.500000,5425.248406
14.000000,36.500000,5767.080764
15.000000,36.500000,6119.307037
16.000000,36.500000,6481.927227
17.000000,36.500000,6853.820730
18.000000,36.500000,7206.403250
19.000000,36.500000,7567.456350
20.000000,36.500000,7937.240423
13.000000,37.000000,5440.911862
14.000000,37.000000,5783.340484
15.000000,37.000000,6136.169893
16.000000,37.000000,6499.400088
17.000000,37.000000,6870.786912
18.000000,37.000000,7223.309885
19.000000,37.000000,7584.553487
20.000000,37.000000,7954.517718
13.000000,37.500000,5456.659503
14.000000,37.500000,5799.675231
15.000000,37.500000,6153.097917
16.000000,37.500000,6516.927561
17.000000,37.500000,6887.497541
18.000000,37.500000,7240.359692
19.000000,37.500000,7601.938927
20.000000,37.500000,7972.235247
13.000000,38.000000,5472.429803
14.000000,38.000000,5816.032926
15.000000,38.000000,6170.049180
16.000000,38.000000,6534.478565
17.000000,38.000000,6904.228290
18.000000,38.000000,7257.429447
19.000000,38.000000,7619.344144
20.000000,38.000000,7989.972379
13.000000,38.500000,5488.241538
14.000000,38.500000,5832.432493
15.000000,38.500000,6187.042730
16.000000,38.500000,6552.072249
17.000000,38.500000,6921.048890
18.000000,38.500000,7274.923559
19.000000,38.500000,7637.524432
13.000000,39.000000,5504.075987
14.000000,39.000000,5848.855062
15.000000,39.000000,6204.059572
16.000000,39.000000,6569.689516
17.000000,39.000000,6937.889781
18.000000,39.000000,7292.438575
19.000000,39.000000,7655.726247
13.000000,39.500000,5520.134007
14.000000,39.500000,5865.535724
15.000000,39.500000,6221.370718
16.000000,39.500000,6587.638989
17.000000,39.500000,6955.103074
18.000000,39.500000,7310.222798
19.000000,39.500000,7674.088352
13.000000,40.000000,5536.215336
14.000000,40.000000,5882.240067
15.000000,40.000000,6238.705919
16.000000,40.000000,6605.612893
17.000000,40.000000,6972.337544
18.000000,40.000000,7328.028542
19.000000,40.000000,7692.472323
13.000000,40.500000,5553.008505
14.000000,40.500000,5899.665803
15.000000,40.500000,6256.771080
16.000000,40.500000,6624.324337
17.000000,40.500000,6990.195760
18.000000,40.500000,7346.256379
19.000000,40.500000,7711.066082
13.000000,41.000000,5569.827060
14.000000,41.000000,5917.117266
15.000000,41.000000,6274.862311
16.000000,41.000000,6643.062197
17.000000,41.000000,7008.076670
18.000000,41.000000,7364.506723
19.000000,41.000000,7729.682160
13.000000,41.500000,5586.892903
14.000000,41.500000,5934.841611
15.000000,41.500000,6293.253116
16.000000,41.500000,6662.127418
17.000000,41.500000,7026.191962
18.000000,41.500000,7382.907684
19.000000,41.500000,7748.360805
13.000000,42.000000,5603.984803
14.000000,42.000000,5952.592414
15.000000,42.000000,6311.670782
16.000000,42.000000,6681.219907
17.000000,42.000000,7044.330487
18.000000,42.000000,7401.331468
19.000000,42.000000,7767.061865
13.000000,42.500000,5621.144347
14.000000,42.500000,5970.411036
15.000000,42.500000,6330.156357
16.000000,42.500000,6700.380311
17.000000,42.500000,7062.477842
18.000000,42.500000,7419.768142
19.000000,42.500000,7785.780167
13.000000,43.000000,5638.330073
14.000000,43.000000,5988.256238
15.000000,43.000000,6348.668913
16.000000,43.000000,6719.568098
17.000000,43.000000,7080.648394
18.000000,43.000000,7438.227618
19.000000,43.000000,7804.520877
13.000000,43.500000,5655.583351
14.000000,43.500000,6006.169139
15.000000,43.500000,6367.249229
16.000000,43.500000,6738.823622
17.000000,43.500000,7099.000809
18.000000,43.500000,7457.125763
19.000000,43.500000,7823.969880
13.000000,44.000000,5672.862936
14.000000,44.000000,6024.108741
15.000000,44.000000,6385.856644
16.000000,44.000000,6758.106643
17.000000,44.000000,7117.376845
18.000000,44.000000,7476.047785
19.000000,44.000000,7843.443013
13.000000,44.500000,5690.679969
14.000000,44.500000,6042.539404
15.000000,44.500000,6404.904880
16.000000,44.500000,6777.776397
17.000000,44.500000,7136.114369
18.000000,44.500000,7495.299718
19.000000,44.500000,7863.212391
13.000000,45.000000,5708.524909
14.000000,45.000000,6060.998186
15.000000,45.000000,6423.981447
16.000000,45.000000,6797.474692
17.000000,45.000000,7154.876413
18.000000,45.000000,7514.576322
19.000000,45.000000,7883.006588
13.000000,45.500000,5726.726249
14.000000,45.500000,6079.870693
15.000000,45.500000,6443.531847
16.000000,45.500000,6817.709711
17.000000,45.500000,7174.069843
18.000000,45.500000,7534.125850
19.000000,45.500000,7902.906845
13.000000,46.000000,5744.956540
14.000000,46.000000,6098.772513
15.000000,46.000000,6463.111924
16.000000,46.000000,6837.974773
17.000000,46.000000,7193.288892
18.000000,46.000000,7553.700700
19.000000,46.000000,7922.832130
13.000000,46.500000,5763.409295
14.000000,46.500000,6117.928659
15.000000,46.500000,6482.979707
16.000000,46.500000,6858.562439
17.000000,46.500000,7212.720762
18.000000,46.500000,7573.405335
19.000000,46.500000,7942.799837
12.000000,47.000000,5437.208354
13.000000,47.000000,5781.891621
14.000000,47.000000,6137.114821
15.000000,47.000000,6502.877956
16.000000,47.000000,6879.181025
17.000000,47.000000,7232.178762
18.000000,47.000000,7593.135568
19.000000,47.000000,7962.792618
12.000000,47.500000,5455.087381
13.000000,47.500000,5800.465640
14.000000,47.500000,6156.391906
15.000000,47.500000,6522.866178
16.000000,47.500000,6898.746999
17.000000,47.500000,7251.652227
18.000000,47.500000,7612.876720
19.000000,47.500000,7982.791599
12.000000,48.000000,5472.995739
13.000000,48.000000,5819.069427
14.000000,48.000000,6175.699197
15.000000,48.000000,6542.885048
16.000000,48.000000,6918.340685
17.000000,48.000000,7271.151793
18.000000,48.000000,7632.643433
19.000000,48.000000,8002.815605
12.000000,48.500000,5491.260979
13.000000,48.500000,5837.966485
14.000000,48.500000,6195.231809
15.000000,48.500000,6563.056954
16.000000,48.500000,6937.620177
17.000000,48.500000,7290.957881
18.000000,48.500000,7652.978244
19.000000,48.500000,8023.681268
12.000000,49.000000,5509.556619
13.000000,49.000000,5856.894148
14.000000,49.000000,6214.795235
15.000000,49.000000,6583.259879
16.000000,49.000000,6956.926401
17.000000,49.000000,7310.790818
18.000000,49.000000,7673.340024
19.000000,49.000000,8044.574018
12.000000,49.500000,5528.392522
13.000000,49.500000,5876.339631
14.000000,49.500000,6234.851931
15.000000,49.500000,6603.929420
16.000000,49.500000,6976.678838
17.000000,49.500000,7331.265870
18.000000,49.500000,7694.548768
12.000000,50.000000,5547.260519
13.000000,50.000000,5895.817298
14.000000,50.000000,6254.940900
15.000000,50.000000,6624.631324
16.000000,50.000000,6996.459174
17.000000,50.000000,7351.769453
18.000000,50.000000,7715.786684
12.000000,50.500000,5566.654855
13.000000,50.500000,5915.878599
14.000000,50.500000,6275.673276
15.000000,50.500000,6646.038886
16.000000,50.500000,7016.891924
17.000000,50.500000,7372.731522
18.000000,50.500000,7737.279028
12.000000,51.000000,5586.082985
13.000000,51.000000,5935.973927
14.000000,51.000000,6296.439913
15.000000,51.000000,6667.480943
16.000000,51.000000,7037.354354
17.000000,51.000000,7393.723326
18.000000,51.000000,7758.801165
12.000000,51.500000,5605.640518
13.000000,51.500000,5956.313865
14.000000,51.500000,6317.573003
15.000000,51.500000,6689.417931
16.000000,51.500000,7058.263879
17.000000,51.500000,7415.017041
18.000000,51.500000,7780.472552
12.000000,52.000000,5625.232180
13.000000,52.000000,5976.688547
14.000000,52.000000,6338.741456
15.000000,52.000000,6711.390908
16.000000,52.000000,7079.204301
17.000000,52.000000,7436.341266
18.000000,52.000000,7802.174064
12.000000,52.500000,5644.916121
13.000000,52.500000,5997.159681
14.000000,52.500000,6360.010617
15.000000,52.500000,6733.468928
16.000000,52.500000,7100.173609
17.000000,52.500000,7457.681822
18.000000,52.500000,7823.878799
12.000000,53.000000,5664.634395
13.000000,53.000000,6017.665770
14.000000,53.000000,6381.315360
15.000000,53.000000,6755.583163
16.000000,53.000000,7121.173808
17.000000,53.000000,7479.052848
18.000000,53.000000,7845.613587
12.000000,53.500000,5684.649911
13.000000,53.500000,6038.417658
14.000000,53.500000,6402.810390
15.000000,53.500000,6777.828107
16.000000,53.500000,7142.211725
17.000000,53.500000,7500.469440
18.000000,53.500000,7867.402289
12.000000,54.000000,5704.700714
13.000000,54.000000,6059.205248
14.000000,54.000000,6424.341536
15.000000,54.000000,6800.109578
16.000000,54.000000,7163.280555
17.000000,54.000000,7521.916551
18.000000,54.000000,7889.221118
12.000000,54.500000,5725.069347
13.000000,54.500000,6080.305357
14.000000,54.500000,6446.179059
15.000000,54.500000,6822.690452
16.000000,54.500000,7184.734456
17.000000,54.500000,7543.988552
18.000000,54.500000,7911.916176
12.000000,55.000000,5745.474264
13.000000,55.000000,6101.442119
14.000000,55.000000,6468.053602
15.000000,55.000000,6845.308714
16.000000,55.000000,7206.220327
17.000000,55.000000,7566.092807
18.000000,55.000000,7934.643771
12.000000,55.500000,5766.312505
13.000000,55.500000,6123.023822
14.000000,55.500000,6490.384864
15.000000,55.500000,6868.395630
16.000000,55.500000,7228.147987
17.000000,55.500000,7588.560750
18.000000,55.500000,7957.652484
12.000000,56.000000,5787.188447
13.000000,56.000000,6144.643604
14.000000,56.000000,6512.754581
15.000000,56.000000,6891.521381
16.000000,56.000000,7250.108871
17.000000,56.000000,7611.061937
18.000000,56.000000,7980.694457
12.000000,56.500000,5808.259254
13.000000,56.500000,6166.533323
14.000000,56.500000,6535.473621
15.000000,56.500000,6915.080149
16.000000,56.500000,7272.423618
17.000000,56.500000,7633.794988
18.000000,56.500000,8003.839813
12.000000,57.000000,5829.368329
13.000000,57.000000,6188.461941
14.000000,57.000000,6558.232197
15.000000,57.000000,6938.679095
16.000000,57.000000,7294.772585
17.000000,57.000000,7656.561881
18.000000,57.000000,8027.018635
12.000000,57.500000,5850.703107
13.000000,57.500000,6210.574137
14.000000,57.500000,6581.129468
15.000000,57.500000,6962.127394
16.000000,57.500000,7317.160615
17.000000,57.500000,7679.366940
18.000000,57.500000,8050.234645
11.000000,58.000000,5522.119879
12.000000,58.000000,5872.076830
13.000000,58.000000,6232.725743
14.000000,58.000000,6604.066620
15.000000,58.000000,6985.615222
16.000000,58.000000,7339.582885
17.000000,58.000000,7702.205855
18.000000,58.000000,8073.484132
11.000000,58.500000,5542.917013
12.000000,58.500000,5893.618288
13.000000,58.500000,6255.017393
14.000000,58.500000,6627.114326
15.000000,58.500000,7007.655808
16.000000,58.500000,7362.044946
17.000000,58.500000,7725.083214
18.000000,58.500000,8096.770613
11.000000,59.000000,5563.753202
12.000000,59.000000,5915.199157
13.000000,59.000000,6277.348810
14.000000,59.000000,6650.202160
15.000000,59.000000,7029.731042
16.000000,59.000000,7384.541266
17.000000,59.000000,7747.994446
18.000000,59.000000,8120.090581
11.000000,59.500000,5585.168284
12.000000,59.500000,5937.213404
13.000000,59.500000,6299.958003
14.000000,59.500000,6673.402081
15.000000,59.500000,7051.776605
16.000000,59.500000,7407.248334
17.000000,59.500000,7771.368524
18.000000,59.500000,8144.137175
11.000000,60.000000,5606.624486
12.000000,60.000000,5959.268524
13.000000,60.000000,6322.607822
14.000000,60.000000,6696.642382
15.000000,60.000000,7073.856611
16.000000,60.000000,7429.990195
17.000000,60.000000,7794.777747
18.000000,60.000000,8168.219267
11.000000,60.500000,5628.252391
12.000000,60.500000,5981.535954
13.000000,60.500000,6345.512849
14.000000,60.500000,6720.183076
15.000000,60.500000,7096.378689
16.000000,60.500000,7453.329975
17.000000,60.500000,7818.947359
11.000000,61.000000,5649.921919
12.000000,61.000000,6003.844896
13.000000,61.000000,6368.459277
14.000000,61.000000,6743.765062
15.000000,61.000000,7118.936506
16.000000,61.000000,7476.706293
17.000000,61.000000,7843.154317
11.000000,61.500000,5671.730800
12.000000,61.500000,6026.364941
13.000000,61.500000,6391.692796
14.000000,61.500000,6767.714365
15.000000,61.500000,7141.944677
16.000000,61.500000,7500.394018
17.000000,61.500000,7867.526196
11.000000,62.000000,5693.581678
12.000000,62.000000,6048.927132
13.000000,62.000000,6414.968610
14.000000,62.000000,6791.706112
15.000000,62.000000,7164.989922
16.000000,62.000000,7524.119148
17.000000,62.000000,7891.935812
11.000000,62.500000,5715.571498
12.000000,62.500000,6071.636655
13.000000,62.500000,6438.400479
14.000000,62.500000,6815.862969
15.000000,62.500000,7188.199495
16.000000,62.500000,7547.989815
17.000000,62.500000,7916.471102
11.000000,63.000000,5737.603688
12.000000,63.000000,6094.388717
13.000000,63.000000,6461.875055
14.000000,63.000000,6840.062704
15.000000,63.000000,7211.446549
16.000000,63.000000,7571.898227
17.000000,63.000000,7941.044399
11.000000,63.500000,5759.754907
12.000000,63.500000,6117.264269
13.000000,63.500000,6485.477465
14.000000,63.500000,6864.394496
15.000000,63.500000,7234.814254
16.000000,63.500000,7595.915506
17.000000,63.500000,7965.714136
11.000000,64.000000,5781.948799
12.000000,64.000000,6140.182668
13.000000,64.000000,6509.122895
14.000000,64.000000,6888.769481
15.000000,64.000000,7258.219706
16.000000,64.000000,7619.970753
17.000000,64.000000,7990.422056
11.000000,64.500000,5804.367292
12.000000,64.500000,6163.300180
13.000000,64.500000,6532.939694
14.000000,64.500000,6913.285834
15.000000,64.500000,7281.739642
16.000000,64.500000,7644.131623
17.000000,64.500000,8015.226258
11.000000,65.000000,5826.829164
12.000000,65.000000,6186.461129
13.000000,65.000000,6556.799984
14.000000,65.000000,6937.845728
15.000000,65.000000,7305.297569
16.000000,65.000000,7668.330670
17.000000,65.000000,8040.068821
11.000000,65.500000,5849.490320
12.000000,65.500000,6209.903551
13.000000,65.500000,6581.028526
14.000000,65.500000,6962.865247
15.000000,65.500000,7329.325344
16.000000,65.500000,7693.036338
17.000000,65.500000,8065.456829
11.000000,66.000000,5872.195457
12.000000,66.000000,6233.390301
13.000000,66.000000,6605.301745
14.000000,66.000000,6987.929788
15.000000,66.000000,7353.392518
16.000000,66.000000,7717.781700
17.000000,66.000000,8090.884825
11.000000,66.500000,5895.184050
12.000000,66.500000,6257.225811
13.000000,66.500000,6629.992498
14.000000,66.500000,7013.484109
15.000000,66.500000,7377.810459
16.000000,66.500000,7742.751110
17.000000,66.500000,8116.403756
11.000000,67.000000,5918.217550
12.000000,67.000000,6281.106801
13.000000,67.000000,6654.729303
14.000000,67.000000,7039.085057
15.000000,67.000000,7402.268820
16.000000,67.000000,7767.760802
17.000000,67.000000,8141.962832
11.000000,67.500000,5941.462496
12.000000,67.500000,6305.218350
13.000000,67.500000,6679.716761
14.000000,67.500000,7064.957730
15.000000,67.500000,7426.967659
16.000000,67.500000,7792.983947
17.000000,67.500000,8167.706793
11.000000,68.000000,5964.752998
12.000000,68.000000,6329.376083
13.000000,68.000000,6704.751035
14.000000,68.000000,7090.877854
15.000000,68.000000,7451.707592
16.000000,68.000000,7818.247943
17.000000,68.000000,8193.491362
11.000000,68.500000,5988.542112
12.000000,68.500000,6353.931689
13.000000,68.500000,6730.075921
14.000000,68.500000,7116.732017
15.000000,68.500000,7476.587621
16.000000,68.500000,7843.643376
17.000000,68.500000,8219.398172
11.000000,69.000000,6012.378562
12.000000,69.000000,6378.534827
13.000000,69.000000,6755.448536
14.000000,69.000000,7142.633216
15.000000,69.000000,7501.509080
16.000000,69.000000,7869.079958
17.000000,69.000000,8245.345852
11.000000,69.500000,6036.377312
12.000000,69.500000,6403.280398
13.000000,69.500000,6780.942472
14.000000,69.500000,7167.119888
15.000000,69.500000,7526.514609
16.000000,69.500000,7894.600236
17.000000,69.500000,8271.376770
11.000000,70.000000,6060.423850
12.000000,70.000000,6428.073867
13.000000,70.000000,6806.484414
14.000000,70.000000,7191.648420
15.000000,70.000000,7551.561712
16.000000,70.000000,7920.161803
17.000000,70.000000,8297.448694
11.000000,70.500000,6084.733884
12.000000,70.500000,6453.114738
13.000000,70.500000,6832.256032
14.000000,70.500000,7216.427662
15.000000,70.500000,7577.000712
16.000000,70.500000,7946.262620
10.000000,71.000000,5750.741216
11.000000,71.000000,6109.092577
12.000000,71.000000,6478.204287
13.000000,71.000000,6858.076345
14.000000,71.000000,7241.249487
15.000000,71.000000,7602.482457
16.000000,71.000000,7972.406342
10.000000,71.500000,5774.523946
11.000000,71.500000,6133.621344
12.000000,71.500000,6503.479708
13.000000,71.500000,6884.099037
14.000000,71.500000,7266.336126
15.000000,71.500000,7628.267428
16.000000,71.500000,7998.893012
10.000000,72.000000,5798.355753
11.000000,72.000000,6158.199255
12.000000,72.000000,6528.804340
13.000000,72.000000,6910.171006
14.000000,72.000000,7291.466119
15.000000,72.000000,7654.096023
16.000000,72.000000,8025.423574
10.000000,72.500000,5822.389058
11.000000,72.500000,6182.997162
12.000000,72.500000,6554.368301
13.000000,72.500000,6936.502476
14.000000,72.500000,7316.905449
15.000000,72.500000,7680.167669
16.000000,72.500000,8052.127176
10.000000,73.000000,5846.472067
11.000000,73.000000,6207.844896
12.000000,73.000000,6579.982213
13.000000,73.000000,6962.884019
14.000000,73.000000,7342.389062
15.000000,73.000000,7706.283621
16.000000,73.000000,8078.875101
10.000000,73.500000,5870.793763
11.000000,73.500000,6232.934595
12.000000,73.500000,6605.841187
13.000000,73.500000,6989.513539
14.000000,73.500000,7368.246985
15.000000,73.500000,7732.969367
16.000000,73.500000,8106.396677
10.000000,74.000000,5895.165943
11.000000,74.000000,6258.074892
12.000000,74.000000,6631.750872
13.000000,74.000000,7016.193884
14.000000,74.000000,7394.150347
15.000000,74.000000,7759.701211
16.000000,74.000000,8133.965006
10.000000,74.500000,5919.778180
11.000000,74.500000,6283.419391
12.000000,74.500000,6657.826536
13.000000,74.500000,7042.999617
14.000000,74.500000,7420.199287
15.000000,74.500000,7786.578727
16.000000,74.500000,8161.678883
10.000000,75.000000,5944.441688
11.000000,75.000000,6308.815106
12.000000,75.000000,6683.953363
13.000000,75.000000,7069.856459
14.000000,75.000000,7446.294017
15.000000,75.000000,7813.502683
16.000000,75.000000,8189.439845
10.000000,75.500000,5969.669186
11.000000,75.500000,6334.651349
12.000000,75.500000,6710.389273
13.000000,75.500000,7096.882961
14.000000,75.500000,7472.552038
15.000000,75.500000,7840.588726
16.000000,75.500000,8217.361418
10.000000,76.000000,5994.950102
11.000000,76.000000,6360.540385
12.000000,76.000000,6736.877358
13.000000,76.000000,7123.961021
14.000000,76.000000,7498.856264
15.000000,76.000000,7867.721609
16.000000,76.000000,8245.330461
10.000000,76.500000,6020.356520
11.000000,76.500000,6386.536294
12.000000,76.500000,6763.452589
13.000000,76.500000,7151.105406
14.000000,76.500000,7525.297487
15.000000,76.500000,7895.015080
16.000000,76.500000,8273.484820
10.000000,77.000000,6045.816659
11.000000,77.000000,6412.585217
12.000000,77.000000,6790.080132
13.000000,77.000000,7178.301405
14.000000,77.000000,7551.785232
15.000000,77.000000,7922.355786
16.000000,77.000000,8301.687124
10.000000,77.500000,6071.064704
11.000000,77.500000,6438.676497
12.000000,77.500000,6817.019383
13.000000,77.500000,7206.093364
14.000000,77.500000,7578.667747
15.000000,77.500000,7949.975424
16.000000,77.500000,8330.047490
10.000000,78.000000,6096.365357
11.000000,78.000000,6464.820746
12.000000,78.000000,6844.011966
13.000000,78.000000,7233.939014
14.000000,78.000000,7605.597976
15.000000,78.000000,7977.643071
16.000000,78.000000,8358.456161
10.000000,78.500000,6121.991095
11.000000,78.500000,6491.483940
12.000000,78.500000,6871.727781
13.000000,78.500000,7262.722618
14.000000,78.500000,7633.180326
15.000000,78.500000,8005.801706
16.000000,78.500000,8387.187438
10.000000,79.000000,6147.670576
11.000000,79.000000,6518.201997
12.000000,79.000000,6899.499590
13.000000,79.000000,7291.563354
14.000000,79.000000,7660.812532
15.000000,79.000000,8034.009901
16.000000,79.000000,8415.967979
10.000000,79.500000,6173.837698
11.000000,79.500000,6545.275485
12.000000,79.500000,6927.486314
13.000000,79.500000,7320.470184
14.000000,79.500000,7688.522779
15.000000,79.500000,8062.380087
16.000000,79.500000,8444.998701
10.000000,80.000000,6200.060386
11.000000,80.000000,6572.405073
12.000000,80.000000,6955.529672
13.000000,80.000000,7349.434182
14.000000,80.000000,7716.282998
15.000000,80.000000,8090.800246
16.000000,80.000000,8474.079392
10.000000,80.500000,6226.577148
11.000000,80.500000,6599.763253
12.000000,80.500000,6983.732075
10.000000,81.000000,6253.150485
11.000000,81.000000,6627.178246
12.000000,81.000000,7011.991526
10.000000,81.500000,6279.907081
11.000000,81.500000,6654.753390
12.000000,81.500000,7040.386497
10.000000,82.000000,6306.720794
11.000000,82.000000,6682.385777
12.000000,82.000000,7068.838837
10.000000,82.500000,6333.742139
11.000000,82.500000,6710.161498
12.000000,82.500000,7097.366388
10.000000,83.000000,6360.821246
11.000000,83.000000,6737.994824
12.000000,83.000000,7125.951386
10.000000,83.500000,6388.023530
11.000000,83.500000,6765.892801
12.000000,83.500000,7154.539459
9.000000,84.000000,6047.491089
10.000000,84.000000,6415.283856
11.000000,84.000000,6793.848414
12.000000,84.000000,7183.184762
9.000000,84.500000,6074.351760
10.000000,84.500000,6442.791445
11.000000,84.500000,6821.993498
12.000000,84.500000,7211.957919
9.000000,85.000000,6101.271952
10.000000,85.000000,6470.357881
11.000000,85.000000,6850.196760
12.000000,85.000000,7240.788588
9.000000,85.500000,6128.306468
10.000000,85.500000,6498.059271
11.000000,85.500000,6878.556718
12.000000,85.500000,7269.798809
9.000000,86.000000,6155.400745
10.000000,86.000000,6525.819832
11.000000,86.000000,6906.975259
12.000000,86.000000,7298.867027
9.000000,86.500000,6182.878068
10.000000,86.500000,6554.073879
11.000000,86.500000,6936.003107
12.000000,86.500000,7328.665752
9.000000,87.000000,6210.416577
10.000000,87.000000,6582.388956
11.000000,87.000000,6965.091824
12.000000,87.000000,7358.525183
9.000000,87.500000,6238.261798
10.000000,87.500000,6611.012538
11.000000,87.500000,6994.490246
12.000000,87.500000,7388.694922
9.000000,88.000000,6266.169292
10.000000,88.000000,6639.698216
11.000000,88.000000,7023.950579
12.000000,88.000000,7418.926382
9.000000,88.500000,6293.584762
10.000000,88.500000,6668.147164
11.000000,88.500000,7053.444967
12.000000,88.500000,7449.478174
9.000000,89.000000,6321.060068
10.000000,89.000000,6696.656926
11.000000,89.000000,7083.001151
12.000000,89.000000,7480.092743
9.000000,89.500000,6348.807212
10.000000,89.500000,6725.411728
11.000000,89.500000,7112.773671
12.000000,89.500000,7510.893041
9.000000,90.000000,6376.615119
10.000000,90.000000,6754.228133
11.000000,90.000000,7142.608633
12.000000,90.000000,7541.756619
9.000000,90.500000,6404.707683
10.000000,90.500000,6783.254919
11.000000,90.500000,7172.575065
12.000000,90.500000,7572.668121
9.000000,91.000000,6432.861990
10.000000,91.000000,6812.343944
11.000000,91.000000,7202.604227
12.000000,91.000000,7603.642838
9.000000,91.500000,6461.626881
10.000000,91.500000,6841.861551
11.000000,91.500000,7232.869144
9.000000,92.000000,6490.455940
10.000000,92.000000,6871.442969
11.000000,92.000000,7263.197514
9.000000,92.500000,6519.447453
10.000000,92.500000,6901.181673
11.000000,92.500000,7293.677769
9.000000,93.000000,6548.503572
10.000000,93.000000,6930.984591
11.000000,93.000000,7324.221845
9.000000,93.500000,6577.872721
10.000000,93.500000,6961.022444
11.000000,93.500000,7354.918184
9.000000,94.000000,6607.307580
10.000000,94.000000,6991.125247
11.000000,94.000000,7385.678713
9.000000,94.500000,6637.078359
10.000000,94.500000,7021.469984
11.000000,94.500000,7416.581757
9.000000,95.000000,6666.916056
10.000000,95.000000,7051.880432
11.000000,95.000000,7447.549317
9.000000,95.500000,6696.955615
10.000000,95.500000,7082.438509
11.000000,95.500000,7478.607274
9.000000,96.000000,6727.062696
10.000000,96.000000,7113.062652
11.000000,96.000000,7509.729856
9.000000,96.500000,6757.367649
10.000000,96.500000,7143.845737
11.000000,96.500000,7540.970438
9.000000,97.000000,6787.740709
10.000000,97.000000,7174.695287
11.000000,97.000000,7572.275863
9.000000,97.500000,6817.972497
10.000000,97.500000,7205.702726
11.000000,97.500000,7604.054836
9.000000,98.000000,6848.271460
10.000000,98.000000,7236.777023
11.000000,98.000000,7635.900352
9.000000,98.500000,6878.834031
10.000000,98.500000,7268.340488
11.000000,98.500000,7668.471604
8.000000,99.000000,6529.588205
9.000000,99.000000,6909.464646
10.000000,99.000000,7299.972636
11.000000,99.000000,7701.112175
8.000000,99.500000,6559.534876
9.000000,99.500000,6940.428481
10.000000,99.500000,7331.961006
11.000000,99.500000,7734.132451
8.000000,100.000000,6589.550051
9.000000,100.000000,6971.461539
10.000000,100.000000,7364.019310
11.000000,100.000000,7767.223366
8.000000,100.500000,6619.821300
9.000000,100.500000,7002.788353
10.000000,100.500000,7396.410698
11.000000,100.500000,7800.688335
8.000000,101.000000,6650.161914
9.000000,101.000000,7034.185394
10.000000,101.000000,7428.873168
11.000000,101.000000,7834.225236
8.000000,101.500000,6681.012747
9.000000,101.500000,7065.959932
10.000000,101.500000,7461.572303
11.000000,101.500000,7867.849860
8.000000,102.000000,6711.934971
9.000000,102.000000,7097.806073
10.000000,102.000000,7494.343242
11.000000,102.000000,7901.546477
8.000000,102.500000,6743.162661
9.000000,102.500000,7129.784643
10.000000,102.500000,7527.063855
11.000000,102.500000,7935.000297
8.000000,103.000000,6774.462826
9.000000,103.000000,7161.835090
10.000000,103.000000,7559.855740
11.000000,103.000000,7968.524776
8.000000,103.500000,6806.104277
9.000000,103.500000,7194.111591
10.000000,103.500000,7592.752584
8.000000,104.000000,6837.819447
9.000000,104.000000,7226.460658
10.000000,104.000000,7625.720848
8.000000,104.500000,6869.796013
9.000000,104.500000,7259.072258
10.000000,104.500000,7658.952659
8.000000,105.000000,6901.847173
9.000000,105.000000,7291.757277
10.000000,105.000000,7692.256722
8.000000,105.500000,6933.875696
9.000000,105.500000,7324.513629
10.000000,105.500000,7725.731490
8.000000,106.000000,6965.978362
9.000000,106.000000,7357.343390
10.000000,106.000000,7759.278935
8.000000,106.500000,6998.105266
9.000000,106.500000,7390.329927
10.000000,106.500000,7793.122520
8.000000,107.000000,7030.306084
9.000000,107.000000,7423.390244
10.000000,107.000000,7827.039752
8.000000,107.500000,7062.776799
9.000000,107.500000,7456.792402
10.000000,107.500000,7861.374390
8.000000,108.000000,7095.322328
9.000000,108.000000,7490.269538
10.000000,108.000000,7895.784168
8.000000,108.500000,7128.241732
9.000000,108.500000,7524.231465
10.000000,108.500000,7930.794808
8.000000,109.000000,7161.237326
9.000000,109.000000,7558.270208
10.000000,109.000000,7965.882889
8.000000,109.500000,7194.620006
9.000000,109.500000,7592.665219
10.000000,109.500000,8001.294021
8.000000,110.000000,7228.080314
9.000000,110.000000,7627.138310
10.000000,110.000000,8036.783676
8.000000,110.500000,7261.845620
9.000000,110.500000,7661.844548
10.000000,110.500000,8072.430394
8.000000,111.000000,7295.689608
9.000000,111.000000,7696.629567
10.000000,111.000000,8108.155983
