weight_g,780.000000
thrust_N,velocity_m_s,power_W
13.000000,0.000000,8970.307623
14.000000,0.000000,9650.421172
15.000000,0.000000,10355.358008
16.000000,0.000000,11085.118131
17.000000,0.000000,11807.600307
18.000000,0.000000,12509.242203
19.000000,0.000000,13231.106889
13.000000,0.500000,8971.404545
14.000000,0.500000,9651.764480
15.000000,0.500000,10356.962583
16.000000,0.500000,11086.998856
17.000000,0.500000,11808.989752
18.000000,0.500000,12510.994076
19.000000,0.500000,13233.239398
13.000000,1.000000,8972.501507
14.000000,1.000000,9653.107856
15.000000,1.000000,10358.567260
16.000000,1.000000,11088.879720
17.000000,1.000000,11810.379254
18.000000,1.000000,12512.746044
19.000000,1.000000,13235.372045
13.000000,1.500000,8973.607943
14.000000,1.500000,9654.460511
15.000000,1.500000,10360.180983
16.000000,1.500000,11090.769358
17.000000,1.500000,11811.780105
18.000000,1.500000,12514.508196
19.000000,1.500000,13237.513640
13.000000,2.000000,8974.714421
14.000000,2.000000,9655.813236
15.000000,2.000000,10361.794808
16.000000,2.000000,11092.659138
17.000000,2.000000,11813.181014
18.000000,2.000000,12516.270445
19.000000,2.000000,13239.655375
13.000000,2.500000,8975.830348
14.000000,2.500000,9657.175211
15.000000,2.500000,10363.417648
16.000000,2.500000,11094.557659
17.000000,2.500000,11814.593166
18.000000,2.500000,12518.042737
19.000000,2.500000,13241.805879
13.000000,3.000000,8976.946316
14.000000,3.000000,9658.537257
15.000000,3.000000,10365.040592
16.000000,3.000000,11096.456321
17.000000,3.000000,11816.005379
18.000000,3.000000,12519.815126
19.000000,3.000000,13243.956525
13.000000,3.500000,8978.071708
14.000000,3.500000,9659.908525
15.000000,3.500000,10366.672520
16.000000,3.500000,11098.363692
17.000000,3.500000,11817.428725
18.000000,3.500000,12521.597416
19.000000,3.500000,13246.115759
13.000000,4.000000,8979.197142
14.000000,4.000000,9661.279865
15.000000,4.000000,10368.304553
16.000000,4.000000,11100.271207
17.000000,4.000000,11818.852133
18.000000,4.000000,12523.379804
19.000000,4.000000,13248.275136
13.000000,4.500000,8980.331973
14.000000,4.500000,9662.660398
15.000000,4.500000,10369.945539
16.000000,4.500000,11102.187396
17.000000,4.500000,11820.286565
18.000000,4.500000,12525.171948
19.000000,4.500000,13250.442921
13.000000,5.000000,8981.466848
14.000000,5.000000,9664.041005
15.000000,5.000000,10371.586632
16.000000,5.000000,11104.103730
17.000000,5.000000,11821.721060
18.000000,5.000000,12526.964192
19.000000,5.000000,13252.610850
13.000000,5.500000,8982.611093
14.000000,5.500000,9665.430776
15.000000,5.500000,10373.236647
16.000000,5.500000,11106.028704
17.000000,5.500000,11823.166466
18.000000,5.500000,12528.766045
19.000000,5.500000,13254.787004
13.000000,6.000000,8983.755384
14.000000,6.000000,9666.820622
15.000000,6.000000,10374.886770
16.000000,6.000000,11107.953825
17.000000,6.000000,11824.611936
18.000000,6.000000,12530.567999
19.000000,6.000000,13256.963303
13.000000,6.500000,8984.783800
14.000000,6.500000,9668.127743
15.000000,6.500000,10376.490020
16.000000,6.500000,11109.870631
17.000000,6.500000,11826.068202
18.000000,6.500000,12532.379414
19.000000,6.500000,13259.147644
13.000000,7.000000,8985.812248
14.000000,7.000000,9669.434927
15.000000,7.000000,10378.093372
16.000000,7.000000,11111.787582
17.000000,7.000000,11827.524532
18.000000,7.000000,12534.190931
19.000000,7.000000,13261.332133
13.000000,7.500000,8986.806499
14.000000,7.500000,9670.770732
15.000000,7.500000,10379.792641
16.000000,7.500000,11113.872228
17.000000,7.500000,11828.907888
18.000000,7.500000,12535.938195
19.000000,7.500000,13263.461931
13.000000,8.000000,8987.800776
14.000000,8.000000,9672.106596
15.000000,8.000000,10381.492015
16.000000,8.000000,11115.957032
17.000000,8.000000,11830.291282
18.000000,8.000000,12537.685541
19.000000,8.000000,13265.591863
13.000000,8.500000,8988.809796
14.000000,8.500000,9673.471675
15.000000,8.500000,10383.236040
16.000000,8.500000,11118.102892
17.000000,8.500000,11831.614913
18.000000,8.500000,12539.284082
19.000000,8.500000,13267.479020
13.000000,9.000000,8989.818843
14.000000,9.000000,9674.836816
15.000000,9.000000,10384.980174
16.000000,9.000000,11120.248917
17.000000,9.000000,11832.938571
18.000000,9.000000,12540.882683
19.000000,9.000000,13269.366275
13.000000,9.500000,8990.837543
14.000000,9.500000,9676.210928
15.000000,9.500000,10386.732528
16.000000,9.500000,11122.402342
17.000000,9.500000,11834.270536
18.000000,9.500000,12542.486339
19.000000,9.500000,13271.255132
13.000000,10.000000,8991.856272
14.000000,10.000000,9677.585104
15.000000,10.000000,10388.484991
16.000000,10.000000,11124.555934
17.000000,10.000000,11835.602531
18.000000,10.000000,12544.090058
19.000000,10.000000,13273.144088
13.000000,10.500000,8992.884409
14.000000,10.500000,9678.968023
15.000000,10.500000,10390.245465
16.000000,10.500000,11126.716735
17.000000,10.500000,11836.942411
18.000000,10.500000,12545.698464
19.000000,10.500000,13275.034336
13.000000,11.000000,8993.912576
14.000000,11.000000,9680.351007
15.000000,11.000000,10392.006050
16.000000,11.000000,11128.877705
17.000000,11.000000,11838.282322
18.000000,11.000000,12547.306934
19.000000,11.000000,13276.924683
13.000000,11.500000,8994.909381
14.000000,11.500000,9681.713356
15.000000,11.500000,10393.757595
16.000000,11.500000,11131.042097
17.000000,11.500000,11839.629713
18.000000,11.500000,12548.919738
19.000000,11.500000,13278.816025
13.000000,12.000000,8995.906213
14.000000,12.000000,9683.075769
15.000000,12.000000,10395.509250
16.000000,12.000000,11133.206658
17.000000,12.000000,11840.977137
18.000000,12.000000,12550.532607
19.000000,12.000000,13280.707468
13.000000,12.500000,8996.636146
14.000000,12.500000,9684.249069
15.000000,12.500000,10397.156011
16.000000,12.500000,11135.356972
17.000000,12.500000,11842.331650
18.000000,12.500000,12552.149470
19.000000,12.500000,13282.599620
13.000000,13.000000,8997.366073
14.000000,13.000000,9685.422402
15.000000,13.000000,10398.802862
16.000000,13.000000,11137.507452
17.000000,13.000000,11843.686197
18.000000,13.000000,12553.766400
19.000000,13.000000,13284.491873
13.000000,13.500000,8998.015083
14.000000,13.500000,9686.541721
15.000000,13.500000,10400.424869
16.000000,13.500000,11139.664528
17.000000,13.500000,11845.047457
18.000000,13.500000,12555.386997
19.000000,13.500000,13286.384560
13.000000,14.000000,8998.664071
14.000000,14.000000,9687.661060
15.000000,14.000000,10402.046961
16.000000,14.000000,11141.821772
17.000000,14.000000,11846.408753
18.000000,14.000000,12557.007661
19.000000,14.000000,13288.277351
13.000000,14.500000,8999.335461
14.000000,14.500000,9688.796576
15.000000,14.500000,10403.678452
16.000000,14.500000,11143.981088
17.000000,14.500000,11847.691210
18.000000,14.500000,12558.579712
19.000000,14.500000,13290.153692
13.000000,15.000000,9000.006831
14.000000,15.000000,9689.932112
15.000000,15.000000,10405.310023
16.000000,15.000000,11146.140565
17.000000,15.000000,11848.973689
18.000000,15.000000,12560.151821
19.000000,15.000000,13292.030132
13.000000,15.500000,9000.694804
14.000000,15.500000,9691.069306
15.000000,15.500000,10406.927184
16.000000,15.500000,11148.268439
17.000000,15.500000,11850.247410
18.000000,15.500000,12561.764849
19.000000,15.500000,13293.999966
13.000000,16.000000,9001.382758
14.000000,16.000000,9692.206520
15.000000,16.000000,10408.544423
16.000000,16.000000,11150.396467
17.000000,16.000000,11851.521149
18.000000,16.000000,12563.377934
19.000000,16.000000,13295.969904
13.000000,16.500000,9002.095499
14.000000,16.500000,9693.371181
15.000000,16.500000,10410.191901
16.000000,16.500000,11152.557660
17.000000,16.500000,11852.836470
18.000000,16.500000,12565.056996
19.000000,16.500000,13298.031442
13.000000,17.000000,9002.808224
14.000000,17.000000,9694.535866
15.000000,17.000000,10411.839463
16.000000,17.000000,11154.719014
17.000000,17.000000,11854.151810
18.000000,17.000000,12566.736114
19.000000,17.000000,13300.093084
13.000000,17.500000,9003.545497
14.000000,17.500000,9695.727906
15.000000,17.500000,10413.517329
16.000000,17.500000,11156.913766
17.000000,17.500000,11855.491172
18.000000,17.500000,12568.441309
19.000000,17.500000,13302.182940
13.000000,18.000000,9004.282758
14.000000,18.000000,9696.919974
15.000000,18.000000,10415.195283
16.000000,18.000000,11159.108684
17.000000,18.000000,11856.830554
18.000000,18.000000,12570.146564
19.000000,18.000000,13304.272905
13.000000,18.500000,9005.001623
14.000000,18.500000,9698.109560
15.000000,18.500000,10416.887911
16.000000,18.500000,11161.336674
17.000000,18.500000,11858.194135
18.000000,18.500000,12571.878082
19.000000,18.500000,13306.391280
13.000000,19.000000,9005.720470
14.000000,19.000000,9699.299172
15.000000,19.000000,10418.580628
16.000000,19.000000,11163.564837
17.000000,19.000000,11859.557739
18.000000,19.000000,12573.609663
19.000000,19.000000,13308.509769
13.000000,19.500000,9006.332617
14.000000,19.500000,9700.425736
15.000000,19.500000,10420.257444
16.000000,19.500000,11165.827741
17.000000,19.500000,11860.945717
18.000000,19.500000,12575.367695
19.000000,19.500000,13310.656867
13.000000,20.000000,9006.944739
14.000000,20.000000,9701.552318
15.000000,20.000000,10421.934347
16.000000,20.000000,11168.090824
17.000000,20.000000,11862.333721
18.000000,20.000000,12577.125794
19.000000,20.000000,13312.804083
13.000000,20.500000,9007.586475
14.000000,20.500000,9702.711312
15.000000,20.500000,10423.646601
16.000000,20.500000,11169.318819
17.000000,20.500000,11863.746278
18.000000,20.500000,12578.910531
19.000000,20.500000,13314.980108
13.000000,21.000000,9008.228189
14.000000,21.000000,9703.870327
15.000000,21.000000,10425.358947
16.000000,21.000000,11170.546826
17.000000,21.000000,11865.158863
18.000000,21.000000,12580.695339
19.000000,21.000000,13317.156256
13.000000,21.500000,9008.857479
14.000000,21.500000,9704.958969
15.000000,21.500000,10426.938797
16.000000,21.500000,11171.421874
17.000000,21.500000,11866.449040
18.000000,21.500000,12582.423787
19.000000,21.500000,13319.346115
13.000000,22.000000,9009.486744
14.000000,22.000000,9706.047625
15.000000,22.000000,10428.518719
16.000000,22.000000,11172.296902
17.000000,22.000000,11867.739231
18.000000,22.000000,12584.152297
19.000000,22.000000,13321.536098
13.000000,22.500000,9010.122466
14.000000,22.500000,9707.117290
15.000000,22.500000,10430.052342
16.000000,22.500000,11173.105201
17.000000,22.500000,11868.992405
18.000000,22.500000,12585.875397
19.000000,22.500000,13323.754177
13.000000,23.000000,9010.758164
14.000000,23.000000,9708.186967
15.000000,23.000000,10431.586029
16.000000,23.000000,11173.913476
17.000000,23.000000,11870.245589
18.000000,23.000000,12587.598558
19.000000,23.000000,13325.972384
13.000000,23.500000,9011.419546
14.000000,23.500000,9709.285283
15.000000,23.500000,10433.151472
16.000000,23.500000,11174.743069
17.000000,23.500000,11871.443608
18.000000,23.500000,12589.185494
19.000000,23.500000,13327.968727
13.000000,24.000000,9012.080906
14.000000,24.000000,9710.383614
15.000000,24.000000,10434.716983
16.000000,24.000000,11175.572637
17.000000,24.000000,11872.641632
18.000000,24.000000,12590.772475
19.000000,24.000000,13329.965164
13.000000,24.500000,9012.740260
14.000000,24.500000,9711.492004
15.000000,24.500000,10436.305570
16.000000,24.500000,11176.422889
17.000000,24.500000,11873.826563
18.000000,24.500000,12592.310544
19.000000,24.500000,13331.874831
13.000000,25.000000,9013.399586
14.000000,25.000000,9712.600406
15.000000,25.000000,10437.894227
16.000000,25.000000,11177.273118
17.000000,25.000000,11875.011498
18.000000,25.000000,12593.848651
19.000000,25.000000,13333.784578
13.000000,25.500000,9014.034683
14.000000,25.500000,9713.704409
15.000000,25.500000,10439.499947
16.000000,25.500000,11178.147107
17.000000,25.500000,11876.220585
18.000000,25.500000,12595.411291
19.000000,25.500000,13335.719226
13.000000,26.000000,9014.669737
14.000000,26.000000,9714.808415
15.000000,26.000000,10441.105735
16.000000,26.000000,11179.021075
17.000000,26.000000,11877.429678
18.000000,26.000000,12596.973973
19.000000,26.000000,13337.653958
13.000000,26.500000,9015.327379
14.000000,26.500000,9715.939955
15.000000,26.500000,10442.744337
16.000000,26.500000,11179.909800
17.000000,26.500000,11878.611419
18.000000,26.500000,12598.464647
19.000000,26.500000,13339.469486
13.000000,27.000000,9015.984978
14.000000,27.000000,9717.071500
15.000000,27.000000,10444.383012
16.000000,27.000000,11180.798504
17.000000,27.000000,11879.793161
18.000000,27.000000,12599.955353
19.000000,27.000000,13341.285081
13.000000,27.500000,9016.675593
14.000000,27.500000,9718.237653
15.000000,27.500000,10446.057930
16.000000,27.500000,11181.695347
17.000000,27.500000,11880.929735
18.000000,27.500000,12601.344377
19.000000,27.500000,13342.939274
13.000000,28.000000,9017.366168
14.000000,28.000000,9719.403816
15.000000,28.000000,10447.732927
16.000000,28.000000,11182.592170
17.000000,28.000000,11882.066305
18.000000,28.000000,12602.733419
19.000000,28.000000,13344.593511
13.000000,28.500000,9018.115689
14.000000,28.500000,9720.658956
15.000000,28.500000,10449.528911
16.000000,28.500000,11183.437304
17.000000,28.500000,11883.173926
18.000000,28.500000,12604.117830
13.000000,29.000000,9018.865169
14.000000,29.000000,9721.914107
15.000000,29.000000,10451.324979
16.000000,29.000000,11184.282395
17.000000,29.000000,11884.281529
18.000000,29.000000,12605.502252
13.000000,29.500000,9019.661930
14.000000,29.500000,9723.231103
15.000000,29.500000,10453.198392
16.000000,29.500000,11185.140797
17.000000,29.500000,11885.405405
18.000000,29.500000,12606.906101
12.000000,30.000000,8342.803519
13.000000,30.000000,9020.458654
14.000000,30.000000,9724.548113
15.000000,30.000000,10455.071898
16.000000,30.000000,11185.999152
17.000000,30.000000,11886.529262
18.000000,30.000000,12608.309962
12.000000,30.500000,8343.126488
13.000000,30.500000,9021.268122
14.000000,30.500000,9725.880473
15.000000,30.500000,10456.963540
16.000000,30.500000,11186.868659
17.000000,30.500000,11887.667822
18.000000,30.500000,12609.732250
12.000000,31.000000,8343.449389
13.000000,31.000000,9022.077553
14.000000,31.000000,9727.212850
15.000000,31.000000,10458.855281
16.000000,31.000000,11187.738122
17.000000,31.000000,11888.806364
18.000000,31.000000,12611.154551
12.000000,31.500000,8343.758469
13.000000,31.500000,9022.784349
14.000000,31.500000,9728.347033
15.000000,31.500000,10460.446520
16.000000,31.500000,11188.323788
17.000000,31.500000,11889.838323
18.000000,31.500000,12612.658420
12.000000,32.000000,8344.067480
13.000000,32.000000,9023.491099
14.000000,32.000000,9729.481209
15.000000,32.000000,10462.037808
16.000000,32.000000,11188.909387
17.000000,32.000000,11890.870239
18.000000,32.000000,12614.162283
12.000000,32.500000,8344.381765
13.000000,32.500000,9024.190119
14.000000,32.500000,9730.593649
15.000000,32.500000,10463.592355
16.000000,32.500000,11189.459706
17.000000,32.500000,11891.887220
18.000000,32.500000,12615.672868
12.000000,33.000000,8344.695981
13.000000,33.000000,9024.889092
14.000000,33.000000,9731.706080
15.000000,33.000000,10465.146945
16.000000,33.000000,11190.009956
17.000000,33.000000,11892.904157
18.000000,33.000000,12617.183447
12.000000,33.500000,8345.045870
13.000000,33.500000,9025.625102
14.000000,33.500000,9732.856923
15.000000,33.500000,10466.741332
16.000000,33.500000,11190.597603
17.000000,33.500000,11893.955079
18.000000,33.500000,12618.724352
12.000000,34.000000,8345.395691
13.000000,34.000000,9026.361068
14.000000,34.000000,9734.007760
15.000000,34.000000,10468.335766
16.000000,34.000000,11191.185181
17.000000,34.000000,11895.005958
18.000000,34.000000,12620.265256
12.000000,34.500000,8345.780105
13.000000,34.500000,9027.126290
14.000000,34.500000,9735.182013
15.000000,34.500000,10469.947275
16.000000,34.500000,11191.788956
17.000000,34.500000,11896.076614
18.000000,34.500000,12621.829725
12.000000,35.000000,8346.164453
13.000000,35.000000,9027.891469
14.000000,35.000000,9736.356263
15.000000,35.000000,10471.558834
16.000000,35.000000,11192.392663
17.000000,35.000000,11897.147229
18.000000,35.000000,12623.394196
12.000000,35.500000,8346.590359
13.000000,35.500000,9028.727786
14.000000,35.500000,9737.633313
15.000000,35.500000,10473.306941
16.000000,35.500000,11192.990653
17.000000,35.500000,11898.223341
18.000000,35.500000,12624.976195
12.000000,36.000000,8347.016200
13.000000,36.000000,9029.564060
14.000000,36.000000,9738.910361
15.000000,36.000000,10475.055103
16.000000,36.000000,11193.588558
17.000000,36.000000,11899.299402
18.000000,36.000000,12626.558194
12.000000,36.500000,8347.449927
13.000000,36.500000,9030.416191
14.000000,36.500000,9740.211836
15.000000,36.500000,10476.836865
16.000000,36.500000,11194.214843
17.000000,36.500000,11900.403420
18.000000,36.500000,12628.167678
12.000000,37.000000,8347.883587
13.000000,37.000000,9031.268279
14.000000,37.000000,9741.513312
15.000000,37.000000,10478.618686
16.000000,37.000000,11194.841044
17.000000,37.000000,11901.507390
18.000000,37.000000,12629.777167
12.000000,37.500000,8348.340195
13.000000,37.500000,9032.142116
14.000000,37.500000,9742.835203
15.000000,37.500000,10480.419456
16.000000,37.500000,11195.503207
17.000000,37.500000,11902.650300
18.000000,37.500000,12631.428680
12.000000,38.000000,8348.796736
13.000000,38.000000,9033.015912
14.000000,38.000000,9744.157096
15.000000,38.000000,10482.220290
16.000000,38.000000,11196.165289
17.000000,38.000000,11903.793166
18.000000,38.000000,12633.080203
12.000000,38.500000,8349.291927
13.000000,38.500000,9033.922722
14.000000,38.500000,9745.505844
15.000000,38.500000,10484.041294
16.000000,38.500000,11196.858065
17.000000,38.500000,11904.961987
18.000000,38.500000,12634.752583
12.000000,39.000000,8349.787052
13.000000,39.000000,9034.829493
14.000000,39.000000,9746.854598
15.000000,39.000000,10485.862367
16.000000,39.000000,11197.550762
17.000000,39.000000,11906.130764
18.000000,39.000000,12636.424971
12.000000,39.500000,8350.303758
13.000000,39.500000,9035.756624
14.000000,39.500000,9748.222340
15.000000,39.500000,10487.700905
16.000000,39.500000,11198.257195
17.000000,39.500000,11907.285408
18.000000,39.500000,12638.053653
12.000000,40.000000,8350.820402
13.000000,40.000000,9036.683720
14.000000,40.000000,9749.590092
15.000000,40.000000,10489.539516
16.000000,40.000000,11198.963551
17.000000,40.000000,11908.440007
18.000000,40.000000,12639.682337
12.000000,40.500000,8351.361257
13.000000,40.500000,9037.642274
14.000000,40.500000,9750.997032
15.000000,40.500000,10491.425532
16.000000,40.500000,11199.709370
17.000000,40.500000,11909.638095
18.000000,40.500000,12641.358724
12.000000,41.000000,8351.902051
13.000000,41.000000,9038.600797
14.000000,41.000000,9752.403989
15.000000,41.000000,10493.311627
16.000000,41.000000,11200.455113
17.000000,41.000000,11910.836141
18.000000,41.000000,12643.035119
12.000000,41.500000,8352.111462
13.000000,41.500000,9039.353982
14.000000,41.500000,9753.742460
15.000000,41.500000,10495.276899
16.000000,41.500000,11201.250289
17.000000,41.500000,11912.083939
18.000000,41.500000,12644.761559
12.000000,42.000000,8352.320794
13.000000,42.000000,9040.107111
14.000000,42.000000,9755.080932
15.000000,42.000000,10497.242258
16.000000,42.000000,11202.045386
17.000000,42.000000,11913.331697
18.000000,42.000000,12646.488011
12.000000,42.500000,8352.613463
13.000000,42.500000,9040.928333
14.000000,42.500000,9756.470948
15.000000,42.500000,10499.241309
16.000000,42.500000,11202.863267
17.000000,42.500000,11914.613183
18.000000,42.500000,12648.259771
12.000000,43.000000,8352.906034
13.000000,43.000000,9041.749491
14.000000,43.000000,9757.860964
15.000000,43.000000,10501.240452
16.000000,43.000000,11203.681070
17.000000,43.000000,11915.894631
18.000000,43.000000,12650.031550
12.000000,43.500000,8353.302874
13.000000,43.500000,9042.659684
14.000000,43.500000,9759.323354
15.000000,43.500000,10503.293885
16.000000,43.500000,11204.539092
17.000000,43.500000,11917.220789
18.000000,43.500000,12651.852741
12.000000,44.000000,8353.699607
13.000000,44.000000,9043.569812
14.000000,44.000000,9760.785750
15.000000,44.000000,10505.347419
16.000000,44.000000,11205.397039
17.000000,44.000000,11918.546914
18.000000,44.000000,12653.673957
12.000000,44.500000,8354.146123
13.000000,44.500000,9044.531515
14.000000,44.500000,9762.301520
15.000000,44.500000,10507.456136
16.000000,44.500000,11206.299064
17.000000,44.500000,11919.920256
18.000000,44.500000,12655.545648
12.000000,45.000000,8354.592534
13.000000,45.000000,9045.493159
14.000000,45.000000,9763.817303
15.000000,45.000000,10509.564965
16.000000,45.000000,11207.201017
17.000000,45.000000,11921.293569
18.000000,45.000000,12657.417371
12.000000,45.500000,8355.088922
13.000000,45.500000,9046.506559
14.000000,45.500000,9765.386627
15.000000,45.500000,10511.729126
16.000000,45.500000,11208.129219
17.000000,45.500000,11922.676410
18.000000,45.500000,12659.280849
12.000000,46.000000,8355.585208
13.000000,46.000000,9047.519904
14.000000,46.000000,9766.955972
15.000000,46.000000,10513.893410
16.000000,46.000000,11209.057351
17.000000,46.000000,11924.059224
18.000000,46.000000,12661.144358
12.000000,46.500000,8356.174834
13.000000,46.500000,9048.615082
14.000000,46.500000,9768.594451
15.000000,46.500000,10515.555726
16.000000,46.500000,11210.032423
17.000000,46.500000,11925.496005
18.000000,46.500000,12663.069198
12.000000,47.000000,8356.764368
13.000000,47.000000,9049.710218
14.000000,47.000000,9770.232964
15.000000,47.000000,10517.218069
16.000000,47.000000,11211.007428
17.000000,47.000000,11926.932763
18.000000,47.000000,12664.994075
12.000000,47.500000,8357.493634
13.000000,47.500000,9050.976785
14.000000,47.500000,9772.076596
15.000000,47.500000,10517.891796
16.000000,47.500000,11212.094341
17.000000,47.500000,11928.457616
18.000000,47.500000,12666.981620
12.000000,48.000000,8358.222823
13.000000,48.000000,9052.243331
14.000000,48.000000,9773.920292
15.000000,48.000000,10518.565422
16.000000,48.000000,11213.181187
17.000000,48.000000,11929.982450
18.000000,48.000000,12668.969208
12.000000,48.500000,8359.193998
13.000000,48.500000,9053.760993
14.000000,48.500000,9776.024203
15.000000,48.500000,10519.383514
16.000000,48.500000,11214.378049
17.000000,48.500000,11931.580464
18.000000,48.500000,12670.990756
12.000000,49.000000,8360.165109
13.000000,49.000000,9055.278659
14.000000,49.000000,9778.128217
15.000000,49.000000,10520.201501
16.000000,49.000000,11215.574847
17.000000,49.000000,11933.178465
18.000000,49.000000,12673.012353
12.000000,49.500000,8361.312880
13.000000,49.500000,9056.982119
14.000000,49.500000,9780.427318
15.000000,49.500000,10521.119097
16.000000,49.500000,11216.848578
17.000000,49.500000,11934.829151
18.000000,49.500000,12675.060817
12.000000,50.000000,8362.460603
13.000000,50.000000,9058.685609
14.000000,50.000000,9782.726557
15.000000,50.000000,10522.036586
16.000000,50.000000,11218.122247
17.000000,50.000000,11936.479831
18.000000,50.000000,12677.109337
12.000000,50.500000,8363.664017
13.000000,50.500000,9060.460113
14.000000,50.500000,9785.113146
15.000000,50.500000,10523.010482
16.000000,50.500000,11219.441712
17.000000,50.500000,11938.164934
18.000000,50.500000,12679.180146
12.000000,51.000000,8364.867394
13.000000,51.000000,9062.234662
14.000000,51.000000,9787.499893
15.000000,51.000000,10523.984275
16.000000,51.000000,11220.761121
17.000000,51.000000,11939.850035
18.000000,51.000000,12681.251016
12.000000,51.500000,8366.121807
13.000000,51.500000,9064.070143
14.000000,51.500000,9789.958074
15.000000,51.500000,10525.003976
16.000000,51.500000,11222.118494
17.000000,51.500000,11941.564574
18.000000,51.500000,12683.342215
12.000000,52.000000,8367.376196
13.000000,52.000000,9065.905683
14.000000,52.000000,9792.416432
15.000000,52.000000,10526.023580
16.000000,52.000000,11223.475817
17.000000,52.000000,11943.279117
18.000000,52.000000,12685.433481
12.000000,52.500000,8368.887578
13.000000,52.500000,9067.937441
14.000000,52.500000,9795.004684
15.000000,52.500000,10527.111711
16.000000,52.500000,11224.974567
17.000000,52.500000,11945.212374
12.000000,53.000000,8370.398969
13.000000,53.000000,9069.969295
14.000000,53.000000,9797.593142
15.000000,53.000000,10528.199748
16.000000,53.000000,11226.473275
17.000000,53.000000,11947.145654
12.000000,53.500000,8372.082529
13.000000,53.500000,9072.138543
14.000000,53.500000,9800.280956
15.000000,53.500000,10529.379256
16.000000,53.500000,11228.172892
17.000000,53.500000,11949.395903
12.000000,54.000000,8373.766126
13.000000,54.000000,9074.307916
14.000000,54.000000,9802.969000
15.000000,54.000000,10530.558677
16.000000,54.000000,11229.872482
17.000000,54.000000,11951.646205
12.000000,54.500000,8375.683813
13.000000,54.500000,9076.740763
14.000000,54.500000,9805.951436
15.000000,54.500000,10531.932527
16.000000,54.500000,11231.543562
17.000000,54.500000,11953.630532
11.000000,55.000000,7704.217551
12.000000,55.000000,8377.601592
13.000000,55.000000,9079.173804
14.000000,55.000000,9808.934187
15.000000,55.000000,10533.306311
16.000000,55.000000,11233.214604
17.000000,55.000000,11955.614855
11.000000,55.500000,7705.802822
12.000000,55.500000,8379.559732
13.000000,55.500000,9081.529879
14.000000,55.500000,9811.713265
15.000000,55.500000,10534.458344
16.000000,55.500000,11234.734094
17.000000,55.500000,11957.522738
11.000000,56.000000,7707.388142
12.000000,56.000000,8381.517979
13.000000,56.000000,9083.886132
14.000000,56.000000,9814.492600
15.000000,56.000000,10535.610286
16.000000,56.000000,11236.253528
17.000000,56.000000,11959.430610
11.000000,56.500000,7708.999617
12.000000,56.500000,8383.433680
13.000000,56.500000,9086.125425
14.000000,56.500000,9817.074854
15.000000,56.500000,10536.600171
16.000000,56.500000,11237.667682
17.000000,56.500000,11961.293924
11.000000,57.000000,7710.611145
12.000000,57.000000,8385.349477
13.000000,57.000000,9088.364867
14.000000,57.000000,9819.657313
15.000000,57.000000,10537.589952
16.000000,57.000000,11239.081772
17.000000,57.000000,11963.157224
11.000000,57.500000,7712.249592
12.000000,57.500000,8387.288732
13.000000,57.500000,9090.623938
14.000000,57.500000,9822.255210
15.000000,57.500000,10538.616860
16.000000,57.500000,11240.523517
17.000000,57.500000,11965.038050
11.000000,58.000000,7713.888096
12.000000,58.000000,8389.228089
13.000000,58.000000,9092.883163
14.000000,58.000000,9824.853318
15.000000,58.000000,10539.643671
16.000000,58.000000,11241.965204
17.000000,58.000000,11966.918870
11.000000,58.500000,7716.415032
12.000000,58.500000,8391.831306
13.000000,58.500000,9095.560232
14.000000,58.500000,9827.601812
15.000000,58.500000,10540.753281
16.000000,58.500000,11243.531962
17.000000,58.500000,11968.969520
11.000000,59.000000,7718.942232
12.000000,59.000000,8394.434780
13.000000,59.000000,9098.237555
14.000000,59.000000,9830.350554
15.000000,59.000000,10541.862802
16.000000,59.000000,11245.098674
17.000000,59.000000,11971.020185
11.000000,59.500000,7721.693640
12.000000,59.500000,8397.256766
13.000000,59.500000,9101.126452
14.000000,59.500000,9833.302698
15.000000,59.500000,10543.155444
16.000000,59.500000,11246.828540
17.000000,59.500000,11973.212407
11.000000,60.000000,7724.445378
12.000000,60.000000,8400.079071
13.000000,60.000000,9104.015660
14.000000,60.000000,9836.255144
15.000000,60.000000,10544.448012
16.000000,60.000000,11248.558379
17.000000,60.000000,11975.404664
11.000000,60.500000,7727.359621
12.000000,60.500000,8403.042892
13.000000,60.500000,9107.023125
14.000000,60.500000,9839.300318
15.000000,60.500000,10545.895591
16.000000,60.500000,11250.504953
17.000000,60.500000,11977.878992
11.000000,61.000000,7730.274246
12.000000,61.000000,8406.007077
13.000000,61.000000,9110.030936
14.000000,61.000000,9842.345822
15.000000,61.000000,10547.343112
16.000000,61.000000,11252.451532
17.000000,61.000000,11980.353406
11.000000,61.500000,7733.314239
12.000000,61.500000,8409.218617
13.000000,61.500000,9113.417666
14.000000,61.500000,9845.911386
15.000000,61.500000,10549.239922
16.000000,61.500000,11254.710486
17.000000,61.500000,11982.993640
11.000000,62.000000,7736.354658
12.000000,62.000000,8412.430609
13.000000,62.000000,9116.804873
14.000000,62.000000,9849.477451
15.000000,62.000000,10551.136743
16.000000,62.000000,11256.969501
17.000000,62.000000,11985.633994
11.000000,62.500000,7739.034950
12.000000,62.500000,8415.400128
13.000000,62.500000,9120.078160
14.000000,62.500000,9853.069046
15.000000,62.500000,10553.100412
16.000000,62.500000,11259.291719
17.000000,62.500000,11988.333539
11.000000,63.000000,7741.715540
12.000000,63.000000,8418.370014
13.000000,63.000000,9123.351884
14.000000,63.000000,9856.661150
15.000000,63.000000,10555.064101
16.000000,63.000000,11261.614009
17.000000,63.000000,11991.033215
11.000000,63.500000,7744.564357
12.000000,63.500000,8421.471918
13.000000,63.500000,9126.717803
14.000000,63.500000,9860.302013
15.000000,63.500000,10557.075917
16.000000,63.500000,11263.988006
17.000000,63.500000,11993.788311
11.000000,64.000000,7747.413547
12.000000,64.000000,8424.574243
13.000000,64.000000,9130.084196
14.000000,64.000000,9863.943405
15.000000,64.000000,10559.087761
16.000000,64.000000,11266.362084
17.000000,64.000000,11996.543550
18.000000,64.000000,12713.370747
19.000000,64.000000,13429.151358
20.000000,64.000000,14164.512661
11.000000,64.500000,7751.444230
12.000000,64.500000,8428.521388
13.000000,64.500000,9133.926741
14.000000,64.500000,9867.660288
15.000000,64.500000,10561.148232
16.000000,64.500000,11268.788396
17.000000,64.500000,11999.354761
18.000000,64.500000,12714.953356
19.000000,64.500000,13431.041942
20.000000,64.500000,14166.725627
11.000000,65.000000,7755.475862
12.000000,65.000000,8432.469344
13.000000,65.000000,9137.769967
14.000000,65.000000,9871.377729
15.000000,65.000000,10563.208739
16.000000,65.000000,11271.214799
17.000000,65.000000,12002.166124
18.000000,65.000000,12716.535871
19.000000,65.000000,13432.932470
20.000000,65.000000,14168.938580
11.000000,65.500000,7759.542569
12.000000,65.500000,8436.553985
13.000000,65.500000,9141.859703
14.000000,65.500000,9875.459723
15.000000,65.500000,10565.626305
16.000000,65.500000,11273.967280
17.000000,65.500000,12005.269865
18.000000,65.500000,12718.320180
19.000000,65.500000,13434.948870
20.000000,65.500000,14171.197093
11.000000,66.000000,7763.610241
12.000000,66.000000,8440.639499
13.000000,66.000000,9145.950223
14.000000,66.000000,9879.542413
15.000000,66.000000,10568.043979
16.000000,66.000000,11276.719923
17.000000,66.000000,12008.373827
18.000000,66.000000,12720.104420
19.000000,66.000000,13436.965232
20.000000,66.000000,14173.455603
11.000000,66.500000,7767.803319
12.000000,66.500000,8444.920389
13.000000,66.500000,9150.311387
14.000000,66.500000,9883.396257
15.000000,66.500000,10570.788883
16.000000,66.500000,11279.771294
17.000000,66.500000,12011.745510
18.000000,66.500000,12722.065588
19.000000,66.500000,13439.087580
20.000000,66.500000,14175.745070
11.000000,67.000000,7771.997424
12.000000,67.000000,8449.202245
13.000000,67.000000,9154.673457
14.000000,67.000000,9887.250698
15.000000,67.000000,10573.533972
16.000000,67.000000,11282.822900
17.000000,67.000000,12015.117483
18.000000,67.000000,12724.026714
19.000000,67.000000,13441.209909
20.000000,67.000000,14178.034539
11.000000,67.500000,7776.635733
12.000000,67.500000,8453.867340
13.000000,67.500000,9159.351273
14.000000,67.500000,9889.940715
15.000000,67.500000,10576.507172
16.000000,67.500000,11286.091984
17.000000,67.500000,12018.695151
18.000000,67.500000,12726.117104
19.000000,67.500000,13443.406757
20.000000,67.500000,14180.340642
11.000000,68.000000,7781.275316
12.000000,68.000000,8458.533599
13.000000,68.000000,9164.030143
14.000000,68.000000,9892.630927
15.000000,68.000000,10579.480614
16.000000,68.000000,11289.361361
17.000000,68.000000,12022.273167
18.000000,68.000000,12728.207472
19.000000,68.000000,13445.603598
20.000000,68.000000,14182.646754
11.000000,68.500000,7786.155064
12.000000,68.500000,8463.554734
13.000000,68.500000,9169.187120
14.000000,68.500000,9895.829086
15.000000,68.500000,10582.867292
16.000000,68.500000,11292.941913
17.000000,68.500000,12026.052950
18.000000,68.500000,12730.411168
19.000000,68.500000,13447.862009
20.000000,68.500000,14184.959720
11.000000,69.000000,7791.036228
12.000000,69.000000,8468.577227
13.000000,69.000000,9174.345396
14.000000,69.000000,9899.027575
15.000000,69.000000,10586.254325
16.000000,69.000000,11296.522846
17.000000,69.000000,12029.833139
18.000000,69.000000,12732.614862
19.000000,69.000000,13450.120426
20.000000,69.000000,14187.272698
11.000000,69.500000,7796.432645
12.000000,69.500000,8473.937853
13.000000,69.500000,9179.648494
14.000000,69.500000,9902.236087
15.000000,69.500000,10589.659375
16.000000,69.500000,11300.130281
17.000000,69.500000,12033.648807
18.000000,69.500000,12734.852747
19.000000,69.500000,13452.428024
11.000000,70.000000,7801.830807
12.000000,70.000000,8479.300037
13.000000,70.000000,9184.952968
14.000000,70.000000,9905.444935
15.000000,70.000000,10593.064786
16.000000,70.000000,11303.738104
17.000000,70.000000,12037.464890
18.000000,70.000000,12737.090635
19.000000,70.000000,13454.735635
11.000000,70.500000,7808.200293
12.000000,70.500000,8485.290871
13.000000,70.500000,9190.512267
14.000000,70.500000,9908.664999
15.000000,70.500000,10596.489518
16.000000,70.500000,11307.373850
17.000000,70.500000,12040.471916
18.000000,70.500000,12739.425325
19.000000,70.500000,13457.216803
11.000000,71.000000,7814.572233
12.000000,71.000000,8491.283670
13.000000,71.000000,9196.073087
14.000000,71.000000,9911.885404
15.000000,71.000000,10599.914620
16.000000,71.000000,11311.009992
17.000000,71.000000,12043.479122
18.000000,71.000000,12741.760032
19.000000,71.000000,13459.698009
11.000000,71.500000,7820.882987
12.000000,71.500000,8497.236801
13.000000,71.500000,9201.617812
14.000000,71.500000,9915.197978
15.000000,71.500000,10603.414512
16.000000,71.500000,11314.702182
17.000000,71.500000,12045.704834
18.000000,71.500000,12744.160536
19.000000,71.500000,13462.279653
11.000000,72.000000,7827.196146
12.000000,72.000000,8503.191869
13.000000,72.000000,9207.164049
14.000000,72.000000,9918.510925
15.000000,72.000000,10606.914797
16.000000,72.000000,11318.394785
17.000000,72.000000,12047.930549
18.000000,72.000000,12746.561069
19.000000,72.000000,13464.861352
11.000000,72.500000,7834.486379
12.000000,72.500000,8510.315640
13.000000,72.500000,9214.082850
14.000000,72.500000,9923.178971
15.000000,72.500000,10611.454965
16.000000,72.500000,11322.788221
17.000000,72.500000,12050.528679
18.000000,72.500000,12749.392319
19.000000,72.500000,13467.934663
11.000000,73.000000,7841.779868
12.000000,73.000000,8517.442246
13.000000,73.000000,9221.004088
14.000000,73.000000,9927.847929
15.000000,73.000000,10615.995916
16.000000,73.000000,11327.182318
17.000000,73.000000,12053.126881
18.000000,73.000000,12752.223677
19.000000,73.000000,13471.008118
11.000000,73.500000,7849.590753
12.000000,73.500000,8524.941192
13.000000,73.500000,9228.139163
14.000000,73.500000,9932.740230
15.000000,73.500000,10620.964644
16.000000,73.500000,11332.221589
17.000000,73.500000,12056.487551
18.000000,73.500000,12755.562265
19.000000,73.500000,13474.318195
10.000000,74.000000,7210.163143
11.000000,74.000000,7857.405395
12.000000,74.000000,8532.443293
13.000000,74.000000,9235.276837
14.000000,74.000000,9937.633551
15.000000,74.000000,10625.934345
16.000000,74.000000,11337.261786
17.000000,74.000000,12059.848476
18.000000,74.000000,12758.901081
19.000000,74.000000,13477.628471
10.000000,74.500000,7218.389805
11.000000,74.500000,7865.368043
12.000000,74.500000,8540.089311
13.000000,74.500000,9242.553609
14.000000,74.500000,9942.703772
15.000000,74.500000,10631.018478
16.000000,74.500000,11342.349435
17.000000,74.500000,12063.202637
18.000000,74.500000,12762.230971
19.000000,74.500000,13480.927562
10.000000,75.000000,7226.621041
11.000000,75.000000,7873.334595
12.000000,75.000000,8547.738610
13.000000,75.000000,9249.833086
14.000000,75.000000,9947.775103
15.000000,75.000000,10636.103637
16.000000,75.000000,11347.438029
17.000000,75.000000,12066.557052
18.000000,75.000000,12765.561088
19.000000,75.000000,13484.226852
10.000000,75.500000,7235.608044
11.000000,75.500000,7881.875915
12.000000,75.500000,8555.763809
13.000000,75.500000,9257.271726
14.000000,75.500000,9952.857681
15.000000,75.500000,10640.996516
16.000000,75.500000,11352.117439
17.000000,75.500000,12069.467336
18.000000,75.500000,12768.602700
19.000000,75.500000,13487.402588
10.000000,76.000000,7244.600529
11.000000,76.000000,7890.421747
12.000000,76.000000,8563.792636
13.000000,76.000000,9264.713196
14.000000,76.000000,9957.941374
15.000000,76.000000,10645.890334
16.000000,76.000000,11356.797624
17.000000,76.000000,12072.377767
18.000000,76.000000,12771.644473
19.000000,76.000000,13490.578498
10.000000,76.500000,7254.224443
11.000000,76.500000,7899.343315
12.000000,76.500000,8571.918014
13.000000,76.500000,9271.948540
14.000000,76.500000,9962.817683
15.000000,76.500000,10650.634862
16.000000,76.500000,11361.390918
17.000000,76.500000,12075.301455
18.000000,76.500000,12774.697404
19.000000,76.500000,13493.763327
10.000000,77.000000,7263.854653
11.000000,77.000000,7908.269812
12.000000,77.000000,8580.047111
13.000000,77.000000,9279.186550
14.000000,77.000000,9967.695004
15.000000,77.000000,10655.380262
16.000000,77.000000,11365.984952
17.000000,77.000000,12078.225296
18.000000,77.000000,12777.750500
19.000000,77.000000,13496.948333
10.000000,77.500000,7273.504447
11.000000,77.500000,7917.143989
12.000000,77.500000,8588.046238
13.000000,77.500000,9286.211195
14.000000,77.500000,9972.529030
15.000000,77.500000,10660.166743
16.000000,77.500000,11370.710075
17.000000,77.500000,12081.409489
18.000000,77.500000,12781.160601
19.000000,77.500000,13500.591909
10.000000,78.000000,7283.160558
11.000000,78.000000,7926.023033
12.000000,78.000000,8596.048962
13.000000,78.000000,9293.238342
14.000000,78.000000,9977.364051
15.000000,78.000000,10664.954117
16.000000,78.000000,11375.435994
17.000000,78.000000,12084.593899
18.000000,78.000000,12784.570952
19.000000,78.000000,13504.235769
10.000000,78.500000,7294.835351
11.000000,78.500000,7936.708756
12.000000,78.500000,8605.621787
13.000000,78.500000,9301.574444
14.000000,78.500000,9983.315490
15.000000,78.500000,10670.519381
16.000000,78.500000,11380.576585
17.000000,78.500000,12088.098454
18.000000,78.500000,12788.425344
19.000000,78.500000,13508.453888
10.000000,79.000000,7306.519444
11.000000,79.000000,7947.401602
12.000000,79.000000,8615.199835
13.000000,79.000000,9309.914143
14.000000,79.000000,9989.268540
15.000000,79.000000,10676.085924
16.000000,79.000000,11385.718153
17.000000,79.000000,12091.603313
18.000000,79.000000,12792.280104
19.000000,79.000000,13512.672445
10.000000,79.500000,7318.252646
11.000000,79.500000,7958.393682
12.000000,79.500000,8625.348123
13.000000,79.500000,9319.115969
14.000000,79.500000,9996.074392
15.000000,79.500000,10682.247277
16.000000,79.500000,11391.177823
17.000000,79.500000,12095.379270
18.000000,79.500000,12796.379726
19.000000,79.500000,13517.107730
10.000000,80.000000,7329.995210
11.000000,80.000000,7969.393286
12.000000,80.000000,8635.502285
13.000000,80.000000,9328.322209
14.000000,80.000000,10002.882407
15.000000,80.000000,10688.410240
16.000000,80.000000,11396.638619
17.000000,80.000000,12099.155613
18.000000,80.000000,12800.479790
19.000000,80.000000,13521.543519
10.000000,80.500000,7341.708273
11.000000,80.500000,7980.319579
12.000000,80.500000,8645.536221
13.000000,80.500000,9337.358199
14.000000,80.500000,10009.964047
15.000000,80.500000,10695.320419
16.000000,80.500000,11403.350550
17.000000,80.500000,12104.196019
18.000000,80.500000,12805.474197
19.000000,80.500000,13526.481395
10.000000,81.000000,7353.430635
11.000000,81.000000,7991.253284
12.000000,81.000000,8655.575882
13.000000,81.000000,9346.398430
14.000000,81.000000,10017.048037
15.000000,81.000000,10702.232659
16.000000,81.000000,11410.064268
17.000000,81.000000,12109.237264
18.000000,81.000000,12810.469359
19.000000,81.000000,13531.419944
10.000000,81.500000,7365.898716
11.000000,81.500000,8002.693789
12.000000,81.500000,8665.861787
13.000000,81.500000,9355.402711
14.000000,81.500000,10024.163644
15.000000,81.500000,10709.139233
16.000000,81.500000,11416.732578
17.000000,81.500000,12114.266670
18.000000,81.500000,12815.462681
19.000000,81.500000,13536.367223
10.000000,82.000000,7378.377313
11.000000,82.000000,8014.142409
12.000000,82.000000,8676.153702
13.000000,82.000000,9364.411192
14.000000,82.000000,10031.281624
15.000000,82.000000,10716.047864
16.000000,82.000000,11423.402647
17.000000,82.000000,12119.296911
18.000000,82.000000,12820.456757
19.000000,82.000000,13541.315175
10.000000,82.500000,7391.214566
11.000000,82.500000,8026.043346
12.000000,82.500000,8686.998455
13.000000,82.500000,9374.079894
14.000000,82.500000,10038.954699
15.000000,82.500000,10723.247391
16.000000,82.500000,11430.081089
17.000000,82.500000,12124.317360
18.000000,82.500000,12825.451069
19.000000,82.500000,13546.273961
10.000000,83.000000,7404.062933
11.000000,83.000000,8037.953046
12.000000,83.000000,8697.849885
13.000000,83.000000,9383.753452
14.000000,83.000000,10046.630558
15.000000,83.000000,10730.449166
16.000000,83.000000,11436.761294
17.000000,83.000000,12129.338639
18.000000,83.000000,12830.446132
19.000000,83.000000,13551.233420
10.000000,83.500000,7418.174550
11.000000,83.500000,8050.754232
12.000000,83.500000,8709.187469
13.000000,83.500000,9392.799305
14.000000,83.500000,10054.396327
15.000000,83.500000,10737.657513
16.000000,83.500000,11443.359229
17.000000,83.500000,12134.352152
18.000000,83.500000,12835.443499
19.000000,83.500000,13556.205819
10.000000,84.000000,7432.299558
11.000000,84.000000,8063.565536
12.000000,84.000000,8720.532340
13.000000,84.000000,9401.849383
14.000000,84.000000,10062.164948
15.000000,84.000000,10744.868113
16.000000,84.000000,11449.958878
17.000000,84.000000,12139.366490
18.000000,84.000000,12840.441616
19.000000,84.000000,13561.178893
10.000000,84.500000,7447.637210
11.000000,84.500000,8077.204289
12.000000,84.500000,8732.285567
13.000000,84.500000,9410.293910
14.000000,84.500000,10070.315398
15.000000,84.500000,10752.685318
16.000000,84.500000,11457.403671
17.000000,84.500000,12145.012753
18.000000,84.500000,12845.742314
19.000000,84.500000,13566.105992
10.000000,85.000000,7462.990628
11.000000,85.000000,8090.854499
12.000000,85.000000,8744.046610
13.000000,85.000000,9418.742096
14.000000,85.000000,10078.468997
15.000000,85.000000,10760.505196
16.000000,85.000000,11464.850691
17.000000,85.000000,12150.660114
18.000000,85.000000,12851.043877
19.000000,85.000000,13571.033744
10.000000,85.500000,7478.533772
11.000000,85.500000,8105.318811
12.000000,85.500000,8757.295936
13.000000,85.500000,9429.451514
14.000000,85.500000,10088.372714
15.000000,85.500000,10769.524874
16.000000,85.500000,11472.907993
17.000000,85.500000,12157.055174
18.000000,85.500000,12857.291740
10.000000,86.000000,7494.093043
11.000000,86.000000,8119.795980
12.000000,86.000000,8770.555211
13.000000,86.000000,9440.166913
14.000000,86.000000,10098.281164
15.000000,86.000000,10778.548169
16.000000,86.000000,11480.967929
17.000000,86.000000,12163.451694
18.000000,86.000000,12863.540879
10.000000,86.500000,7509.508615
11.000000,86.500000,8134.118072
12.000000,86.500000,8783.648264
13.000000,86.500000,9450.803645
14.000000,86.500000,10108.165267
15.000000,86.500000,10787.605438
16.000000,86.500000,11488.688663
17.000000,86.500000,12170.132714
18.000000,86.500000,12870.149476
10.000000,87.000000,7524.939982
11.000000,87.000000,8148.452721
12.000000,87.000000,8796.751000
13.000000,87.000000,9461.446260
14.000000,87.000000,10118.054071
15.000000,87.000000,10796.666347
16.000000,87.000000,11496.411790
17.000000,87.000000,12176.815345
18.000000,87.000000,12876.759527
10.000000,87.500000,7541.140946
11.000000,87.500000,8163.217882
12.000000,87.500000,8809.916942
13.000000,87.500000,9472.041816
14.000000,87.500000,10128.210644
15.000000,87.500000,10806.330923
16.000000,87.500000,11504.150205
17.000000,87.500000,12184.153829
18.000000,87.500000,12883.662560
10.000000,88.000000,7557.359296
11.000000,88.000000,8177.996352
12.000000,88.000000,8823.092646
13.000000,88.000000,9482.643193
14.000000,88.000000,10138.372176
15.000000,88.000000,10815.999658
16.000000,88.000000,11511.891022
17.000000,88.000000,12191.494302
18.000000,88.000000,12890.567202
10.000000,88.500000,7573.885007
11.000000,88.500000,8193.466702
12.000000,88.500000,8837.374385
13.000000,88.500000,9494.669583
14.000000,88.500000,10149.542613
15.000000,88.500000,10826.230768
16.000000,88.500000,11519.805597
17.000000,88.500000,12198.919071
18.000000,88.500000,12897.461401
10.000000,89.000000,7590.428732
11.000000,89.000000,8208.951617
12.000000,89.000000,8851.667599
13.000000,89.000000,9506.703496
14.000000,89.000000,10160.719073
15.000000,89.000000,10836.466553
16.000000,89.000000,11527.722689
17.000000,89.000000,12206.345878
18.000000,89.000000,12904.357202
10.000000,89.500000,7609.067164
11.000000,89.500000,8225.878807
12.000000,89.500000,8866.694798
13.000000,89.500000,9519.028830
14.000000,89.500000,10172.031829
15.000000,89.500000,10846.672983
16.000000,89.500000,11535.559200
17.000000,89.500000,12213.684590
18.000000,89.500000,12911.157183
10.000000,90.000000,7627.728434
11.000000,90.000000,8242.823394
12.000000,90.000000,8881.734674
13.000000,90.000000,9531.362051
14.000000,90.000000,10183.350749
15.000000,90.000000,10856.884051
16.000000,90.000000,11543.398169
17.000000,90.000000,12221.025282
18.000000,90.000000,12917.958711
10.000000,90.500000,7646.265076
11.000000,90.500000,8259.642347
12.000000,90.500000,8896.649402
13.000000,90.500000,9543.693309
14.000000,90.500000,10194.602031
15.000000,90.500000,10866.957859
16.000000,90.500000,11551.223762
17.000000,90.500000,12228.584410
18.000000,90.500000,12925.223668
10.000000,91.000000,7664.824196
11.000000,91.000000,8276.478401
12.000000,91.000000,8911.576570
13.000000,91.000000,9556.032439
14.000000,91.000000,10205.859392
15.000000,91.000000,10877.036167
16.000000,91.000000,11559.051798
17.000000,91.000000,12236.145656
18.000000,91.000000,12932.490436
10.000000,91.500000,7683.364414
11.000000,91.500000,8293.632732
12.000000,91.500000,8927.185764
13.000000,91.500000,9569.454111
14.000000,91.500000,10218.370727
15.000000,91.500000,10888.549075
16.000000,91.500000,11568.451174
17.000000,91.500000,12244.789174
18.000000,91.500000,12940.320356
9.000000,92.000000,7116.175229
10.000000,92.000000,7701.927009
11.000000,92.000000,8310.804782
12.000000,92.000000,8942.808548
13.000000,92.000000,9582.885111
14.000000,92.000000,10230.889613
15.000000,92.000000,10900.067931
16.000000,92.000000,11577.854204
17.000000,92.000000,12253.435554
18.000000,92.000000,12948.152432
9.000000,92.500000,7135.762337
10.000000,92.500000,7720.613935
11.000000,92.500000,8328.460128
12.000000,92.500000,8959.300917
13.000000,92.500000,9597.417836
14.000000,92.500000,10244.439477
15.000000,92.500000,10912.540487
16.000000,92.500000,11588.122742
17.000000,92.500000,12262.651739
18.000000,92.500000,12956.240774
9.000000,93.000000,7155.376356
10.000000,93.000000,7739.323482
11.000000,93.000000,8346.134168
12.000000,93.000000,8975.808414
13.000000,93.000000,9611.961490
14.000000,93.000000,10257.998206
15.000000,93.000000,10925.020052
16.000000,93.000000,11598.395686
17.000000,93.000000,12271.871214
18.000000,93.000000,12964.331435
9.000000,93.500000,7176.358837
10.000000,93.500000,7758.966372
11.000000,93.500000,8364.269629
12.000000,93.500000,8992.268610
13.000000,93.500000,9626.366944
14.000000,93.500000,10271.479160
15.000000,93.500000,10937.486793
16.000000,93.500000,11608.941460
17.000000,93.500000,12281.820944
18.000000,93.500000,12973.635072
9.000000,94.000000,7197.372032
10.000000,94.000000,7778.634138
11.000000,94.000000,8382.424733
12.000000,94.000000,9008.743817
13.000000,94.000000,9640.783100
14.000000,94.000000,10284.968864
15.000000,94.000000,10949.960522
16.000000,94.000000,11619.491886
17.000000,94.000000,12291.774547
18.000000,94.000000,12982.941868
9.000000,94.500000,7219.026962
10.000000,94.500000,7799.112682
11.000000,94.500000,8401.571686
12.000000,94.500000,9026.403976
13.000000,94.500000,9656.350998
14.000000,94.500000,10299.277373
15.000000,94.500000,10962.896855
16.000000,94.500000,11630.332269
17.000000,94.500000,12301.854404
18.000000,94.500000,12992.201781
9.000000,95.000000,7240.714417
10.000000,95.000000,7819.618132
11.000000,95.000000,8420.740450
12.000000,95.000000,9044.081371
13.000000,95.000000,9671.931385
14.000000,95.000000,10313.595736
15.000000,95.000000,10975.840710
16.000000,95.000000,11641.177572
17.000000,95.000000,12311.938235
18.000000,95.000000,13001.464816
9.000000,95.500000,7263.465335
10.000000,95.500000,7841.183776
11.000000,95.500000,8440.963735
12.000000,95.500000,9062.805213
13.000000,95.500000,9688.383961
14.000000,95.500000,10328.459254
15.000000,95.500000,10988.980721
16.000000,95.500000,11652.130348
17.000000,95.500000,12322.027355
18.000000,95.500000,13010.625289
9.000000,96.000000,7286.251939
10.000000,96.000000,7862.779109
11.000000,96.000000,8461.211252
12.000000,96.000000,9081.548369
13.000000,96.000000,9704.850457
14.000000,96.000000,10343.333390
15.000000,96.000000,11002.128481
16.000000,96.000000,11663.088140
17.000000,96.000000,12332.120452
18.000000,96.000000,13019.788809
9.000000,96.500000,7308.716500
10.000000,96.500000,7884.084506
11.000000,96.500000,8481.205377
12.000000,96.500000,9100.079114
13.000000,96.500000,9721.111452
14.000000,96.500000,10357.965529
15.000000,96.500000,11014.996552
16.000000,96.500000,11673.898330
17.000000,96.500000,12342.064638
18.000000,96.500000,13028.802443
9.000000,97.000000,7331.215635
10.000000,97.000000,7905.418719
11.000000,97.000000,8501.223072
12.000000,97.000000,9118.628694
13.000000,97.000000,9737.385995
14.000000,97.000000,10372.607923
15.000000,97.000000,11027.872028
16.000000,97.000000,11684.713392
17.000000,97.000000,12352.012675
18.000000,97.000000,13037.819014
9.000000,97.500000,7353.403667
10.000000,97.500000,7926.472889
11.000000,97.500000,8520.996020
12.000000,97.500000,9136.973058
13.000000,97.500000,9753.447754
14.000000,97.500000,10387.002354
15.000000,97.500000,11040.463281
16.000000,97.500000,11695.607501
17.000000,97.500000,12362.351598
18.000000,97.500000,13047.555420
9.000000,98.000000,7375.625221
10.000000,98.000000,7947.555046
11.000000,98.000000,8540.791906
12.000000,98.000000,9155.335800
13.000000,98.000000,9769.522684
14.000000,98.000000,10401.406676
15.000000,98.000000,11053.061601
16.000000,98.000000,11706.506550
17.000000,98.000000,12372.694689
18.000000,98.000000,13057.295281
9.000000,98.500000,7398.161575
10.000000,98.500000,7969.400624
11.000000,98.500000,8561.832800
12.000000,98.500000,9175.458104
13.000000,98.500000,9787.673226
14.000000,98.500000,10418.209373
15.000000,98.500000,11068.397494
16.000000,98.500000,11720.001203
17.000000,98.500000,12385.175127
18.000000,98.500000,13068.685330
9.000000,99.000000,7420.732304
10.000000,99.000000,7991.276174
11.000000,99.000000,8582.899557
12.000000,99.000000,9195.602454
13.000000,99.000000,9805.840562
14.000000,99.000000,10435.025557
15.000000,99.000000,11083.743917
16.000000,99.000000,11733.503508
17.000000,99.000000,12397.661709
18.000000,99.000000,13080.080169
9.000000,99.500000,7444.569240
10.000000,99.500000,8014.037888
11.000000,99.500000,8604.442024
12.000000,99.500000,9215.346308
13.000000,99.500000,9824.554784
14.000000,99.500000,10452.916244
15.000000,99.500000,11100.724238
16.000000,99.500000,11748.288933
17.000000,99.500000,12410.862339
18.000000,99.500000,13091.587427
9.000000,100.000000,7468.444399
10.000000,100.000000,8036.831964
11.000000,100.000000,8626.011469
12.000000,100.000000,9235.111297
13.000000,100.000000,9843.286795
14.000000,100.000000,10470.822183
15.000000,100.000000,11117.717462
16.000000,100.000000,11763.083552
17.000000,100.000000,12424.069849
18.000000,100.000000,13103.099567
9.000000,100.500000,7493.222318
10.000000,100.500000,8060.380295
11.000000,100.500000,8648.174605
12.000000,100.500000,9255.113667
13.000000,100.500000,9862.380076
14.000000,100.500000,10488.908371
15.000000,100.500000,11134.698553
16.000000,100.500000,11777.921843
17.000000,100.500000,12437.458841
9.000000,101.000000,7518.041271
10.000000,101.000000,8083.963069
11.000000,101.000000,8670.366158
12.000000,101.000000,9275.137645
13.000000,101.000000,9881.491809
14.000000,101.000000,10507.010097
15.000000,101.000000,11151.692507
16.000000,101.000000,11792.769371
17.000000,101.000000,12450.854898
9.000000,101.500000,7543.077346
10.000000,101.500000,8108.269330
11.000000,101.500000,8693.824308
12.000000,101.500000,9296.928598
13.000000,101.500000,9901.737363
14.000000,101.500000,10525.569904
15.000000,101.500000,11168.068361
16.000000,101.500000,11807.717704
17.000000,101.500000,12464.711772
9.000000,102.000000,7568.155039
10.000000,102.000000,8132.612075
11.000000,102.000000,8717.314140
12.000000,102.000000,9318.745104
13.000000,102.000000,9922.003602
14.000000,102.000000,10544.146026
15.000000,102.000000,11184.456134
16.000000,102.000000,11822.675385
17.000000,102.000000,12478.576204
9.000000,102.500000,7592.954172
10.000000,102.500000,8156.672308
11.000000,102.500000,8740.518764
12.000000,102.500000,9340.231945
13.000000,102.500000,9941.985131
14.000000,102.500000,10562.486675
15.000000,102.500000,11200.368210
16.000000,102.500000,11837.517860
17.000000,102.500000,12492.265846
9.000000,103.000000,7617.793868
10.000000,103.000000,8180.768076
11.000000,103.000000,8763.754220
12.000000,103.000000,9361.743512
13.000000,103.000000,9961.986723
14.000000,103.000000,10580.843195
15.000000,103.000000,11216.291502
16.000000,103.000000,11852.369525
17.000000,103.000000,12505.962843
9.000000,103.500000,7642.358835
10.000000,103.500000,8204.585860
11.000000,103.500000,8786.709702
12.000000,103.500000,9382.943013
13.000000,103.500000,9981.734390
14.000000,103.500000,10599.008903
15.000000,103.500000,11232.186375
16.000000,103.500000,11867.121488
17.000000,103.500000,12519.485339
9.000000,104.000000,7666.963343
10.000000,104.000000,8228.438260
11.000000,104.000000,8809.695196
12.000000,104.000000,9404.166469
13.000000,104.000000,10001.501569
14.000000,104.000000,10617.190122
15.000000,104.000000,11248.092407
16.000000,104.000000,11881.882503
17.000000,104.000000,12533.014989
9.000000,104.500000,7692.233391
10.000000,104.500000,8252.923704
11.000000,104.500000,8833.278046
12.000000,104.500000,9425.857335
13.000000,104.500000,10021.529606
14.000000,104.500000,10635.412990
15.000000,104.500000,11263.948007
16.000000,104.500000,11896.524320
17.000000,104.500000,12546.353372
9.000000,105.000000,7717.545016
10.000000,105.000000,8277.445521
11.000000,105.000000,8856.892407
12.000000,105.000000,9447.573171
13.000000,105.000000,10041.577637
14.000000,105.000000,10653.651413
15.000000,105.000000,11279.814678
16.000000,105.000000,11911.175028
17.000000,105.000000,12559.698693
9.000000,105.500000,7744.212211
10.000000,105.500000,8303.332936
11.000000,105.500000,8881.880500
12.000000,105.500000,9470.814054
13.000000,105.500000,10063.644818
14.000000,105.500000,10674.430807
15.000000,105.500000,11298.788696
16.000000,105.500000,11929.150022
17.000000,105.500000,12576.592577
9.000000,106.000000,7770.925400
10.000000,106.000000,8329.260769
11.000000,106.000000,8906.903787
12.000000,106.000000,9494.083478
13.000000,106.000000,10085.736195
14.000000,106.000000,10695.230403
15.000000,106.000000,11317.778598
16.000000,106.000000,11947.138485
17.000000,106.000000,12593.497701
9.000000,106.500000,7797.784951
10.000000,106.500000,8355.219299
11.000000,106.500000,8931.834696
12.000000,106.500000,9517.462621
13.000000,106.500000,10108.533725
14.000000,106.500000,10717.368605
15.000000,106.500000,11338.429807
16.000000,106.500000,11966.352726
17.000000,106.500000,12611.167697
9.000000,107.000000,7824.690840
10.000000,107.000000,8381.218216
11.000000,107.000000,8956.800441
12.000000,107.000000,9540.870504
13.000000,107.000000,10131.356972
14.000000,107.000000,10739.529662
15.000000,107.000000,11359.099795
16.000000,107.000000,11985.582333
17.000000,107.000000,12628.849976
9.000000,107.500000,7851.824001
10.000000,107.500000,8408.038968
11.000000,107.500000,8983.223145
12.000000,107.500000,9565.803328
13.000000,107.500000,10155.072437
14.000000,107.500000,10761.910413
15.000000,107.500000,11379.547181
16.000000,107.500000,12004.642068
17.000000,107.500000,12646.418763
9.000000,108.000000,7879.004125
10.000000,108.000000,8434.902567
11.000000,108.000000,9009.684763
12.000000,108.000000,9590.768682
13.000000,108.000000,10178.815610
14.000000,108.000000,10784.314428
15.000000,108.000000,11400.012907
16.000000,108.000000,12023.716870
17.000000,108.000000,12663.999653
9.000000,108.500000,7905.988656
10.000000,108.500000,8461.569878
11.000000,108.500000,9035.950381
12.000000,108.500000,9615.498117
13.000000,108.500000,10202.381440
14.000000,108.500000,10806.604254
15.000000,108.500000,11420.458784
16.000000,108.500000,12042.843815
17.000000,108.500000,12681.708989
9.000000,109.000000,7933.019317
10.000000,109.000000,8488.279277
11.000000,109.000000,9062.254225
12.000000,109.000000,9640.259386
13.000000,109.000000,10225.974500
14.000000,109.000000,10828.917057
15.000000,109.000000,11440.922931
16.000000,109.000000,12061.985885
17.000000,109.000000,12699.430591
9.000000,109.500000,7959.828675
10.000000,109.500000,8514.736317
11.000000,109.500000,9088.273655
12.000000,109.500000,9664.720236
13.000000,109.500000,10249.366445
14.000000,109.500000,10851.135030
15.000000,109.500000,11461.368128
16.000000,109.500000,12081.115943
17.000000,109.500000,12717.147978
9.000000,110.000000,7986.683257
10.000000,110.000000,8541.234523
11.000000,110.000000,9114.330380
12.000000,110.000000,9689.212072
13.000000,110.000000,10272.785095
14.000000,110.000000,10873.375736
15.000000,110.000000,11481.831527
16.000000,110.000000,12100.261082
17.000000,110.000000,12734.877605
9.000000,110.500000,8014.243493
10.000000,110.500000,8568.018470
11.000000,110.500000,9140.224057
12.000000,110.500000,9713.380311
13.000000,110.500000,10295.910353
14.000000,110.500000,10895.356167
15.000000,110.500000,11502.047213
16.000000,110.500000,12119.142125
17.000000,110.500000,12752.326719
8.000000,111.000000,7507.175019
9.000000,111.000000,8041.851198
10.000000,111.000000,8594.844344
11.000000,111.000000,9166.154458
12.000000,111.000000,9737.578643
13.000000,111.000000,10319.061589
14.000000,111.000000,10917.358753
15.000000,111.000000,11522.280626
16.000000,111.000000,12138.037806
17.000000,111.000000,12769.787664
18.000000,111.000000,13406.734839
19.000000,111.000000,14056.121737
8.000000,111.500000,7536.040958
9.000000,111.500000,8070.435768
10.000000,111.500000,8623.059603
11.000000,111.500000,9193.912462
12.000000,111.500000,9763.212300
13.000000,111.500000,10342.937557
14.000000,111.500000,10939.332944
15.000000,111.500000,11542.264778
16.000000,111.500000,12156.668004
17.000000,111.500000,12786.966876
18.000000,111.500000,13422.243662
19.000000,111.500000,14070.449752
8.000000,112.000000,7564.962279
9.000000,112.000000,8099.071047
10.000000,112.000000,8651.321098
11.000000,112.000000,9221.712432
12.000000,112.000000,9788.879647
13.000000,112.000000,10366.841097
14.000000,112.000000,10961.329187
15.000000,112.000000,11562.266188
16.000000,112.000000,12175.312402
17.000000,112.000000,12804.157516
18.000000,112.000000,13437.761301
19.000000,112.000000,14084.784882
8.000000,112.500000,7593.700472
9.000000,112.500000,8127.708437
10.000000,112.500000,8679.783529
11.000000,112.500000,9249.925747
12.000000,112.500000,9815.519885
13.000000,112.500000,10392.516534
14.000000,112.500000,10985.940882
15.000000,112.500000,11584.920228
16.000000,112.500000,12196.281543
17.000000,112.500000,12823.325206
18.000000,112.500000,13456.083277
19.000000,112.500000,14102.803895
8.000000,113.000000,7622.493143
9.000000,113.000000,8156.396365
10.000000,113.000000,8708.292702
11.000000,113.000000,9278.182155
12.000000,113.000000,9842.196322
13.000000,113.000000,10418.223715
14.000000,113.000000,11010.580152
15.000000,113.000000,11607.596402
16.000000,113.000000,12217.268661
17.000000,113.000000,12842.507135
18.000000,113.000000,13474.417624
19.000000,113.000000,14120.834302
8.000000,113.500000,7651.138316
9.000000,113.500000,8185.171638
10.000000,113.500000,8737.140668
11.000000,113.500000,9307.045406
12.000000,113.500000,9869.872567
13.000000,113.500000,10445.417629
14.000000,113.500000,11037.219351
15.000000,113.500000,11632.716822
16.000000,113.500000,12241.218571
17.000000,113.500000,12865.139980
18.000000,113.500000,13495.102135
19.000000,113.500000,14139.770305
8.000000,114.000000,7679.837208
9.000000,114.000000,8213.997580
10.000000,114.000000,8766.036338
11.000000,114.000000,9335.953483
12.000000,114.000000,9897.587669
13.000000,114.000000,10472.646983
14.000000,114.000000,11063.890721
15.000000,114.000000,11657.864371
16.000000,114.000000,12265.191890
17.000000,114.000000,12887.792687
18.000000,114.000000,13515.802423
19.000000,114.000000,14158.718879
8.000000,114.500000,7708.394917
9.000000,114.500000,8242.768577
10.000000,114.500000,8794.969802
11.000000,114.500000,9364.998593
12.000000,114.500000,9925.338775
13.000000,114.500000,10499.835579
14.000000,114.500000,11090.440627
15.000000,114.500000,11682.814609
16.000000,114.500000,12288.956494
17.000000,114.500000,12909.878456
18.000000,114.500000,13536.211722
19.000000,114.500000,14177.347653
8.000000,115.000000,7737.005621
9.000000,115.000000,8271.589873
10.000000,115.000000,8823.950937
11.000000,115.000000,9394.088814
12.000000,115.000000,9953.128730
13.000000,115.000000,10527.059416
14.000000,115.000000,11117.022334
15.000000,115.000000,11707.791492
16.000000,115.000000,12312.744052
17.000000,115.000000,12931.983069
18.000000,115.000000,13556.636328
19.000000,115.000000,14195.988552
8.000000,115.500000,7766.147957
9.000000,115.500000,8300.697615
10.000000,115.500000,8852.956309
11.000000,115.500000,9422.631281
12.000000,115.500000,9980.673775
13.000000,115.500000,10554.105432
14.000000,115.500000,11143.447028
15.000000,115.500000,11732.589443
16.000000,115.500000,12336.329602
17.000000,115.500000,12953.817901
18.000000,115.500000,13576.763477
19.000000,115.500000,14214.303866
8.000000,116.000000,7795.345070
9.000000,116.000000,8329.856482
10.000000,116.000000,8882.009276
11.000000,116.000000,9451.217042
12.000000,116.000000,10008.256880
13.000000,116.000000,10581.186139
14.000000,116.000000,11169.903071
15.000000,116.000000,11757.413600
16.000000,116.000000,12359.937671
17.000000,116.000000,12975.671082
18.000000,116.000000,13596.905461
19.000000,116.000000,14232.630860
8.000000,116.500000,7825.495229
9.000000,116.500000,8359.573540
10.000000,116.500000,8911.198070
11.000000,116.500000,9478.935447
12.000000,116.500000,10035.544767
13.000000,116.500000,10607.973111
14.000000,116.500000,11195.500591
15.000000,116.500000,11781.941855
16.000000,116.500000,12383.308476
17.000000,116.500000,12997.336049
18.000000,116.500000,13617.056762
19.000000,116.500000,14251.174597
8.000000,117.000000,7855.703574
9.000000,117.000000,8389.343509
10.000000,117.000000,8940.434748
11.000000,117.000000,9506.694439
12.000000,117.000000,10062.869801
13.000000,117.000000,10634.793935
14.000000,117.000000,11221.127390
15.000000,117.000000,11806.495636
16.000000,117.000000,12406.701304
17.000000,117.000000,13019.019017
18.000000,117.000000,13637.222890
19.000000,117.000000,14269.730283
8.000000,117.500000,7886.070166
9.000000,117.500000,8419.395711
10.000000,117.500000,8970.086056
11.000000,117.500000,9534.994202
12.000000,117.500000,10090.471237
13.000000,117.500000,10661.611469
14.000000,117.500000,11246.448432
15.000000,117.500000,11830.765712
16.000000,117.500000,12429.834457
17.000000,117.500000,13040.475599
18.000000,117.500000,13657.294199
19.000000,117.500000,14288.329467
8.000000,118.000000,7916.495330
9.000000,118.000000,8449.501639
10.000000,118.000000,8999.786453
11.000000,118.000000,9563.336024
12.000000,118.000000,10118.110472
13.000000,118.000000,10688.462763
14.000000,118.000000,11271.797991
15.000000,118.000000,11855.060672
16.000000,118.000000,12452.989101
17.000000,118.000000,13061.949773
18.000000,118.000000,13677.380171
19.000000,118.000000,14306.940642
8.000000,118.500000,7947.055418
9.000000,118.500000,8480.440943
10.000000,118.500000,9031.063966
11.000000,118.500000,9593.742272
12.000000,118.500000,10147.048052
13.000000,118.500000,10715.800903
14.000000,118.500000,11296.953013
15.000000,118.500000,11879.138910
16.000000,118.500000,12475.904430
17.000000,118.500000,13083.187778
18.000000,118.500000,13697.299559
19.000000,118.500000,14325.458653
8.000000,119.000000,7977.674373
9.000000,119.000000,8511.436783
10.000000,119.000000,9062.395732
11.000000,119.000000,9624.196779
12.000000,119.000000,10176.026954
13.000000,119.000000,10743.173950
14.000000,119.000000,11322.136052
15.000000,119.000000,11903.241536
16.000000,119.000000,12498.840763
17.000000,119.000000,13104.442958
18.000000,119.000000,13717.233343
19.000000,119.000000,14343.988516
8.000000,119.500000,8008.246548
9.000000,119.500000,8542.439789
10.000000,119.500000,9093.792512
11.000000,119.500000,9654.758407
12.000000,119.500000,10205.859163
13.000000,119.500000,10772.188550
14.000000,119.500000,11349.439193
15.000000,119.500000,11928.568042
16.000000,119.500000,12522.058057
17.000000,119.500000,13125.603006
18.000000,119.500000,13737.378244
19.000000,119.500000,14363.050094
8.000000,120.000000,8038.877186
9.000000,120.000000,8573.499153
10.000000,120.000000,9125.243583
11.000000,120.000000,9685.368481
12.000000,120.000000,10235.735036
13.000000,120.000000,10801.242275
14.000000,120.000000,11376.775208
15.000000,120.000000,11953.921439
16.000000,120.000000,12545.296839
17.000000,120.000000,13146.780046
18.000000,120.000000,13757.537831
19.000000,120.000000,14382.124212
8.000000,120.500000,8069.447207
9.000000,120.500000,8604.506668
10.000000,120.500000,9156.652571
11.000000,120.500000,9715.998255
12.000000,120.500000,10266.196540
13.000000,120.500000,10831.479170
14.000000,120.500000,11406.000159
15.000000,120.500000,11982.348431
16.000000,120.500000,12572.850371
17.000000,120.500000,13172.910737
18.000000,120.500000,13782.368973
19.000000,120.500000,14405.570244
8.000000,121.000000,8100.075239
9.000000,121.000000,8635.570151
10.000000,121.000000,9188.115519
11.000000,121.000000,9746.676384
12.000000,121.000000,10296.703304
13.000000,121.000000,10861.758329
14.000000,121.000000,11435.262598
15.000000,121.000000,12010.809177
16.000000,121.000000,12600.434108
17.000000,121.000000,13199.067342
18.000000,121.000000,13807.222458
19.000000,121.000000,14429.035308
8.000000,121.500000,8131.581527
9.000000,121.500000,8666.978677
10.000000,121.500000,9219.354993
11.000000,121.500000,9776.722508
12.000000,121.500000,10326.673997
13.000000,121.500000,10891.603902
14.000000,121.500000,11464.231379
15.000000,121.500000,12039.309565
16.000000,121.500000,12628.407777
17.000000,121.500000,13225.541744
18.000000,121.500000,13832.106983
19.000000,121.500000,14452.231979
8.000000,122.000000,8163.148963
9.000000,122.000000,8698.444215
10.000000,122.000000,9250.647483
11.000000,122.000000,9806.814873
12.000000,122.000000,10356.688244
13.000000,122.000000,10921.490423
14.000000,122.000000,11493.236806
15.000000,122.000000,12067.843720
16.000000,122.000000,12656.412443
17.000000,122.000000,13252.042642
18.000000,122.000000,13857.013868
19.000000,122.000000,14475.447215
8.000000,122.500000,8195.236662
9.000000,122.500000,8730.230422
10.000000,122.500000,9282.048042
11.000000,122.500000,9836.870923
12.000000,122.500000,10386.548648
13.000000,122.500000,10951.099572
14.000000,122.500000,11521.879272
15.000000,122.500000,12096.037803
16.000000,122.500000,12684.101770
17.000000,122.500000,13278.128810
18.000000,122.500000,13881.547810
8.000000,123.000000,8227.387296
9.000000,123.000000,8762.074597
10.000000,123.000000,9313.501804
11.000000,123.000000,9866.972960
12.000000,123.000000,10416.452037
13.000000,123.000000,10980.748802
14.000000,123.000000,11550.557380
15.000000,123.000000,12124.264772
16.000000,123.000000,12711.821330
17.000000,123.000000,13304.240596
18.000000,123.000000,13906.103402
8.000000,123.500000,8259.475525
9.000000,123.500000,8793.877189
10.000000,123.500000,9344.936869
11.000000,123.500000,9897.120232
12.000000,123.500000,10446.413419
13.000000,123.500000,11010.469718
14.000000,123.500000,11579.236318
15.000000,123.500000,12152.364486
16.000000,123.500000,12739.279688
17.000000,123.500000,13329.959177
18.000000,123.500000,13930.309362
8.000000,124.000000,8291.626202
9.000000,124.000000,8825.737390
10.000000,124.000000,9376.424894
11.000000,124.000000,9927.313489
12.000000,124.000000,10476.417829
13.000000,124.000000,11040.230800
14.000000,124.000000,11607.950811
15.000000,124.000000,12180.496713
16.000000,124.000000,12766.767644
17.000000,124.000000,13355.702558
18.000000,124.000000,13954.536319
8.000000,124.500000,8324.049306
9.000000,124.500000,8858.400729
10.000000,124.500000,9409.279686
11.000000,124.500000,9958.997480
12.000000,124.500000,10507.486572
13.000000,124.500000,11070.605117
14.000000,124.500000,11636.991466
15.000000,124.500000,12208.828597
16.000000,124.500000,12794.322688
17.000000,124.500000,13381.696216
18.000000,124.500000,13979.391335
8.000000,125.000000,8356.535673
9.000000,125.000000,8891.124395
10.000000,125.000000,9442.191935
11.000000,125.000000,9990.731949
12.000000,125.000000,10538.601315
13.000000,125.000000,11101.021160
14.000000,125.000000,11666.068398
15.000000,125.000000,12237.193381
16.000000,125.000000,12821.907409
17.000000,125.000000,13407.715112
18.000000,125.000000,14004.268422
8.000000,125.500000,8389.093815
9.000000,125.500000,8924.064359
10.000000,125.500000,9475.474127
11.000000,125.500000,10022.746846
12.000000,125.500000,10569.842160
13.000000,125.500000,11131.400905
14.000000,125.500000,11695.046986
15.000000,125.500000,12265.420803
16.000000,125.500000,12849.314396
17.000000,125.500000,13433.508287
18.000000,125.500000,14028.902855
8.000000,126.000000,8421.715253
9.000000,126.000000,8957.065223
10.000000,126.000000,9508.814868
11.000000,126.000000,10054.812955
12.000000,126.000000,10601.129242
13.000000,126.000000,11161.822162
14.000000,126.000000,11724.061516
15.000000,126.000000,12293.680728
16.000000,126.000000,12876.750612
17.000000,126.000000,13459.326214
18.000000,126.000000,14053.558889
8.000000,126.500000,8454.277644
9.000000,126.500000,8989.952064
10.000000,126.500000,9541.983678
11.000000,126.500000,10086.955224
12.000000,126.500000,10633.097042
13.000000,126.500000,11193.560792
14.000000,126.500000,11754.156236
15.000000,126.500000,12322.403206
16.000000,126.500000,12904.001923
17.000000,126.500000,13484.916025
18.000000,126.500000,14077.969856
8.000000,127.000000,8486.902860
9.000000,127.000000,9022.899165
10.000000,127.000000,9575.210235
11.000000,127.000000,10119.148784
12.000000,127.000000,10665.112970
13.000000,127.000000,11225.344483
14.000000,127.000000,11784.289528
15.000000,127.000000,12351.159184
16.000000,127.000000,12931.282008
17.000000,127.000000,13510.530103
18.000000,127.000000,14102.401956
8.000000,127.500000,8519.827053
9.000000,127.500000,9055.936854
10.000000,127.500000,9608.305765
11.000000,127.500000,10151.429223
12.000000,127.500000,10697.688672
13.000000,127.500000,11258.185654
14.000000,127.500000,11815.548039
15.000000,127.500000,12381.175603
16.000000,127.500000,12959.464631
17.000000,127.500000,13537.225705
18.000000,127.500000,14127.528515
8.000000,128.000000,8552.814975
9.000000,128.000000,9089.034910
10.000000,128.000000,9641.458390
11.000000,128.000000,10183.761066
12.000000,128.000000,10730.314049
13.000000,128.000000,11291.074795
14.000000,128.000000,11846.847950
15.000000,128.000000,12411.228444
16.000000,128.000000,12987.677919
17.000000,128.000000,13563.947630
18.000000,128.000000,14152.677395
8.000000,128.500000,8585.796808
9.000000,128.500000,9122.088959
10.000000,128.500000,9674.527174
11.000000,128.500000,10215.984053
12.000000,128.500000,10762.759018
13.000000,128.500000,11323.708616
14.000000,128.500000,11878.650917
15.000000,128.500000,12442.919990
16.000000,128.500000,13018.652331
17.000000,128.500000,13594.103832
18.000000,128.500000,14181.950346
8.000000,129.000000,8618.842101
9.000000,129.000000,9155.202998
10.000000,129.000000,9707.652569
11.000000,129.000000,10248.257939
12.000000,129.000000,10795.252965
13.000000,129.000000,11356.389528
14.000000,129.000000,11910.496514
15.000000,129.000000,12474.651946
16.000000,129.000000,13049.663633
17.000000,129.000000,13624.293512
18.000000,129.000000,14211.253521
8.000000,129.500000,8652.132499
9.000000,129.500000,9188.885468
10.000000,129.500000,9741.689020
11.000000,129.500000,10281.199691
12.000000,129.500000,10827.972182
13.000000,129.500000,11388.829570
14.000000,129.500000,11942.019598
15.000000,129.500000,12506.032742
16.000000,129.500000,13080.236324
17.000000,129.500000,13654.141105
18.000000,129.500000,14240.316011
8.000000,130.000000,8685.487054
9.000000,130.000000,9222.629778
10.000000,130.000000,9775.785031
11.000000,130.000000,10314.194301
12.000000,130.000000,10860.740908
13.000000,130.000000,11421.315877
14.000000,130.000000,11973.584341
15.000000,130.000000,12537.452958
16.000000,130.000000,13110.844784
17.000000,130.000000,13684.021349
18.000000,130.000000,14269.408167
