weight_g,219.000000
thrust_N,velocity_m_s,power_W
11.000000,0.000000,2983.578624
12.000000,0.000000,3272.698315
13.000000,0.000000,3575.074777
14.000000,0.000000,3887.604319
15.000000,0.000000,4189.360914
16.000000,0.000000,4502.279908
11.000000,0.500000,2984.095800
12.000000,0.500000,3273.258455
13.000000,0.500000,3575.679882
14.000000,0.500000,3888.157416
15.000000,0.500000,4190.003478
16.000000,0.500000,4503.016814
11.000000,1.000000,2984.613005
12.000000,1.000000,3273.818630
13.000000,1.000000,3576.285027
14.000000,1.000000,3888.710541
15.000000,1.000000,4190.646079
16.000000,1.000000,4503.753765
11.000000,1.500000,2985.133516
12.000000,1.500000,3274.380231
13.000000,1.500000,3576.889551
14.000000,1.500000,3889.262714
15.000000,1.500000,4191.288673
16.000000,1.500000,4504.491720
11.000000,2.000000,2985.654056
12.000000,2.000000,3274.941868
13.000000,2.000000,3577.494116
14.000000,2.000000,3889.814916
15.000000,2.000000,4191.931304
16.000000,2.000000,4505.229720
11.000000,2.500000,2986.177921
12.000000,2.500000,3275.504938
13.000000,2.500000,3578.098057
14.000000,2.500000,3890.366207
15.000000,2.500000,4192.573967
16.000000,2.500000,4505.968758
11.000000,3.000000,2986.701815
12.000000,3.000000,3276.068043
13.000000,3.000000,3578.702038
14.000000,3.000000,3890.917527
15.000000,3.000000,4193.216666
16.000000,3.000000,4506.707843
11.000000,3.500000,2987.229054
12.000000,3.500000,3276.632592
13.000000,3.500000,3579.305392
14.000000,3.500000,3891.467978
15.000000,3.500000,4193.859435
16.000000,3.500000,4507.447999
11.000000,4.000000,2987.756322
12.000000,4.000000,3277.197176
13.000000,4.000000,3579.908786
14.000000,4.000000,3892.018458
15.000000,4.000000,4194.502241
16.000000,4.000000,4508.188202
11.000000,4.500000,2988.286954
12.000000,4.500000,3277.763211
13.000000,4.500000,3580.511551
14.000000,4.500000,3892.568108
15.000000,4.500000,4195.145153
16.000000,4.500000,4508.929511
11.000000,5.000000,2988.817616
12.000000,5.000000,3278.329282
13.000000,5.000000,3581.114355
14.000000,5.000000,3893.117788
15.000000,5.000000,4195.788103
16.000000,5.000000,4509.670867
11.000000,5.500000,2989.351662
12.000000,5.500000,3278.896814
13.000000,5.500000,3581.716526
14.000000,5.500000,3893.666678
15.000000,5.500000,4196.431196
16.000000,5.500000,4510.413363
11.000000,6.000000,2989.885739
12.000000,6.000000,3279.464382
13.000000,6.000000,3582.318738
14.000000,6.000000,3894.215597
15.000000,6.000000,4197.074326
16.000000,6.000000,4511.155905
11.000000,6.500000,2990.423220
12.000000,6.500000,3280.033419
13.000000,6.500000,3582.920313
14.000000,6.500000,3894.763765
15.000000,6.500000,4197.717636
16.000000,6.500000,4511.899621
11.000000,7.000000,2990.960731
12.000000,7.000000,3280.602492
13.000000,7.000000,3583.521927
14.000000,7.000000,3895.311962
15.000000,7.000000,4198.360983
16.000000,7.000000,4512.643383
11.000000,7.500000,2991.483482
12.000000,7.500000,3281.160678
13.000000,7.500000,3584.117054
14.000000,7.500000,3895.859447
15.000000,7.500000,4199.004546
16.000000,7.500000,4513.388352
11.000000,8.000000,2992.006257
12.000000,8.000000,3281.718895
13.000000,8.000000,3584.712218
14.000000,8.000000,3896.406960
15.000000,8.000000,4199.648146
16.000000,8.000000,4514.133368
11.000000,8.500000,2992.560846
12.000000,8.500000,3282.321155
13.000000,8.500000,3585.364832
14.000000,8.500000,3896.995146
15.000000,8.500000,4200.317764
16.000000,8.500000,4514.888862
11.000000,9.000000,2993.115446
12.000000,9.000000,3282.923440
13.000000,9.000000,3586.017485
14.000000,9.000000,3897.583360
15.000000,9.000000,4200.987420
16.000000,9.000000,4515.644402
11.000000,9.500000,2993.675487
12.000000,9.500000,3283.562407
13.000000,9.500000,3586.740453
14.000000,9.500000,3898.220555
15.000000,9.500000,4201.688439
16.000000,9.500000,4516.412593
11.000000,10.000000,2994.235538
12.000000,10.000000,3284.201397
13.000000,10.000000,3587.463459
14.000000,10.000000,3898.857766
15.000000,10.000000,4202.389485
16.000000,10.000000,4517.180824
11.000000,10.500000,2994.793063
12.000000,10.500000,3284.841555
13.000000,10.500000,3588.191638
14.000000,10.500000,3899.501694
15.000000,10.500000,4203.099062
16.000000,10.500000,4517.959299
11.000000,11.000000,2995.350599
12.000000,11.000000,3285.481736
13.000000,11.000000,3588.919856
14.000000,11.000000,3900.145637
15.000000,11.000000,4203.808661
16.000000,11.000000,4518.737806
11.000000,11.500000,2995.905847
12.000000,11.500000,3286.123344
13.000000,11.500000,3589.653529
14.000000,11.500000,3900.795225
15.000000,11.500000,4204.520309
16.000000,11.500000,4519.514511
11.000000,12.000000,2996.461105
12.000000,12.000000,3286.764977
13.000000,12.000000,3590.387242
14.000000,12.000000,3901.444828
15.000000,12.000000,4205.231980
16.000000,12.000000,4520.291248
11.000000,12.500000,2997.014308
12.000000,12.500000,3287.408293
13.000000,12.500000,3591.126697
14.000000,12.500000,3902.100019
15.000000,12.500000,4205.945621
16.000000,12.500000,4521.066080
11.000000,13.000000,2997.567521
12.000000,13.000000,3288.051635
13.000000,13.000000,3591.866192
14.000000,13.000000,3902.755225
15.000000,13.000000,4206.659284
16.000000,13.000000,4521.840944
11.000000,13.500000,2998.118908
12.000000,13.500000,3288.696921
13.000000,13.500000,3592.611720
14.000000,13.500000,3903.415960
15.000000,13.500000,4207.374837
16.000000,13.500000,4522.613801
11.000000,14.000000,2998.670307
12.000000,14.000000,3289.342232
13.000000,14.000000,3593.357288
14.000000,14.000000,3904.076711
15.000000,14.000000,4208.090413
16.000000,14.000000,4523.386690
11.000000,14.500000,2999.220105
12.000000,14.500000,3289.989745
13.000000,14.500000,3594.109184
14.000000,14.500000,3904.742931
15.000000,14.500000,4208.807798
16.000000,14.500000,4524.157469
11.000000,15.000000,2999.769915
12.000000,15.000000,3290.637285
13.000000,15.000000,3594.861122
14.000000,15.000000,3905.409166
15.000000,15.000000,4209.525206
16.000000,15.000000,4524.928279
11.000000,15.500000,3000.211587
12.000000,15.500000,3291.216810
13.000000,15.500000,3595.589136
14.000000,15.500000,3906.080808
15.000000,15.500000,4210.244341
16.000000,15.500000,4525.696877
11.000000,16.000000,3000.653258
12.000000,16.000000,3291.796352
13.000000,16.000000,3596.317189
14.000000,16.000000,3906.752466
15.000000,16.000000,4210.963500
16.000000,16.000000,4526.465506
11.000000,16.500000,3001.035981
12.000000,16.500000,3292.341077
13.000000,16.500000,3597.036853
14.000000,16.500000,3907.429467
15.000000,16.500000,4211.684302
16.000000,16.500000,4527.231820
11.000000,17.000000,3001.418701
12.000000,17.000000,3292.885815
13.000000,17.000000,3597.756554
14.000000,17.000000,3908.106484
15.000000,17.000000,4212.405129
16.000000,17.000000,4527.998165
11.000000,17.500000,3001.789538
12.000000,17.500000,3293.381232
13.000000,17.500000,3598.386162
14.000000,17.500000,3908.679183
15.000000,17.500000,4213.060785
16.000000,17.500000,4528.741667
11.000000,18.000000,3002.160371
12.000000,18.000000,3293.876655
13.000000,18.000000,3599.015790
14.000000,18.000000,3909.251881
15.000000,18.000000,4213.716456
16.000000,18.000000,4529.485198
11.000000,18.500000,3002.529348
12.000000,18.500000,3294.358766
13.000000,18.500000,3599.619585
14.000000,18.500000,3909.791550
15.000000,18.500000,4214.356056
16.000000,18.500000,4530.230966
11.000000,19.000000,3002.898320
12.000000,19.000000,3294.840879
13.000000,19.000000,3600.223393
14.000000,19.000000,3910.331212
15.000000,19.000000,4214.995665
16.000000,19.000000,4530.976761
11.000000,19.500000,3003.269227
12.000000,19.500000,3295.322937
13.000000,19.500000,3600.824981
14.000000,19.500000,3910.888544
15.000000,19.500000,4215.714402
16.000000,19.500000,4531.866851
11.000000,20.000000,3003.640128
12.000000,20.000000,3295.804998
13.000000,20.000000,3601.426582
14.000000,20.000000,3911.445867
15.000000,20.000000,4216.433138
16.000000,20.000000,4532.756953
11.000000,20.500000,3004.012908
12.000000,20.500000,3296.286952
13.000000,20.500000,3602.025918
14.000000,20.500000,3912.000749
15.000000,20.500000,4217.145500
16.000000,20.500000,4533.636344
11.000000,21.000000,3004.385682
12.000000,21.000000,3296.768910
13.000000,21.000000,3602.625268
14.000000,21.000000,3912.555621
15.000000,21.000000,4217.857857
16.000000,21.000000,4534.515739
11.000000,21.500000,3004.760279
12.000000,21.500000,3297.250710
13.000000,21.500000,3603.222308
14.000000,21.500000,3913.109196
15.000000,21.500000,4218.568656
16.000000,21.500000,4535.393299
11.000000,22.000000,3005.134870
12.000000,22.000000,3297.732514
13.000000,22.000000,3603.819362
14.000000,22.000000,3913.662761
15.000000,22.000000,4219.279452
16.000000,22.000000,4536.270865
11.000000,22.500000,3005.566935
12.000000,22.500000,3298.249619
13.000000,22.500000,3604.427653
14.000000,22.500000,3914.214345
15.000000,22.500000,4219.988285
16.000000,22.500000,4537.146498
11.000000,23.000000,3005.998988
12.000000,23.000000,3298.766722
13.000000,23.000000,3605.035954
14.000000,23.000000,3914.765920
15.000000,23.000000,4220.697115
16.000000,23.000000,4538.022135
11.000000,23.500000,3006.534036
12.000000,23.500000,3299.340603
13.000000,23.500000,3605.650778
14.000000,23.500000,3915.291886
15.000000,23.500000,4221.390021
16.000000,23.500000,4538.892430
11.000000,24.000000,3007.069047
12.000000,24.000000,3299.914467
13.000000,24.000000,3606.265604
14.000000,24.000000,3915.817835
15.000000,24.000000,4222.082918
16.000000,24.000000,4539.762728
11.000000,24.500000,3007.624894
12.000000,24.500000,3300.505082
13.000000,24.500000,3606.892723
14.000000,24.500000,3916.352819
15.000000,24.500000,4222.780474
16.000000,24.500000,4540.633002
11.000000,25.000000,3008.180701
12.000000,25.000000,3301.095679
13.000000,25.000000,3607.519844
14.000000,25.000000,3916.887785
15.000000,25.000000,4223.478021
16.000000,25.000000,4541.503279
11.000000,25.500000,3008.742637
12.000000,25.500000,3301.699143
13.000000,25.500000,3608.167076
14.000000,25.500000,3917.438057
15.000000,25.500000,4224.183705
16.000000,25.500000,4542.374083
11.000000,26.000000,3009.304534
12.000000,26.000000,3302.302589
13.000000,26.000000,3608.814310
14.000000,26.000000,3917.988308
15.000000,26.000000,4224.889378
16.000000,26.000000,4543.244890
11.000000,26.500000,3009.910937
12.000000,26.500000,3303.026302
13.000000,26.500000,3609.663565
14.000000,26.500000,3918.674695
15.000000,26.500000,4225.672196
16.000000,26.500000,4544.130173
11.000000,27.000000,3010.517296
12.000000,27.000000,3303.749985
13.000000,27.000000,3610.512808
14.000000,27.000000,3919.361021
15.000000,27.000000,4226.454983
16.000000,27.000000,4545.015457
11.000000,27.500000,3011.127571
12.000000,27.500000,3304.474392
13.000000,27.500000,3611.359299
14.000000,27.500000,3920.044099
15.000000,27.500000,4227.234423
16.000000,27.500000,4545.897247
11.000000,28.000000,3011.737802
12.000000,28.000000,3305.198770
13.000000,28.000000,3612.205780
14.000000,28.000000,3920.727117
15.000000,28.000000,4228.013833
16.000000,28.000000,4546.779037
11.000000,28.500000,3012.351767
12.000000,28.500000,3305.923695
13.000000,28.500000,3613.049340
14.000000,28.500000,3921.388203
15.000000,28.500000,4228.731413
16.000000,28.500000,4547.556167
11.000000,29.000000,3012.965688
12.000000,29.000000,3306.648593
13.000000,29.000000,3613.892890
14.000000,29.000000,3922.049229
15.000000,29.000000,4229.448953
16.000000,29.000000,4548.333278
11.000000,29.500000,3013.583161
12.000000,29.500000,3307.373864
13.000000,29.500000,3614.733353
14.000000,29.500000,3922.694165
15.000000,29.500000,4230.127234
16.000000,29.500000,4549.046272
11.000000,30.000000,3014.200592
12.000000,30.000000,3308.099108
13.000000,30.000000,3615.573809
14.000000,30.000000,3923.339040
15.000000,30.000000,4230.805471
16.000000,30.000000,4549.759238
11.000000,30.500000,3014.742927
12.000000,30.500000,3308.775796
13.000000,30.500000,3616.394985
14.000000,30.500000,3923.979892
15.000000,30.500000,4231.482680
16.000000,30.500000,4550.474371
11.000000,31.000000,3015.285206
12.000000,31.000000,3309.452449
13.000000,31.000000,3617.216149
14.000000,31.000000,3924.620685
15.000000,31.000000,4232.159846
16.000000,31.000000,4551.189476
11.000000,31.500000,3015.787818
12.000000,31.500000,3310.103252
13.000000,31.500000,3618.026711
14.000000,31.500000,3925.257708
15.000000,31.500000,4232.836205
16.000000,31.500000,4551.906932
11.000000,32.000000,3016.290370
12.000000,32.000000,3310.754017
13.000000,32.000000,3618.837262
14.000000,32.000000,3925.894674
15.000000,32.000000,4233.512522
16.000000,32.000000,4552.624361
11.000000,32.500000,3016.727098
12.000000,32.500000,3311.363326
13.000000,32.500000,3619.633186
14.000000,32.500000,3926.528116
15.000000,32.500000,4234.188246
16.000000,32.500000,4553.344324
11.000000,33.000000,3017.163759
12.000000,33.000000,3311.972592
13.000000,33.000000,3620.429098
14.000000,33.000000,3927.161503
15.000000,33.000000,4234.863929
16.000000,33.000000,4554.064260
11.000000,33.500000,3017.596136
12.000000,33.500000,3312.570001
13.000000,33.500000,3621.204912
14.000000,33.500000,3927.775430
15.000000,33.500000,4235.530342
16.000000,33.500000,4554.785889
11.000000,34.000000,3018.028449
12.000000,34.000000,3313.167368
13.000000,34.000000,3621.980711
14.000000,34.000000,3928.389301
15.000000,34.000000,4236.196714
16.000000,34.000000,4555.507492
11.000000,34.500000,3018.445576
12.000000,34.500000,3313.726781
13.000000,34.500000,3622.693786
14.000000,34.500000,3928.949079
15.000000,34.500000,4236.835216
16.000000,34.500000,4556.229493
11.000000,35.000000,3018.862640
12.000000,35.000000,3314.286148
13.000000,35.000000,3623.406837
14.000000,35.000000,3929.508797
15.000000,35.000000,4237.473674
16.000000,35.000000,4556.951468
11.000000,35.500000,3019.265280
12.000000,35.500000,3314.811004
13.000000,35.500000,3624.063526
14.000000,35.500000,3930.022497
15.000000,35.500000,4238.089367
16.000000,35.500000,4557.675739
11.000000,36.000000,3019.667857
12.000000,36.000000,3315.335809
13.000000,36.000000,3624.720181
14.000000,36.000000,3930.536133
15.000000,36.000000,4238.705013
16.000000,36.000000,4558.399984
11.000000,36.500000,3020.086817
12.000000,36.500000,3315.868779
13.000000,36.500000,3625.376066
14.000000,36.500000,3931.049936
15.000000,36.500000,4239.325292
16.000000,36.500000,4559.133595
11.000000,37.000000,3020.505709
12.000000,37.000000,3316.401697
13.000000,37.000000,3626.031918
14.000000,37.000000,3931.563675
15.000000,37.000000,4239.945524
16.000000,37.000000,4559.867180
11.000000,37.500000,3020.928299
12.000000,37.500000,3316.935041
13.000000,37.500000,3626.684689
14.000000,37.500000,3932.080673
15.000000,37.500000,4240.577768
16.000000,37.500000,4560.621991
11.000000,38.000000,3021.350818
12.000000,38.000000,3317.468333
13.000000,38.000000,3627.337429
14.000000,38.000000,3932.597606
15.000000,38.000000,4241.209961
16.000000,38.000000,4561.376767
11.000000,38.500000,3021.766838
12.000000,38.500000,3317.995975
13.000000,38.500000,3627.985521
14.000000,38.500000,3933.116818
15.000000,38.500000,4241.850883
16.000000,38.500000,4562.146966
11.000000,39.000000,3022.182784
12.000000,39.000000,3318.523564
13.000000,39.000000,3628.633583
14.000000,39.000000,3933.635961
15.000000,39.000000,4242.491745
16.000000,39.000000,4562.917114
11.000000,39.500000,3022.607910
12.000000,39.500000,3319.054779
13.000000,39.500000,3629.279219
14.000000,39.500000,3934.155989
15.000000,39.500000,4243.137508
16.000000,39.500000,4563.696452
11.000000,40.000000,3023.032962
12.000000,40.000000,3319.585941
13.000000,40.000000,3629.924826
14.000000,40.000000,3934.675950
15.000000,40.000000,4243.783210
16.000000,40.000000,4564.475738
11.000000,40.500000,3023.467113
12.000000,40.500000,3320.120560
13.000000,40.500000,3630.567742
14.000000,40.500000,3935.197039
15.000000,40.500000,4244.434078
16.000000,40.500000,4565.158569
11.000000,41.000000,3023.901189
12.000000,41.000000,3320.655126
13.000000,41.000000,3631.210628
14.000000,41.000000,3935.718062
15.000000,41.000000,4245.084886
16.000000,41.000000,4565.841324
17.000000,41.000000,4882.105028
18.000000,41.000000,5208.828081
11.000000,41.500000,3024.352626
12.000000,41.500000,3321.211519
13.000000,41.500000,3631.880128
14.000000,41.500000,3936.257199
15.000000,41.500000,4245.749619
16.000000,41.500000,4566.470042
17.000000,41.500000,4882.808881
18.000000,41.500000,5209.610802
11.000000,42.000000,3024.803987
12.000000,42.000000,3321.767858
13.000000,42.000000,3632.549599
14.000000,42.000000,3936.796267
15.000000,42.000000,4246.414292
16.000000,42.000000,4567.098668
17.000000,42.000000,4883.512649
18.000000,42.000000,5210.393443
11.000000,42.500000,3025.304295
12.000000,42.500000,3322.414651
13.000000,42.500000,3633.354374
14.000000,42.500000,3937.413501
15.000000,42.500000,4247.122874
16.000000,42.500000,4567.733938
17.000000,42.500000,4884.222886
18.000000,42.500000,5211.182354
11.000000,43.000000,3025.804524
12.000000,43.000000,3323.061385
13.000000,43.000000,3634.159117
14.000000,43.000000,3938.030652
15.000000,43.000000,4247.831390
16.000000,43.000000,4568.369118
17.000000,43.000000,4884.933038
18.000000,43.000000,5211.971186
11.000000,43.500000,3026.339832
12.000000,43.500000,3323.757456
13.000000,43.500000,3635.028491
14.000000,43.500000,3938.679822
15.000000,43.500000,4248.559684
16.000000,43.500000,4569.010930
17.000000,43.500000,4885.649646
18.000000,43.500000,5212.766273
11.000000,44.000000,3026.875057
12.000000,44.000000,3324.453464
13.000000,44.000000,3635.897828
14.000000,44.000000,3939.328897
15.000000,44.000000,4249.287907
16.000000,44.000000,4569.652652
17.000000,44.000000,4886.366170
18.000000,44.000000,5213.561282
11.000000,44.500000,3027.435857
12.000000,44.500000,3325.175051
13.000000,44.500000,3636.792640
14.000000,44.500000,3939.990713
15.000000,44.500000,4250.026059
16.000000,44.500000,4570.300996
17.000000,44.500000,4887.089137
18.000000,44.500000,5214.362530
11.000000,45.000000,3027.996572
12.000000,45.000000,3325.896575
13.000000,45.000000,3637.687417
14.000000,45.000000,3940.652434
15.000000,45.000000,4250.764141
16.000000,45.000000,4570.949251
17.000000,45.000000,4887.812020
18.000000,45.000000,5215.163700
11.000000,45.500000,3028.677017
12.000000,45.500000,3326.690288
13.000000,45.500000,3638.602500
14.000000,45.500000,3941.321772
15.000000,45.500000,4251.510665
16.000000,45.500000,4571.605407
17.000000,45.500000,4888.542072
18.000000,45.500000,5215.971260
11.000000,46.000000,3029.357355
12.000000,46.000000,3327.483928
13.000000,46.000000,3639.517549
14.000000,46.000000,3941.991015
15.000000,46.000000,4252.257121
16.000000,46.000000,4572.261473
17.000000,46.000000,4889.272040
18.000000,46.000000,5216.778743
11.000000,46.500000,3030.061511
12.000000,46.500000,3328.295050
13.000000,46.500000,3640.443120
14.000000,46.500000,3942.680141
15.000000,46.500000,4253.038978
16.000000,46.500000,4572.949970
17.000000,46.500000,4890.023097
18.000000,46.500000,5217.595500
10.000000,47.000000,2746.347038
11.000000,47.000000,3030.765559
12.000000,47.000000,3329.106100
13.000000,47.000000,3641.368660
14.000000,47.000000,3943.369167
15.000000,47.000000,4253.820756
16.000000,47.000000,4573.638355
17.000000,47.000000,4890.774058
18.000000,47.000000,5218.412177
10.000000,47.500000,2746.950245
11.000000,47.500000,3031.471426
12.000000,47.500000,3329.922376
13.000000,47.500000,3642.303094
14.000000,47.500000,3944.074352
15.000000,47.500000,4254.628636
16.000000,47.500000,4574.350513
17.000000,47.500000,4891.540911
18.000000,47.500000,5219.236473
10.000000,48.000000,2747.553313
11.000000,48.000000,3032.177189
12.000000,48.000000,3330.738585
13.000000,48.000000,3643.237499
14.000000,48.000000,3944.779436
15.000000,48.000000,4255.436433
16.000000,48.000000,4575.062548
17.000000,48.000000,4892.307663
18.000000,48.000000,5220.060687
10.000000,48.500000,2748.155338
11.000000,48.500000,3032.885052
12.000000,48.500000,3331.560298
13.000000,48.500000,3644.181078
14.000000,48.500000,3945.496394
15.000000,48.500000,4256.260369
16.000000,48.500000,4575.786866
17.000000,48.500000,4893.079272
18.000000,48.500000,5220.881892
10.000000,49.000000,2748.757228
11.000000,49.000000,3033.592814
12.000000,49.000000,3332.381948
13.000000,49.000000,3645.124629
14.000000,49.000000,3946.213250
15.000000,49.000000,4257.084219
16.000000,49.000000,4576.511058
17.000000,49.000000,4893.850778
18.000000,49.000000,5221.703015
10.000000,49.500000,2749.358350
11.000000,49.500000,3034.302951
12.000000,49.500000,3333.209378
13.000000,49.500000,3646.077633
14.000000,49.500000,3946.938606
15.000000,49.500000,4257.916748
16.000000,49.500000,4577.238523
17.000000,49.500000,4894.615369
18.000000,49.500000,5222.506362
10.000000,50.000000,2749.959342
11.000000,50.000000,3035.012991
12.000000,50.000000,3334.036748
13.000000,50.000000,3647.030613
14.000000,50.000000,3947.663861
15.000000,50.000000,4258.749192
16.000000,50.000000,4577.965863
17.000000,50.000000,4895.379857
18.000000,50.000000,5223.309626
10.000000,50.500000,2750.578800
11.000000,50.500000,3035.782051
12.000000,50.500000,3334.967234
13.000000,50.500000,3648.134350
14.000000,50.500000,3948.466943
15.000000,50.500000,4259.621216
16.000000,50.500000,4578.700711
17.000000,50.500000,4896.162722
18.000000,50.500000,5224.142510
10.000000,51.000000,2751.198136
11.000000,51.000000,3036.551020
12.000000,51.000000,3335.897665
13.000000,51.000000,3649.238072
14.000000,51.000000,3949.269915
15.000000,51.000000,4260.493152
16.000000,51.000000,4579.435432
17.000000,51.000000,4896.945472
18.000000,51.000000,5224.975289
10.000000,51.500000,2751.867993
11.000000,51.500000,3037.376005
12.000000,51.500000,3336.889777
13.000000,51.500000,3650.281383
14.000000,51.500000,3950.105804
15.000000,51.500000,4261.383268
16.000000,51.500000,4580.174566
17.000000,51.500000,4897.728626
18.000000,51.500000,5225.804217
10.000000,52.000000,2752.537742
11.000000,52.000000,3038.200910
12.000000,52.000000,3337.881842
13.000000,52.000000,3651.324639
14.000000,52.000000,3950.941580
15.000000,52.000000,4262.273297
16.000000,52.000000,4580.913573
17.000000,52.000000,4898.511666
18.000000,52.000000,5226.633041
10.000000,52.500000,2753.217058
11.000000,52.500000,3039.051774
12.000000,52.500000,3338.917629
13.000000,52.500000,3652.149323
14.000000,52.500000,3951.806053
15.000000,52.500000,4263.179002
16.000000,52.500000,4581.656666
17.000000,52.500000,4899.294651
18.000000,52.500000,5227.457415
10.000000,53.000000,2753.896278
11.000000,53.000000,3039.902566
12.000000,53.000000,3339.953377
13.000000,53.000000,3652.973863
14.000000,53.000000,3952.670411
15.000000,53.000000,4264.084620
16.000000,53.000000,4582.399632
17.000000,53.000000,4900.077522
18.000000,53.000000,5228.281687
10.000000,53.500000,2754.582034
11.000000,53.500000,3040.763461
12.000000,53.500000,3341.002992
13.000000,53.500000,3653.806067
14.000000,53.500000,3953.541589
15.000000,53.500000,4264.996122
16.000000,53.500000,4583.146388
17.000000,53.500000,4900.860057
18.000000,53.500000,5229.101245
10.000000,54.000000,2755.267707
11.000000,54.000000,3041.624296
12.000000,54.000000,3342.052574
13.000000,54.000000,3654.638130
14.000000,54.000000,3954.412654
15.000000,54.000000,4265.907538
16.000000,54.000000,4583.893018
17.000000,54.000000,4901.642480
18.000000,54.000000,5229.920703
10.000000,54.500000,2755.964015
11.000000,54.500000,3042.498064
12.000000,54.500000,3343.117561
13.000000,54.500000,3655.477777
14.000000,54.500000,3955.290459
15.000000,54.500000,4266.824757
16.000000,54.500000,4584.643144
17.000000,54.500000,4902.424290
18.000000,54.500000,5230.735188
10.000000,55.000000,2756.660240
11.000000,55.000000,3043.371773
12.000000,55.000000,3344.182518
13.000000,55.000000,3656.317284
14.000000,55.000000,3956.168152
15.000000,55.000000,4267.741892
16.000000,55.000000,4585.393145
17.000000,55.000000,4903.205989
18.000000,55.000000,5231.549573
10.000000,55.500000,2757.367266
11.000000,55.500000,3044.258604
12.000000,55.500000,3345.263095
13.000000,55.500000,3657.171376
14.000000,55.500000,3957.116391
15.000000,55.500000,4268.789496
16.000000,55.500000,4586.265950
17.000000,55.500000,4904.050035
18.000000,55.500000,5232.362078
10.000000,56.000000,2758.074211
11.000000,56.000000,3045.145377
12.000000,56.000000,3346.343644
13.000000,56.000000,3658.025331
14.000000,56.000000,3958.064519
15.000000,56.000000,4269.837016
16.000000,56.000000,4587.138615
17.000000,56.000000,4904.893964
18.000000,56.000000,5233.174486
10.000000,56.500000,2758.792123
11.000000,56.500000,3046.045464
12.000000,56.500000,3347.440029
13.000000,56.500000,3658.892565
14.000000,56.500000,3959.041819
15.000000,56.500000,4270.930699
16.000000,56.500000,4588.045385
17.000000,56.500000,4905.751705
18.000000,56.500000,5233.979153
10.000000,57.000000,2759.509956
11.000000,57.000000,3046.945496
12.000000,57.000000,3348.536390
13.000000,57.000000,3659.759662
14.000000,57.000000,3960.019009
15.000000,57.000000,4272.024298
16.000000,57.000000,4588.952011
17.000000,57.000000,4906.609327
18.000000,57.000000,5234.783724
10.000000,57.500000,2760.238866
11.000000,57.500000,3047.858764
12.000000,57.500000,3349.648303
13.000000,57.500000,3660.639345
14.000000,57.500000,3961.016899
15.000000,57.500000,4273.147257
16.000000,57.500000,4589.874407
17.000000,57.500000,4907.470591
18.000000,57.500000,5235.579060
10.000000,58.000000,2760.967697
11.000000,58.000000,3048.771978
12.000000,58.000000,3350.760195
13.000000,58.000000,3661.518893
14.000000,58.000000,3962.014680
15.000000,58.000000,4274.270134
16.000000,58.000000,4590.796659
17.000000,58.000000,4908.331736
18.000000,58.000000,5236.374302
10.000000,58.500000,2762.030961
11.000000,58.500000,3049.881690
12.000000,58.500000,3351.916206
13.000000,58.500000,3662.321001
14.000000,58.500000,3962.963622
15.000000,58.500000,4275.375250
16.000000,58.500000,4591.727088
17.000000,58.500000,4909.239713
10.000000,59.000000,2763.094186
11.000000,59.000000,3050.991369
12.000000,59.000000,3353.072191
13.000000,59.000000,3663.122956
14.000000,59.000000,3963.912443
15.000000,59.000000,4276.480283
16.000000,59.000000,4592.657374
17.000000,59.000000,4910.147568
10.000000,59.500000,2764.198536
11.000000,59.500000,3052.151732
12.000000,59.500000,3354.289179
13.000000,59.500000,3663.984252
14.000000,59.500000,3964.877221
15.000000,59.500000,4277.554352
16.000000,59.500000,4593.548554
17.000000,59.500000,4911.071115
10.000000,60.000000,2765.302855
11.000000,60.000000,3053.312075
12.000000,60.000000,3355.506159
13.000000,60.000000,3664.845406
14.000000,60.000000,3965.841880
15.000000,60.000000,4278.628327
16.000000,60.000000,4594.439579
17.000000,60.000000,4911.994531
10.000000,60.500000,2766.445711
11.000000,60.500000,3054.500620
12.000000,60.500000,3356.739872
13.000000,60.500000,3665.711364
14.000000,60.500000,3966.789901
15.000000,60.500000,4279.662550
16.000000,60.500000,4595.300311
17.000000,60.500000,4912.934868
10.000000,61.000000,2767.588543
11.000000,61.000000,3055.689149
12.000000,61.000000,3357.973580
13.000000,61.000000,3666.577180
14.000000,61.000000,3967.737799
15.000000,61.000000,4280.696669
16.000000,61.000000,4596.160876
17.000000,61.000000,4913.875061
10.000000,61.500000,2768.625043
11.000000,61.500000,3056.809924
12.000000,61.500000,3359.182352
13.000000,61.500000,3667.450886
14.000000,61.500000,3968.688830
15.000000,61.500000,4281.728802
16.000000,61.500000,4597.021712
17.000000,61.500000,4914.821106
10.000000,62.000000,2769.661476
11.000000,62.000000,3057.930658
12.000000,62.000000,3360.391109
13.000000,62.000000,3668.324452
14.000000,62.000000,3969.639741
15.000000,62.000000,4282.760834
16.000000,62.000000,4597.882384
17.000000,62.000000,4915.767008
10.000000,62.500000,2770.683438
11.000000,62.500000,3059.045368
12.000000,62.500000,3361.603168
13.000000,62.500000,3669.209625
14.000000,62.500000,3970.610181
15.000000,62.500000,4283.820860
16.000000,62.500000,4598.767470
17.000000,62.500000,4916.730070
10.000000,63.000000,2771.705329
11.000000,63.000000,3060.160035
12.000000,63.000000,3362.815214
13.000000,63.000000,3670.094660
14.000000,63.000000,3971.580500
15.000000,63.000000,4284.880787
16.000000,63.000000,4599.652392
17.000000,63.000000,4917.692990
10.000000,63.500000,2772.754274
11.000000,63.500000,3061.296067
12.000000,63.500000,3364.042199
13.000000,63.500000,3670.994108
14.000000,63.500000,3972.579147
15.000000,63.500000,4285.983927
16.000000,63.500000,4600.572156
17.000000,63.500000,4918.677650
10.000000,64.000000,2773.803164
11.000000,64.000000,3062.432068
12.000000,64.000000,3365.269177
13.000000,64.000000,3671.893420
14.000000,64.000000,3973.577677
15.000000,64.000000,4287.086969
16.000000,64.000000,4601.491756
17.000000,64.000000,4919.662169
10.000000,64.500000,2774.877133
11.000000,64.500000,3063.595768
12.000000,64.500000,3366.526564
13.000000,64.500000,3672.843598
14.000000,64.500000,3974.680534
15.000000,64.500000,4288.351536
16.000000,64.500000,4602.530912
17.000000,64.500000,4920.707127
10.000000,65.000000,2775.951061
11.000000,65.000000,3064.759450
12.000000,65.000000,3367.783956
13.000000,65.000000,3673.793645
14.000000,65.000000,3975.783280
15.000000,65.000000,4289.616016
16.000000,65.000000,4603.569897
17.000000,65.000000,4921.751944
10.000000,65.500000,2777.226569
11.000000,65.500000,3066.077704
12.000000,65.500000,3369.143375
13.000000,65.500000,3674.815585
14.000000,65.500000,3976.967469
15.000000,65.500000,4290.971907
16.000000,65.500000,4604.664150
17.000000,65.500000,4922.824984
10.000000,66.000000,2778.502121
11.000000,66.000000,3067.395999
12.000000,66.000000,3370.502836
13.000000,66.000000,3675.837406
14.000000,66.000000,3978.151558
15.000000,66.000000,4292.327719
16.000000,66.000000,4605.758230
17.000000,66.000000,4923.897885
10.000000,66.500000,2779.839557
11.000000,66.500000,3068.774720
12.000000,66.500000,3371.920762
13.000000,66.500000,3676.910748
14.000000,66.500000,3979.373367
15.000000,66.500000,4293.706263
16.000000,66.500000,4606.856792
17.000000,66.500000,4924.974972
10.000000,67.000000,2781.177068
11.000000,67.000000,3070.153508
12.000000,67.000000,3373.338750
13.000000,67.000000,3677.983977
14.000000,67.000000,3980.595081
15.000000,67.000000,4295.084731
16.000000,67.000000,4607.955183
17.000000,67.000000,4926.051921
10.000000,67.500000,2782.559196
11.000000,67.500000,3071.666869
12.000000,67.500000,3374.989473
13.000000,67.500000,3679.264538
14.000000,67.500000,3981.943851
15.000000,67.500000,4296.503423
16.000000,67.500000,4609.058020
17.000000,67.500000,4927.133020
10.000000,68.000000,2783.941415
11.000000,68.000000,3073.180340
12.000000,68.000000,3376.640327
13.000000,68.000000,3680.545011
14.000000,68.000000,3983.292544
15.000000,68.000000,4297.922046
16.000000,68.000000,4610.160689
17.000000,68.000000,4928.213983
10.000000,68.500000,2785.320398
11.000000,68.500000,3074.690077
12.000000,68.500000,3378.286905
13.000000,68.500000,3681.823862
14.000000,68.500000,3984.644938
15.000000,68.500000,4299.350069
16.000000,68.500000,4611.324221
17.000000,68.500000,4929.431969
10.000000,69.000000,2786.699474
11.000000,69.000000,3076.199926
12.000000,69.000000,3379.933616
13.000000,69.000000,3683.102629
14.000000,69.000000,3985.997256
15.000000,69.000000,4300.778025
16.000000,69.000000,4612.487587
17.000000,69.000000,4930.649823
10.000000,69.500000,2788.117093
11.000000,69.500000,3077.731854
12.000000,69.500000,3381.584166
13.000000,69.500000,3684.380373
14.000000,69.500000,3987.353879
15.000000,69.500000,4302.215992
16.000000,69.500000,4613.675431
17.000000,69.500000,4931.911586
10.000000,70.000000,2789.534828
11.000000,70.000000,3079.263908
12.000000,70.000000,3383.234855
13.000000,70.000000,3685.658035
14.000000,70.000000,3988.710430
15.000000,70.000000,4303.653893
16.000000,70.000000,4614.863113
17.000000,70.000000,4933.173220
10.000000,70.500000,2791.068679
11.000000,70.500000,3080.864689
12.000000,70.500000,3384.901761
13.000000,70.500000,3686.935263
14.000000,70.500000,3990.071887
15.000000,70.500000,4305.102417
16.000000,70.500000,4616.084472
17.000000,70.500000,4934.497090
10.000000,71.000000,2792.602708
11.000000,71.000000,3082.465633
12.000000,71.000000,3386.568817
13.000000,71.000000,3688.212412
14.000000,71.000000,3991.433273
15.000000,71.000000,4306.550878
16.000000,71.000000,4617.305671
17.000000,71.000000,4935.820833
10.000000,71.500000,2794.158696
11.000000,71.500000,3084.076047
12.000000,71.500000,3388.231543
13.000000,71.500000,3689.508594
14.000000,71.500000,3992.850394
15.000000,71.500000,4308.094508
16.000000,71.500000,4618.590733
17.000000,71.500000,4937.170169
10.000000,72.000000,2795.714876
11.000000,72.000000,3085.686632
12.000000,72.000000,3389.894420
13.000000,72.000000,3690.804706
14.000000,72.000000,3994.267463
15.000000,72.000000,4309.638105
16.000000,72.000000,4619.875652
17.000000,72.000000,4938.519388
10.000000,72.500000,2797.413851
11.000000,72.500000,3087.415954
12.000000,72.500000,3391.648934
13.000000,72.500000,3692.178349
14.000000,72.500000,3995.760690
15.000000,72.500000,4311.256172
16.000000,72.500000,4621.202631
17.000000,72.500000,4939.882615
10.000000,73.000000,2799.113099
11.000000,73.000000,3089.145507
12.000000,73.000000,3393.403637
13.000000,73.000000,3693.551943
14.000000,73.000000,3997.253886
15.000000,73.000000,4312.874228
16.000000,73.000000,4622.529479
17.000000,73.000000,4941.245730
10.000000,73.500000,2800.986801
11.000000,73.500000,3091.107900
12.000000,73.500000,3395.454157
13.000000,73.500000,3695.158136
14.000000,73.500000,3998.910130
15.000000,73.500000,4314.579903
16.000000,73.500000,4623.901573
17.000000,73.500000,4942.622165
10.000000,74.000000,2802.860877
11.000000,74.000000,3093.070641
12.000000,74.000000,3397.504996
13.000000,74.000000,3696.764340
14.000000,74.000000,4000.566388
15.000000,74.000000,4316.285596
16.000000,74.000000,4625.273549
17.000000,74.000000,4943.998495
10.000000,74.500000,2804.740805
11.000000,74.500000,3095.056449
12.000000,74.500000,3399.597710
13.000000,74.500000,3698.419086
14.000000,74.500000,4002.280948
15.000000,74.500000,4318.059954
16.000000,74.500000,4626.672072
17.000000,74.500000,4945.362604
10.000000,75.000000,2806.621111
11.000000,75.000000,3097.042618
12.000000,75.000000,3401.690765
13.000000,75.000000,3700.073862
14.000000,75.000000,4003.995545
15.000000,75.000000,4319.834356
16.000000,75.000000,4628.070476
17.000000,75.000000,4946.726590
10.000000,75.500000,2808.533933
11.000000,75.500000,3099.108335
12.000000,75.500000,3403.914709
13.000000,75.500000,3701.826354
14.000000,75.500000,4005.766307
15.000000,75.500000,4321.321075
16.000000,75.500000,4629.468770
17.000000,75.500000,4948.083851
10.000000,76.000000,2810.447156
11.000000,76.000000,3101.174460
12.000000,76.000000,3406.139069
13.000000,76.000000,3703.578917
14.000000,76.000000,4007.537126
15.000000,76.000000,4322.807704
16.000000,76.000000,4630.866942
17.000000,76.000000,4949.440982
10.000000,76.500000,2812.493688
11.000000,76.500000,3103.338399
12.000000,76.500000,3408.421774
13.000000,76.500000,3705.361618
14.000000,76.500000,4009.327613
15.000000,76.500000,4324.248164
16.000000,76.500000,4632.281681
17.000000,76.500000,4950.825458
10.000000,77.000000,2814.540700
11.000000,77.000000,3105.502802
12.000000,77.000000,3410.704927
13.000000,77.000000,3707.144402
14.000000,77.000000,4011.118164
15.000000,77.000000,4325.688513
16.000000,77.000000,4633.696302
17.000000,77.000000,4952.209809
10.000000,77.500000,2816.871624
11.000000,77.500000,3107.829424
12.000000,77.500000,3413.015811
13.000000,77.500000,3708.931398
14.000000,77.500000,4012.914975
15.000000,77.500000,4327.137852
16.000000,77.500000,4635.144475
17.000000,77.500000,4953.653862
10.000000,78.000000,2819.203211
11.000000,78.000000,3110.156606
12.000000,78.000000,3415.327156
13.000000,78.000000,3710.718478
14.000000,78.000000,4014.711853
15.000000,78.000000,4328.587082
16.000000,78.000000,4636.592536
17.000000,78.000000,4955.097800
10.000000,78.500000,2821.569768
11.000000,78.500000,3112.502203
12.000000,78.500000,3417.638638
13.000000,78.500000,3712.509993
14.000000,78.500000,4016.515219
15.000000,78.500000,4330.061039
16.000000,78.500000,4638.184975
17.000000,78.500000,4956.813469
9.000000,79.000000,2547.216503
10.000000,79.000000,2823.937013
11.000000,79.000000,3114.848371
12.000000,79.000000,3419.950577
13.000000,79.000000,3714.301593
14.000000,79.000000,4018.318653
15.000000,79.000000,4331.534891
16.000000,79.000000,4639.777323
17.000000,79.000000,4958.529063
9.000000,79.500000,2549.671351
10.000000,79.500000,2826.359674
11.000000,79.500000,3117.222847
12.000000,79.500000,3422.260870
13.000000,79.500000,3716.097853
14.000000,79.500000,4020.128806
15.000000,79.500000,4333.024606
16.000000,79.500000,4641.380175
17.000000,79.500000,4960.249437
9.000000,80.000000,2552.127084
10.000000,80.000000,2828.783067
11.000000,80.000000,3119.597912
12.000000,80.000000,3424.571616
13.000000,80.000000,3717.894199
14.000000,80.000000,4021.939029
15.000000,80.000000,4334.514219
16.000000,80.000000,4642.982940
17.000000,80.000000,4961.969738
9.000000,80.500000,2554.697408
10.000000,80.500000,2831.302438
11.000000,80.500000,3122.047900
12.000000,80.500000,3426.933794
13.000000,80.500000,3719.830506
14.000000,80.500000,4023.974601
15.000000,80.500000,4336.268409
16.000000,80.500000,4644.740957
17.000000,80.500000,4963.728055
9.000000,81.000000,2557.268733
10.000000,81.000000,2833.822630
11.000000,81.000000,3124.498540
12.000000,81.000000,3429.296465
13.000000,81.000000,3721.766971
14.000000,81.000000,4026.010347
15.000000,81.000000,4338.022585
16.000000,81.000000,4646.498939
17.000000,81.000000,4965.486316
9.000000,81.500000,2559.855939
10.000000,81.500000,2836.455579
11.000000,81.500000,3127.168735
12.000000,81.500000,3431.542164
13.000000,81.500000,3723.983956
14.000000,81.500000,4028.247417
15.000000,81.500000,4339.887874
16.000000,81.500000,4648.317869
17.000000,81.500000,4967.251776
9.000000,82.000000,2562.444153
10.000000,82.000000,2839.089462
11.000000,82.000000,3129.839788
12.000000,82.000000,3433.788299
13.000000,82.000000,3726.201285
14.000000,82.000000,4030.484777
15.000000,82.000000,4341.753189
16.000000,82.000000,4650.136786
17.000000,82.000000,4969.017185
9.000000,82.500000,2565.040270
10.000000,82.500000,2841.725914
11.000000,82.500000,3132.507587
12.000000,82.500000,3435.977916
13.000000,82.500000,3728.439024
14.000000,82.500000,4032.767250
15.000000,82.500000,4343.666174
16.000000,82.500000,4651.977893
17.000000,82.500000,4970.777545
9.000000,83.000000,2567.637396
10.000000,83.000000,2844.363298
11.000000,83.000000,3135.176242
12.000000,83.000000,3438.167932
13.000000,83.000000,3730.677116
14.000000,83.000000,4035.050033
15.000000,83.000000,4345.579202
16.000000,83.000000,4653.818994
17.000000,83.000000,4972.537855
9.000000,83.500000,2570.389293
10.000000,83.500000,2847.075534
11.000000,83.500000,3137.830847
12.000000,83.500000,3440.274584
13.000000,83.500000,3732.876853
14.000000,83.500000,4037.343323
15.000000,83.500000,4347.520741
16.000000,83.500000,4655.670219
17.000000,83.500000,4974.288640
9.000000,84.000000,2573.142396
10.000000,84.000000,2849.788797
11.000000,84.000000,3140.486308
12.000000,84.000000,3442.381582
13.000000,84.000000,3735.076919
14.000000,84.000000,4039.636925
15.000000,84.000000,4349.462334
16.000000,84.000000,4657.521443
17.000000,84.000000,4976.039375
9.000000,84.500000,2576.194437
10.000000,84.500000,2852.703523
11.000000,84.500000,3143.234023
12.000000,84.500000,3444.490259
13.000000,84.500000,3737.251483
14.000000,84.500000,4041.875752
15.000000,84.500000,4351.335250
16.000000,84.500000,4659.328278
17.000000,84.500000,4977.771742
9.000000,85.000000,2579.248095
10.000000,85.000000,2855.619522
11.000000,85.000000,3145.982696
12.000000,85.000000,3446.599280
13.000000,85.000000,3739.426365
14.000000,85.000000,4044.114867
15.000000,85.000000,4353.208204
16.000000,85.000000,4661.135104
17.000000,85.000000,4979.504056
9.000000,85.500000,2582.318539
10.000000,85.500000,2858.545072
11.000000,85.500000,3148.732930
12.000000,85.500000,3448.713210
13.000000,85.500000,3741.544479
14.000000,85.500000,4046.230683
15.000000,85.500000,4354.982925
16.000000,85.500000,4662.994592
17.000000,85.500000,4981.450044
9.000000,86.000000,2585.390618
10.000000,86.000000,2861.471902
11.000000,86.000000,3151.484119
12.000000,86.000000,3450.827485
13.000000,86.000000,3743.662880
14.000000,86.000000,4048.346731
15.000000,86.000000,4356.757649
16.000000,86.000000,4664.854082
17.000000,86.000000,4983.396033
9.000000,86.500000,2588.489731
10.000000,86.500000,2864.452656
11.000000,86.500000,3154.318675
12.000000,86.500000,3453.052958
13.000000,86.500000,3745.866117
14.000000,86.500000,4050.518806
15.000000,86.500000,4358.586135
16.000000,86.500000,4666.787578
17.000000,86.500000,4985.437474
9.000000,87.000000,2591.590508
10.000000,87.000000,2867.434741
11.000000,87.000000,3157.154254
12.000000,87.000000,3455.278839
13.000000,87.000000,3748.069685
14.000000,87.000000,4052.691137
15.000000,87.000000,4360.414642
16.000000,87.000000,4668.721099
17.000000,87.000000,4987.478944
9.000000,87.500000,2594.599997
10.000000,87.500000,2870.371716
11.000000,87.500000,3159.995858
12.000000,87.500000,3457.561817
13.000000,87.500000,3750.333903
14.000000,87.500000,4054.927780
15.000000,87.500000,4362.335151
16.000000,87.500000,4670.784444
17.000000,87.500000,4989.690309
9.000000,88.000000,2597.611050
10.000000,88.000000,2873.309979
11.000000,88.000000,3162.838487
12.000000,88.000000,3459.845234
13.000000,88.000000,3752.598483
14.000000,88.000000,4057.164709
15.000000,88.000000,4364.255711
16.000000,88.000000,4672.847855
17.000000,88.000000,4991.901755
9.000000,88.500000,2600.643314
10.000000,88.500000,2876.299578
11.000000,88.500000,3165.765414
12.000000,88.500000,3462.231110
13.000000,88.500000,3754.946962
14.000000,88.500000,4059.465213
15.000000,88.500000,4366.267435
16.000000,88.500000,4675.053595
9.000000,89.000000,2603.677164
10.000000,89.000000,2879.290512
11.000000,89.000000,3168.693432
12.000000,89.000000,3464.617484
13.000000,89.000000,3757.295846
14.000000,89.000000,4061.766033
15.000000,89.000000,4368.279242
16.000000,89.000000,4677.259449
9.000000,89.500000,2606.840463
10.000000,89.500000,2882.638413
11.000000,89.500000,3172.227265
12.000000,89.500000,3467.695348
13.000000,89.500000,3760.312154
14.000000,89.500000,4064.706158
15.000000,89.500000,4370.759292
16.000000,89.500000,4679.702675
9.000000,90.000000,2610.005490
10.000000,90.000000,2885.988006
11.000000,90.000000,3175.762746
12.000000,90.000000,3470.774174
13.000000,90.000000,3763.329267
14.000000,90.000000,4067.646939
15.000000,90.000000,4373.239604
16.000000,90.000000,4682.146105
9.000000,90.500000,2613.439537
10.000000,90.500000,2889.507277
11.000000,90.500000,3179.357380
12.000000,90.500000,3473.841840
13.000000,90.500000,3766.375779
14.000000,90.500000,4070.660878
15.000000,90.500000,4375.785391
16.000000,90.500000,4684.613922
9.000000,91.000000,2616.875659
10.000000,91.000000,2893.028446
11.000000,91.000000,3182.953728
12.000000,91.000000,3476.910461
13.000000,91.000000,3769.423116
14.000000,91.000000,4073.675520
15.000000,91.000000,4378.331474
16.000000,91.000000,4687.081955
9.000000,91.500000,2620.690639
10.000000,91.500000,2896.782829
11.000000,91.500000,3186.621374
12.000000,91.500000,3479.956465
13.000000,91.500000,3772.448559
14.000000,91.500000,4076.669131
15.000000,91.500000,4380.858794
16.000000,91.500000,4689.531478
9.000000,92.000000,2624.508230
10.000000,92.000000,2900.539410
11.000000,92.000000,3190.290815
12.000000,92.000000,3483.003407
13.000000,92.000000,3775.474814
14.000000,92.000000,4079.663433
15.000000,92.000000,4383.386404
16.000000,92.000000,4691.981212
9.000000,92.500000,2628.302902
10.000000,92.500000,2904.266835
11.000000,92.500000,3193.924458
12.000000,92.500000,3486.028213
13.000000,92.500000,3778.479638
14.000000,92.500000,4082.637146
15.000000,92.500000,4385.895529
16.000000,92.500000,4694.412700
9.000000,93.000000,2632.100143
10.000000,93.000000,2907.996414
11.000000,93.000000,3197.559850
12.000000,93.000000,3489.053941
13.000000,93.000000,3781.485259
14.000000,93.000000,4085.611539
15.000000,93.000000,4388.404938
16.000000,93.000000,4696.844394
9.000000,93.500000,2635.928038
10.000000,93.500000,2911.763946
11.000000,93.500000,3201.241215
12.000000,93.500000,3492.134003
13.000000,93.500000,3784.513582
14.000000,93.500000,4088.574229
15.000000,93.500000,4390.896132
16.000000,93.500000,4699.258098
9.000000,94.000000,2639.758542
10.000000,94.000000,2915.533682
11.000000,94.000000,3204.924392
12.000000,94.000000,3495.215055
13.000000,94.000000,3787.542733
14.000000,94.000000,4091.537594
15.000000,94.000000,4393.387605
16.000000,94.000000,4701.672004
9.000000,94.500000,2643.710109
10.000000,94.500000,2919.448235
11.000000,94.500000,3208.778119
12.000000,94.500000,3498.455161
13.000000,94.500000,3790.651671
14.000000,94.500000,4094.494479
15.000000,94.500000,4395.926636
16.000000,94.500000,4704.218827
9.000000,95.000000,2647.664466
10.000000,95.000000,2923.365200
11.000000,95.000000,3212.633892
12.000000,95.000000,3501.696441
13.000000,95.000000,3793.761527
14.000000,95.000000,4097.452041
15.000000,95.000000,4398.465976
16.000000,95.000000,4706.765920
9.000000,95.500000,2651.633819
10.000000,95.500000,2927.294925
11.000000,95.500000,3216.500017
12.000000,95.500000,3505.011363
13.000000,95.500000,3797.042154
14.000000,95.500000,4100.684974
15.000000,95.500000,4401.339151
16.000000,95.500000,4709.682654
9.000000,96.000000,2655.605979
10.000000,96.000000,2931.227078
11.000000,96.000000,3220.368204
12.000000,96.000000,3508.327541
13.000000,96.000000,3800.323858
14.000000,96.000000,4103.918813
15.000000,96.000000,4404.212855
16.000000,96.000000,4712.599875
9.000000,96.500000,2659.592137
10.000000,96.500000,2935.170845
11.000000,96.500000,3224.245441
12.000000,96.500000,3511.670089
13.000000,96.500000,3803.639726
14.000000,96.500000,4107.195127
15.000000,96.500000,4407.139435
16.000000,96.500000,4715.567074
9.000000,97.000000,2663.581119
10.000000,97.000000,2939.117054
11.000000,97.000000,3228.124752
12.000000,97.000000,3515.013925
13.000000,97.000000,3806.956709
14.000000,97.000000,4110.472386
15.000000,97.000000,4410.066584
16.000000,97.000000,4718.534794
9.000000,97.500000,2667.882890
10.000000,97.500000,2943.357693
11.000000,97.500000,3232.277143
12.000000,97.500000,3518.584660
13.000000,97.500000,3810.410306
14.000000,97.500000,4113.787900
15.000000,97.500000,4413.043582
16.000000,97.500000,4721.557914
9.000000,98.000000,2672.187982
10.000000,98.000000,2947.601209
11.000000,98.000000,3236.431989
12.000000,98.000000,3522.156948
13.000000,98.000000,3813.865164
14.000000,98.000000,4117.104395
15.000000,98.000000,4416.021186
16.000000,98.000000,4724.581592
9.000000,98.500000,2676.812675
10.000000,98.500000,2952.016781
11.000000,98.500000,3240.595701
12.000000,98.500000,3525.792745
13.000000,98.500000,3817.500231
14.000000,98.500000,4120.703939
15.000000,98.500000,4419.205875
16.000000,98.500000,4727.690554
9.000000,99.000000,2681.441225
10.000000,99.000000,2956.435485
11.000000,99.000000,3244.761878
12.000000,99.000000,3529.430163
13.000000,99.000000,3821.136736
14.000000,99.000000,4124.304718
15.000000,99.000000,4422.391328
16.000000,99.000000,4730.800130
9.000000,99.500000,2686.030867
10.000000,99.500000,2960.810761
11.000000,99.500000,3248.880033
12.000000,99.500000,3533.055162
13.000000,99.500000,3824.768120
14.000000,99.500000,4127.554180
15.000000,99.500000,4425.550291
16.000000,99.500000,4733.854258
9.000000,100.000000,2690.624292
10.000000,100.000000,2965.189098
11.000000,100.000000,3253.000588
12.000000,100.000000,3536.681767
13.000000,100.000000,3828.400936
14.000000,100.000000,4130.804564
15.000000,100.000000,4428.709987
16.000000,100.000000,4736.908936
9.000000,100.500000,2695.262030
10.000000,100.500000,2969.570476
11.000000,100.500000,3257.078732
12.000000,100.500000,3540.290404
13.000000,100.500000,3832.014832
14.000000,100.500000,4134.031786
15.000000,100.500000,4431.846260
16.000000,100.500000,4739.939991
9.000000,101.000000,2699.903635
10.000000,101.000000,2973.954924
11.000000,101.000000,3261.159220
12.000000,101.000000,3543.900626
13.000000,101.000000,3835.630141
14.000000,101.000000,4137.259912
15.000000,101.000000,4434.983249
16.000000,101.000000,4742.971579
9.000000,101.500000,2704.686810
10.000000,101.500000,2978.589074
11.000000,101.500000,3265.607007
12.000000,101.500000,3547.772289
13.000000,101.500000,3839.360778
14.000000,101.500000,4140.469719
15.000000,101.500000,4438.135226
16.000000,101.500000,4746.053830
9.000000,102.000000,2709.474098
10.000000,102.000000,2983.226663
11.000000,102.000000,3270.057601
12.000000,102.000000,3551.645802
13.000000,102.000000,3843.092931
14.000000,102.000000,4143.680415
15.000000,102.000000,4441.287931
16.000000,102.000000,4749.136652
9.000000,102.500000,2714.377827
10.000000,102.500000,2988.121811
11.000000,102.500000,3274.919596
12.000000,102.500000,3555.779685
13.000000,102.500000,3846.928039
14.000000,102.500000,4146.876163
15.000000,102.500000,4444.451768
16.000000,102.500000,4752.258536
8.000000,103.000000,2458.580176
9.000000,103.000000,2719.285863
10.000000,103.000000,2993.020792
11.000000,103.000000,3279.784963
12.000000,103.000000,3559.915699
13.000000,103.000000,3850.764759
14.000000,103.000000,4150.072788
15.000000,103.000000,4447.616342
16.000000,103.000000,4755.381018
8.000000,103.500000,2463.466949
9.000000,103.500000,2724.199891
10.000000,103.500000,2997.938761
11.000000,103.500000,3284.511549
12.000000,103.500000,3564.142942
13.000000,103.500000,3854.775067
14.000000,103.500000,4153.510403
15.000000,103.500000,4450.940010
16.000000,103.500000,4758.574650
8.000000,104.000000,2468.358486
9.000000,104.000000,2729.118225
10.000000,104.000000,3002.860584
11.000000,104.000000,3289.241292
12.000000,104.000000,3568.372417
13.000000,104.000000,3858.787154
14.000000,104.000000,4156.949077
15.000000,104.000000,4454.264527
16.000000,104.000000,4761.768931
17.000000,104.000000,5073.251348
18.000000,104.000000,5391.803578
8.000000,104.500000,2473.465664
9.000000,104.500000,2734.196764
10.000000,104.500000,3007.880277
11.000000,104.500000,3293.690894
12.000000,104.500000,3572.829787
13.000000,104.500000,3863.237830
14.000000,104.500000,4160.970867
15.000000,104.500000,4458.163910
16.000000,104.500000,4765.528209
17.000000,104.500000,5076.580718
18.000000,104.500000,5394.871745
8.000000,105.000000,2478.578062
9.000000,105.000000,2739.279916
10.000000,105.000000,3012.903991
11.000000,105.000000,3298.143254
12.000000,105.000000,3577.289653
13.000000,105.000000,3867.690748
14.000000,105.000000,4164.994222
15.000000,105.000000,4462.064611
16.000000,105.000000,4769.288574
17.000000,105.000000,5079.910730
18.000000,105.000000,5397.940333
8.000000,105.500000,2483.964131
9.000000,105.500000,2744.610078
10.000000,105.500000,3018.143721
11.000000,105.500000,3302.788167
12.000000,105.500000,3581.894327
13.000000,105.500000,3872.236191
14.000000,105.500000,4169.061955
15.000000,105.500000,4466.003675
16.000000,105.500000,4773.080842
17.000000,105.500000,5083.245326
18.000000,105.500000,5400.988382
8.000000,106.000000,2489.356016
9.000000,106.000000,2749.945343
10.000000,106.000000,3023.387854
11.000000,106.000000,3307.436114
12.000000,106.000000,3586.501686
13.000000,106.000000,3876.783982
14.000000,106.000000,4173.131295
15.000000,106.000000,4469.944093
16.000000,106.000000,4776.874226
17.000000,106.000000,5086.580572
18.000000,106.000000,5404.036844
8.000000,106.500000,2494.732732
9.000000,106.500000,2755.269000
10.000000,106.500000,3028.624452
11.000000,106.500000,3312.094298
12.000000,106.500000,3591.133416
13.000000,106.500000,3881.371431
14.000000,106.500000,4177.235307
15.000000,106.500000,4473.889504
16.000000,106.500000,4780.640893
17.000000,106.500000,5089.877846
18.000000,106.500000,5407.049117
8.000000,107.000000,2500.115215
9.000000,107.000000,2760.597721
10.000000,107.000000,3033.865423
11.000000,107.000000,3316.755520
12.000000,107.000000,3595.767854
13.000000,107.000000,3885.961267
14.000000,107.000000,4181.340959
15.000000,107.000000,4477.836273
16.000000,107.000000,4784.408656
17.000000,107.000000,5093.175749
18.000000,107.000000,5410.061784
8.000000,107.500000,2505.734233
9.000000,107.500000,2766.077949
10.000000,107.500000,3039.163528
11.000000,107.500000,3321.416017
12.000000,107.500000,3600.449554
13.000000,107.500000,3890.650287
14.000000,107.500000,4185.542835
15.000000,107.500000,4481.819430
16.000000,107.500000,4788.148709
17.000000,107.500000,5096.500450
18.000000,107.500000,5413.178567
8.000000,108.000000,2511.359523
9.000000,108.000000,2771.563524
10.000000,108.000000,3044.466088
11.000000,108.000000,3326.079540
12.000000,108.000000,3605.134017
13.000000,108.000000,3895.341812
14.000000,108.000000,4189.746454
15.000000,108.000000,4485.803982
16.000000,108.000000,4791.889840
17.000000,108.000000,5099.825797
18.000000,108.000000,5416.295801
8.000000,108.500000,2516.965718
9.000000,108.500000,2777.024848
10.000000,108.500000,3049.738956
11.000000,108.500000,3330.737664
12.000000,108.500000,3609.815548
13.000000,108.500000,3900.033116
14.000000,108.500000,4193.927021
15.000000,108.500000,4489.757174
16.000000,108.500000,4795.590912
17.000000,108.500000,5103.155276
18.000000,108.500000,5419.457122
8.000000,109.000000,2522.578125
9.000000,109.000000,2782.491451
10.000000,109.000000,3055.016207
11.000000,109.000000,3335.398794
12.000000,109.000000,3614.499826
13.000000,109.000000,3904.726911
14.000000,109.000000,4198.109302
15.000000,109.000000,4493.711731
16.000000,109.000000,4799.293032
17.000000,109.000000,5106.485405
18.000000,109.000000,5422.618919
8.000000,109.500000,2528.196501
9.000000,109.500000,2788.111717
10.000000,109.500000,3060.609823
11.000000,109.500000,3340.497896
12.000000,109.500000,3619.455038
13.000000,109.500000,3909.509265
14.000000,109.500000,4202.267366
15.000000,109.500000,4497.633919
16.000000,109.500000,4802.954256
17.000000,109.500000,5109.820699
18.000000,109.500000,5425.820943
8.000000,110.000000,2533.821088
9.000000,110.000000,2793.737578
10.000000,110.000000,3066.208432
11.000000,110.000000,3345.600723
12.000000,110.000000,3624.413406
13.000000,110.000000,3914.294225
14.000000,110.000000,4206.427113
15.000000,110.000000,4501.557441
16.000000,110.000000,4806.616499
17.000000,110.000000,5113.156647
18.000000,110.000000,5429.023466
8.000000,110.500000,2539.441141
9.000000,110.500000,2799.425993
10.000000,110.500000,3071.943533
11.000000,110.500000,3350.871533
12.000000,110.500000,3629.466186
13.000000,110.500000,3919.093420
14.000000,110.500000,4210.650761
15.000000,110.500000,4505.692629
16.000000,110.500000,4810.472797
17.000000,110.500000,5117.028715
18.000000,110.500000,5432.931540
8.000000,111.000000,2545.067381
9.000000,111.000000,2805.120127
10.000000,111.000000,3077.683890
11.000000,111.000000,3356.146347
12.000000,111.000000,3634.522260
13.000000,111.000000,3923.895228
14.000000,111.000000,4214.876146
15.000000,111.000000,4509.829330
16.000000,111.000000,4814.330208
17.000000,111.000000,5120.901792
18.000000,111.000000,5436.840548
8.000000,111.500000,2551.027265
9.000000,111.500000,2811.030643
10.000000,111.500000,3083.510716
11.000000,111.500000,3361.399008
12.000000,111.500000,3639.533884
13.000000,111.500000,3928.628727
14.000000,111.500000,4219.114938
15.000000,111.500000,4514.080090
16.000000,111.500000,4818.376604
17.000000,111.500000,5124.901534
18.000000,111.500000,5440.783251
8.000000,112.000000,2556.994080
9.000000,112.000000,2816.947313
10.000000,112.000000,3089.342949
11.000000,112.000000,3366.655626
12.000000,112.000000,3644.548729
13.000000,112.000000,3933.364746
14.000000,112.000000,4223.355479
15.000000,112.000000,4518.332466
16.000000,112.000000,4822.424255
17.000000,112.000000,5128.902378
18.000000,112.000000,5444.726912
8.000000,112.500000,2563.333981
9.000000,112.500000,2823.097757
10.000000,112.500000,3095.254855
11.000000,112.500000,3371.974177
12.000000,112.500000,3649.806009
13.000000,112.500000,3938.538353
14.000000,112.500000,4228.022086
15.000000,112.500000,4522.823723
16.000000,112.500000,4826.530586
17.000000,112.500000,5132.927378
18.000000,112.500000,5448.658034
8.000000,113.000000,2569.681693
9.000000,113.000000,2829.254840
10.000000,113.000000,3101.172306
11.000000,113.000000,3377.296783
12.000000,113.000000,3655.066890
13.000000,113.000000,3943.715120
14.000000,113.000000,4232.690981
15.000000,113.000000,4527.316869
16.000000,113.000000,4830.638218
17.000000,113.000000,5136.953499
18.000000,113.000000,5452.590105
8.000000,113.500000,2576.041540
9.000000,113.500000,2835.439729
10.000000,113.500000,3107.134807
11.000000,113.500000,3382.718354
12.000000,113.500000,3660.473262
13.000000,113.500000,3949.087548
14.000000,113.500000,4237.581256
15.000000,113.500000,4532.043675
16.000000,113.500000,4834.977319
17.000000,113.500000,5141.094703
18.000000,113.500000,5456.513403
8.000000,114.000000,2582.409209
9.000000,114.000000,2841.631304
10.000000,114.000000,3113.102926
11.000000,114.000000,3388.144136
12.000000,114.000000,3665.883461
13.000000,114.000000,3954.463426
14.000000,114.000000,4242.474095
15.000000,114.000000,4536.772621
16.000000,114.000000,4839.317925
17.000000,114.000000,5145.237122
18.000000,114.000000,5460.437646
8.000000,114.500000,2588.827622
9.000000,114.500000,2847.842909
10.000000,114.500000,3119.057250
11.000000,114.500000,3393.564588
12.000000,114.500000,3671.281136
13.000000,114.500000,3959.819088
14.000000,114.500000,4247.419708
15.000000,114.500000,4541.661424
16.000000,114.500000,4843.871431
17.000000,114.500000,5149.475792
18.000000,114.500000,5464.334083
8.000000,115.000000,2595.253969
9.000000,115.000000,2854.061232
10.000000,115.000000,3125.017152
11.000000,115.000000,3398.989232
12.000000,115.000000,3676.682609
13.000000,115.000000,3965.178163
14.000000,115.000000,4252.367939
15.000000,115.000000,4546.552530
16.000000,115.000000,4848.426641
17.000000,115.000000,5153.715757
18.000000,115.000000,5468.231446
8.000000,115.500000,2601.633986
9.000000,115.500000,2860.229757
10.000000,115.500000,3130.923979
11.000000,115.500000,3404.391291
12.000000,115.500000,3682.061507
13.000000,115.500000,3970.514786
14.000000,115.500000,4257.298123
15.000000,115.500000,4551.426538
16.000000,115.500000,4852.941485
17.000000,115.500000,5157.912004
18.000000,115.500000,5472.081713
8.000000,116.000000,2608.021799
9.000000,116.000000,2866.404873
10.000000,116.000000,3136.836268
11.000000,116.000000,3409.797498
12.000000,116.000000,3687.444161
13.000000,116.000000,3975.854782
14.000000,116.000000,4262.230891
15.000000,116.000000,4556.302818
16.000000,116.000000,4857.457990
17.000000,116.000000,5162.109510
18.000000,116.000000,5475.932874
8.000000,116.500000,2614.363320
9.000000,116.500000,2872.530271
10.000000,116.500000,3142.695598
11.000000,116.500000,3415.181357
12.000000,116.500000,3692.804440
13.000000,116.500000,3981.172482
14.000000,116.500000,4267.145844
15.000000,116.500000,4561.162244
16.000000,116.500000,4861.950921
17.000000,116.500000,5166.329181
8.000000,117.000000,2620.712500
9.000000,117.000000,2878.662132
10.000000,117.000000,3148.560277
11.000000,117.000000,3420.569318
12.000000,117.000000,3698.168433
13.000000,117.000000,3986.493518
14.000000,117.000000,4272.063350
15.000000,117.000000,4566.023912
16.000000,117.000000,4866.445487
17.000000,117.000000,5170.550129
8.000000,117.500000,2627.212011
9.000000,117.500000,2885.258813
10.000000,117.500000,3155.233242
11.000000,117.500000,3426.711284
12.000000,117.500000,3704.001349
13.000000,117.500000,3991.973849
14.000000,117.500000,4277.070148
15.000000,117.500000,4570.909558
16.000000,117.500000,4870.990660
17.000000,117.500000,5175.033856
8.000000,118.000000,2633.719533
9.000000,118.000000,2891.862985
10.000000,118.000000,3161.913190
11.000000,118.000000,3432.858655
12.000000,118.000000,3709.838709
13.000000,118.000000,3997.457733
14.000000,118.000000,4282.079599
15.000000,118.000000,4575.797463
16.000000,118.000000,4875.537514
17.000000,118.000000,5179.519086
8.000000,118.500000,2640.477592
9.000000,118.500000,2898.652721
10.000000,118.500000,3168.706235
11.000000,118.500000,3439.054135
12.000000,118.500000,3715.702323
13.000000,118.500000,4002.881116
14.000000,118.500000,4287.100413
15.000000,118.500000,4580.674203
16.000000,118.500000,4880.084780
17.000000,118.500000,5184.033592
8.000000,119.000000,2647.244288
9.000000,119.000000,2905.450374
10.000000,119.000000,3175.506492
11.000000,119.000000,3445.255097
12.000000,119.000000,3721.570414
13.000000,119.000000,4008.307961
14.000000,119.000000,4292.123885
15.000000,119.000000,4585.553179
16.000000,119.000000,4884.633726
17.000000,119.000000,5188.549626
8.000000,119.500000,2654.245944
9.000000,119.500000,2912.373372
10.000000,119.500000,3182.310971
11.000000,119.500000,3451.419344
12.000000,119.500000,3727.413272
13.000000,119.500000,4013.480089
14.000000,119.500000,4297.325219
15.000000,119.500000,4590.772668
16.000000,119.500000,4889.535273
17.000000,119.500000,5193.257780
8.000000,120.000000,2661.256836
9.000000,120.000000,2919.304572
10.000000,120.000000,3189.122654
11.000000,120.000000,3457.588993
12.000000,120.000000,3733.260557
13.000000,120.000000,4018.655333
14.000000,120.000000,4302.529428
15.000000,120.000000,4595.994784
16.000000,120.000000,4894.438868
17.000000,120.000000,5197.967648
8.000000,120.500000,2668.280856
9.000000,120.500000,2926.227815
10.000000,120.500000,3195.903474
11.000000,120.500000,3463.739061
12.000000,120.500000,3739.119337
13.000000,120.500000,4023.928793
14.000000,120.500000,4307.970881
15.000000,120.500000,4601.602487
16.000000,120.500000,4899.752025
17.000000,120.500000,5203.056368
8.000000,121.000000,2675.314121
9.000000,121.000000,2933.159219
10.000000,121.000000,3202.691413
11.000000,121.000000,3469.894482
12.000000,121.000000,3744.982550
13.000000,121.000000,4029.205491
14.000000,121.000000,4313.415506
15.000000,121.000000,4607.213290
16.000000,121.000000,4905.067690
17.000000,121.000000,5208.147191
8.000000,121.500000,2682.340866
9.000000,121.500000,2940.084889
10.000000,121.500000,3209.474740
11.000000,121.500000,3476.347482
12.000000,121.500000,3751.511140
13.000000,121.500000,4035.445249
14.000000,121.500000,4319.461019
15.000000,121.500000,4613.036277
16.000000,121.500000,4910.397623
17.000000,121.500000,5213.232395
8.000000,122.000000,2689.376814
9.000000,122.000000,2947.018685
10.000000,122.000000,3216.265157
11.000000,122.000000,3482.806364
12.000000,122.000000,3758.045254
13.000000,122.000000,4041.689620
14.000000,122.000000,4325.510501
15.000000,122.000000,4618.862622
16.000000,122.000000,4915.730079
17.000000,122.000000,5218.319691
8.000000,122.500000,2696.376479
9.000000,122.500000,2953.921092
10.000000,122.500000,3223.029930
11.000000,122.500000,3489.259672
12.000000,122.500000,3764.564073
13.000000,122.500000,4047.892679
14.000000,122.500000,4331.543703
15.000000,122.500000,4624.699575
16.000000,122.500000,4921.069454
17.000000,122.500000,5223.389958
8.000000,123.000000,2703.385225
9.000000,123.000000,2960.831527
10.000000,123.000000,3229.801718
11.000000,123.000000,3495.718836
12.000000,123.000000,3771.088375
13.000000,123.000000,4054.100276
14.000000,123.000000,4337.580842
15.000000,123.000000,4630.539890
16.000000,123.000000,4926.411356
17.000000,123.000000,5228.462297
8.000000,123.500000,2710.355267
9.000000,123.500000,2967.704106
10.000000,123.500000,3236.536975
11.000000,123.500000,3502.163036
12.000000,123.500000,3777.592465
13.000000,123.500000,4060.287919
14.000000,123.500000,4343.686411
15.000000,123.500000,4636.543024
16.000000,123.500000,4931.867342
17.000000,123.500000,5233.555729
8.000000,124.000000,2717.334263
9.000000,124.000000,2974.584602
10.000000,124.000000,3243.279150
11.000000,124.000000,3508.613051
12.000000,124.000000,3784.101989
13.000000,124.000000,4066.480059
14.000000,124.000000,4349.796005
15.000000,124.000000,4642.549721
16.000000,124.000000,4937.325978
17.000000,124.000000,5238.651249
8.000000,124.500000,2724.239855
9.000000,124.500000,2981.452000
10.000000,124.500000,3249.796610
11.000000,124.500000,3515.103564
12.000000,124.500000,3790.614002
13.000000,124.500000,4072.638484
14.000000,124.500000,4355.872074
15.000000,124.500000,4648.523235
16.000000,124.500000,4942.732487
17.000000,124.500000,5243.698447
8.000000,125.000000,2731.154193
9.000000,125.000000,2988.327269
10.000000,125.000000,3256.320532
11.000000,125.000000,3521.599955
12.000000,125.000000,3797.131440
13.000000,125.000000,4078.801343
14.000000,125.000000,4361.952110
15.000000,125.000000,4654.500260
16.000000,125.000000,4948.141583
17.000000,125.000000,5248.747680
8.000000,125.500000,2738.498030
9.000000,125.500000,2995.835345
10.000000,125.500000,3263.614742
11.000000,125.500000,3528.689362
12.000000,125.500000,3803.975444
13.000000,125.500000,4085.086186
14.000000,125.500000,4368.081407
15.000000,125.500000,4660.448620
16.000000,125.500000,4953.495687
17.000000,125.500000,5253.748167
8.000000,126.000000,2745.851726
9.000000,126.000000,3003.352829
10.000000,126.000000,3270.917087
11.000000,126.000000,3535.785828
12.000000,126.000000,3810.825471
13.000000,126.000000,4091.375657
14.000000,126.000000,4374.214742
15.000000,126.000000,4666.400447
16.000000,126.000000,4958.852313
17.000000,126.000000,5258.750638
8.000000,126.500000,2753.350176
9.000000,126.500000,3010.925993
10.000000,126.500000,3278.168970
11.000000,126.500000,3542.888114
12.000000,126.500000,3817.742407
13.000000,126.500000,4097.760297
14.000000,126.500000,4380.376650
15.000000,126.500000,4672.309573
16.000000,126.500000,4964.334749
17.000000,126.500000,5264.088773
7.000000,127.000000,2514.496238
8.000000,127.000000,2760.858850
9.000000,127.000000,3018.508682
10.000000,127.000000,3285.428854
11.000000,127.000000,3549.997453
12.000000,127.000000,3824.665479
13.000000,127.000000,4104.149716
14.000000,127.000000,4386.542632
15.000000,127.000000,4678.222101
16.000000,127.000000,4969.819852
17.000000,127.000000,5269.429240
7.000000,127.500000,2521.884054
8.000000,127.500000,2768.341441
9.000000,127.500000,3026.059085
10.000000,127.500000,3292.638550
11.000000,127.500000,3557.065067
12.000000,127.500000,3831.556273
13.000000,127.500000,4110.511120
14.000000,127.500000,4392.667204
15.000000,127.500000,4684.079083
16.000000,127.500000,4975.516228
17.000000,127.500000,5275.246242
7.000000,128.000000,2529.282703
8.000000,128.000000,2775.834158
9.000000,128.000000,3033.618905
10.000000,128.000000,3299.856114
11.000000,128.000000,3564.139630
12.000000,128.000000,3838.453127
13.000000,128.000000,4116.877248
14.000000,128.000000,4398.795783
15.000000,128.000000,4689.939387
16.000000,128.000000,4981.215518
17.000000,128.000000,5281.066105
7.000000,128.500000,2536.660869
8.000000,128.500000,2783.300511
9.000000,128.500000,3041.146291
10.000000,128.500000,3307.025475
11.000000,128.500000,3571.174184
12.000000,128.500000,3845.319114
13.000000,128.500000,4123.289359
14.000000,128.500000,4405.102671
15.000000,128.500000,4695.920107
16.000000,128.500000,4987.151265
17.000000,128.500000,5286.994613
7.000000,129.000000,2544.049779
8.000000,129.000000,2790.776891
9.000000,129.000000,3048.682986
10.000000,129.000000,3314.202576
11.000000,129.000000,3578.215589
12.000000,129.000000,3852.191088
13.000000,129.000000,4129.706263
14.000000,129.000000,4411.413833
15.000000,129.000000,4701.904340
16.000000,129.000000,4993.090229
17.000000,129.000000,5292.926108
7.000000,129.500000,2551.420892
8.000000,129.500000,2798.253519
9.000000,129.500000,3056.240026
10.000000,129.500000,3321.425212
11.000000,129.500000,3585.380284
12.000000,129.500000,3859.270361
13.000000,129.500000,4136.488350
14.000000,129.500000,4418.268131
15.000000,129.500000,4708.543932
16.000000,129.500000,4999.454296
17.000000,129.500000,5298.985448
7.000000,130.000000,2558.802666
8.000000,130.000000,2805.740145
9.000000,130.000000,3063.806400
10.000000,130.000000,3328.655671
11.000000,130.000000,3592.552071
12.000000,130.000000,3866.356011
13.000000,130.000000,4143.275853
14.000000,130.000000,4425.127572
15.000000,130.000000,4715.187998
16.000000,130.000000,5005.822152
17.000000,130.000000,5305.047927
