weight_g,420.000000
thrust_N,velocity_m_s,power_W
21.000000,0.000000,928.100589
22.000000,0.000000,982.809425
23.000000,0.000000,1038.946435
24.000000,0.000000,1096.511620
25.000000,0.000000,1155.504979
26.000000,0.000000,1216.171223
27.000000,0.000000,1283.121208
28.000000,0.000000,1351.568642
29.000000,0.000000,1421.513523
30.000000,0.000000,1492.955852
21.000000,0.500000,931.994343
22.000000,0.500000,986.870842
23.000000,0.500000,1043.179261
24.000000,0.500000,1100.919602
25.000000,0.500000,1160.091862
26.000000,0.500000,1221.322292
27.000000,0.500000,1288.402530
28.000000,0.500000,1356.981860
29.000000,0.500000,1427.060283
30.000000,0.500000,1498.637799
20.000000,1.000000,882.286610
21.000000,1.000000,935.895374
22.000000,1.000000,990.939809
23.000000,1.000000,1047.419914
24.000000,1.000000,1105.335691
25.000000,1.000000,1164.687138
26.000000,1.000000,1226.482429
27.000000,1.000000,1293.693045
28.000000,1.000000,1362.404398
29.000000,1.000000,1432.616488
30.000000,1.000000,1504.329314
20.000000,1.500000,886.051065
21.000000,1.500000,939.824639
22.000000,1.500000,995.037640
23.000000,1.500000,1051.690067
24.000000,1.500000,1109.781919
25.000000,1.500000,1169.313198
26.000000,1.500000,1231.655918
27.000000,1.500000,1298.997967
28.000000,1.500000,1367.842422
29.000000,1.500000,1438.189286
30.000000,1.500000,1510.038557
20.000000,2.000000,889.822611
21.000000,2.000000,943.761266
22.000000,2.000000,999.143106
23.000000,2.000000,1055.968132
24.000000,2.000000,1114.236343
25.000000,2.000000,1173.947740
26.000000,2.000000,1236.838515
27.000000,2.000000,1304.312124
28.000000,2.000000,1373.289810
29.000000,2.000000,1443.771574
30.000000,2.000000,1515.757415
20.000000,2.500000,893.621974
21.000000,2.500000,947.726314
22.000000,2.500000,1003.277602
23.000000,2.500000,1060.275838
24.000000,2.500000,1118.721022
25.000000,2.500000,1178.613155
26.000000,2.500000,1242.034849
27.000000,2.500000,1309.641082
28.000000,2.500000,1378.753091
29.000000,2.500000,1449.370874
20.000000,3.000000,897.428512
21.000000,3.000000,951.698807
22.000000,3.000000,1007.419817
23.000000,3.000000,1064.591543
24.000000,3.000000,1123.213985
25.000000,3.000000,1183.287142
26.000000,3.000000,1247.240332
27.000000,3.000000,1314.979321
28.000000,3.000000,1384.225780
29.000000,3.000000,1454.979710
20.000000,3.500000,901.448577
21.000000,3.500000,955.850544
22.000000,3.500000,1011.705231
23.000000,3.500000,1069.012638
24.000000,3.500000,1127.772766
25.000000,3.500000,1187.985613
26.000000,3.500000,1252.438080
27.000000,3.500000,1320.316581
28.000000,3.500000,1389.704242
29.000000,3.500000,1460.601063
20.000000,4.000000,905.476586
21.000000,4.000000,960.010381
22.000000,4.000000,1015.998899
23.000000,4.000000,1073.442142
24.000000,4.000000,1132.340109
25.000000,4.000000,1192.692801
26.000000,4.000000,1257.645075
27.000000,4.000000,1325.663216
28.000000,4.000000,1395.192207
29.000000,4.000000,1466.232047
20.000000,4.500000,909.570015
21.000000,4.500000,964.218069
22.000000,4.500000,1020.322240
23.000000,4.500000,1077.882528
24.000000,4.500000,1136.898934
25.000000,4.500000,1197.371456
26.000000,4.500000,1262.813840
27.000000,4.500000,1330.978296
28.000000,4.500000,1400.655561
29.000000,4.500000,1471.845634
20.000000,5.000000,913.671619
21.000000,5.000000,968.434047
22.000000,5.000000,1024.653981
23.000000,5.000000,1082.331421
24.000000,5.000000,1141.466366
25.000000,5.000000,1202.058816
26.000000,5.000000,1267.991910
27.000000,5.000000,1336.302826
28.000000,5.000000,1406.128511
29.000000,5.000000,1477.468962
20.000000,5.500000,917.774163
21.000000,5.500000,972.652321
22.000000,5.500000,1028.989424
23.000000,5.500000,1086.785471
24.000000,5.500000,1146.040463
25.000000,5.500000,1206.754398
26.000000,5.500000,1273.183966
27.000000,5.500000,1341.641690
28.000000,5.500000,1411.616141
29.000000,5.500000,1483.107318
20.000000,6.000000,921.884890
21.000000,6.000000,976.878896
22.000000,6.000000,1033.333280
23.000000,6.000000,1091.248043
24.000000,6.000000,1150.623185
25.000000,6.000000,1211.458706
26.000000,6.000000,1278.385366
27.000000,6.000000,1346.990043
28.000000,6.000000,1417.113405
29.000000,6.000000,1488.755453
20.000000,6.500000,925.866777
21.000000,6.500000,981.003523
22.000000,6.500000,1037.602942
23.000000,6.500000,1095.665034
24.000000,6.500000,1155.189798
25.000000,6.500000,1216.451255
26.000000,6.500000,1283.602421
27.000000,6.500000,1352.353910
28.000000,6.500000,1422.626021
29.000000,6.500000,1494.418754
19.000000,7.000000,876.041895
20.000000,7.000000,929.856580
21.000000,7.000000,985.136234
22.000000,7.000000,1041.880855
23.000000,7.000000,1100.090445
24.000000,7.000000,1159.765003
25.000000,7.000000,1221.452978
26.000000,7.000000,1288.828864
27.000000,7.000000,1357.727308
28.000000,7.000000,1428.148310
29.000000,7.000000,1500.091871
19.000000,7.500000,879.766412
20.000000,7.500000,933.817512
21.000000,7.500000,989.340186
22.000000,7.500000,1046.334435
23.000000,7.500000,1104.800259
24.000000,7.500000,1164.737658
25.000000,7.500000,1227.022299
26.000000,7.500000,1294.428267
27.000000,7.500000,1363.354537
28.000000,7.500000,1433.801110
29.000000,7.500000,1505.767984
19.000000,8.000000,883.498349
20.000000,8.000000,937.786347
21.000000,8.000000,993.552540
22.000000,8.000000,1050.796928
23.000000,8.000000,1109.519512
24.000000,8.000000,1169.720291
25.000000,8.000000,1232.602378
26.000000,8.000000,1300.038228
27.000000,8.000000,1368.992115
28.000000,8.000000,1439.464041
29.000000,8.000000,1511.454006
19.000000,8.500000,887.273876
20.000000,8.500000,941.818502
21.000000,8.500000,997.848805
22.000000,8.500000,1055.364787
23.000000,8.500000,1114.366447
24.000000,8.500000,1174.853784
25.000000,8.500000,1238.257577
26.000000,8.500000,1305.688649
27.000000,8.500000,1374.634712
28.000000,8.500000,1445.095767
29.000000,8.500000,1517.071813
19.000000,9.000000,891.056962
20.000000,9.000000,945.858767
21.000000,9.000000,1002.153751
22.000000,9.000000,1059.941912
23.000000,9.000000,1119.223252
24.000000,9.000000,1179.997770
25.000000,9.000000,1243.923787
26.000000,9.000000,1311.349807
27.000000,9.000000,1380.287755
28.000000,9.000000,1450.737633
29.000000,9.000000,1522.699438
19.000000,9.500000,894.938489
20.000000,9.500000,949.992975
21.000000,9.500000,1006.547624
22.000000,9.500000,1064.602437
23.000000,9.500000,1124.157413
24.000000,9.500000,1185.212553
25.000000,9.500000,1249.555866
26.000000,9.500000,1316.976619
27.000000,9.500000,1385.906251
28.000000,9.500000,1456.344760
19.000000,10.000000,898.827961
20.000000,10.000000,954.135654
21.000000,10.000000,1010.950512
22.000000,10.000000,1069.272532
23.000000,10.000000,1129.101716
24.000000,10.000000,1190.438062
25.000000,10.000000,1255.198866
26.000000,10.000000,1322.614074
27.000000,10.000000,1391.535095
28.000000,10.000000,1461.961928
19.000000,10.500000,902.965427
20.000000,10.500000,958.485991
21.000000,10.500000,1015.518769
22.000000,10.500000,1074.063762
23.000000,10.500000,1134.120970
24.000000,10.500000,1195.690393
25.000000,10.500000,1260.764532
26.000000,10.500000,1328.185369
27.000000,10.500000,1397.109100
28.000000,10.500000,1467.535726
19.000000,11.000000,907.111705
20.000000,11.000000,962.845530
21.000000,11.000000,1020.096629
22.000000,11.000000,1078.865004
23.000000,11.000000,1139.150654
24.000000,11.000000,1200.953578
25.000000,11.000000,1266.340976
26.000000,11.000000,1333.767167
27.000000,11.000000,1402.693325
28.000000,11.000000,1473.119447
19.000000,11.500000,911.288118
20.000000,11.500000,967.217161
21.000000,11.500000,1024.668061
22.000000,11.500000,1083.640817
23.000000,11.500000,1144.135431
24.000000,11.500000,1206.151901
25.000000,11.500000,1271.876179
26.000000,11.500000,1339.425021
27.000000,11.500000,1408.474489
28.000000,11.500000,1479.024583
19.000000,12.000000,915.473451
20.000000,12.000000,971.598063
21.000000,12.000000,1029.249120
22.000000,12.000000,1088.426622
23.000000,12.000000,1149.130570
24.000000,12.000000,1211.360962
25.000000,12.000000,1277.422238
26.000000,12.000000,1345.093770
27.000000,12.000000,1414.266587
28.000000,12.000000,1484.940691
19.000000,12.500000,919.820378
20.000000,12.500000,976.118822
21.000000,12.500000,1033.947113
22.000000,12.500000,1093.305249
23.000000,12.500000,1154.193232
24.000000,12.500000,1216.750840
25.000000,12.500000,1283.043128
26.000000,12.500000,1350.893896
27.000000,12.500000,1420.248676
28.000000,12.500000,1491.107469
19.000000,13.000000,924.176817
20.000000,13.000000,980.649360
21.000000,13.000000,1038.655153
22.000000,13.000000,1098.194195
23.000000,13.000000,1159.266487
24.000000,13.000000,1222.151624
25.000000,13.000000,1288.675112
26.000000,13.000000,1356.705342
27.000000,13.000000,1426.242313
28.000000,13.000000,1497.286026
19.000000,13.500000,928.518978
20.000000,13.500000,985.176684
21.000000,13.500000,1043.371144
22.000000,13.500000,1103.102357
23.000000,13.500000,1164.370325
24.000000,13.500000,1227.641365
25.000000,13.500000,1294.339642
26.000000,13.500000,1362.547292
27.000000,13.500000,1432.264315
28.000000,13.500000,1503.490712
18.000000,14.000000,877.567824
19.000000,14.000000,932.870710
20.000000,14.000000,989.713857
21.000000,14.000000,1048.097266
22.000000,14.000000,1108.020937
23.000000,14.000000,1169.484869
24.000000,14.000000,1233.142080
25.000000,14.000000,1300.015362
26.000000,14.000000,1368.400651
27.000000,14.000000,1438.297947
28.000000,14.000000,1509.707250
18.000000,14.500000,881.760299
19.000000,14.500000,937.238885
20.000000,14.500000,994.261218
21.000000,14.500000,1052.827299
22.000000,14.500000,1112.937129
23.000000,14.500000,1174.590706
24.000000,14.500000,1238.622502
25.000000,14.500000,1305.681904
26.000000,14.500000,1374.255757
27.000000,14.500000,1444.344062
28.000000,14.500000,1515.946820
18.000000,15.000000,885.962143
19.000000,15.000000,941.616695
20.000000,15.000000,998.818485
21.000000,15.000000,1057.567512
22.000000,15.000000,1117.863777
23.000000,15.000000,1179.707279
24.000000,15.000000,1244.113981
25.000000,15.000000,1311.359714
26.000000,15.000000,1380.122346
27.000000,15.000000,1450.401877
28.000000,15.000000,1522.198306
18.000000,15.500000,890.127664
19.000000,15.500000,945.958955
20.000000,15.500000,1003.341027
21.000000,15.500000,1062.273878
22.000000,15.500000,1122.757510
23.000000,15.500000,1184.791923
24.000000,15.500000,1249.567981
25.000000,15.500000,1317.002061
26.000000,15.500000,1385.955908
27.000000,15.500000,1456.429523
18.000000,16.000000,894.302456
19.000000,16.000000,950.310753
20.000000,16.000000,1007.873376
21.000000,16.000000,1066.990326
22.000000,16.000000,1127.661603
23.000000,16.000000,1189.887206
24.000000,16.000000,1255.032993
25.000000,16.000000,1322.655659
26.000000,16.000000,1391.800964
27.000000,16.000000,1462.468908
18.000000,16.500000,898.597738
19.000000,16.500000,954.767327
20.000000,16.500000,1012.493629
21.000000,16.500000,1071.776646
22.000000,16.500000,1132.616377
23.000000,16.500000,1195.012822
24.000000,16.500000,1260.527312
25.000000,16.500000,1328.348697
26.000000,16.500000,1397.696006
27.000000,16.500000,1468.569238
18.000000,17.000000,902.902827
19.000000,17.000000,959.233890
20.000000,17.000000,1017.124056
21.000000,17.000000,1076.573325
22.000000,17.000000,1137.581697
23.000000,17.000000,1200.149173
24.000000,17.000000,1266.032732
25.000000,17.000000,1334.053112
26.000000,17.000000,1403.602704
27.000000,17.000000,1474.681509
18.000000,17.500000,907.245142
19.000000,17.500000,963.737941
20.000000,17.500000,1021.792221
21.000000,17.500000,1081.407982
22.000000,17.500000,1142.585225
23.000000,17.500000,1205.323948
24.000000,17.500000,1271.595966
25.000000,17.500000,1339.828955
26.000000,17.500000,1409.594696
27.000000,17.500000,1480.893191
18.000000,18.000000,911.597394
19.000000,18.000000,968.252111
20.000000,18.000000,1026.470688
21.000000,18.000000,1086.253126
22.000000,18.000000,1147.599425
23.000000,18.000000,1210.509584
24.000000,18.000000,1277.170486
25.000000,18.000000,1345.616392
26.000000,18.000000,1415.598596
27.000000,18.000000,1487.117098
18.000000,18.500000,916.032440
19.000000,18.500000,972.881531
20.000000,18.500000,1031.298533
21.000000,18.500000,1091.283447
22.000000,18.500000,1152.836272
23.000000,18.500000,1216.027007
24.000000,18.500000,1282.972257
25.000000,18.500000,1351.579171
26.000000,18.500000,1421.723373
27.000000,18.500000,1493.404860
18.000000,19.000000,920.477757
19.000000,19.000000,977.521544
20.000000,19.000000,1036.137298
21.000000,19.000000,1096.325018
22.000000,19.000000,1158.084706
23.000000,19.000000,1221.556448
24.000000,19.000000,1288.786186
25.000000,19.000000,1357.554199
26.000000,19.000000,1427.860487
27.000000,19.000000,1499.705051
18.000000,19.500000,925.056390
19.000000,19.500000,982.275592
20.000000,19.500000,1041.069598
21.000000,19.500000,1101.438409
22.000000,19.500000,1163.382024
23.000000,19.500000,1227.236283
24.000000,19.500000,1294.687147
25.000000,19.500000,1363.679993
26.000000,19.500000,1434.214820
27.000000,19.500000,1506.291629
18.000000,20.000000,929.645866
19.000000,20.000000,987.040710
20.000000,20.000000,1046.013198
21.000000,20.000000,1106.563329
22.000000,20.000000,1168.691104
23.000000,20.000000,1232.928257
24.000000,20.000000,1300.600583
25.000000,20.000000,1369.818602
26.000000,20.000000,1440.582312
27.000000,20.000000,1512.891714
18.000000,20.500000,934.294917
19.000000,20.500000,991.857741
20.000000,20.500000,1051.000583
21.000000,20.500000,1111.723441
22.000000,20.500000,1174.026315
23.000000,20.500000,1238.650702
24.000000,20.500000,1306.545866
25.000000,20.500000,1375.990477
26.000000,20.500000,1446.984534
27.000000,20.500000,1519.528039
17.000000,21.000000,882.806446
18.000000,21.000000,938.955048
19.000000,21.000000,996.686041
20.000000,21.000000,1055.999425
21.000000,21.000000,1116.895200
22.000000,21.000000,1179.373366
23.000000,21.000000,1244.385378
24.000000,21.000000,1312.503720
25.000000,21.000000,1382.175268
26.000000,21.000000,1453.400022
27.000000,21.000000,1526.177983
17.000000,21.500000,887.303411
18.000000,21.500000,943.636674
19.000000,21.500000,1001.555642
20.000000,21.500000,1061.060315
21.000000,21.500000,1122.150694
22.000000,21.500000,1184.826777
23.000000,21.500000,1250.242532
24.000000,21.500000,1318.562188
25.000000,21.500000,1388.437648
26.000000,21.500000,1459.868912
17.000000,22.000000,891.811286
18.000000,22.000000,948.329477
19.000000,22.000000,1006.436691
20.000000,22.000000,1066.132927
21.000000,22.000000,1127.418185
22.000000,22.000000,1190.292466
23.000000,22.000000,1256.112402
24.000000,22.000000,1324.633614
25.000000,22.000000,1394.713228
26.000000,22.000000,1466.351245
17.000000,22.500000,896.273479
18.000000,22.500000,953.017902
19.000000,22.500000,1011.356454
20.000000,22.500000,1071.289137
21.000000,22.500000,1132.815948
22.000000,22.500000,1195.936890
23.000000,22.500000,1262.154057
24.000000,22.500000,1330.837594
25.000000,22.500000,1401.080400
26.000000,22.500000,1472.882475
17.000000,23.000000,900.746464
18.000000,23.000000,957.717550
19.000000,23.000000,1016.287882
20.000000,23.000000,1076.457458
21.000000,23.000000,1138.226280
22.000000,23.000000,1201.594347
23.000000,23.000000,1268.209110
24.000000,23.000000,1337.055048
25.000000,23.000000,1407.461123
26.000000,23.000000,1479.427335
17.000000,23.500000,905.204200
18.000000,23.500000,962.416090
19.000000,23.500000,1021.232700
20.000000,23.500000,1081.654028
21.000000,23.500000,1143.680076
22.000000,23.500000,1207.310842
23.000000,23.500000,1274.288900
24.000000,23.500000,1343.289789
25.000000,23.500000,1413.852045
26.000000,23.500000,1485.975667
17.000000,24.000000,909.672692
18.000000,24.000000,967.125868
19.000000,24.000000,1026.189244
20.000000,24.000000,1086.862821
21.000000,24.000000,1149.146599
22.000000,24.000000,1213.040579
23.000000,24.000000,1280.382179
24.000000,24.000000,1349.538106
25.000000,24.000000,1420.256629
26.000000,24.000000,1492.537749
17.000000,24.500000,914.212809
18.000000,24.500000,971.910213
19.000000,24.500000,1031.223199
20.000000,24.500000,1092.151765
21.000000,24.500000,1154.695913
22.000000,24.500000,1218.903602
23.000000,24.500000,1286.522901
24.000000,24.500000,1355.832083
25.000000,24.500000,1426.705308
26.000000,24.500000,1499.142577
17.000000,25.000000,918.763958
18.000000,25.000000,976.706074
19.000000,25.000000,1036.269158
20.000000,25.000000,1097.453210
21.000000,25.000000,1160.258231
22.000000,25.000000,1224.780167
23.000000,25.000000,1292.677214
24.000000,25.000000,1362.139749
25.000000,25.000000,1433.167775
26.000000,25.000000,1505.761289
17.000000,25.500000,923.402837
18.000000,25.500000,981.557858
19.000000,25.500000,1041.337924
20.000000,25.500000,1102.743036
21.000000,25.500000,1165.773193
22.000000,25.500000,1230.667123
23.000000,25.500000,1298.746479
24.000000,25.500000,1368.393154
25.000000,25.500000,1439.607147
26.000000,25.500000,1512.388458
17.000000,26.000000,928.053123
18.000000,26.000000,986.421401
19.000000,26.000000,1046.418806
20.000000,26.000000,1108.045340
21.000000,26.000000,1171.301000
22.000000,26.000000,1236.567316
23.000000,26.000000,1304.829148
24.000000,26.000000,1374.660127
25.000000,26.000000,1446.060254
26.000000,26.000000,1519.029529
17.000000,26.500000,932.843683
18.000000,26.500000,991.403987
19.000000,26.500000,1051.596259
20.000000,26.500000,1113.420499
21.000000,26.500000,1176.876708
22.000000,26.500000,1242.490897
23.000000,26.500000,1310.957087
24.000000,26.500000,1380.995003
25.000000,26.500000,1452.604644
26.000000,26.500000,1525.786010
17.000000,27.000000,937.646277
18.000000,27.000000,996.398852
19.000000,27.000000,1056.786238
20.000000,27.000000,1118.808436
21.000000,27.000000,1182.465445
22.000000,27.000000,1248.427818
23.000000,27.000000,1317.098611
24.000000,27.000000,1387.343708
25.000000,27.000000,1459.163111
26.000000,27.000000,1532.556819
17.000000,27.500000,942.497665
18.000000,27.500000,1001.442761
19.000000,27.500000,1062.025459
20.000000,27.500000,1124.245760
21.000000,27.500000,1188.103664
22.000000,27.500000,1254.433409
23.000000,27.500000,1323.344356
24.000000,27.500000,1393.833772
25.000000,27.500000,1465.901657
16.000000,28.000000,889.863806
17.000000,28.000000,947.361267
18.000000,28.000000,1006.499125
19.000000,28.000000,1067.277380
20.000000,28.000000,1129.696031
21.000000,28.000000,1193.755080
22.000000,28.000000,1260.452580
23.000000,28.000000,1329.604075
24.000000,28.000000,1400.338209
25.000000,28.000000,1472.654981
16.000000,28.500000,894.572357
17.000000,28.500000,952.270667
18.000000,28.500000,1011.612651
19.000000,28.500000,1072.598307
20.000000,28.500000,1135.227636
21.000000,28.500000,1199.500638
22.000000,28.500000,1266.581105
23.000000,28.500000,1335.970315
24.000000,28.500000,1406.946141
25.000000,28.500000,1479.508581
16.000000,29.000000,899.293013
17.000000,29.000000,957.192460
18.000000,29.000000,1016.738859
19.000000,29.000000,1077.932209
20.000000,29.000000,1140.772511
21.000000,29.000000,1205.259765
22.000000,29.000000,1272.723628
23.000000,29.000000,1342.350933
24.000000,29.000000,1413.568834
25.000000,29.000000,1486.377330
16.000000,29.500000,903.902353
17.000000,29.500000,962.062882
18.000000,29.500000,1021.876061
19.000000,29.500000,1083.341889
20.000000,29.500000,1146.460367
21.000000,29.500000,1211.231495
22.000000,29.500000,1279.066041
23.000000,29.500000,1348.891415
24.000000,29.500000,1420.309334
25.000000,29.500000,1493.319800
16.000000,30.000000,908.523369
17.000000,30.000000,966.945535
18.000000,30.000000,1027.026055
19.000000,30.000000,1088.764929
20.000000,30.000000,1152.162157
21.000000,30.000000,1217.217740
22.000000,30.000000,1285.423292
23.000000,30.000000,1355.446925
24.000000,30.000000,1427.065054
25.000000,30.000000,1500.277681
16.000000,30.500000,913.172705
17.000000,30.500000,971.858922
18.000000,30.500000,1032.209470
19.000000,30.500000,1094.224348
20.000000,30.500000,1157.903557
21.000000,30.500000,1223.278504
22.000000,30.500000,1291.792137
23.000000,30.500000,1362.014224
24.000000,30.500000,1433.832979
25.000000,30.500000,1507.248402
16.000000,31.000000,917.833783
17.000000,31.000000,976.784618
18.000000,31.000000,1037.405768
19.000000,31.000000,1099.697234
20.000000,31.000000,1163.659015
21.000000,31.000000,1229.353962
22.000000,31.000000,1298.175866
23.000000,31.000000,1368.596609
24.000000,31.000000,1440.616193
25.000000,31.000000,1514.234617
16.000000,31.500000,922.550428
17.000000,31.500000,981.765785
18.000000,31.500000,1042.657491
19.000000,31.500000,1105.225546
20.000000,31.500000,1169.469950
21.000000,31.500000,1235.564541
22.000000,31.500000,1304.580094
23.000000,31.500000,1375.196891
24.000000,31.500000,1447.414933
25.000000,31.500000,1521.234219
16.000000,32.000000,927.279010
17.000000,32.000000,986.759454
18.000000,32.000000,1047.922290
19.000000,32.000000,1110.767518
20.000000,32.000000,1175.295137
21.000000,32.000000,1241.789870
22.000000,32.000000,1310.999279
23.000000,32.000000,1381.812337
24.000000,32.000000,1454.229046
25.000000,32.000000,1528.249404
16.000000,32.500000,932.206784
17.000000,32.500000,991.948186
18.000000,32.500000,1053.377531
19.000000,32.500000,1116.494819
20.000000,32.500000,1181.300050
21.000000,32.500000,1248.151587
22.000000,32.500000,1317.529101
23.000000,32.500000,1388.511480
24.000000,32.500000,1461.098725
25.000000,32.500000,1535.290835
16.000000,33.000000,937.147426
17.000000,33.000000,997.150320
18.000000,33.000000,1058.846716
19.000000,33.000000,1122.236614
20.000000,33.000000,1187.320015
21.000000,33.000000,1254.528646
22.000000,33.000000,1324.074351
23.000000,33.000000,1395.226136
24.000000,33.000000,1467.984001
25.000000,33.000000,1542.347946
16.000000,33.500000,942.168524
17.000000,33.500000,1002.450157
18.000000,33.500000,1064.431655
19.000000,33.500000,1128.113018
20.000000,33.500000,1193.494247
21.000000,33.500000,1261.019732
22.000000,33.500000,1330.711364
23.000000,33.500000,1402.009131
24.000000,33.500000,1474.913035
16.000000,34.000000,947.202840
17.000000,34.000000,1007.763827
18.000000,34.000000,1070.031053
19.000000,34.000000,1134.004517
20.000000,34.000000,1199.684219
21.000000,34.000000,1267.526654
22.000000,34.000000,1337.364183
23.000000,34.000000,1408.807903
24.000000,34.000000,1481.857814
16.000000,34.500000,952.281834
17.000000,34.500000,1013.131396
18.000000,34.500000,1075.693902
19.000000,34.500000,1139.969354
20.000000,34.500000,1205.957750
21.000000,34.500000,1274.082909
22.000000,34.500000,1344.089629
23.000000,34.500000,1415.703576
24.000000,34.500000,1488.924751
15.000000,35.000000,897.955092
16.000000,35.000000,957.374221
17.000000,35.000000,1018.513012
18.000000,35.000000,1081.371466
19.000000,35.000000,1145.949583
20.000000,35.000000,1212.247362
21.000000,35.000000,1280.655190
22.000000,35.000000,1350.831172
23.000000,35.000000,1422.615416
24.000000,35.000000,1496.007923
15.000000,35.500000,902.906185
16.000000,35.500000,962.593919
17.000000,35.500000,1024.006959
18.000000,35.500000,1087.145303
19.000000,35.500000,1152.008953
20.000000,35.500000,1218.597907
21.000000,35.500000,1287.240258
22.000000,35.500000,1357.589041
23.000000,35.500000,1429.547473
24.000000,35.500000,1503.115555
15.000000,36.000000,907.870703
16.000000,36.000000,967.827606
17.000000,36.000000,1029.515463
18.000000,36.000000,1092.934274
19.000000,36.000000,1158.084040
20.000000,36.000000,1224.964761
21.000000,36.000000,1293.841386
22.000000,36.000000,1364.363066
23.000000,36.000000,1436.495780
24.000000,36.000000,1510.239527
15.000000,36.500000,912.910029
16.000000,36.500000,973.057510
17.000000,36.500000,1034.938112
18.000000,36.500000,1098.551835
19.000000,36.500000,1163.898680
20.000000,36.500000,1230.992542
21.000000,36.500000,1300.138959
22.000000,36.500000,1370.917173
23.000000,36.500000,1443.310250
24.000000,36.500000,1517.318188
15.000000,37.000000,917.963119
16.000000,37.000000,978.301357
17.000000,37.000000,1040.374885
18.000000,37.000000,1104.183701
19.000000,37.000000,1169.727807
20.000000,37.000000,1237.034970
21.000000,37.000000,1306.451439
22.000000,37.000000,1377.486602
23.000000,37.000000,1450.140459
24.000000,37.000000,1524.413011
15.000000,37.500000,923.169542
16.000000,37.500000,983.672764
17.000000,37.500000,1045.912238
18.000000,37.500000,1109.887966
19.000000,37.500000,1175.599947
20.000000,37.500000,1243.130004
21.000000,37.500000,1312.797722
22.000000,37.500000,1384.087565
23.000000,37.500000,1456.999530
24.000000,37.500000,1531.533620
15.000000,38.000000,928.390448
16.000000,38.000000,989.058696
17.000000,38.000000,1051.464159
18.000000,38.000000,1115.606837
19.000000,38.000000,1181.486732
20.000000,38.000000,1249.239681
21.000000,38.000000,1319.159041
22.000000,38.000000,1390.703956
23.000000,38.000000,1463.874426
24.000000,38.000000,1538.670451
15.000000,38.500000,933.596259
16.000000,38.500000,994.442708
17.000000,38.500000,1057.027769
18.000000,38.500000,1121.351444
19.000000,38.500000,1187.413732
20.000000,38.500000,1255.418274
21.000000,38.500000,1325.569656
22.000000,38.500000,1397.349547
23.000000,38.500000,1470.757947
15.000000,39.000000,938.816452
16.000000,39.000000,999.841201
17.000000,39.000000,1062.605961
18.000000,39.000000,1127.110731
19.000000,39.000000,1193.355513
20.000000,39.000000,1261.611764
21.000000,39.000000,1331.995482
22.000000,39.000000,1404.010666
23.000000,39.000000,1477.657316
15.000000,39.500000,944.046316
16.000000,39.500000,1005.288912
17.000000,39.500000,1068.274552
18.000000,39.500000,1133.003237
19.000000,39.500000,1199.474966
20.000000,39.500000,1268.014922
21.000000,39.500000,1338.616304
22.000000,39.500000,1410.851655
23.000000,39.500000,1484.720975
15.000000,40.000000,949.290581
16.000000,40.000000,1010.751313
17.000000,40.000000,1073.958126
18.000000,40.000000,1138.911020
19.000000,40.000000,1205.609994
20.000000,40.000000,1274.433840
21.000000,40.000000,1345.253136
22.000000,40.000000,1417.708904
23.000000,40.000000,1491.801144
15.000000,40.500000,954.478621
16.000000,40.500000,1016.224226
17.000000,40.500000,1079.721845
18.000000,40.500000,1144.971477
19.000000,40.500000,1211.973121
20.000000,40.500000,1281.084671
21.000000,40.500000,1352.094245
22.000000,40.500000,1424.741740
23.000000,40.500000,1499.027154
15.000000,41.000000,959.680741
16.000000,41.000000,1021.711846
17.000000,41.000000,1085.500904
18.000000,41.000000,1151.047914
19.000000,41.000000,1218.352878
20.000000,41.000000,1287.752243
21.000000,41.000000,1358.952215
22.000000,41.000000,1431.791556
23.000000,41.000000,1506.270265
15.000000,41.500000,964.923041
16.000000,41.500000,1027.266571
17.000000,41.500000,1091.375142
18.000000,41.500000,1157.248754
19.000000,41.500000,1224.887407
20.000000,41.500000,1294.526319
21.000000,41.500000,1365.899584
22.000000,41.500000,1438.912747
23.000000,41.500000,1513.565808
14.000000,42.000000,909.294999
15.000000,42.000000,970.179577
16.000000,42.000000,1032.836294
17.000000,42.000000,1097.265150
18.000000,42.000000,1163.466145
19.000000,42.000000,1231.439278
20.000000,42.000000,1301.317599
21.000000,42.000000,1372.864181
22.000000,42.000000,1446.051191
23.000000,42.000000,1520.878630
14.000000,42.500000,914.348236
15.000000,42.500000,975.533523
16.000000,42.500000,1038.497487
17.000000,42.500000,1103.240130
18.000000,42.500000,1169.761449
19.000000,42.500000,1238.060148
20.000000,42.500000,1308.137761
21.000000,42.500000,1379.870611
22.000000,42.500000,1453.244938
23.000000,42.500000,1528.260744
14.000000,43.000000,919.415442
15.000000,43.000000,980.902153
16.000000,43.000000,1044.174088
17.000000,43.000000,1109.231245
18.000000,43.000000,1176.073626
19.000000,43.000000,1244.698539
20.000000,43.000000,1314.975210
21.000000,43.000000,1386.894409
22.000000,43.000000,1460.456136
23.000000,43.000000,1535.660392
14.000000,43.500000,924.551173
15.000000,43.500000,986.305786
16.000000,43.500000,1049.850553
17.000000,43.500000,1115.185474
18.000000,43.500000,1182.310550
19.000000,43.500000,1251.212637
20.000000,43.500000,1321.748244
21.000000,43.500000,1393.930085
22.000000,43.500000,1467.758160
23.000000,43.500000,1543.232470
14.000000,44.000000,929.701178
15.000000,44.000000,991.724225
16.000000,44.000000,1055.542364
17.000000,44.000000,1121.155593
18.000000,44.000000,1188.563912
19.000000,44.000000,1257.743335
20.000000,44.000000,1328.538289
21.000000,44.000000,1400.983187
22.000000,44.000000,1475.078031
23.000000,44.000000,1550.822819
14.000000,44.500000,934.948685
15.000000,44.500000,997.223009
16.000000,44.500000,1061.296419
17.000000,44.500000,1127.168914
18.000000,44.500000,1194.840493
19.000000,44.500000,1264.287738
20.000000,44.500000,1335.375027
21.000000,44.500000,1408.116956
22.000000,44.500000,1482.513525
14.000000,45.000000,940.210929
15.000000,45.000000,1002.736965
16.000000,45.000000,1067.066083
17.000000,45.000000,1133.198284
18.000000,45.000000,1201.133568
19.000000,45.000000,1270.848800
20.000000,45.000000,1342.228977
21.000000,45.000000,1415.268495
22.000000,45.000000,1489.967352
14.000000,45.500000,945.458233
15.000000,45.500000,1008.246324
16.000000,45.500000,1072.841875
17.000000,45.500000,1139.244886
18.000000,45.500000,1207.455357
19.000000,45.500000,1277.456615
20.000000,45.500000,1349.136724
21.000000,45.500000,1422.480725
22.000000,45.500000,1497.488617
14.000000,46.000000,950.720130
15.000000,46.000000,1013.770766
16.000000,46.000000,1078.633243
17.000000,46.000000,1145.307561
18.000000,46.000000,1213.793720
19.000000,46.000000,1284.081288
20.000000,46.000000,1356.061901
21.000000,46.000000,1429.710959
22.000000,46.000000,1505.028464
14.000000,46.500000,956.071171
15.000000,46.500000,1019.391888
16.000000,46.500000,1084.529095
17.000000,46.500000,1151.482791
18.000000,46.500000,1220.252977
19.000000,46.500000,1290.828988
20.000000,46.500000,1363.098433
21.000000,46.500000,1437.040352
22.000000,46.500000,1512.654747
14.000000,47.000000,961.437214
15.000000,47.000000,1025.028533
16.000000,47.000000,1090.440995
17.000000,47.000000,1157.674598
18.000000,47.000000,1226.729344
19.000000,47.000000,1297.594048
20.000000,47.000000,1370.152835
21.000000,47.000000,1444.388128
22.000000,47.000000,1520.299927
14.000000,47.500000,967.014403
15.000000,47.500000,1030.860807
16.000000,47.500000,1096.531756
17.000000,47.500000,1164.027250
18.000000,47.500000,1233.347290
14.000000,48.000000,972.607687
15.000000,48.000000,1036.709589
16.000000,48.000000,1102.639441
17.000000,48.000000,1170.397241
18.000000,48.000000,1239.982991
14.000000,48.500000,978.308940
15.000000,48.500000,1042.689150
16.000000,48.500000,1108.901898
17.000000,48.500000,1176.947184
13.000000,49.000000,921.204893
14.000000,49.000000,984.026811
15.000000,49.000000,1048.685859
16.000000,49.000000,1115.182038
17.000000,49.000000,1183.515349
13.000000,49.500000,926.735998
14.000000,49.500000,989.833503
15.000000,49.500000,1054.772913
16.000000,49.500000,1121.554227
17.000000,49.500000,1190.177446
13.000000,50.000000,932.283587
14.000000,50.000000,995.657207
15.000000,50.000000,1060.877511
16.000000,50.000000,1127.944499
17.000000,50.000000,1196.858170
13.000000,50.500000,937.652354
14.000000,50.500000,1001.343430
15.000000,50.500000,1066.887526
16.000000,50.500000,1134.284642
17.000000,50.500000,1203.534776
13.000000,51.000000,943.036523
14.000000,51.000000,1007.045820
15.000000,51.000000,1072.914477
16.000000,51.000000,1140.642493
17.000000,51.000000,1210.229868
13.000000,51.500000,948.445857
14.000000,51.500000,1012.774718
15.000000,51.500000,1078.969142
16.000000,51.500000,1147.029131
17.000000,51.500000,1216.954683
13.000000,52.000000,953.870655
14.000000,52.000000,1018.519848
15.000000,52.000000,1085.040813
16.000000,52.000000,1153.433548
17.000000,52.000000,1223.698055
13.000000,52.500000,959.359276
14.000000,52.500000,1024.222666
15.000000,52.500000,1090.959514
16.000000,52.500000,1159.569821
17.000000,52.500000,1230.053586
13.000000,53.000000,964.863637
14.000000,53.000000,1029.941403
15.000000,53.000000,1096.894315
16.000000,53.000000,1165.722373
17.000000,53.000000,1236.425577
13.000000,53.500000,970.510706
14.000000,53.500000,1035.791483
15.000000,53.500000,1102.948295
16.000000,53.500000,1171.981141
17.000000,53.500000,1242.890022
13.000000,54.000000,976.174238
14.000000,54.000000,1041.658124
15.000000,54.000000,1109.018933
16.000000,54.000000,1178.256666
17.000000,54.000000,1249.371321
13.000000,54.500000,981.984239
14.000000,54.500000,1047.657647
15.000000,54.500000,1115.207943
16.000000,54.500000,1184.635128
17.000000,54.500000,1255.939201
13.000000,55.000000,987.811456
14.000000,55.000000,1053.674386
15.000000,55.000000,1121.414169
16.000000,55.000000,1191.030807
17.000000,55.000000,1262.524299
13.000000,55.500000,993.707103
14.000000,55.500000,1059.800611
15.000000,55.500000,1127.772742
16.000000,55.500000,1197.623497
12.000000,56.000000,935.176353
13.000000,56.000000,999.620268
14.000000,56.000000,1065.944576
15.000000,56.000000,1134.149278
16.000000,56.000000,1204.234373
12.000000,56.500000,940.854660
13.000000,56.500000,1005.588673
14.000000,56.500000,1072.207420
15.000000,56.500000,1140.710898
16.000000,56.500000,1211.099110
12.000000,57.000000,946.550144
13.000000,57.000000,1011.574830
14.000000,57.000000,1078.488589
15.000000,57.000000,1147.291421
16.000000,57.000000,1217.983325
12.000000,57.500000,952.083871
13.000000,57.500000,1017.463150
14.000000,57.500000,1084.738459
15.000000,57.500000,1153.909798
16.000000,57.500000,1224.977166
12.000000,58.000000,957.633714
13.000000,58.000000,1023.368556
14.000000,58.000000,1091.006385
15.000000,58.000000,1160.547199
16.000000,58.000000,1231.991000
12.000000,58.500000,963.363954
13.000000,58.500000,1029.436481
14.000000,58.500000,1097.418071
15.000000,58.500000,1167.308726
16.000000,58.500000,1239.108445
12.000000,59.000000,969.111288
13.000000,59.000000,1035.522339
14.000000,59.000000,1103.848534
15.000000,59.000000,1174.089871
16.000000,59.000000,1246.246350
12.000000,59.500000,974.897113
13.000000,59.500000,1041.646039
14.000000,59.500000,1110.315684
15.000000,59.500000,1180.906050
16.000000,59.500000,1253.417135
12.000000,60.000000,980.700154
13.000000,60.000000,1047.787792
14.000000,60.000000,1116.801722
15.000000,60.000000,1187.741946
16.000000,60.000000,1260.608462
12.000000,60.500000,986.657500
13.000000,60.500000,1054.072355
14.000000,60.500000,1123.418284
15.000000,60.500000,1194.695287
16.000000,60.500000,1267.903363
12.000000,61.000000,992.632886
13.000000,61.000000,1060.375709
14.000000,61.000000,1130.054381
15.000000,61.000000,1201.668903
16.000000,61.000000,1275.219275
12.000000,61.500000,998.714193
13.000000,61.500000,1066.833127
14.000000,61.500000,1136.895057
15.000000,61.500000,1208.899983
12.000000,62.000000,1004.814071
13.000000,62.000000,1073.310140
14.000000,62.000000,1143.756354
15.000000,62.000000,1216.152711
12.000000,62.500000,1010.905929
13.000000,62.500000,1079.822049
14.000000,62.500000,1150.698146
15.000000,62.500000,1223.534220
12.000000,63.000000,1017.016193
13.000000,63.000000,1086.353634
14.000000,63.000000,1157.660900
15.000000,63.000000,1230.937991
12.000000,63.500000,1023.358986
13.000000,63.500000,1093.102324
14.000000,63.500000,1164.824149
15.000000,63.500000,1238.524461
11.000000,64.000000,961.558240
12.000000,64.000000,1029.721475
13.000000,64.000000,1099.871869
14.000000,64.000000,1172.009422
15.000000,64.000000,1246.134134
11.000000,64.500000,967.634209
12.000000,64.500000,1036.164446
13.000000,64.500000,1106.688827
14.000000,64.500000,1179.207352
15.000000,64.500000,1253.720019
11.000000,65.000000,973.729298
12.000000,65.000000,1042.627485
13.000000,65.000000,1113.526804
14.000000,65.000000,1186.427256
15.000000,65.000000,1261.328841
11.000000,65.500000,979.850234
12.000000,65.500000,1049.031370
13.000000,65.500000,1120.216292
14.000000,65.500000,1193.405000
15.000000,65.500000,1268.597494
11.000000,66.000000,985.990342
12.000000,66.000000,1055.454856
13.000000,66.000000,1126.925807
14.000000,66.000000,1200.403196
15.000000,66.000000,1275.887022
11.000000,66.500000,992.102708
12.000000,66.500000,1061.884405
13.000000,66.500000,1133.675946
14.000000,66.500000,1207.477332
15.000000,66.500000,1283.288562
11.000000,67.000000,998.233960
12.000000,67.000000,1068.333478
13.000000,67.000000,1140.446240
14.000000,67.000000,1214.572245
15.000000,67.000000,1290.711493
11.000000,67.500000,1004.498977
12.000000,67.500000,1074.959291
13.000000,67.500000,1147.438019
14.000000,67.500000,1221.935160
11.000000,68.000000,1010.783591
12.000000,68.000000,1081.605581
13.000000,68.000000,1154.451146
14.000000,68.000000,1229.320286
11.000000,68.500000,1017.175473
12.000000,68.500000,1088.452594
13.000000,68.500000,1161.762110
14.000000,68.500000,1237.104020
11.000000,69.000000,1023.587502
12.000000,69.000000,1095.321193
13.000000,69.000000,1169.096086
14.000000,69.000000,1244.912180
11.000000,69.500000,1030.111169
12.000000,69.500000,1102.383607
13.000000,69.500000,1176.708961
14.000000,69.500000,1253.087230
11.000000,70.000000,1036.655559
12.000000,70.000000,1109.468681
13.000000,70.000000,1184.346411
14.000000,70.000000,1261.288752
11.000000,70.500000,1043.357567
12.000000,70.500000,1116.726605
13.000000,70.500000,1192.172086
14.000000,70.500000,1269.694010
10.000000,71.000000,978.242454
11.000000,71.000000,1050.081163
12.000000,71.000000,1124.008123
13.000000,71.000000,1200.023333
14.000000,71.000000,1278.126792
10.000000,71.500000,984.602746
11.000000,71.500000,1056.975293
12.000000,71.500000,1131.447936
13.000000,71.500000,1208.020676
14.000000,71.500000,1286.693512
10.000000,72.000000,990.983646
11.000000,72.000000,1063.891943
12.000000,72.000000,1138.912174
13.000000,72.000000,1216.044338
14.000000,72.000000,1295.288435
10.000000,72.500000,997.660722
11.000000,72.500000,1071.040642
12.000000,72.500000,1146.542416
13.000000,72.500000,1224.166044
10.000000,73.000000,1004.360142
11.000000,73.000000,1078.213154
12.000000,73.000000,1154.197948
13.000000,73.000000,1232.314522
10.000000,73.500000,1011.232702
11.000000,73.500000,1085.562566
12.000000,73.500000,1162.034170
13.000000,73.500000,1240.647515
10.000000,74.000000,1018.128573
11.000000,74.000000,1092.936760
12.000000,74.000000,1169.896656
13.000000,74.000000,1249.008259
10.000000,74.500000,1025.252504
11.000000,74.500000,1100.544856
12.000000,74.500000,1177.998719
13.000000,74.500000,1257.614095
10.000000,75.000000,1032.401073
11.000000,75.000000,1108.179070
12.000000,75.000000,1186.128389
13.000000,75.000000,1266.249031
10.000000,75.500000,1039.708843
11.000000,75.500000,1115.964905
12.000000,75.500000,1194.401764
13.000000,75.500000,1275.019419
10.000000,76.000000,1047.042166
11.000000,76.000000,1123.777718
12.000000,76.000000,1202.703548
13.000000,76.000000,1283.819657
10.000000,76.500000,1054.565901
11.000000,76.500000,1131.798844
12.000000,76.500000,1211.231843
13.000000,76.500000,1292.864898
10.000000,77.000000,1062.116297
11.000000,77.000000,1139.848143
12.000000,77.000000,1219.789830
13.000000,77.000000,1301.941357
