weight_g,60.000000
thrust_N,velocity_m_s,power_W
22.000000,0.000000,643.788324
23.000000,0.000000,694.488792
24.000000,0.000000,746.845836
25.000000,0.000000,800.859455
26.000000,0.000000,856.529650
27.000000,0.000000,924.183474
28.000000,0.000000,1008.250750
29.000000,0.000000,1095.153888
30.000000,0.000000,1184.892887
31.000000,0.000000,1300.621947
32.000000,0.000000,1423.546300
33.000000,0.000000,1559.640271
34.000000,0.000000,1723.638527
35.000000,0.000000,1903.642004
36.000000,0.000000,2116.554952
37.000000,0.000000,2353.145451
38.000000,0.000000,2615.279245
39.000000,0.000000,2915.706117
22.000000,0.500000,646.986210
23.000000,0.500000,697.814086
24.000000,0.500000,750.300298
25.000000,0.500000,804.444846
26.000000,0.500000,860.247729
27.000000,0.500000,929.561358
28.000000,0.500000,1013.669796
29.000000,0.500000,1100.606653
30.000000,0.500000,1190.427544
31.000000,0.500000,1307.775796
32.000000,0.500000,1430.829071
33.000000,0.500000,1568.887705
34.000000,0.500000,1733.100734
35.000000,0.500000,1915.417879
36.000000,0.500000,2128.887654
37.000000,0.500000,2366.878169
38.000000,0.500000,2631.087632
39.000000,0.500000,2935.176089
21.000000,1.000000,600.895492
22.000000,1.000000,650.190793
23.000000,1.000000,701.146190
24.000000,1.000000,753.761684
25.000000,1.000000,808.037275
26.000000,1.000000,863.972962
27.000000,1.000000,934.951304
28.000000,1.000000,1019.100419
29.000000,1.000000,1106.070518
30.000000,1.000000,1195.973006
31.000000,1.000000,1314.945089
32.000000,1.000000,1438.126856
33.000000,1.000000,1578.156210
34.000000,1.000000,1742.583479
35.000000,1.000000,1927.221831
36.000000,1.000000,2141.248663
37.000000,1.000000,2380.642630
38.000000,1.000000,2646.934730
39.000000,1.000000,2954.699554
21.000000,1.500000,603.988542
22.000000,1.500000,653.409561
23.000000,1.500000,704.492418
24.000000,1.500000,757.237112
25.000000,1.500000,811.643643
26.000000,1.500000,867.712012
27.000000,1.500000,940.315360
28.000000,1.500000,1024.502431
29.000000,1.500000,1111.502991
30.000000,1.500000,1202.983750
31.000000,1.500000,1322.092341
32.000000,1.500000,1445.403781
33.000000,1.500000,1587.406853
34.000000,1.500000,1752.046501
35.000000,1.500000,1939.055731
36.000000,1.500000,2153.631231
37.000000,1.500000,2394.283305
38.000000,1.500000,2662.813507
39.000000,1.500000,2974.006144
21.000000,2.000000,607.088211
22.000000,2.000000,656.635061
23.000000,2.000000,707.845490
24.000000,2.000000,760.719497
25.000000,2.000000,815.257082
26.000000,2.000000,871.458246
27.000000,2.000000,945.691348
28.000000,2.000000,1029.915888
29.000000,2.000000,1116.946426
30.000000,2.000000,1210.010231
31.000000,2.000000,1329.254906
32.000000,2.000000,1452.695599
33.000000,2.000000,1596.678418
34.000000,2.000000,1761.529913
35.000000,2.000000,1950.917703
36.000000,2.000000,2166.042062
37.000000,2.000000,2407.955065
38.000000,2.000000,2678.730955
39.000000,2.000000,2993.364681
21.000000,2.500000,610.542033
22.000000,2.500000,660.172526
23.000000,2.500000,711.465397
24.000000,2.500000,764.420646
25.000000,2.500000,819.038273
26.000000,2.500000,875.318277
27.000000,2.500000,951.143514
28.000000,2.500000,1035.372200
29.000000,2.500000,1122.397218
30.000000,2.500000,1217.030518
31.000000,2.500000,1336.405964
32.000000,2.500000,1459.970035
33.000000,2.500000,1605.931788
34.000000,2.500000,1770.993270
35.000000,2.500000,1962.806649
36.000000,2.500000,2178.597946
37.000000,2.500000,2421.502449
38.000000,2.500000,2694.680952
39.000000,2.500000,3012.512024
21.000000,3.000000,614.003841
22.000000,3.000000,663.717903
23.000000,3.000000,715.093140
24.000000,3.000000,768.129553
25.000000,3.000000,822.827142
26.000000,3.000000,879.185907
27.000000,3.000000,956.607941
28.000000,3.000000,1040.840137
29.000000,3.000000,1127.859010
30.000000,3.000000,1224.066505
31.000000,3.000000,1343.572264
32.000000,3.000000,1467.259261
33.000000,3.000000,1615.205932
34.000000,3.000000,1780.476870
35.000000,3.000000,1974.723648
36.000000,3.000000,2191.182543
37.000000,3.000000,2435.080272
38.000000,3.000000,2710.669579
39.000000,3.000000,3031.709838
21.000000,3.500000,617.797597
22.000000,3.500000,667.584274
23.000000,3.500000,719.030099
24.000000,3.500000,772.135070
25.000000,3.500000,826.899189
26.000000,3.500000,883.322455
27.000000,3.500000,962.392314
28.000000,3.500000,1046.602154
29.000000,3.500000,1133.587486
30.000000,3.500000,1231.509187
31.000000,3.500000,1351.285839
32.000000,3.500000,1475.243895
33.000000,3.500000,1625.173413
34.000000,3.500000,1790.335147
35.000000,3.500000,1987.120105
36.000000,3.500000,2205.240126
37.000000,3.500000,2449.188654
38.000000,3.500000,2727.720391
39.000000,3.500000,3052.226394
21.000000,4.000000,621.600721
22.000000,4.000000,671.459882
23.000000,4.000000,722.976159
24.000000,4.000000,776.149550
25.000000,4.000000,830.980057
26.000000,4.000000,887.467678
27.000000,4.000000,968.190458
28.000000,4.000000,1052.377155
29.000000,4.000000,1139.328174
30.000000,4.000000,1238.969570
31.000000,4.000000,1359.017122
32.000000,4.000000,1483.246246
33.000000,4.000000,1635.164964
34.000000,4.000000,1800.215558
35.000000,4.000000,1999.547190
36.000000,4.000000,2219.333194
37.000000,4.000000,2463.330146
38.000000,4.000000,2744.815170
39.000000,4.000000,3072.800339
21.000000,4.500000,625.373707
22.000000,4.500000,675.309471
23.000000,4.500000,726.900549
24.000000,4.500000,780.146941
25.000000,4.500000,835.048647
26.000000,4.500000,892.883026
27.000000,4.500000,973.941541
28.000000,4.500000,1058.103715
29.000000,4.500000,1145.019108
30.000000,4.500000,1246.439629
31.000000,4.500000,1366.753761
32.000000,4.500000,1491.249470
33.000000,4.500000,1645.042145
34.000000,4.500000,1809.981391
35.000000,4.500000,2012.068534
36.000000,4.500000,2233.445853
37.000000,4.500000,2477.535047
38.000000,4.500000,2762.437463
39.000000,4.500000,3093.944135
21.000000,5.000000,629.155946
22.000000,5.000000,679.168194
23.000000,5.000000,730.833953
24.000000,5.000000,784.153222
25.000000,5.000000,839.126001
26.000000,5.000000,898.311432
27.000000,5.000000,979.706171
28.000000,5.000000,1063.843042
29.000000,5.000000,1150.722044
30.000000,5.000000,1253.927365
31.000000,5.000000,1374.508074
32.000000,5.000000,1499.270365
33.000000,5.000000,1654.942870
34.000000,5.000000,1819.768896
35.000000,5.000000,2024.620877
36.000000,5.000000,2247.594061
37.000000,5.000000,2491.773339
38.000000,5.000000,2780.106235
39.000000,5.000000,3115.148071
21.000000,5.500000,632.668166
22.000000,5.500000,682.801428
23.000000,5.500000,734.588756
24.000000,5.500000,788.030151
25.000000,5.500000,843.125613
26.000000,5.500000,904.019071
27.000000,5.500000,985.457030
28.000000,5.500000,1069.628771
29.000000,5.500000,1156.534294
30.000000,5.500000,1261.606979
31.000000,5.500000,1382.358863
32.000000,5.500000,1507.519070
33.000000,5.500000,1664.720196
34.000000,5.500000,1829.425602
35.000000,5.500000,2037.212154
36.000000,5.500000,2261.629538
37.000000,5.500000,2505.892337
38.000000,5.500000,2797.955911
39.000000,5.500000,3136.251696
21.000000,6.000000,636.188820
22.000000,6.000000,686.443134
23.000000,6.000000,738.352071
24.000000,6.000000,791.915631
25.000000,6.000000,847.133814
26.000000,6.000000,909.740920
27.000000,6.000000,991.221496
28.000000,6.000000,1075.427514
29.000000,6.000000,1162.358974
30.000000,6.000000,1269.305040
31.000000,6.000000,1390.227668
32.000000,6.000000,1515.786223
33.000000,6.000000,1674.520479
34.000000,6.000000,1839.103409
35.000000,6.000000,2049.834451
36.000000,6.000000,2275.699889
37.000000,6.000000,2520.044078
38.000000,6.000000,2815.852680
39.000000,6.000000,3157.414391
21.000000,6.500000,639.714116
22.000000,6.500000,690.084983
23.000000,6.500000,742.111073
24.000000,6.500000,795.792386
25.000000,6.500000,851.128922
26.000000,6.500000,915.482452
27.000000,6.500000,997.212861
28.000000,6.500000,1081.672313
29.000000,6.500000,1168.860809
30.000000,6.500000,1277.959537
31.000000,6.500000,1399.020161
32.000000,6.500000,1526.682411
33.000000,6.500000,1685.270096
34.000000,6.500000,1851.771921
35.000000,6.500000,2063.726505
36.000000,6.500000,2290.898957
37.000000,6.500000,2536.213242
38.000000,6.500000,2835.117124
39.000000,6.500000,3179.422756
21.000000,7.000000,643.247860
22.000000,7.000000,693.735321
23.000000,7.000000,745.878604
24.000000,7.000000,799.677709
25.000000,7.000000,855.132636
26.000000,7.000000,921.238447
27.000000,7.000000,1003.218952
28.000000,7.000000,1087.932104
29.000000,7.000000,1175.377902
30.000000,7.000000,1286.636975
31.000000,7.000000,1407.834884
32.000000,7.000000,1537.608596
33.000000,7.000000,1696.047156
34.000000,7.000000,1864.474566
35.000000,7.000000,2077.655715
36.000000,7.000000,2306.138403
37.000000,7.000000,2552.424619
38.000000,7.000000,2854.435614
39.000000,7.000000,3201.494487
21.000000,7.500000,646.927633
22.000000,7.500000,697.504777
23.000000,7.500000,749.736304
24.000000,7.500000,803.622212
25.000000,7.500000,859.162503
26.000000,7.500000,927.024421
27.000000,7.500000,1009.253157
28.000000,7.500000,1094.218001
29.000000,7.500000,1181.918951
30.000000,7.500000,1295.292520
31.000000,7.500000,1416.642646
32.000000,7.500000,1548.478417
33.000000,7.500000,1706.866630
34.000000,7.500000,1878.150924
35.000000,7.500000,2092.201854
36.000000,7.500000,2322.062014
37.000000,7.500000,2571.810170
38.000000,7.500000,2875.242004
39.000000,7.500000,3224.852535
20.000000,8.000000,601.602757
21.000000,8.000000,650.616535
22.000000,8.000000,701.283254
23.000000,8.000000,753.602915
24.000000,8.000000,807.575517
25.000000,8.000000,863.201062
26.000000,8.000000,932.824942
27.000000,8.000000,1015.302161
28.000000,8.000000,1100.518950
29.000000,8.000000,1188.475309
30.000000,8.000000,1303.970830
31.000000,8.000000,1425.472548
32.000000,8.000000,1559.377889
33.000000,8.000000,1717.713721
34.000000,8.000000,1891.866087
35.000000,8.000000,2106.788172
36.000000,8.000000,2338.029438
37.000000,8.000000,2591.255052
38.000000,8.000000,2896.110565
39.000000,8.000000,3248.281173
20.000000,8.500000,605.321034
21.000000,8.500000,654.453780
22.000000,8.500000,705.239630
23.000000,8.500000,757.678586
24.000000,8.500000,811.770646
25.000000,8.500000,867.515811
26.000000,8.500000,938.992422
27.000000,8.500000,1021.622066
28.000000,8.500000,1106.988020
29.000000,8.500000,1196.085862
30.000000,8.500000,1312.650170
31.000000,8.500000,1434.275582
32.000000,8.500000,1570.153071
33.000000,8.500000,1728.428653
34.000000,8.500000,1905.652269
35.000000,8.500000,2121.465164
36.000000,8.500000,2353.904180
37.000000,8.500000,2610.856135
38.000000,8.500000,2918.878903
20.000000,9.000000,609.049142
21.000000,9.000000,658.300868
22.000000,9.000000,709.205861
23.000000,9.000000,761.764120
24.000000,9.000000,815.975646
25.000000,9.000000,871.840439
26.000000,9.000000,945.176261
27.000000,9.000000,1027.958074
28.000000,9.000000,1113.472939
29.000000,9.000000,1203.715982
30.000000,9.000000,1321.352284
31.000000,9.000000,1443.100593
32.000000,9.000000,1580.957206
33.000000,9.000000,1739.170520
34.000000,9.000000,1919.477407
35.000000,9.000000,2136.182566
36.000000,9.000000,2369.822065
37.000000,9.000000,2630.517061
38.000000,9.000000,2941.720267
20.000000,9.500000,612.826921
21.000000,9.500000,662.206664
22.000000,9.500000,713.240348
23.000000,9.500000,765.927975
24.000000,9.500000,820.269545
25.000000,9.500000,876.265057
26.000000,9.500000,951.492240
27.000000,9.500000,1034.429288
28.000000,9.500000,1120.097037
29.000000,9.500000,1212.470228
30.000000,9.500000,1330.334636
31.000000,9.500000,1452.306050
32.000000,9.500000,1592.200130
33.000000,9.500000,1750.318461
34.000000,9.500000,1934.034315
35.000000,9.500000,2151.597375
36.000000,9.500000,2386.110292
37.000000,9.500000,2650.733517
38.000000,9.500000,2964.976689
20.000000,10.000000,616.614761
21.000000,10.000000,666.122571
22.000000,10.000000,717.284999
23.000000,10.000000,770.102043
24.000000,10.000000,824.573705
25.000000,10.000000,880.699983
26.000000,10.000000,957.825273
27.000000,10.000000,1040.917357
28.000000,10.000000,1126.737791
29.000000,10.000000,1221.249347
30.000000,10.000000,1339.341459
31.000000,10.000000,1461.535580
32.000000,10.000000,1603.474611
33.000000,10.000000,1761.495550
34.000000,10.000000,1948.634267
35.000000,10.000000,2167.056309
36.000000,10.000000,2402.443624
37.000000,10.000000,2671.012867
38.000000,10.000000,2988.308225
20.000000,10.500000,620.638197
21.000000,10.500000,670.234693
22.000000,10.500000,721.483392
23.000000,10.500000,774.384293
24.000000,10.500000,828.937396
25.000000,10.500000,885.255594
26.000000,10.500000,964.151450
27.000000,10.500000,1047.395624
28.000000,10.500000,1133.365675
29.000000,10.500000,1230.016734
30.000000,10.500000,1348.353076
31.000000,10.500000,1470.787813
32.000000,10.500000,1614.741660
33.000000,10.500000,1772.762833
34.000000,10.500000,1963.764299
35.000000,10.500000,2183.443252
36.000000,10.500000,2419.370838
37.000000,10.500000,2692.715734
38.000000,10.500000,3013.289261
20.000000,11.000000,624.672942
21.000000,11.000000,674.357924
22.000000,11.000000,725.692694
23.000000,11.000000,778.677252
24.000000,11.000000,833.311599
25.000000,11.000000,889.821945
26.000000,11.000000,970.494599
27.000000,11.000000,1053.890655
28.000000,11.000000,1140.010112
29.000000,11.000000,1238.808842
30.000000,11.000000,1357.389119
31.000000,11.000000,1480.064179
32.000000,11.000000,1626.040227
33.000000,11.000000,1784.059767
34.000000,11.000000,1978.940337
35.000000,11.000000,2199.879414
36.000000,11.000000,2436.346577
37.000000,11.000000,2714.490337
38.000000,11.000000,3038.355922
20.000000,11.500000,628.738996
21.000000,11.500000,678.576184
22.000000,11.500000,730.064825
23.000000,11.500000,783.204917
24.000000,11.500000,837.996462
25.000000,11.500000,896.518317
26.000000,11.500000,977.220886
27.000000,11.500000,1060.635432
28.000000,11.500000,1146.761956
29.000000,11.500000,1247.644713
30.000000,11.500000,1366.438749
31.000000,11.500000,1489.321031
32.000000,11.500000,1637.216154
33.000000,11.500000,1795.226163
34.000000,11.500000,1994.225635
35.000000,11.500000,2216.541778
36.000000,11.500000,2453.175116
37.000000,11.500000,2736.605862
38.000000,11.500000,3063.401486
20.000000,12.000000,632.816512
21.000000,12.000000,682.806045
22.000000,12.000000,734.448692
23.000000,12.000000,787.744455
24.000000,12.000000,842.693333
25.000000,12.000000,903.234710
26.000000,12.000000,983.966208
27.000000,12.000000,1067.398281
28.000000,12.000000,1153.530928
29.000000,12.000000,1256.505577
30.000000,12.000000,1375.512855
31.000000,12.000000,1498.601847
32.000000,12.000000,1648.422895
33.000000,12.000000,1806.421515
34.000000,12.000000,2009.557271
35.000000,12.000000,2233.254277
36.000000,12.000000,2470.051200
37.000000,12.000000,2758.794704
38.000000,12.000000,3088.531775
20.000000,12.500000,636.770522
21.000000,12.500000,686.939388
22.000000,12.500000,738.764170
23.000000,12.500000,792.244870
24.000000,12.500000,847.381488
25.000000,12.500000,909.906525
26.000000,12.500000,990.699734
27.000000,12.500000,1074.185297
28.000000,12.500000,1160.363212
29.000000,12.500000,1265.608308
30.000000,12.500000,1384.950261
31.000000,12.500000,1508.969105
32.000000,12.500000,1660.177714
33.000000,12.500000,1818.205440
34.000000,12.500000,2025.724577
35.000000,12.500000,2250.275976
36.000000,12.500000,2486.906644
37.000000,12.500000,2781.336150
38.000000,12.500000,3113.510145
20.000000,13.000000,640.735560
21.000000,13.000000,691.083989
22.000000,13.000000,743.091141
23.000000,13.000000,796.757013
24.000000,13.000000,852.081608
25.000000,13.000000,916.598090
26.000000,13.000000,997.452286
27.000000,13.000000,1080.990620
28.000000,13.000000,1167.213091
29.000000,13.000000,1274.737558
30.000000,13.000000,1394.414230
31.000000,13.000000,1519.365701
32.000000,13.000000,1671.966416
33.000000,13.000000,1830.021303
34.000000,13.000000,2041.942888
35.000000,13.000000,2267.349430
36.000000,13.000000,2503.809356
37.000000,13.000000,2803.952534
38.000000,13.000000,3138.571485
20.000000,13.500000,644.652700
21.000000,13.500000,695.194725
22.000000,13.500000,747.398934
23.000000,13.500000,801.265325
24.000000,13.500000,856.793899
25.000000,13.500000,923.243200
26.000000,13.500000,1004.156457
27.000000,13.500000,1087.745177
28.000000,13.500000,1174.009360
29.000000,13.500000,1283.923315
30.000000,13.500000,1403.995795
31.000000,13.500000,1531.232269
32.000000,13.500000,1684.115265
33.000000,13.500000,1844.668405
34.000000,13.500000,2059.172869
35.000000,13.500000,2285.190630
36.000000,13.500000,2521.931737
37.000000,13.500000,2828.356927
38.000000,13.500000,3164.738461
19.000000,14.000000,599.510445
20.000000,14.000000,648.580708
21.000000,14.000000,699.316619
22.000000,14.000000,751.718177
23.000000,14.000000,805.785381
24.000000,14.000000,861.518232
25.000000,14.000000,929.907881
26.000000,14.000000,1010.879438
27.000000,14.000000,1094.517793
28.000000,14.000000,1180.822945
29.000000,14.000000,1293.135787
30.000000,14.000000,1413.604442
31.000000,14.000000,1543.135361
32.000000,14.000000,1696.299911
33.000000,14.000000,1859.361973
34.000000,14.000000,2076.460016
35.000000,14.000000,2303.088418
36.000000,14.000000,2540.108538
37.000000,14.000000,2852.848159
38.000000,14.000000,3190.995568
19.000000,14.500000,603.330386
20.000000,14.500000,652.583313
21.000000,14.500000,703.505199
22.000000,14.500000,756.096044
23.000000,14.500000,810.355849
24.000000,14.500000,866.284614
25.000000,14.500000,936.590197
26.000000,14.500000,1017.681705
27.000000,14.500000,1101.433916
28.000000,14.500000,1187.986809
29.000000,14.500000,1302.599212
30.000000,14.500000,1423.335631
31.000000,14.500000,1555.042217
32.000000,14.500000,1708.578515
33.000000,14.500000,1876.107226
34.000000,14.500000,2093.830118
35.000000,14.500000,2320.693343
36.000000,14.500000,2562.772744
37.000000,14.500000,2878.031712
38.000000,14.500000,3217.543813
19.000000,15.000000,607.161310
20.000000,15.000000,656.597168
21.000000,15.000000,707.705301
22.000000,15.000000,760.485709
23.000000,15.000000,814.938393
24.000000,15.000000,871.063352
25.000000,15.000000,943.292455
26.000000,15.000000,1024.503373
27.000000,15.000000,1108.368907
28.000000,15.000000,1195.169613
29.000000,15.000000,1312.090644
30.000000,15.000000,1433.094444
31.000000,15.000000,1566.985472
32.000000,15.000000,1720.893247
33.000000,15.000000,1892.910319
34.000000,15.000000,2111.257527
35.000000,15.000000,2338.352944
36.000000,15.000000,2585.518725
37.000000,15.000000,2903.306186
38.000000,15.000000,3244.183681
19.000000,15.500000,611.263126
20.000000,15.500000,660.843333
21.000000,15.500000,712.095979
22.000000,15.500000,765.021064
23.000000,15.500000,819.618588
24.000000,15.500000,875.888550
25.000000,15.500000,950.084763
26.000000,15.500000,1031.531900
27.000000,15.500000,1115.634965
28.000000,15.500000,1205.005348
29.000000,15.500000,1322.256203
30.000000,15.500000,1443.588130
31.000000,15.500000,1579.864796
32.000000,15.500000,1734.177864
33.000000,15.500000,1910.715175
34.000000,15.500000,2128.908907
35.000000,15.500000,2355.786498
36.000000,15.500000,2608.640625
37.000000,15.500000,2929.308522
19.000000,16.000000,615.377426
20.000000,16.000000,665.101994
21.000000,16.000000,716.499164
22.000000,16.000000,769.568936
23.000000,16.000000,824.311310
24.000000,16.000000,880.726286
25.000000,16.000000,956.897462
26.000000,16.000000,1038.580916
27.000000,16.000000,1122.921610
28.000000,16.000000,1214.873110
29.000000,16.000000,1332.453631
30.000000,16.000000,1454.113528
31.000000,16.000000,1592.786056
32.000000,16.000000,1747.503913
33.000000,16.000000,1928.584005
34.000000,16.000000,2146.618794
35.000000,16.000000,2373.273319
36.000000,16.000000,2631.846168
37.000000,16.000000,2955.405901
19.000000,16.500000,619.488731
20.000000,16.500000,669.357850
21.000000,16.500000,720.899992
22.000000,16.500000,774.115155
23.000000,16.500000,829.003339
24.000000,16.500000,885.887617
25.000000,16.500000,963.719820
26.000000,16.500000,1045.640508
27.000000,16.500000,1130.218912
28.000000,16.500000,1224.748743
29.000000,16.500000,1342.665258
30.000000,16.500000,1464.660661
31.000000,16.500000,1605.830934
32.000000,16.500000,1761.100369
33.000000,16.500000,1946.871893
34.000000,16.500000,2165.149745
35.000000,16.500000,2392.118566
36.000000,16.500000,2657.748302
37.000000,16.500000,2982.803235
19.000000,17.000000,623.612489
20.000000,17.000000,673.626188
21.000000,17.000000,725.313328
22.000000,17.000000,778.673909
23.000000,17.000000,833.707931
24.000000,17.000000,891.062951
25.000000,17.000000,970.562717
26.000000,17.000000,1052.720675
27.000000,17.000000,1137.536827
28.000000,17.000000,1234.656315
29.000000,17.000000,1352.908762
30.000000,17.000000,1475.239610
31.000000,17.000000,1618.918518
32.000000,17.000000,1774.739982
33.000000,17.000000,1965.226880
34.000000,17.000000,2183.744602
35.000000,17.000000,2411.025238
36.000000,17.000000,2683.752938
37.000000,17.000000,3010.304177
19.000000,17.500000,627.653560
20.000000,17.500000,677.828103
21.000000,17.500000,729.677366
22.000000,17.500000,783.201350
23.000000,17.500000,838.400055
24.000000,17.500000,897.684782
25.000000,17.500000,977.440825
26.000000,17.500000,1059.856290
27.000000,17.500000,1144.931178
28.000000,17.500000,1244.650707
29.000000,17.500000,1363.190492
30.000000,17.500000,1485.803682
31.000000,17.500000,1632.033346
32.000000,17.500000,1788.424193
33.000000,17.500000,1983.580636
34.000000,17.500000,2202.738802
35.000000,17.500000,2431.624090
36.000000,17.500000,2712.227617
37.000000,17.500000,3039.338451
19.000000,18.000000,631.706774
20.000000,18.000000,682.042266
21.000000,18.000000,734.053759
22.000000,18.000000,787.741253
23.000000,18.000000,843.104749
24.000000,18.000000,904.327367
25.000000,18.000000,984.339799
26.000000,18.000000,1067.012882
27.000000,18.000000,1152.346618
28.000000,18.000000,1254.677621
29.000000,18.000000,1373.504293
30.000000,18.000000,1496.399378
31.000000,18.000000,1645.190833
32.000000,18.000000,1802.151608
33.000000,18.000000,2002.001159
34.000000,18.000000,2221.799211
35.000000,18.000000,2452.294673
36.000000,18.000000,2740.823022
37.000000,18.000000,3068.487093
19.000000,18.500000,635.720240
20.000000,18.500000,686.228541
21.000000,18.500000,738.414454
22.000000,18.500000,792.277979
23.000000,18.500000,847.819115
24.000000,18.500000,911.008572
25.000000,18.500000,991.314674
26.000000,18.500000,1074.285777
27.000000,18.500000,1159.921881
28.000000,18.500000,1264.965102
29.000000,18.500000,1384.170349
30.000000,18.500000,1508.225129
31.000000,18.500000,1658.856558
32.000000,18.500000,1816.294339
33.000000,18.500000,2020.668838
34.000000,18.500000,2241.355325
35.000000,18.500000,2473.323762
36.000000,18.500000,2769.207481
37.000000,18.500000,3097.415030
19.000000,19.000000,639.745690
20.000000,19.000000,690.426949
21.000000,19.000000,742.787430
22.000000,19.000000,796.827135
23.000000,19.000000,852.546062
24.000000,19.000000,917.710684
25.000000,19.000000,998.310831
26.000000,19.000000,1081.580333
27.000000,19.000000,1167.519187
28.000000,19.000000,1275.286871
29.000000,19.000000,1394.870715
30.000000,19.000000,1520.089324
31.000000,19.000000,1672.568088
32.000000,19.000000,1830.482602
33.000000,19.000000,2039.404707
34.000000,19.000000,2260.980540
35.000000,19.000000,2494.426460
36.000000,19.000000,2797.709791
37.000000,19.000000,3126.454638
19.000000,19.500000,644.025689
20.000000,19.500000,694.953346
21.000000,19.500000,747.565894
22.000000,19.500000,801.863331
23.000000,19.500000,857.845659
24.000000,19.500000,925.134310
25.000000,19.500000,1005.820765
26.000000,19.500000,1089.167281
27.000000,19.500000,1175.173858
28.000000,19.500000,1285.731304
29.000000,19.500000,1405.821712
30.000000,19.500000,1533.825019
31.000000,19.500000,1687.152857
32.000000,19.500000,1849.104422
33.000000,19.500000,2059.539908
34.000000,19.500000,2282.523697
35.000000,19.500000,2518.801569
36.000000,19.500000,2827.491507
37.000000,19.500000,3155.930278
18.000000,20.000000,598.834983
19.000000,20.000000,648.319002
20.000000,20.000000,699.493587
21.000000,20.000000,752.358739
22.000000,20.000000,806.914456
23.000000,20.000000,863.160740
24.000000,20.000000,932.582956
25.000000,20.000000,1013.354788
26.000000,20.000000,1096.777402
27.000000,20.000000,1182.850797
28.000000,20.000000,1296.210630
29.000000,20.000000,1416.808405
30.000000,20.000000,1547.609908
31.000000,20.000000,1701.788917
32.000000,20.000000,1867.799640
33.000000,20.000000,2079.753425
34.000000,20.000000,2304.149461
35.000000,20.000000,2543.273338
36.000000,20.000000,2857.400832
37.000000,20.000000,3185.520040
18.000000,20.500000,603.191996
19.000000,20.500000,652.917905
20.000000,20.500000,704.339214
21.000000,20.500000,757.455923
22.000000,20.500000,812.268033
23.000000,20.500000,868.775542
24.000000,20.500000,940.311993
25.000000,20.500000,1021.160902
26.000000,20.500000,1104.650707
27.000000,20.500000,1191.718153
28.000000,20.500000,1307.000702
29.000000,20.500000,1427.946907
30.000000,20.500000,1561.548744
31.000000,20.500000,1716.632248
32.000000,20.500000,1887.838494
33.000000,20.500000,2100.517773
34.000000,20.500000,2327.394172
35.000000,20.500000,2574.990721
36.000000,20.500000,2888.760501
37.000000,20.500000,3216.357422
18.000000,21.000000,607.563638
19.000000,21.000000,657.531916
20.000000,21.000000,709.200434
21.000000,21.000000,762.569191
22.000000,21.000000,817.638187
23.000000,21.000000,874.407423
24.000000,21.000000,948.067720
25.000000,21.000000,1028.992677
26.000000,21.000000,1112.548660
27.000000,21.000000,1200.613892
28.000000,21.000000,1317.827486
29.000000,21.000000,1439.121869
30.000000,21.000000,1575.537506
31.000000,21.000000,1731.527961
32.000000,21.000000,1907.959910
33.000000,21.000000,2121.364633
34.000000,21.000000,2350.733655
35.000000,21.000000,2606.864400
36.000000,21.000000,2920.259547
37.000000,21.000000,3247.318232
18.000000,21.500000,611.910165
19.000000,21.500000,662.134376
20.000000,21.500000,714.064347
21.000000,21.500000,767.700078
22.000000,21.500000,823.041568
23.000000,21.500000,880.088818
24.000000,21.500000,955.813230
25.000000,21.500000,1036.858855
26.000000,21.500000,1120.529245
27.000000,21.500000,1211.351616
28.000000,21.500000,1328.955903
29.000000,21.500000,1450.640236
30.000000,21.500000,1590.025399
31.000000,21.500000,1746.760493
32.000000,21.500000,1928.174085
33.000000,21.500000,2142.275183
34.000000,21.500000,2374.614049
35.000000,21.500000,2638.076910
36.000000,21.500000,2951.270226
18.000000,22.000000,616.271139
19.000000,22.000000,666.751834
20.000000,22.000000,718.943816
21.000000,22.000000,772.847084
22.000000,22.000000,828.461638
23.000000,22.000000,885.787479
24.000000,22.000000,963.585351
25.000000,22.000000,1044.750955
26.000000,22.000000,1128.535066
27.000000,22.000000,1222.128181
28.000000,22.000000,1340.123091
29.000000,22.000000,1462.197303
30.000000,22.000000,1604.566616
31.000000,22.000000,1762.047502
32.000000,22.000000,1948.471397
33.000000,22.000000,2163.268543
34.000000,22.000000,2398.592736
35.000000,22.000000,2669.437846
36.000000,22.000000,2982.414878
18.000000,22.500000,620.545085
19.000000,22.500000,671.237350
20.000000,22.500000,723.644140
21.000000,22.500000,777.765455
22.000000,22.500000,833.601296
23.000000,22.500000,892.549671
24.000000,22.500000,970.964999
25.000000,22.500000,1052.373532
26.000000,22.500000,1136.399671
27.000000,22.500000,1232.902668
28.000000,22.500000,1351.311003
29.000000,22.500000,1473.800756
30.000000,22.500000,1619.408732
31.000000,22.500000,1777.835859
32.000000,22.500000,1969.201967
33.000000,22.500000,2185.442679
34.000000,22.500000,2423.105900
35.000000,22.500000,2700.122488
36.000000,22.500000,3012.876293
18.000000,23.000000,624.833064
19.000000,23.000000,675.737214
20.000000,23.000000,728.359130
21.000000,23.000000,782.698812
22.000000,23.000000,838.756262
23.000000,23.000000,899.334621
24.000000,23.000000,978.369289
25.000000,23.000000,1060.020665
26.000000,23.000000,1144.288748
27.000000,23.000000,1243.715831
28.000000,23.000000,1362.537773
29.000000,23.000000,1485.443251
30.000000,23.000000,1634.306336
31.000000,23.000000,1793.682287
32.000000,23.000000,1990.019402
33.000000,23.000000,2207.708219
34.000000,23.000000,2447.720803
35.000000,23.000000,2730.947881
36.000000,23.000000,3043.464763
18.000000,23.500000,629.108173
19.000000,23.500000,680.238236
20.000000,23.500000,733.089759
21.000000,23.500000,787.662741
22.000000,23.500000,843.957182
23.000000,23.500000,906.544998
24.000000,23.500000,985.837419
25.000000,23.500000,1067.746829
26.000000,23.500000,1152.273227
27.000000,23.500000,1254.647943
28.000000,23.500000,1373.820681
29.000000,23.500000,1497.092297
30.000000,23.500000,1649.353189
31.000000,23.500000,1809.705414
32.000000,23.500000,2010.730326
33.000000,23.500000,2230.840275
34.000000,23.500000,2472.800615
35.000000,23.500000,2761.582169
36.000000,23.500000,3074.251608
18.000000,24.000000,633.397280
19.000000,24.000000,684.753638
20.000000,24.000000,737.835150
21.000000,24.000000,792.641816
22.000000,24.000000,849.173636
23.000000,24.000000,913.780383
24.000000,24.000000,993.330578
25.000000,24.000000,1075.498041
26.000000,24.000000,1160.282774
27.000000,24.000000,1265.619575
28.000000,24.000000,1385.142750
29.000000,24.000000,1508.780253
30.000000,24.000000,1664.456213
31.000000,24.000000,1825.787445
32.000000,24.000000,2031.526848
33.000000,24.000000,2254.069512
34.000000,24.000000,2497.984858
35.000000,24.000000,2792.354234
36.000000,24.000000,3105.166150
18.000000,24.500000,637.765094
19.000000,24.500000,689.359809
20.000000,24.500000,742.684052
21.000000,24.500000,797.737823
22.000000,24.500000,854.521124
23.000000,24.500000,921.205476
24.000000,24.500000,1001.094761
25.000000,24.500000,1083.606520
26.000000,24.500000,1168.740753
27.000000,24.500000,1277.174845
28.000000,24.500000,1397.026992
29.000000,24.500000,1523.714207
30.000000,24.500000,1680.033324
31.000000,24.500000,1844.636767
32.000000,24.500000,2052.212444
33.000000,24.500000,2277.780374
34.000000,24.500000,2525.618819
35.000000,24.500000,2823.545675
36.000000,24.500000,3137.110088
18.000000,25.000000,642.147300
19.000000,25.000000,693.980817
20.000000,25.000000,747.548241
21.000000,25.000000,802.849573
22.000000,25.000000,859.884812
23.000000,25.000000,928.656705
24.000000,25.000000,1008.885596
25.000000,25.000000,1091.742173
26.000000,25.000000,1177.226435
27.000000,25.000000,1288.773508
28.000000,25.000000,1408.953979
29.000000,25.000000,1538.707068
30.000000,25.000000,1695.669622
31.000000,25.000000,1863.563006
32.000000,25.000000,2072.982365
33.000000,25.000000,2301.591353
34.000000,25.000000,2553.375271
35.000000,25.000000,2854.877490
36.000000,25.000000,3169.189359
18.000000,25.500000,646.927099
19.000000,25.500000,698.983243
20.000000,25.500000,752.775809
21.000000,25.500000,808.304796
22.000000,25.500000,865.570206
23.000000,25.500000,936.451004
24.000000,25.500000,1016.929349
25.000000,25.500000,1100.034115
26.000000,25.500000,1186.224000
27.000000,25.500000,1300.595149
28.000000,25.500000,1421.329969
29.000000,25.500000,1554.619195
30.000000,25.500000,1712.532938
31.000000,25.500000,1885.242923
32.000000,25.500000,2094.468186
33.000000,25.500000,2326.246686
34.000000,25.500000,2583.755663
35.000000,25.500000,2886.040797
36.000000,25.500000,3201.087448
17.000000,26.000000,601.183665
18.000000,26.000000,651.723785
19.000000,26.000000,704.002842
20.000000,26.000000,758.020835
21.000000,26.000000,813.777765
22.000000,26.000000,871.273632
23.000000,26.000000,944.273649
24.000000,26.000000,1025.001304
25.000000,26.000000,1108.354116
26.000000,26.000000,1195.251996
27.000000,26.000000,1312.461554
28.000000,26.000000,1433.751608
29.000000,26.000000,1570.596874
30.000000,26.000000,1729.464203
31.000000,26.000000,1907.020918
32.000000,26.000000,2116.043619
33.000000,26.000000,2351.008013
34.000000,26.000000,2614.278753
35.000000,26.000000,2917.341764
36.000000,26.000000,3233.118250
17.000000,26.500000,605.798618
18.000000,26.500000,656.556432
19.000000,26.500000,709.056023
20.000000,26.500000,763.297390
21.000000,26.500000,819.280532
22.000000,26.500000,877.005451
23.000000,26.500000,952.114885
24.000000,26.500000,1033.106537
25.000000,26.500000,1116.722941
26.000000,26.500000,1206.714509
27.000000,26.500000,1324.434419
28.000000,26.500000,1446.239576
29.000000,26.500000,1586.706701
30.000000,26.500000,1746.515583
31.000000,26.500000,1928.307676
32.000000,26.500000,2137.098827
33.000000,26.500000,2376.031140
34.000000,26.500000,2644.660867
35.000000,26.500000,2948.504261
17.000000,27.000000,610.430237
18.000000,27.000000,661.406038
19.000000,27.000000,714.126456
20.000000,27.000000,768.591492
21.000000,27.000000,824.801146
22.000000,27.000000,882.755418
23.000000,27.000000,959.984572
24.000000,27.000000,1041.240167
25.000000,27.000000,1125.120111
26.000000,27.000000,1218.221873
27.000000,27.000000,1336.452654
28.000000,27.000000,1458.773436
29.000000,27.000000,1602.882602
30.000000,27.000000,1763.635291
31.000000,27.000000,1949.687786
32.000000,27.000000,2158.239124
33.000000,27.000000,2401.161267
34.000000,27.000000,2675.183087
35.000000,27.000000,2979.802050
17.000000,27.500000,615.003321
18.000000,27.500000,666.213149
19.000000,27.500000,719.171214
20.000000,27.500000,773.877516
21.000000,27.500000,830.332055
22.000000,27.500000,889.668698
23.000000,27.500000,967.824567
24.000000,27.500000,1049.306058
25.000000,27.500000,1133.410118
26.000000,27.500000,1229.639638
27.000000,27.500000,1348.449460
28.000000,27.500000,1471.356762
29.000000,27.500000,1619.202074
30.000000,27.500000,1780.854283
31.000000,27.500000,1970.556588
32.000000,27.500000,2180.750689
33.000000,27.500000,2426.933985
34.000000,27.500000,2706.529381
35.000000,27.500000,3012.680129
17.000000,28.000000,619.592747
18.000000,28.000000,671.036989
19.000000,28.000000,724.233090
20.000000,28.000000,779.181051
21.000000,28.000000,835.880871
22.000000,28.000000,896.606592
23.000000,28.000000,975.692949
24.000000,28.000000,1057.400097
25.000000,28.000000,1141.728035
26.000000,28.000000,1241.102012
27.000000,28.000000,1360.491740
28.000000,28.000000,1483.986429
29.000000,28.000000,1635.588508
30.000000,28.000000,1798.141858
31.000000,28.000000,1991.514035
32.000000,28.000000,2203.356504
33.000000,28.000000,2452.818009
34.000000,28.000000,2738.022503
35.000000,28.000000,3045.706853
17.000000,28.500000,624.142635
18.000000,28.500000,675.836428
19.000000,28.500000,729.286477
20.000000,28.500000,784.492783
21.000000,28.500000,841.455345
22.000000,28.500000,904.247716
23.000000,28.500000,983.555677
24.000000,28.500000,1065.481607
25.000000,28.500000,1150.025507
26.000000,28.500000,1252.710195
27.000000,28.500000,1372.823301
28.000000,28.500000,1497.487783
29.000000,28.500000,1652.665409
30.000000,28.500000,1816.241670
31.000000,28.500000,2012.472338
32.000000,28.500000,2227.709895
33.000000,28.500000,2479.319363
34.000000,28.500000,2769.753931
17.000000,29.000000,628.708632
18.000000,29.000000,680.652455
19.000000,29.000000,734.356936
20.000000,29.000000,789.822075
21.000000,29.000000,847.047871
22.000000,29.000000,911.917558
23.000000,29.000000,991.446793
24.000000,29.000000,1073.591177
25.000000,29.000000,1158.350709
26.000000,29.000000,1264.363831
27.000000,29.000000,1385.202225
28.000000,29.000000,1511.041170
29.000000,29.000000,1669.814337
30.000000,29.000000,1834.415921
31.000000,29.000000,2033.519040
32.000000,29.000000,2252.170217
33.000000,29.000000,2505.935990
34.000000,29.000000,2801.633216
17.000000,29.500000,633.307572
18.000000,29.500000,685.505338
19.000000,29.500000,739.468479
20.000000,29.500000,795.196996
21.000000,29.500000,852.690890
22.000000,29.500000,919.596058
23.000000,29.500000,999.344597
24.000000,29.500000,1081.705100
25.000000,29.500000,1166.677568
26.000000,29.500000,1276.183378
27.000000,29.500000,1397.766831
28.000000,29.500000,1527.500221
29.000000,29.500000,1687.518793
30.000000,29.500000,1856.285848
31.000000,29.500000,2055.537887
32.000000,29.500000,2279.533561
33.000000,29.500000,2538.000798
34.000000,29.500000,2835.225308
17.000000,30.000000,637.922767
18.000000,30.000000,690.374980
19.000000,30.000000,744.597293
20.000000,30.000000,800.589705
21.000000,30.000000,858.352216
22.000000,30.000000,927.303339
23.000000,30.000000,1007.270818
24.000000,30.000000,1089.847080
25.000000,30.000000,1175.032124
26.000000,30.000000,1288.049377
27.000000,30.000000,1410.379868
28.000000,30.000000,1544.030841
29.000000,30.000000,1705.299178
30.000000,30.000000,1878.257798
31.000000,30.000000,2077.653127
32.000000,30.000000,2307.028856
33.000000,30.000000,2570.228034
34.000000,30.000000,2868.980115
17.000000,30.500000,642.460107
18.000000,30.500000,695.191589
19.000000,30.500000,749.698807
20.000000,30.500000,805.981760
21.000000,30.500000,864.040449
22.000000,30.500000,935.107496
23.000000,30.500000,1015.457652
24.000000,30.500000,1098.422687
25.000000,30.500000,1184.578035
26.000000,30.500000,1300.735547
27.000000,30.500000,1423.650126
28.000000,30.500000,1561.280674
29.000000,30.500000,1723.645207
30.000000,30.500000,1900.259388
31.000000,30.500000,2100.049997
32.000000,30.500000,2336.161875
33.000000,30.500000,2604.647674
16.000000,31.000000,595.783237
17.000000,31.000000,647.013264
18.000000,31.000000,700.024668
19.000000,31.000000,754.817448
20.000000,31.000000,811.391605
21.000000,31.000000,869.747140
22.000000,31.000000,942.941173
23.000000,31.000000,1023.674684
24.000000,31.000000,1107.029177
25.000000,31.000000,1194.158969
26.000000,31.000000,1313.474020
27.000000,31.000000,1436.973311
28.000000,31.000000,1578.607385
29.000000,31.000000,1742.071119
30.000000,31.000000,1922.362877
31.000000,31.000000,2122.545367
32.000000,31.000000,2365.440900
33.000000,31.000000,2639.249718
16.000000,31.500000,600.176263
17.000000,31.500000,651.683445
18.000000,31.500000,704.977799
19.000000,31.500000,760.059325
20.000000,31.500000,816.928021
21.000000,31.500000,875.583890
22.000000,31.500000,950.920498
23.000000,31.500000,1032.028284
24.000000,31.500000,1115.762006
25.000000,31.500000,1206.492894
26.000000,31.500000,1326.482951
27.000000,31.500000,1450.669258
28.000000,31.500000,1596.621922
29.000000,31.500000,1761.273890
30.000000,31.500000,1944.731438
31.000000,31.500000,2144.958891
32.000000,31.500000,2395.720827
33.000000,31.500000,2673.934042
16.000000,32.000000,604.585121
17.000000,32.000000,656.370115
18.000000,32.000000,709.948081
19.000000,32.000000,765.319021
20.000000,32.000000,822.482933
21.000000,32.000000,881.439818
22.000000,32.000000,958.930254
23.000000,32.000000,1040.412886
24.000000,32.000000,1124.526413
25.000000,32.000000,1218.879490
26.000000,32.000000,1339.545978
27.000000,32.000000,1464.420740
28.000000,32.000000,1614.718753
29.000000,32.000000,1780.562535
30.000000,32.000000,1967.203976
31.000000,32.000000,2167.469871
32.000000,32.000000,2426.154621
33.000000,32.000000,2708.800114
16.000000,32.500000,609.271890
17.000000,32.500000,661.325845
18.000000,32.500000,715.177394
19.000000,32.500000,770.826537
20.000000,32.500000,828.273273
21.000000,32.500000,888.663532
22.000000,32.500000,967.160756
23.000000,32.500000,1048.973385
24.000000,32.500000,1133.418660
25.000000,32.500000,1231.448156
26.000000,32.500000,1352.808132
27.000000,32.500000,1478.389655
28.000000,32.500000,1633.323303
29.000000,32.500000,1800.515708
30.000000,32.500000,1989.952051
31.000000,32.500000,2196.261321
32.000000,32.500000,2458.326471
33.000000,32.500000,2743.965811
16.000000,33.000000,613.976322
17.000000,33.000000,666.299794
18.000000,33.000000,720.425484
19.000000,33.000000,776.353392
20.000000,33.000000,834.083518
21.000000,33.000000,895.914639
22.000000,33.000000,975.423081
23.000000,33.000000,1057.565924
24.000000,33.000000,1142.343169
25.000000,33.000000,1244.070567
26.000000,33.000000,1366.125597
27.000000,33.000000,1492.415467
28.000000,33.000000,1652.013869
29.000000,33.000000,1820.559735
30.000000,33.000000,2012.806242
31.000000,33.000000,2225.203114
32.000000,33.000000,2490.667536
33.000000,33.000000,2779.314800
16.000000,33.500000,618.897483
17.000000,33.500000,671.509803
18.000000,33.500000,725.929861
19.000000,33.500000,782.157657
20.000000,33.500000,840.193191
21.000000,33.500000,904.214721
22.000000,33.500000,984.026781
23.000000,33.500000,1066.474031
24.000000,33.500000,1151.556472
25.000000,33.500000,1257.099661
26.000000,33.500000,1379.764454
27.000000,33.500000,1508.821032
28.000000,33.500000,1671.242484
29.000000,33.500000,1842.656823
30.000000,33.500000,2036.019402
31.000000,33.500000,2256.460413
32.000000,33.500000,2525.480965
33.000000,33.500000,2815.101899
16.000000,34.000000,623.837741
17.000000,34.000000,676.739570
18.000000,34.000000,731.454664
19.000000,34.000000,787.983023
20.000000,34.000000,846.324647
21.000000,34.000000,912.549009
22.000000,34.000000,992.664737
23.000000,34.000000,1075.416445
24.000000,34.000000,1160.804132
25.000000,34.000000,1270.185892
26.000000,34.000000,1393.461061
27.000000,34.000000,1525.300324
28.000000,34.000000,1690.561095
29.000000,34.000000,1864.860719
30.000000,34.000000,2059.341578
31.000000,34.000000,2287.889559
32.000000,34.000000,2560.486561
33.000000,34.000000,2851.075333
16.000000,34.500000,628.807073
17.000000,34.500000,682.006554
18.000000,34.500000,737.025124
19.000000,34.500000,793.862782
20.000000,34.500000,852.519528
21.000000,34.500000,920.910998
22.000000,34.500000,1001.319271
23.000000,34.500000,1084.363174
24.000000,34.500000,1170.042707
25.000000,34.500000,1283.538364
26.000000,34.500000,1407.685616
27.000000,34.500000,1544.327979
28.000000,34.500000,1710.941644
29.000000,34.500000,1888.087742
30.000000,34.500000,2082.655054
31.000000,34.500000,2320.536806
32.000000,34.500000,2596.629668
16.000000,35.000000,633.795647
17.000000,35.000000,687.293491
18.000000,35.000000,742.616252
19.000000,35.000000,799.763933
20.000000,35.000000,858.736531
21.000000,35.000000,929.307352
22.000000,35.000000,1010.008103
23.000000,35.000000,1093.344135
24.000000,35.000000,1179.315447
25.000000,35.000000,1296.949717
26.000000,35.000000,1421.971699
27.000000,35.000000,1563.449554
28.000000,35.000000,1731.420806
29.000000,35.000000,1911.429962
30.000000,35.000000,2106.076989
31.000000,35.000000,2353.366364
32.000000,35.000000,2632.975109
16.000000,35.500000,638.759983
17.000000,35.500000,692.578626
18.000000,35.500000,748.228921
19.000000,35.500000,805.710869
20.000000,35.500000,865.024467
21.000000,35.500000,937.726976
22.000000,35.500000,1018.700223
23.000000,35.500000,1102.306221
24.000000,35.500000,1190.464729
25.000000,35.500000,1310.706081
26.000000,35.500000,1436.824056
27.000000,35.500000,1583.437783
28.000000,35.500000,1752.741085
29.000000,35.500000,1935.610725
30.000000,35.500000,2131.348022
31.000000,35.500000,2388.462139
32.000000,35.500000,2669.320864
16.000000,36.000000,643.743386
17.000000,36.000000,697.883687
18.000000,36.000000,753.862382
19.000000,36.000000,811.679468
20.000000,36.000000,871.334948
21.000000,36.000000,946.181136
22.000000,36.000000,1027.426598
23.000000,36.000000,1111.302281
24.000000,36.000000,1201.660134
25.000000,36.000000,1324.523670
26.000000,36.000000,1451.742052
27.000000,36.000000,1603.527063
28.000000,36.000000,1774.166729
29.000000,36.000000,1959.913550
30.000000,36.000000,2156.742407
31.000000,36.000000,2423.761641
32.000000,36.000000,2705.867239
16.000000,36.500000,648.796769
17.000000,36.500000,703.255554
18.000000,36.500000,759.559312
19.000000,36.500000,817.708042
20.000000,36.500000,877.701745
21.000000,36.500000,954.988405
22.000000,36.500000,1036.893923
23.000000,36.500000,1121.448111
24.000000,36.500000,1216.386801
25.000000,36.500000,1339.613144
26.000000,36.500000,1467.181538
27.000000,36.500000,1624.181103
28.000000,36.500000,1796.343830
29.000000,36.500000,1985.692426
30.000000,36.500000,2191.344349
31.000000,36.500000,2460.313043
32.000000,36.500000,2742.546260
15.000000,37.000000,600.943068
16.000000,37.000000,653.869606
17.000000,37.000000,708.647705
18.000000,37.000000,765.277364
19.000000,37.000000,823.758583
20.000000,37.000000,884.091363
21.000000,37.000000,963.832678
22.000000,37.000000,1046.400676
23.000000,37.000000,1131.635846
24.000000,37.000000,1231.186241
25.000000,37.000000,1354.773688
26.000000,37.000000,1482.690410
27.000000,37.000000,1644.940598
28.000000,37.000000,1818.632423
29.000000,37.000000,2011.606585
30.000000,37.000000,2226.158836
31.000000,37.000000,2497.080174
32.000000,37.000000,2779.425659
15.000000,37.500000,605.691397
16.000000,37.500000,658.946951
17.000000,37.500000,714.061129
18.000000,37.500000,771.033932
19.000000,37.500000,829.865359
20.000000,37.500000,892.390382
21.000000,37.500000,972.922457
22.000000,37.500000,1056.222324
23.000000,37.500000,1142.209958
24.000000,37.500000,1246.154584
25.000000,37.500000,1369.995493
26.000000,37.500000,1499.867606
27.000000,37.500000,1666.166252
28.000000,37.500000,1842.821984
29.000000,37.500000,2038.209085
30.000000,37.500000,2262.454884
31.000000,37.500000,2534.308727
32.000000,37.500000,2817.537291
15.000000,38.000000,610.458240
16.000000,38.000000,664.043742
17.000000,38.000000,719.494938
18.000000,38.000000,776.811830
19.000000,38.000000,835.994416
20.000000,38.000000,900.724789
21.000000,38.000000,982.050922
22.000000,38.000000,1066.085472
23.000000,38.000000,1152.828439
24.000000,38.000000,1261.196556
25.000000,38.000000,1385.288592
26.000000,38.000000,1517.126950
27.000000,38.000000,1687.501118
28.000000,38.000000,1867.139163
29.000000,38.000000,2064.952320
30.000000,38.000000,2298.977379
31.000000,38.000000,2571.756687
32.000000,38.000000,2855.861392
15.000000,38.500000,615.275643
16.000000,38.500000,669.183534
17.000000,38.500000,724.963842
18.000000,38.500000,782.616566
19.000000,38.500000,842.141708
20.000000,38.500000,909.259015
21.000000,38.500000,991.328703
22.000000,38.500000,1076.127715
23.000000,38.500000,1163.656050
24.000000,38.500000,1276.117503
25.000000,38.500000,1400.477179
26.000000,38.500000,1537.371564
27.000000,38.500000,1709.306120
28.000000,38.500000,1892.499167
29.000000,38.500000,2092.352209
30.000000,38.500000,2335.324437
31.000000,38.500000,2609.087686
15.000000,39.000000,620.111825
16.000000,39.000000,674.342978
17.000000,39.000000,730.453277
18.000000,39.000000,788.442723
19.000000,39.000000,848.311315
20.000000,39.000000,917.830006
21.000000,39.000000,1000.646142
22.000000,39.000000,1086.212552
23.000000,39.000000,1174.529235
24.000000,39.000000,1291.110883
25.000000,39.000000,1415.736251
26.000000,39.000000,1557.723138
27.000000,39.000000,1731.223987
28.000000,39.000000,1917.995504
29.000000,39.000000,2119.897735
30.000000,39.000000,2371.893800
31.000000,39.000000,2646.634941
15.000000,39.500000,624.980639
16.000000,39.500000,679.537120
17.000000,39.500000,735.979066
18.000000,39.500000,794.306479
19.000000,39.500000,854.519358
20.000000,39.500000,926.685571
21.000000,39.500000,1010.467723
22.000000,39.500000,1097.034333
23.000000,39.500000,1188.163868
24.000000,39.500000,1306.749675
25.000000,39.500000,1431.471856
26.000000,39.500000,1579.078484
27.000000,39.500000,1754.047157
28.000000,39.500000,1944.883750
29.000000,39.500000,2151.000982
30.000000,39.500000,2409.212685
31.000000,39.500000,2684.355755
15.000000,40.000000,629.868379
16.000000,40.000000,684.751061
17.000000,40.000000,741.525533
18.000000,40.000000,800.191795
19.000000,40.000000,860.749848
20.000000,40.000000,935.579830
21.000000,40.000000,1020.332628
22.000000,40.000000,1107.904240
23.000000,40.000000,1201.865079
24.000000,40.000000,1322.466423
25.000000,40.000000,1447.281472
26.000000,40.000000,1600.548994
27.000000,40.000000,1776.991032
28.000000,40.000000,1971.921743
29.000000,40.000000,2182.284837
30.000000,40.000000,2446.761398
31.000000,40.000000,2722.293183
15.000000,40.500000,634.776196
16.000000,40.500000,690.010843
17.000000,40.500000,747.144937
18.000000,40.500000,806.178479
19.000000,40.500000,867.111469
20.000000,40.500000,944.836191
21.000000,40.500000,1030.550933
22.000000,40.500000,1119.116064
23.000000,40.500000,1217.474099
24.000000,40.500000,1338.877550
25.000000,40.500000,1464.507015
26.000000,40.500000,1623.696914
27.000000,40.500000,1800.444155
28.000000,40.500000,1999.935998
29.000000,40.500000,2219.074026
30.000000,40.500000,2484.401845
31.000000,40.500000,2760.727103
15.000000,41.000000,639.702998
16.000000,41.000000,695.290670
17.000000,41.000000,752.785453
18.000000,41.000000,812.187350
19.000000,41.000000,873.496359
20.000000,41.000000,954.133983
21.000000,41.000000,1040.815133
22.000000,41.000000,1130.378366
23.000000,41.000000,1233.164604
24.000000,41.000000,1355.371963
25.000000,41.000000,1481.817660
26.000000,41.000000,1646.975021
27.000000,41.000000,1824.022002
28.000000,41.000000,2028.108412
29.000000,41.000000,2256.100665
30.000000,41.000000,2522.271217
31.000000,41.000000,2799.381568
15.000000,41.500000,644.761426
16.000000,41.500000,700.706754
17.000000,41.500000,758.567267
18.000000,41.500000,818.342966
19.000000,41.500000,880.651125
20.000000,41.500000,963.798377
21.000000,41.500000,1051.444414
22.000000,41.500000,1142.002873
23.000000,41.500000,1249.131759
24.000000,41.500000,1372.340325
25.000000,41.500000,1502.461059
26.000000,41.500000,1670.352034
27.000000,41.500000,1850.581461
28.000000,41.500000,2057.328300
29.000000,41.500000,2293.215182
14.000000,42.000000,595.458886
15.000000,42.000000,649.839678
16.000000,42.000000,706.143740
17.000000,42.000000,764.371073
18.000000,42.000000,824.521675
19.000000,42.000000,887.834371
20.000000,42.000000,973.506826
21.000000,42.000000,1062.122142
22.000000,42.000000,1153.680320
23.000000,42.000000,1265.182523
24.000000,42.000000,1389.396006
25.000000,42.000000,1523.218590
26.000000,42.000000,1693.859935
27.000000,42.000000,1877.293071
28.000000,42.000000,2086.715453
29.000000,42.000000,2330.566075
14.000000,42.500000,600.186184
15.000000,42.500000,655.000580
16.000000,42.500000,711.749263
17.000000,42.500000,770.432233
18.000000,42.500000,831.049489
19.000000,42.500000,897.283081
20.000000,42.500000,983.775001
21.000000,42.500000,1073.235486
22.000000,42.500000,1165.664536
23.000000,42.500000,1281.459781
24.000000,42.500000,1406.724116
25.000000,42.500000,1546.468202
26.000000,42.500000,1717.632360
27.000000,42.500000,1906.131587
28.000000,42.500000,2118.419702
29.000000,42.500000,2368.856565
14.000000,43.000000,604.932156
15.000000,43.000000,660.181838
16.000000,43.000000,717.376825
17.000000,43.000000,776.517117
18.000000,43.000000,837.602714
19.000000,43.000000,906.776356
20.000000,43.000000,994.091276
21.000000,43.000000,1084.400564
22.000000,43.000000,1177.704218
23.000000,43.000000,1297.822826
24.000000,43.000000,1424.141656
25.000000,43.000000,1569.854425
26.000000,43.000000,1741.537797
27.000000,43.000000,1935.143469
28.000000,43.000000,2150.314532
29.000000,43.000000,2407.392739
14.000000,43.500000,609.853300
15.000000,43.500000,665.644979
16.000000,43.500000,723.399672
17.000000,43.500000,783.117379
18.000000,43.500000,844.798100
19.000000,43.500000,917.157170
20.000000,43.500000,1005.080154
21.000000,43.500000,1096.008463
22.000000,43.500000,1192.354288
23.000000,43.500000,1314.538257
24.000000,43.500000,1442.025864
25.000000,43.500000,1593.400514
26.000000,43.500000,1765.676543
27.000000,43.500000,1965.660915
28.000000,43.500000,2187.412077
29.000000,43.500000,2445.761237
14.000000,44.000000,614.794306
15.000000,44.000000,671.130452
16.000000,44.000000,729.447369
17.000000,44.000000,789.745056
18.000000,44.000000,852.023513
19.000000,44.000000,927.589723
20.000000,44.000000,1016.122400
21.000000,44.000000,1107.671376
22.000000,44.000000,1207.080207
23.000000,44.000000,1331.342008
24.000000,44.000000,1460.003087
25.000000,44.000000,1617.084343
26.000000,44.000000,1789.950125
27.000000,44.000000,1996.366370
28.000000,44.000000,2224.755433
29.000000,44.000000,2484.371198
14.000000,44.500000,620.029969
15.000000,44.500000,676.882814
16.000000,44.500000,735.732646
17.000000,44.500000,796.579465
18.000000,44.500000,859.423271
19.000000,44.500000,938.145424
20.000000,44.500000,1027.324881
21.000000,44.500000,1119.533883
22.000000,44.500000,1223.242400
23.000000,44.500000,1348.841194
24.000000,44.500000,1478.953296
25.000000,44.500000,1641.055295
26.000000,44.500000,1815.924357
27.000000,44.500000,2028.429415
28.000000,44.500000,2263.039878
14.000000,45.000000,625.287585
15.000000,45.000000,682.659356
16.000000,45.000000,742.044376
17.000000,45.000000,803.442645
18.000000,45.000000,866.854163
19.000000,45.000000,948.753595
20.000000,45.000000,1038.581777
21.000000,45.000000,1131.452776
22.000000,45.000000,1239.492577
23.000000,45.000000,1366.434879
24.000000,45.000000,1498.005340
25.000000,45.000000,1665.166645
26.000000,45.000000,1842.049109
27.000000,45.000000,2060.693578
28.000000,45.000000,2301.579209
14.000000,45.500000,630.828112
15.000000,45.500000,688.690205
16.000000,45.500000,748.579257
17.000000,45.500000,810.495267
18.000000,45.500000,874.512926
19.000000,45.500000,959.551157
20.000000,45.500000,1050.102885
21.000000,45.500000,1143.715824
22.000000,45.500000,1256.358629
23.000000,45.500000,1384.558472
24.000000,45.500000,1521.529008
25.000000,45.500000,1689.111480
26.000000,45.500000,1872.642119
27.000000,45.500000,2094.551145
28.000000,45.500000,2340.094437
14.000000,46.000000,636.392698
15.000000,46.000000,694.747084
16.000000,46.000000,755.142166
17.000000,46.000000,817.577943
18.000000,46.000000,882.204346
19.000000,46.000000,970.402606
20.000000,46.000000,1061.680523
21.000000,46.000000,1156.038097
22.000000,46.000000,1273.318305
23.000000,46.000000,1402.781031
24.000000,46.000000,1545.195661
25.000000,46.000000,1713.194345
26.000000,46.000000,1903.431405
27.000000,46.000000,2128.626109
28.000000,46.000000,2378.862375
14.000000,46.500000,642.090986
15.000000,46.500000,700.938754
16.000000,46.500000,761.841485
17.000000,46.500000,824.799180
18.000000,46.500000,892.510974
19.000000,46.500000,981.418331
20.000000,46.500000,1073.421357
21.000000,46.500000,1168.520052
22.000000,46.500000,1290.654461
23.000000,46.500000,1421.460160
24.000000,46.500000,1568.785977
25.000000,46.500000,1737.271393
26.000000,46.500000,1935.782884
27.000000,46.500000,2165.443318
28.000000,46.500000,2417.288520
14.000000,47.000000,647.814248
15.000000,47.000000,707.157381
16.000000,47.000000,768.569784
17.000000,47.000000,832.051458
18.000000,47.000000,902.870443
19.000000,47.000000,992.489309
20.000000,47.000000,1085.219885
21.000000,47.000000,1181.062173
22.000000,47.000000,1308.087004
23.000000,47.000000,1440.241800
24.000000,47.000000,1592.517954
25.000000,47.000000,1761.486193
26.000000,47.000000,1968.346987
27.000000,47.000000,2202.507258
28.000000,47.000000,2455.961072
14.000000,47.500000,653.641188
15.000000,47.500000,713.482526
16.000000,47.500000,775.406286
17.000000,47.500000,839.412468
18.000000,47.500000,913.374767
19.000000,47.500000,1003.768249
20.000000,47.500000,1097.294027
21.000000,47.500000,1197.532069
22.000000,47.500000,1326.245982
23.000000,47.500000,1459.889956
24.000000,47.500000,1616.339955
25.000000,47.500000,1785.491012
26.000000,47.500000,2002.610116
27.000000,47.500000,2241.142956
13.000000,48.000000,601.247923
14.000000,48.000000,659.493839
15.000000,48.000000,719.835349
16.000000,48.000000,782.272455
17.000000,48.000000,846.805157
18.000000,48.000000,923.932783
19.000000,48.000000,1015.103895
20.000000,48.000000,1109.427946
21.000000,48.000000,1214.095522
22.000000,48.000000,1344.508058
23.000000,48.000000,1479.648698
24.000000,48.000000,1640.304250
25.000000,48.000000,1809.630803
26.000000,48.000000,2037.103321
27.000000,48.000000,2280.042075
13.000000,48.500000,606.792529
14.000000,48.500000,665.554868
15.000000,48.500000,726.427559
16.000000,48.500000,789.410602
17.000000,48.500000,854.503997
18.000000,48.500000,934.939945
19.000000,48.500000,1026.932561
20.000000,48.500000,1122.100553
21.000000,48.500000,1231.714203
22.000000,48.500000,1363.432975
23.000000,48.500000,1501.847451
24.000000,48.500000,1664.443387
25.000000,48.500000,1841.308959
26.000000,48.500000,2073.946821
27.000000,48.500000,2319.332960
13.000000,49.000000,612.362211
14.000000,49.000000,671.643139
15.000000,49.000000,733.049208
16.000000,49.000000,796.580418
17.000000,49.000000,862.236768
18.000000,49.000000,946.004590
19.000000,49.000000,1038.822066
20.000000,49.000000,1134.837425
21.000000,49.000000,1249.436186
22.000000,49.000000,1382.466743
23.000000,49.000000,1524.179079
24.000000,49.000000,1688.725530
25.000000,49.000000,1873.199755
26.000000,49.000000,2111.046170
27.000000,49.000000,2358.889999
13.000000,49.500000,617.954039
14.000000,49.500000,677.794812
15.000000,49.500000,739.777983
16.000000,49.500000,803.903552
17.000000,49.500000,870.171518
18.000000,49.500000,957.301951
19.000000,49.500000,1050.902726
20.000000,49.500000,1147.719255
21.000000,49.500000,1267.560910
22.000000,49.500000,1402.149475
23.000000,49.500000,1549.009449
24.000000,49.500000,1716.088881
25.000000,49.500000,1911.732817
26.000000,49.500000,2150.166589
27.000000,49.500000,2398.514051
13.000000,50.000000,623.570983
14.000000,50.000000,683.974104
15.000000,50.000000,746.536929
16.000000,50.000000,811.259458
17.000000,50.000000,878.141691
18.000000,50.000000,968.658704
19.000000,50.000000,1063.045590
20.000000,50.000000,1160.666137
21.000000,50.000000,1285.791983
22.000000,50.000000,1421.946627
23.000000,50.000000,1573.997739
24.000000,50.000000,1743.627201
25.000000,50.000000,1950.558986
26.000000,50.000000,2189.565689
27.000000,50.000000,2438.402698
13.000000,50.500000,629.072321
14.000000,50.500000,690.119914
15.000000,50.500000,753.348209
16.000000,50.500000,818.757204
17.000000,50.500000,888.674175
18.000000,50.500000,980.420497
19.000000,50.500000,1075.747790
20.000000,50.500000,1175.460749
21.000000,50.500000,1305.226097
22.000000,50.500000,1443.021799
23.000000,50.500000,1600.503456
24.000000,50.500000,1772.284825
25.000000,50.500000,1988.918705
26.000000,50.500000,2228.676950
13.000000,51.000000,634.597688
14.000000,51.000000,696.292919
15.000000,51.000000,760.189904
16.000000,51.000000,826.288643
17.000000,51.000000,899.262484
18.000000,51.000000,992.244954
19.000000,51.000000,1088.516941
20.000000,51.000000,1190.336502
21.000000,51.000000,1324.778534
22.000000,51.000000,1464.223998
23.000000,51.000000,1627.183044
24.000000,51.000000,1801.128217
25.000000,51.000000,2027.562070
26.000000,51.000000,2268.060763
13.000000,51.500000,640.277801
14.000000,51.500000,702.591378
15.000000,51.500000,767.126351
16.000000,51.500000,833.882720
17.000000,51.500000,910.215909
18.000000,51.500000,1004.175021
19.000000,51.500000,1101.453876
20.000000,51.500000,1208.699779
21.000000,51.500000,1344.791329
22.000000,51.500000,1487.149683
23.000000,51.500000,1654.615027
24.000000,51.500000,1836.479196
25.000000,51.500000,2066.151875
13.000000,52.000000,645.983043
14.000000,52.000000,708.917881
15.000000,52.000000,774.093814
16.000000,52.000000,841.510842
17.000000,52.000000,921.228237
18.000000,52.000000,1016.168613
19.000000,52.000000,1114.459078
20.000000,52.000000,1227.176460
21.000000,52.000000,1364.926180
22.000000,52.000000,1510.218490
23.000000,52.000000,1682.227348
24.000000,52.000000,1872.089721
25.000000,52.000000,2105.022417
13.000000,52.500000,652.008133
14.000000,52.500000,715.544987
15.000000,52.500000,781.340338
16.000000,52.500000,849.394185
17.000000,52.500000,932.577055
18.000000,52.500000,1028.505098
19.000000,52.500000,1127.812303
20.000000,52.500000,1246.241644
21.000000,52.500000,1385.720284
22.000000,52.500000,1536.626884
23.000000,52.500000,1711.225532
24.000000,52.500000,1910.292423
12.000000,53.000000,596.195239
13.000000,53.000000,658.060890
14.000000,53.000000,722.202476
15.000000,53.000000,788.619998
16.000000,53.000000,857.313455
17.000000,53.000000,943.987503
18.000000,53.000000,1040.907776
19.000000,53.000000,1141.236384
20.000000,53.000000,1265.425290
21.000000,53.000000,1406.642505
22.000000,53.000000,1563.213801
23.000000,53.000000,1740.419477
24.000000,53.000000,1948.786980
12.000000,53.500000,601.959717
13.000000,53.500000,664.367078
14.000000,53.500000,729.064044
15.000000,53.500000,796.050615
16.000000,53.500000,865.326791
17.000000,53.500000,955.534006
18.000000,53.500000,1053.440177
19.000000,53.500000,1154.784914
20.000000,53.500000,1284.995321
21.000000,53.500000,1428.064788
22.000000,53.500000,1590.723335
23.000000,53.500000,1770.664106
24.000000,53.500000,1986.741752
12.000000,54.000000,607.751587
13.000000,54.000000,670.702892
14.000000,54.000000,735.957486
15.000000,54.000000,803.515370
16.000000,54.000000,873.376543
17.000000,54.000000,967.143022
18.000000,54.000000,1066.039702
19.000000,54.000000,1168.405301
20.000000,54.000000,1304.687508
21.000000,54.000000,1449.619771
22.000000,54.000000,1618.420605
23.000000,54.000000,1801.114611
24.000000,54.000000,2024.977732
12.000000,54.500000,613.952808
13.000000,54.500000,677.440146
14.000000,54.500000,743.245487
15.000000,54.500000,811.368831
16.000000,54.500000,883.749522
17.000000,54.500000,979.219411
18.000000,54.500000,1079.015035
19.000000,54.500000,1185.223713
20.000000,54.500000,1324.961512
21.000000,54.500000,1472.105940
22.000000,54.500000,1647.413419
23.000000,54.500000,1837.592280
24.000000,54.500000,2064.274021
12.000000,55.000000,620.184676
13.000000,55.000000,684.210200
14.000000,55.000000,750.568480
15.000000,55.000000,819.259515
16.000000,55.000000,894.178367
17.000000,55.000000,991.362520
18.000000,55.000000,1092.060692
19.000000,55.000000,1202.142917
20.000000,55.000000,1345.362698
21.000000,55.000000,1494.733155
22.000000,55.000000,1676.607337
23.000000,55.000000,1874.347460
24.000000,55.000000,2103.864500
12.000000,55.500000,626.449810
13.000000,55.500000,691.038618
14.000000,55.500000,757.976463
15.000000,55.500000,827.263346
16.000000,55.500000,905.687643
17.000000,55.500000,1003.888319
18.000000,55.500000,1105.631920
19.000000,55.500000,1221.810878
20.000000,55.500000,1366.958530
21.000000,55.500000,1522.841654
22.000000,55.500000,1708.064535
23.000000,55.500000,1913.265401
12.000000,56.000000,632.745658
13.000000,56.000000,697.900112
14.000000,56.000000,765.419932
15.000000,56.000000,835.305118
16.000000,56.000000,917.261973
17.000000,56.000000,1016.483845
18.000000,56.000000,1119.277634
19.000000,56.000000,1241.606143
20.000000,56.000000,1388.693222
21.000000,56.000000,1551.151602
22.000000,56.000000,1739.749119
23.000000,56.000000,1952.487893
12.000000,56.500000,639.147467
13.000000,56.500000,704.909389
14.000000,56.500000,773.054966
15.000000,56.500000,843.584199
16.000000,56.500000,929.765786
17.000000,56.500000,1030.867407
18.000000,56.500000,1135.618455
19.000000,56.500000,1264.452474
20.000000,56.500000,1412.107035
21.000000,56.500000,1581.341424
22.000000,56.500000,1773.321329
23.000000,56.500000,1991.609622
12.000000,57.000000,645.580704
13.000000,57.000000,711.952789
14.000000,57.000000,780.726876
15.000000,57.000000,851.902965
16.000000,57.000000,942.342880
17.000000,57.000000,1045.337148
18.000000,57.000000,1152.059026
19.000000,57.000000,1287.459011
20.000000,57.000000,1435.677276
21.000000,57.000000,1611.754311
22.000000,57.000000,1807.142397
23.000000,57.000000,2031.031671
12.000000,57.500000,652.498742
13.000000,57.500000,719.869821
14.000000,57.500000,789.681716
15.000000,57.500000,861.934426
16.000000,57.500000,957.180126
17.000000,57.500000,1061.473749
18.000000,57.500000,1170.915111
19.000000,57.500000,1310.394699
20.000000,57.500000,1459.065125
21.000000,57.500000,1643.603955
22.000000,57.500000,1844.961329
23.000000,57.500000,2070.000367
11.000000,58.000000,593.555998
12.000000,58.000000,659.452316
13.000000,58.000000,727.828494
14.000000,58.000000,798.684533
15.000000,58.000000,872.020431
16.000000,58.000000,972.112375
17.000000,58.000000,1077.712544
18.000000,58.000000,1189.894843
19.000000,58.000000,1333.488740
20.000000,58.000000,1482.606279
21.000000,58.000000,1675.692151
22.000000,58.000000,1883.077424
23.000000,58.000000,2109.260258
11.000000,58.500000,599.772373
12.000000,58.500000,666.681391
13.000000,58.500000,736.110296
14.000000,58.500000,808.059088
15.000000,58.500000,885.232306
16.000000,58.500000,987.455553
17.000000,58.500000,1094.384102
18.000000,58.500000,1212.209515
19.000000,58.500000,1356.246471
20.000000,58.500000,1511.919651
21.000000,58.500000,1709.331241
22.000000,58.500000,1921.050231
11.000000,59.000000,606.020335
12.000000,59.000000,673.948324
13.000000,59.000000,744.436445
14.000000,59.000000,817.484697
15.000000,59.000000,898.527263
16.000000,59.000000,1002.897221
17.000000,59.000000,1111.161496
18.000000,59.000000,1234.682842
19.000000,59.000000,1379.157900
20.000000,59.000000,1541.452061
21.000000,59.000000,1743.226411
22.000000,59.000000,1959.315362
11.000000,59.500000,612.624206
12.000000,59.500000,681.579649
13.000000,59.500000,753.135095
14.000000,59.500000,827.290544
15.000000,59.500000,913.008241
16.000000,59.500000,1018.681349
17.000000,59.500000,1128.292141
18.000000,59.500000,1256.753382
19.000000,59.500000,1401.673505
20.000000,59.500000,1573.105153
21.000000,59.500000,1778.891929
22.000000,59.500000,1997.080114
11.000000,60.000000,619.262649
12.000000,60.000000,689.251871
13.000000,60.000000,761.881175
14.000000,60.000000,837.150563
15.000000,60.000000,927.583483
16.000000,60.000000,1034.567079
17.000000,60.000000,1145.531947
18.000000,60.000000,1278.977644
19.000000,60.000000,1424.338120
20.000000,60.000000,1605.002206
21.000000,60.000000,1814.833597
22.000000,60.000000,2035.127418
11.000000,60.500000,626.118387
12.000000,60.500000,697.176819
13.000000,60.500000,770.917037
14.000000,60.500000,847.339041
15.000000,60.500000,942.462145
16.000000,60.500000,1050.794552
17.000000,60.500000,1163.770869
18.000000,60.500000,1302.252027
19.000000,60.500000,1449.476159
20.000000,60.500000,1640.357623
11.000000,61.000000,633.010543
12.000000,61.000000,705.144852
13.000000,61.000000,780.002879
14.000000,61.000000,857.584622
15.000000,61.000000,957.438204
16.000000,61.000000,1067.126915
17.000000,61.000000,1182.128740
18.000000,61.000000,1325.691001
19.000000,61.000000,1474.789400
20.000000,61.000000,1675.999042
11.000000,61.500000,640.180089
12.000000,61.500000,713.418889
13.000000,61.500000,789.423292
14.000000,61.500000,868.681251
15.000000,61.500000,972.789977
16.000000,61.500000,1083.911410
17.000000,61.500000,1204.572559
18.000000,61.500000,1350.579506
19.000000,61.500000,1508.732033
20.000000,61.500000,1712.908325
11.000000,62.000000,647.388428
12.000000,62.000000,721.738596
13.000000,62.000000,798.896461
14.000000,62.000000,879.842448
15.000000,62.000000,988.242326
16.000000,62.000000,1100.804697
17.000000,62.000000,1227.178903
18.000000,62.000000,1375.648203
19.000000,62.000000,1542.956221
20.000000,62.000000,1750.119027
11.000000,62.500000,655.008204
12.000000,62.500000,730.485487
13.000000,62.500000,808.812454
14.000000,62.500000,894.395431
15.000000,62.500000,1004.364307
16.000000,62.500000,1118.553911
17.000000,62.500000,1251.354198
18.000000,62.500000,1402.513844
19.000000,62.500000,1579.484461
10.000000,63.000000,588.950838
11.000000,63.000000,662.670353
12.000000,63.000000,739.281740
13.000000,63.000000,818.784999
14.000000,63.000000,909.045721
15.000000,63.000000,1020.593506
16.000000,63.000000,1136.420621
17.000000,63.000000,1275.710218
18.000000,63.000000,1429.580801
19.000000,63.000000,1616.324603
10.000000,63.500000,596.393775
11.000000,63.500000,671.099371
12.000000,63.500000,748.732292
13.000000,63.500000,829.292540
14.000000,63.500000,924.312153
15.000000,63.500000,1037.534208
16.000000,63.500000,1155.148731
17.000000,63.500000,1301.333038
18.000000,63.500000,1458.258733
19.000000,63.500000,1652.754169
10.000000,64.000000,603.880361
11.000000,64.000000,679.577814
12.000000,64.000000,758.238202
13.000000,64.000000,839.861527
14.000000,64.000000,939.682354
15.000000,64.000000,1054.589411
16.000000,64.000000,1174.003005
17.000000,64.000000,1327.150634
18.000000,64.000000,1487.155921
19.000000,64.000000,1689.486123
10.000000,64.500000,612.237920
11.000000,64.500000,688.773093
12.000000,64.500000,768.297378
13.000000,64.500000,850.810774
14.000000,64.500000,955.618446
15.000000,64.500000,1072.255393
16.000000,64.500000,1198.236460
17.000000,64.500000,1354.213624
18.000000,64.500000,1522.854172
19.000000,64.500000,1726.402547
10.000000,65.000000,620.647153
11.000000,65.000000,698.024270
12.000000,65.000000,778.416769
13.000000,65.000000,861.824651
14.000000,65.000000,971.663592
15.000000,65.000000,1090.041533
16.000000,65.000000,1222.656443
17.000000,65.000000,1381.485139
18.000000,65.000000,1558.859805
19.000000,65.000000,1763.622049
10.000000,65.500000,629.279546
11.000000,65.500000,707.510147
12.000000,65.500000,788.782931
13.000000,65.500000,874.774266
14.000000,65.500000,988.528712
15.000000,65.500000,1108.906371
16.000000,65.500000,1248.937253
17.000000,65.500000,1410.849941
18.000000,65.500000,1595.336242
10.000000,66.000000,637.965518
11.000000,66.000000,717.053917
12.000000,66.000000,799.211400
13.000000,66.000000,887.807202
14.000000,66.000000,1005.511506
15.000000,66.000000,1127.903052
16.000000,66.000000,1275.427726
17.000000,66.000000,1440.449490
18.000000,66.000000,1632.125131
10.000000,66.500000,646.732869
11.000000,66.500000,726.744030
12.000000,66.500000,809.854617
13.000000,66.500000,903.562353
14.000000,66.500000,1023.323660
15.000000,66.500000,1147.855454
16.000000,66.500000,1303.323163
17.000000,66.500000,1472.754664
18.000000,66.500000,1668.333066
10.000000,67.000000,655.554582
11.000000,67.000000,736.493447
12.000000,67.000000,820.562208
13.000000,67.000000,919.429434
14.000000,67.000000,1041.262447
15.000000,67.000000,1167.949814
16.000000,67.000000,1331.444669
17.000000,67.000000,1505.327760
18.000000,67.000000,1704.841700
10.000000,67.500000,664.624894
11.000000,67.500000,746.508871
12.000000,67.500000,831.553250
13.000000,67.500000,936.062247
14.000000,67.500000,1060.068513
15.000000,67.500000,1193.882795
16.000000,67.500000,1361.098119
17.000000,67.500000,1540.875921
18.000000,67.500000,1741.377549
9.000000,68.000000,594.108668
10.000000,68.000000,673.751766
11.000000,68.000000,756.585899
12.000000,68.000000,842.611065
13.000000,68.000000,952.814701
14.000000,68.000000,1079.009956
15.000000,68.000000,1220.026870
16.000000,68.000000,1390.995622
17.000000,68.000000,1576.730257
18.000000,68.000000,1778.212180
9.000000,68.500000,602.613881
10.000000,68.500000,683.306771
11.000000,68.500000,767.228321
12.000000,68.500000,854.378532
13.000000,68.500000,970.690480
14.000000,68.500000,1098.848800
15.000000,68.500000,1248.002886
16.000000,68.500000,1422.650932
9.000000,69.000000,611.173475
10.000000,69.000000,692.922349
11.000000,69.000000,777.937690
12.000000,69.000000,866.219500
13.000000,69.000000,988.698019
14.000000,69.000000,1118.832716
15.000000,69.000000,1276.213063
16.000000,69.000000,1454.572549
9.000000,69.500000,620.213726
10.000000,69.500000,703.787780
11.000000,69.500000,790.708887
12.000000,69.500000,884.574211
13.000000,69.500000,1008.882503
14.000000,69.500000,1139.601031
15.000000,69.500000,1306.071311
9.000000,70.000000,629.313325
10.000000,70.000000,714.726735
11.000000,70.000000,803.568490
12.000000,70.000000,903.073826
13.000000,70.000000,1029.223652
14.000000,70.000000,1160.522769
15.000000,70.000000,1336.183966
9.000000,70.500000,639.076644
10.000000,70.500000,726.429170
11.000000,70.500000,817.295371
12.000000,70.500000,923.047105
13.000000,70.500000,1050.534532
14.000000,70.500000,1188.968754
15.000000,70.500000,1368.803581
9.000000,71.000000,648.905889
10.000000,71.000000,738.212760
11.000000,71.000000,831.119384
12.000000,71.000000,943.181914
13.000000,71.000000,1072.012696
14.000000,71.000000,1217.662314
15.000000,71.000000,1401.709498
9.000000,71.500000,659.640892
10.000000,71.500000,750.970472
11.000000,71.500000,845.988686
12.000000,71.500000,964.628885
13.000000,71.500000,1095.897145
14.000000,71.500000,1250.947409
15.000000,71.500000,1436.062677
9.000000,72.000000,670.451026
10.000000,72.000000,763.819383
11.000000,72.000000,860.966049
12.000000,72.000000,986.253198
13.000000,72.000000,1119.978534
14.000000,72.000000,1284.544282
15.000000,72.000000,1470.721257
9.000000,72.500000,683.358506
10.000000,72.500000,778.395539
11.000000,72.500000,880.191176
12.000000,72.500000,1009.358783
13.000000,72.500000,1145.911094
14.000000,72.500000,1318.116500
8.000000,73.000000,603.558961
9.000000,73.000000,696.364085
10.000000,73.000000,793.082186
11.000000,73.000000,899.574694
12.000000,73.000000,1032.660726
13.000000,73.000000,1172.064171
14.000000,73.000000,1351.997621
8.000000,73.500000,615.599707
9.000000,73.500000,710.037821
10.000000,73.500000,808.455736
11.000000,73.500000,921.410704
12.000000,73.500000,1056.982533
13.000000,73.500000,1204.590364
14.000000,73.500000,1385.364713
8.000000,74.000000,627.733727
9.000000,74.000000,723.816851
10.000000,74.000000,823.947087
11.000000,74.000000,943.435112
12.000000,74.000000,1081.512409
13.000000,74.000000,1237.424240
14.000000,74.000000,1419.029735
8.000000,74.500000,640.513790
9.000000,74.500000,738.240149
10.000000,74.500000,840.079196
11.000000,74.500000,966.479396
12.000000,74.500000,1107.270454
13.000000,74.500000,1270.225604
8.000000,75.000000,653.394183
9.000000,75.000000,752.775700
10.000000,75.000000,856.335936
11.000000,75.000000,989.724366
12.000000,75.000000,1133.251709
13.000000,75.000000,1303.332043
8.000000,75.500000,666.787584
9.000000,75.500000,767.728085
10.000000,75.500000,875.552247
11.000000,75.500000,1013.961100
12.000000,75.500000,1162.099341
13.000000,75.500000,1336.415059
8.000000,76.000000,680.287598
9.000000,76.000000,782.797702
10.000000,76.000000,894.929227
11.000000,76.000000,1038.411341
12.000000,76.000000,1191.208779
13.000000,76.000000,1369.800763
8.000000,76.500000,694.209274
9.000000,76.500000,798.361191
10.000000,76.500000,917.600857
11.000000,76.500000,1064.316735
7.000000,77.000000,606.852634
8.000000,77.000000,708.241913
9.000000,77.000000,814.046973
10.000000,77.000000,940.474907
11.000000,77.000000,1090.453635
7.000000,77.500000,619.670285
8.000000,77.500000,722.731163
9.000000,77.500000,830.272364
10.000000,77.500000,964.788992
11.000000,77.500000,1118.345495
7.000000,78.000000,632.591825
8.000000,78.000000,737.336076
9.000000,78.000000,846.625579
10.000000,78.000000,989.323665
11.000000,78.000000,1146.491610
7.000000,78.500000,645.891224
8.000000,78.500000,752.694364
9.000000,78.500000,866.021750
10.000000,78.500000,1016.112266
7.000000,79.000000,659.299092
8.000000,79.000000,768.177551
9.000000,79.000000,885.584005
10.000000,79.000000,1043.153290
7.000000,79.500000,673.541054
8.000000,79.500000,784.722693
9.000000,79.500000,910.865761
10.000000,79.500000,1072.115833
7.000000,80.000000,687.901157
8.000000,80.000000,801.405139
9.000000,80.000000,936.390954
10.000000,80.000000,1101.356460
7.000000,80.500000,706.666556
8.000000,80.500000,822.788744
9.000000,80.500000,966.413977
10.000000,80.500000,1132.471312
6.000000,81.000000,612.000925
7.000000,81.000000,725.606142
8.000000,81.000000,844.370465
9.000000,81.000000,996.745856
10.000000,81.000000,1163.889359
6.000000,81.500000,630.203094
7.000000,81.500000,746.221266
8.000000,81.500000,870.182769
9.000000,81.500000,1027.451553
6.000000,82.000000,648.581558
7.000000,82.000000,767.033929
8.000000,82.000000,896.254110
9.000000,82.000000,1058.470886
6.000000,82.500000,668.070134
7.000000,82.500000,789.085664
8.000000,82.500000,926.032421
9.000000,82.500000,1089.534800
6.000000,83.000000,687.750030
7.000000,83.000000,811.351581
8.000000,83.000000,956.125031
9.000000,83.000000,1120.910203
6.000000,83.500000,708.523760
7.000000,83.500000,834.898202
5.000000,84.000000,606.160994
6.000000,84.000000,729.503110
7.000000,84.000000,858.675805
5.000000,84.500000,625.408396
6.000000,84.500000,751.783520
5.000000,85.000000,644.850285
6.000000,85.000000,774.287942
5.000000,85.500000,665.641379
6.000000,85.500000,798.461547
5.000000,86.000000,686.646308
6.000000,86.000000,822.883348
5.000000,86.500000,709.273939
4.000000,87.000000,595.368761
5.000000,87.000000,732.138453
4.000000,87.500000,616.303422
5.000000,87.500000,756.804639
4.000000,88.000000,637.462378
5.000000,88.000000,781.734230
4.000000,88.500000,661.491592
5.000000,88.500000,808.791951
4.000000,89.000000,685.789787
5.000000,89.000000,836.145971
4.000000,89.500000,712.957954
3.000000,90.000000,595.158117
4.000000,90.000000,740.439966
