weight_g,550.000000
thrust_N,velocity_m_s,power_W
21.000000,0.000000,3200.600347
22.000000,0.000000,3356.840771
23.000000,0.000000,3516.773001
24.000000,0.000000,3680.397038
25.000000,0.000000,3847.712882
26.000000,0.000000,4018.720532
27.000000,0.000000,4179.332252
28.000000,0.000000,4340.350650
29.000000,0.000000,4504.381506
30.000000,0.000000,4671.424820
31.000000,0.000000,4841.480591
21.000000,0.500000,3206.212770
22.000000,0.500000,3362.810614
23.000000,0.500000,3523.110759
24.000000,0.500000,3687.113207
25.000000,0.500000,3854.817956
26.000000,0.500000,4026.225007
27.000000,0.500000,4185.995891
28.000000,0.500000,4347.325470
29.000000,0.500000,4511.674404
30.000000,0.500000,4679.042693
31.000000,0.500000,4849.430335
21.000000,1.000000,3211.829653
22.000000,1.000000,3368.785293
23.000000,1.000000,3529.453745
24.000000,1.000000,3693.835009
25.000000,1.000000,3861.929084
26.000000,1.000000,4033.735971
27.000000,1.000000,4192.664242
28.000000,1.000000,4354.305280
29.000000,1.000000,4518.972576
30.000000,1.000000,4686.666131
31.000000,1.000000,4857.385945
21.000000,1.500000,3217.496038
22.000000,1.500000,3374.809756
23.000000,1.500000,3535.846766
24.000000,1.500000,3700.607068
25.000000,1.500000,3869.090663
26.000000,1.500000,4040.293842
27.000000,1.500000,4199.375835
28.000000,1.500000,4361.334292
29.000000,1.500000,4526.326090
30.000000,1.500000,4694.351230
31.000000,1.500000,4865.409710
20.000000,2.000000,3069.228570
21.000000,2.000000,3223.166957
22.000000,2.000000,3380.839132
23.000000,2.000000,3542.245094
24.000000,2.000000,3707.384843
25.000000,2.000000,3876.258379
26.000000,2.000000,4046.856472
27.000000,2.000000,4206.092201
28.000000,2.000000,4368.368362
29.000000,2.000000,4533.684955
30.000000,2.000000,4702.041978
31.000000,2.000000,4873.439434
20.000000,2.500000,3074.600415
21.000000,2.500000,3228.887031
22.000000,2.500000,3386.917898
23.000000,2.500000,3548.693015
24.000000,2.500000,3714.212383
25.000000,2.500000,3883.476001
26.000000,2.500000,4053.301625
27.000000,2.500000,4212.853893
28.000000,2.500000,4375.453865
29.000000,2.500000,4541.101542
30.000000,2.500000,4709.796923
31.000000,2.500000,4881.540008
20.000000,3.000000,3079.976504
21.000000,3.000000,3234.611715
22.000000,3.000000,3393.001654
23.000000,3.000000,3555.146322
24.000000,3.000000,3721.045718
25.000000,3.000000,3890.699842
26.000000,3.000000,4059.751331
27.000000,3.000000,4219.620421
28.000000,3.000000,4382.544497
29.000000,3.000000,4548.523558
30.000000,3.000000,4717.557604
31.000000,3.000000,4889.646636
20.000000,3.500000,3085.556480
21.000000,3.500000,3240.516037
22.000000,3.500000,3399.239357
23.000000,3.500000,3561.726440
24.000000,3.500000,3727.977286
25.000000,3.500000,3897.991894
26.000000,3.500000,4066.242420
27.000000,3.500000,4226.434407
28.000000,3.500000,4389.688848
29.000000,3.500000,4556.005741
30.000000,3.500000,4725.385089
20.000000,4.000000,3091.141072
21.000000,4.000000,3246.425298
22.000000,4.000000,3405.482332
23.000000,4.000000,3568.312175
24.000000,4.000000,3734.914826
25.000000,4.000000,3905.290286
26.000000,4.000000,4072.738121
27.000000,4.000000,4233.253296
28.000000,4.000000,4396.838401
29.000000,4.000000,4563.493436
30.000000,4.000000,4733.218402
20.000000,4.500000,3097.075862
21.000000,4.500000,3252.721693
22.000000,4.500000,3412.150715
23.000000,4.500000,3575.362928
24.000000,4.500000,3742.358332
25.000000,4.500000,3913.136926
26.000000,4.500000,4079.748313
27.000000,4.500000,4240.549306
28.000000,4.500000,4404.425914
29.000000,4.500000,4571.378136
30.000000,4.500000,4741.405972
20.000000,5.000000,3103.015930
21.000000,5.000000,3259.023762
22.000000,5.000000,3418.825181
23.000000,5.000000,3582.420188
24.000000,5.000000,3749.808781
25.000000,5.000000,3920.990963
26.000000,5.000000,4086.763966
27.000000,5.000000,4247.851014
28.000000,5.000000,4412.019365
29.000000,5.000000,4579.269020
30.000000,5.000000,4749.599978
20.000000,5.500000,3108.999252
21.000000,5.500000,3265.383481
22.000000,5.500000,3425.572337
23.000000,5.500000,3589.565819
24.000000,5.500000,3757.363928
25.000000,5.500000,3928.966664
26.000000,5.500000,4093.909076
27.000000,5.500000,4255.326499
28.000000,5.500000,4419.832530
29.000000,5.500000,4587.427168
30.000000,5.500000,4758.110415
20.000000,6.000000,3114.987929
21.000000,6.000000,3271.748977
22.000000,6.000000,3432.325708
23.000000,6.000000,3596.718121
24.000000,6.000000,3764.926216
25.000000,6.000000,3936.949994
26.000000,6.000000,4101.059864
27.000000,6.000000,4262.807977
28.000000,6.000000,4427.652012
29.000000,6.000000,4595.591967
30.000000,6.000000,4766.627843
20.000000,6.500000,3121.019165
21.000000,6.500000,3278.162825
22.000000,6.500000,3439.133438
23.000000,6.500000,3603.931004
24.000000,6.500000,3772.555524
25.000000,6.500000,3945.006996
26.000000,6.500000,4108.263565
27.000000,6.500000,4270.341478
28.000000,6.500000,4435.522564
29.000000,6.500000,4603.806822
30.000000,6.500000,4775.194253
20.000000,7.000000,3127.055829
21.000000,7.000000,3284.582533
22.000000,7.000000,3445.947477
23.000000,7.000000,3611.150662
24.000000,7.000000,3780.192087
25.000000,7.000000,3953.071753
26.000000,7.000000,4115.473018
27.000000,7.000000,4277.881047
28.000000,7.000000,4443.399509
29.000000,7.000000,4612.028403
30.000000,7.000000,4783.767730
20.000000,7.500000,3133.556319
21.000000,7.500000,3291.397030
22.000000,7.500000,3453.083380
23.000000,7.500000,3618.615371
24.000000,7.500000,3787.993001
25.000000,7.500000,3961.216271
26.000000,7.500000,4122.734623
27.000000,7.500000,4285.471812
28.000000,7.500000,4451.326631
29.000000,7.500000,4620.299079
30.000000,7.500000,4792.389158
20.000000,8.000000,3140.063135
21.000000,8.000000,3298.218153
22.000000,8.000000,3460.226216
23.000000,8.000000,3626.087325
24.000000,8.000000,3795.801481
25.000000,8.000000,3969.368683
26.000000,8.000000,4130.002056
27.000000,8.000000,4293.068720
28.000000,8.000000,4459.260220
29.000000,8.000000,4628.576555
30.000000,8.000000,4801.017725
20.000000,8.500000,3146.773490
21.000000,8.500000,3305.284852
22.000000,8.500000,3467.658565
23.000000,8.500000,3633.894628
24.000000,8.500000,3803.993041
25.000000,8.500000,3977.105743
26.000000,8.500000,4137.655570
27.000000,8.500000,4300.988506
28.000000,8.500000,4467.450662
29.000000,8.500000,4637.042038
30.000000,8.500000,4809.762635
20.000000,9.000000,3153.490593
21.000000,9.000000,3312.358699
22.000000,9.000000,3475.098472
23.000000,9.000000,3641.709910
24.000000,9.000000,3812.193015
25.000000,9.000000,3984.849873
26.000000,9.000000,4145.315662
27.000000,9.000000,4308.915059
28.000000,9.000000,4475.648064
29.000000,9.000000,4645.514676
30.000000,9.000000,4818.514896
20.000000,9.500000,3160.261409
21.000000,9.500000,3319.509659
22.000000,9.500000,3482.639964
23.000000,9.500000,3649.652326
24.000000,9.500000,3820.546743
25.000000,9.500000,3992.406704
26.000000,9.500000,4153.189364
27.000000,9.500000,4317.112143
28.000000,9.500000,4484.175040
29.000000,9.500000,4654.378055
19.000000,10.000000,3011.302694
20.000000,10.000000,3167.039079
21.000000,10.000000,3326.667922
22.000000,10.000000,3490.189225
23.000000,10.000000,3657.602987
24.000000,10.000000,3828.909208
25.000000,10.000000,3999.970217
26.000000,10.000000,4161.070051
27.000000,10.000000,4325.316521
28.000000,10.000000,4492.709625
29.000000,10.000000,4663.249365
19.000000,10.500000,3017.919265
20.000000,10.500000,3174.000925
21.000000,10.500000,3333.983952
22.000000,10.500000,3497.868345
23.000000,10.500000,3665.654106
24.000000,10.500000,3837.341234
25.000000,10.500000,4007.571063
26.000000,10.500000,4168.998019
27.000000,10.500000,4333.578497
28.000000,10.500000,4501.312497
29.000000,10.500000,4672.200018
19.000000,11.000000,3024.542688
20.000000,11.000000,3180.970007
21.000000,11.000000,3341.307611
22.000000,11.000000,3505.555500
23.000000,11.000000,3673.713674
24.000000,11.000000,3845.782132
25.000000,11.000000,4015.178651
26.000000,11.000000,4176.933052
27.000000,11.000000,4341.847867
28.000000,11.000000,4509.923098
29.000000,11.000000,4681.158745
19.000000,11.500000,3031.602171
20.000000,11.500000,3188.311480
21.000000,11.500000,3348.936217
22.000000,11.500000,3513.476382
23.000000,11.500000,3681.931974
24.000000,11.500000,3854.302994
25.000000,11.500000,4022.823078
26.000000,11.500000,4184.906517
27.000000,11.500000,4350.157297
28.000000,11.500000,4518.575418
29.000000,11.500000,4690.160880
19.000000,12.000000,3038.669506
20.000000,12.000000,3195.661035
21.000000,12.000000,3356.573138
22.000000,12.000000,3521.405816
23.000000,12.000000,3690.159066
24.000000,12.000000,3862.832891
25.000000,12.000000,4030.474304
26.000000,12.000000,4192.887107
27.000000,12.000000,4358.474183
28.000000,12.000000,4527.235533
29.000000,12.000000,4699.171158
19.000000,12.500000,3045.823518
20.000000,12.500000,3203.204521
21.000000,12.500000,3364.516426
22.000000,12.500000,3529.759234
23.000000,12.500000,3698.932944
24.000000,12.500000,3872.037556
25.000000,12.500000,4038.724310
26.000000,12.500000,4201.351669
27.000000,12.500000,4367.155331
28.000000,12.500000,4536.135298
29.000000,12.500000,4708.291568
19.000000,13.000000,3052.985566
20.000000,13.000000,3210.756517
21.000000,13.000000,3372.468711
22.000000,13.000000,3538.122150
23.000000,13.000000,3707.716834
24.000000,13.000000,3881.252762
25.000000,13.000000,4046.982256
26.000000,13.000000,4209.824270
27.000000,13.000000,4375.844618
28.000000,13.000000,4545.043299
29.000000,13.000000,4717.420314
19.000000,13.500000,3060.216116
20.000000,13.500000,3218.410795
21.000000,13.500000,3380.558650
22.000000,13.500000,3546.659683
23.000000,13.500000,3716.713892
24.000000,13.500000,3890.721278
25.000000,13.500000,4055.495830
26.000000,13.500000,4218.635489
27.000000,13.500000,4384.958528
28.000000,13.500000,4554.464948
29.000000,13.500000,4727.154748
19.000000,14.000000,3067.454839
20.000000,14.000000,3226.073799
21.000000,14.000000,3388.657886
22.000000,14.000000,3555.207101
23.000000,14.000000,3725.721443
24.000000,14.000000,3900.200912
25.000000,14.000000,4064.017848
26.000000,14.000000,4227.455411
27.000000,14.000000,4394.081406
28.000000,14.000000,4563.895833
29.000000,14.000000,4736.898690
30.000000,14.000000,4904.853695
31.000000,14.000000,5071.447486
32.000000,14.000000,5240.788592
33.000000,14.000000,5412.877015
34.000000,14.000000,5587.712753
19.000000,14.500000,3075.056817
20.000000,14.500000,3234.047029
21.000000,14.500000,3397.011076
22.000000,14.500000,3563.948958
23.000000,14.500000,3734.860676
24.000000,14.500000,3909.746230
25.000000,14.500000,4072.621523
26.000000,14.500000,4236.420114
27.000000,14.500000,4403.414586
28.000000,14.500000,4573.604941
29.000000,14.500000,4746.991178
30.000000,14.500000,4914.227921
31.000000,14.500000,5081.034212
32.000000,14.500000,5250.589603
33.000000,14.500000,5422.894096
19.000000,15.000000,3082.667891
20.000000,15.000000,3242.029767
21.000000,15.000000,3405.374196
22.000000,15.000000,3572.701178
23.000000,15.000000,3744.010712
24.000000,15.000000,3919.302799
25.000000,15.000000,4081.233798
26.000000,15.000000,4245.393807
27.000000,15.000000,4412.757158
28.000000,15.000000,4583.323850
29.000000,15.000000,4757.093884
30.000000,15.000000,4923.610488
31.000000,15.000000,5090.629365
32.000000,15.000000,5260.399129
33.000000,15.000000,5432.919781
19.000000,15.500000,3090.492237
20.000000,15.500000,3250.194535
21.000000,15.500000,3413.886216
22.000000,15.500000,3581.567282
23.000000,15.500000,3753.237731
24.000000,15.500000,3928.089429
25.000000,15.500000,4089.892840
26.000000,15.500000,4254.419499
27.000000,15.500000,4422.157116
28.000000,15.500000,4593.105690
29.000000,15.500000,4767.265222
30.000000,15.500000,4933.091888
31.000000,15.500000,5100.406395
32.000000,15.500000,5270.476343
33.000000,15.500000,5443.301731
19.000000,16.000000,3098.326211
20.000000,16.000000,3258.369258
21.000000,16.000000,3422.408524
22.000000,16.000000,3590.444011
23.000000,16.000000,3762.475716
24.000000,16.000000,3936.885436
25.000000,16.000000,4098.560563
26.000000,16.000000,4263.454272
27.000000,16.000000,4431.566565
28.000000,16.000000,4602.897439
29.000000,16.000000,4777.446897
30.000000,16.000000,4942.581803
31.000000,16.000000,5110.192194
32.000000,16.000000,5280.562583
33.000000,16.000000,5453.692970
19.000000,16.500000,3106.245677
20.000000,16.500000,3266.690463
21.000000,16.500000,3431.141336
22.000000,16.500000,3599.598295
23.000000,16.500000,3772.061340
24.000000,16.500000,3945.612190
25.000000,16.500000,4107.581121
26.000000,16.500000,4272.773164
27.000000,16.500000,4441.188320
28.000000,16.500000,4612.826590
29.000000,16.500000,4786.832401
30.000000,16.500000,4952.115077
31.000000,16.500000,5120.019845
32.000000,16.500000,5290.689105
33.000000,16.500000,5464.122856
19.000000,17.000000,3114.174966
20.000000,17.000000,3275.021981
21.000000,17.000000,3439.884962
22.000000,17.000000,3608.763907
23.000000,17.000000,3781.658818
24.000000,17.000000,3954.348186
25.000000,17.000000,4116.611153
26.000000,17.000000,4282.101767
27.000000,17.000000,4450.820026
28.000000,17.000000,4622.765931
29.000000,17.000000,4796.226523
30.000000,17.000000,4961.656929
31.000000,17.000000,5129.856325
32.000000,17.000000,5300.824711
33.000000,17.000000,5474.562087
19.000000,17.500000,3122.366933
20.000000,17.500000,3283.602140
21.000000,17.500000,3448.862210
22.000000,17.500000,3618.147141
23.000000,17.500000,3791.456935
24.000000,17.500000,3963.255146
25.000000,17.500000,4125.835937
26.000000,17.500000,4291.649718
27.000000,17.500000,4460.696490
28.000000,17.500000,4632.976251
29.000000,17.500000,4805.752655
30.000000,17.500000,4971.422246
31.000000,17.500000,5139.863413
32.000000,17.500000,5311.076155
33.000000,17.500000,5485.060473
18.000000,18.000000,2972.979278
19.000000,18.000000,3130.569365
20.000000,18.000000,3292.193221
21.000000,18.000000,3457.850845
22.000000,18.000000,3627.542237
23.000000,18.000000,3801.267398
24.000000,18.000000,3972.171719
25.000000,18.000000,4135.070618
26.000000,18.000000,4301.207856
27.000000,18.000000,4470.583432
28.000000,18.000000,4643.197346
29.000000,18.000000,4815.287658
30.000000,18.000000,4981.196576
31.000000,18.000000,5149.879656
32.000000,18.000000,5321.336898
33.000000,18.000000,5495.568302
18.000000,18.500000,2981.341962
19.000000,18.500000,3139.234872
20.000000,18.500000,3301.165865
21.000000,18.500000,3467.134942
22.000000,18.500000,3637.142102
23.000000,18.500000,3811.187345
24.000000,18.500000,3981.177600
25.000000,18.500000,4144.489839
26.000000,18.500000,4311.049559
27.000000,18.500000,4480.856758
28.000000,18.500000,4653.911436
29.000000,18.500000,4825.309193
30.000000,18.500000,4991.371085
31.000000,18.500000,5160.206458
32.000000,18.500000,5331.815314
33.000000,18.500000,5506.197652
18.000000,19.000000,2989.716081
19.000000,19.000000,3147.912041
20.000000,19.000000,3310.150401
21.000000,19.000000,3476.431162
22.000000,19.000000,3646.754323
23.000000,19.000000,3821.119884
24.000000,19.000000,3990.193269
25.000000,19.000000,4153.919357
26.000000,19.000000,4320.902078
27.000000,19.000000,4491.141432
28.000000,19.000000,4664.637420
29.000000,19.000000,4835.340609
30.000000,19.000000,5001.555420
31.000000,19.000000,5170.543031
32.000000,19.000000,5342.303444
33.000000,19.000000,5516.836659
18.000000,19.500000,2998.224888
19.000000,19.500000,3156.709215
20.000000,19.500000,3319.239354
21.000000,19.500000,3485.815304
22.000000,19.500000,3656.437066
23.000000,19.500000,3831.104638
24.000000,19.500000,3999.295101
25.000000,19.500000,4163.444436
26.000000,19.500000,4330.859862
27.000000,19.500000,4501.541381
28.000000,19.500000,4675.488992
29.000000,19.500000,4845.483926
30.000000,19.500000,5011.968014
31.000000,19.500000,5181.228115
32.000000,19.500000,5353.264229
33.000000,19.500000,5528.076356
18.000000,20.000000,3006.745468
19.000000,20.000000,3165.518345
20.000000,20.000000,3328.340444
21.000000,20.000000,3495.211768
22.000000,20.000000,3666.132314
23.000000,20.000000,3841.102084
24.000000,20.000000,4008.406891
25.000000,20.000000,4172.980001
26.000000,20.000000,4340.828675
27.000000,20.000000,4511.952912
28.000000,20.000000,4686.352714
29.000000,20.000000,4855.637335
30.000000,20.000000,5022.390888
31.000000,20.000000,5191.923667
32.000000,20.000000,5364.235674
33.000000,20.000000,5539.326907
18.000000,20.500000,3015.338785
19.000000,20.500000,3174.531985
20.000000,20.500000,3337.784382
21.000000,20.500000,3505.095975
22.000000,20.500000,3676.466766
23.000000,20.500000,3851.896753
24.000000,20.500000,4018.211875
25.000000,20.500000,4183.071740
26.000000,20.500000,4351.210679
27.000000,20.500000,4522.628693
28.000000,20.500000,4697.325781
29.000000,20.500000,4865.861911
30.000000,20.500000,5032.949993
31.000000,20.500000,5202.822680
32.000000,20.500000,5375.479971
18.000000,21.000000,3023.944044
19.000000,21.000000,3183.558112
20.000000,21.000000,3347.241363
21.000000,21.000000,3514.993796
22.000000,21.000000,3686.815413
23.000000,21.000000,3862.706211
24.000000,21.000000,4028.028402
25.000000,21.000000,4193.175226
26.000000,21.000000,4361.604637
27.000000,21.000000,4533.316636
28.000000,21.000000,4708.311222
29.000000,21.000000,4876.096708
30.000000,21.000000,5043.519645
31.000000,21.000000,5213.732570
32.000000,21.000000,5386.735483
18.000000,21.500000,3033.022266
19.000000,21.500000,3193.035192
20.000000,21.500000,3357.125381
21.000000,21.500000,3525.292834
22.000000,21.500000,3697.537551
23.000000,21.500000,3873.859531
24.000000,21.500000,4038.076614
25.000000,21.500000,4203.462069
26.000000,21.500000,4372.131540
27.000000,21.500000,4544.085028
28.000000,21.500000,4719.322532
29.000000,21.500000,4886.377612
30.000000,21.500000,5054.139650
31.000000,21.500000,5224.697164
32.000000,21.500000,5398.050154
18.000000,22.000000,3042.113831
19.000000,22.000000,3202.526075
20.000000,22.000000,3367.023670
21.000000,22.000000,3535.606616
22.000000,22.000000,3708.274915
23.000000,22.000000,3885.028564
24.000000,22.000000,4048.136901
25.000000,22.000000,4213.761069
26.000000,22.000000,4382.670682
27.000000,22.000000,4554.865742
28.000000,22.000000,4730.346247
29.000000,22.000000,4896.668810
30.000000,22.000000,5064.770281
31.000000,22.000000,5235.672723
32.000000,22.000000,5409.376134
18.000000,22.500000,3051.434401
19.000000,22.500000,3212.213347
20.000000,22.500000,3377.083726
21.000000,22.500000,3546.045538
22.000000,22.500000,3719.098782
23.000000,22.500000,3895.259981
24.000000,22.500000,4058.374428
25.000000,22.500000,4224.396738
26.000000,22.500000,4393.712223
27.000000,22.500000,4566.320885
28.000000,22.500000,4741.666277
29.000000,22.500000,4907.649878
30.000000,22.500000,5075.922115
31.000000,22.500000,5246.994630
32.000000,22.500000,5420.867425
18.000000,23.000000,3060.768982
19.000000,23.000000,3221.914982
20.000000,23.000000,3387.158498
21.000000,23.000000,3556.499531
22.000000,23.000000,3729.938080
23.000000,23.000000,3905.504437
24.000000,23.000000,4068.624459
25.000000,23.000000,4235.045397
26.000000,23.000000,4404.767250
27.000000,23.000000,4577.790019
28.000000,23.000000,4752.999414
29.000000,23.000000,4918.642769
30.000000,23.000000,5087.085710
31.000000,23.000000,5258.328238
32.000000,23.000000,5432.370352
18.000000,23.500000,3070.179773
19.000000,23.500000,3231.695209
20.000000,23.500000,3397.314265
21.000000,23.500000,3567.036939
22.000000,23.500000,3740.863232
23.000000,23.500000,3915.459360
24.000000,23.500000,4078.961254
25.000000,23.500000,4245.771358
26.000000,23.500000,4415.889672
27.000000,23.500000,4589.316197
28.000000,23.500000,4763.810099
29.000000,23.500000,4929.658883
30.000000,23.500000,5098.307795
31.000000,23.500000,5269.756835
32.000000,23.500000,5444.006004
18.000000,24.000000,3079.604760
19.000000,24.000000,3241.489987
20.000000,24.000000,3407.484938
21.000000,24.000000,3577.589613
22.000000,24.000000,3751.804012
23.000000,24.000000,3925.426523
24.000000,24.000000,4089.310742
25.000000,24.000000,4256.510474
26.000000,24.000000,4427.025719
27.000000,24.000000,4600.856477
28.000000,24.000000,4774.632609
29.000000,24.000000,4940.686847
30.000000,24.000000,5109.541754
31.000000,24.000000,5281.197330
32.000000,24.000000,5455.653576
18.000000,24.500000,3089.302788
19.000000,24.500000,3251.598465
20.000000,24.500000,3418.011818
21.000000,24.500000,3588.542848
22.000000,24.500000,3763.191554
23.000000,24.500000,3935.891470
24.000000,24.500000,4100.061718
25.000000,24.500000,4267.550208
26.000000,24.500000,4438.356942
27.000000,24.500000,4612.481918
28.000000,24.500000,4785.477513
29.000000,24.500000,4951.892671
30.000000,24.500000,5121.114381
31.000000,24.500000,5293.142643
32.000000,24.500000,5467.977458
18.000000,25.000000,3099.015841
19.000000,25.000000,3261.722449
20.000000,25.000000,3428.554694
21.000000,25.000000,3599.512576
22.000000,25.000000,3774.596094
23.000000,25.000000,3946.370029
24.000000,25.000000,4110.826475
25.000000,25.000000,4278.603894
26.000000,25.000000,4449.702287
27.000000,25.000000,4624.121652
28.000000,25.000000,4796.334258
29.000000,25.000000,4963.110720
30.000000,25.000000,5132.699622
31.000000,25.000000,5305.100966
32.000000,25.000000,5480.314751
18.000000,25.500000,3109.168637
19.000000,25.500000,3272.239728
20.000000,25.500000,3439.441475
21.000000,25.500000,3610.773878
22.000000,25.500000,3786.236938
23.000000,25.500000,3957.038202
24.000000,25.500000,4121.750501
25.000000,25.500000,4289.785007
26.000000,25.500000,4461.141718
27.000000,25.500000,4635.820637
28.000000,25.500000,4807.281744
29.000000,25.500000,4974.456132
30.000000,25.500000,5144.450060
31.000000,25.500000,5317.263526
32.000000,25.500000,5492.896531
17.000000,26.000000,2960.037646
18.000000,26.000000,3119.337856
19.000000,26.000000,3282.773745
20.000000,26.000000,3450.345313
21.000000,26.000000,3622.052560
22.000000,26.000000,3797.895486
23.000000,26.000000,3967.720498
24.000000,26.000000,4132.688722
25.000000,26.000000,4300.980385
26.000000,26.000000,4472.595486
27.000000,26.000000,4647.534026
28.000000,26.000000,4818.241247
29.000000,26.000000,4985.814030
30.000000,26.000000,5156.213459
31.000000,26.000000,5329.439533
32.000000,26.000000,5505.492253
17.000000,26.500000,2970.051343
18.000000,26.500000,3129.685904
19.000000,26.500000,3293.459594
20.000000,26.500000,3461.372414
21.000000,26.500000,3633.424362
22.000000,26.500000,3809.615440
23.000000,26.500000,3978.501060
24.000000,26.500000,4143.835021
25.000000,26.500000,4312.498073
26.000000,26.500000,4484.490214
27.000000,26.500000,4659.811445
28.000000,26.500000,4829.756359
29.000000,26.500000,4997.608902
30.000000,26.500000,5168.290778
31.000000,26.500000,5341.801987
17.000000,27.000000,2980.081769
18.000000,27.000000,3140.050899
19.000000,27.000000,3304.162610
20.000000,27.000000,3472.416901
21.000000,27.000000,3644.813773
22.000000,27.000000,3821.353225
23.000000,27.000000,3989.295966
24.000000,27.000000,4154.996032
25.000000,27.000000,4324.030845
26.000000,27.000000,4496.400403
27.000000,27.000000,4672.104707
28.000000,27.000000,4841.284782
29.000000,27.000000,5009.417265
30.000000,27.000000,5180.381768
31.000000,27.000000,5354.178292
17.000000,27.500000,2990.147091
18.000000,27.500000,3150.457660
19.000000,27.500000,3314.914600
20.000000,27.500000,3483.517910
21.000000,27.500000,3656.267591
22.000000,27.500000,3833.163642
23.000000,27.500000,4000.251001
24.000000,27.500000,4166.399826
25.000000,27.500000,4335.892278
26.000000,27.500000,4508.728356
27.000000,27.500000,4684.908062
28.000000,27.500000,4853.234308
29.000000,27.500000,5021.570538
30.000000,27.500000,5192.738592
31.000000,27.500000,5366.738469
17.000000,28.000000,3000.229198
18.000000,28.000000,3160.881448
19.000000,28.000000,3325.683859
20.000000,28.000000,3494.636432
21.000000,28.000000,3667.739166
22.000000,28.000000,3844.992062
23.000000,28.000000,4011.220782
24.000000,28.000000,4177.818958
25.000000,28.000000,4347.769653
26.000000,28.000000,4521.072868
27.000000,28.000000,4697.728602
28.000000,28.000000,4865.198149
29.000000,28.000000,5033.738104
30.000000,28.000000,5205.109684
31.000000,28.000000,5379.312888
17.000000,28.500000,3010.996520
18.000000,28.500000,3172.015595
19.000000,28.500000,3337.189051
20.000000,28.500000,3506.516887
21.000000,28.500000,3679.999103
22.000000,28.500000,3857.635699
23.000000,28.500000,4022.855013
24.000000,28.500000,4189.766333
25.000000,28.500000,4360.033043
26.000000,28.500000,4533.655141
27.000000,28.500000,4710.380540
28.000000,28.500000,4877.249432
29.000000,28.500000,5046.070514
30.000000,28.500000,5217.725563
31.000000,28.500000,5392.214577
17.000000,29.000000,3021.782920
18.000000,29.000000,3183.169107
19.000000,29.000000,3348.713895
20.000000,29.000000,3518.417284
21.000000,29.000000,3692.279275
22.000000,29.000000,3870.299867
23.000000,29.000000,4034.505806
24.000000,29.000000,4201.730470
25.000000,29.000000,4372.313392
26.000000,29.000000,4546.254573
27.000000,29.000000,4723.049139
28.000000,29.000000,4889.315199
29.000000,29.000000,5058.417567
30.000000,29.000000,5230.356243
31.000000,29.000000,5405.131227
17.000000,29.500000,3032.836800
18.000000,29.500000,3194.630254
19.000000,29.500000,3360.588195
20.000000,29.500000,3530.710622
21.000000,29.500000,3704.997536
22.000000,29.500000,3882.226796
23.000000,29.500000,4046.501045
24.000000,29.500000,4213.963104
25.000000,29.500000,4384.783002
26.000000,29.500000,4558.960739
27.000000,29.500000,4734.894018
28.000000,29.500000,4901.566192
29.000000,29.500000,5071.081548
30.000000,29.500000,5243.440085
31.000000,29.500000,5418.641805
17.000000,30.000000,3043.910655
18.000000,30.000000,3206.111784
19.000000,30.000000,3372.483291
20.000000,30.000000,3543.025173
21.000000,30.000000,3717.737432
22.000000,30.000000,3894.171788
23.000000,30.000000,4058.513789
24.000000,30.000000,4226.213208
25.000000,30.000000,4397.270046
26.000000,30.000000,4571.684303
27.000000,30.000000,4746.753325
28.000000,30.000000,4913.832107
29.000000,30.000000,5083.760954
30.000000,30.000000,5256.539864
31.000000,30.000000,5432.168838
17.000000,30.500000,3055.103601
18.000000,30.500000,3217.700285
19.000000,30.500000,3384.472410
20.000000,30.500000,3555.419976
21.000000,30.500000,3730.542983
22.000000,30.500000,3905.968159
23.000000,30.500000,4070.586894
24.000000,30.500000,4238.564260
25.000000,30.500000,4409.900256
26.000000,30.500000,4584.594883
27.000000,30.500000,4758.881572
28.000000,30.500000,4926.334996
29.000000,30.500000,5096.644063
30.000000,30.500000,5269.808771
31.000000,30.500000,5445.829122
17.000000,31.000000,3066.316897
18.000000,31.000000,3229.309490
19.000000,31.000000,3396.482591
20.000000,31.000000,3567.836201
21.000000,31.000000,3743.370319
22.000000,31.000000,3917.782076
23.000000,31.000000,4082.677631
24.000000,31.000000,4250.933029
25.000000,31.000000,4422.548268
26.000000,31.000000,4597.523349
27.000000,31.000000,4771.024908
28.000000,31.000000,4938.853381
29.000000,31.000000,5109.543080
30.000000,31.000000,5283.094004
31.000000,31.000000,5459.506154
17.000000,31.500000,3077.706653
18.000000,31.500000,3241.085552
19.000000,31.500000,3408.649205
20.000000,31.500000,3580.397612
21.000000,31.500000,3756.330773
22.000000,31.500000,3929.763317
23.000000,31.500000,4095.100524
24.000000,31.500000,4263.805450
25.000000,31.500000,4435.878095
26.000000,31.500000,4611.318458
27.000000,31.500000,4784.042923
28.000000,31.500000,4952.058071
29.000000,31.500000,5122.932939
30.000000,31.500000,5296.667527
31.000000,31.500000,5473.261834
17.000000,32.000000,3089.117361
18.000000,32.000000,3252.882868
19.000000,32.000000,3420.837377
20.000000,32.000000,3592.980886
21.000000,32.000000,3769.313397
22.000000,32.000000,3941.762562
23.000000,32.000000,4107.542003
24.000000,32.000000,4276.697047
25.000000,32.000000,4449.227696
26.000000,32.000000,4625.133949
27.000000,32.000000,4797.078326
28.000000,32.000000,4965.280028
29.000000,32.000000,5136.339942
30.000000,32.000000,5310.258071
31.000000,32.000000,5487.034412
17.000000,32.500000,3100.945137
18.000000,32.500000,3265.108266
19.000000,32.500000,3433.464530
20.000000,32.500000,3606.013928
21.000000,32.500000,3782.756461
22.000000,32.500000,3954.243242
23.000000,32.500000,4120.379489
24.000000,32.500000,4289.895106
25.000000,32.500000,4462.790091
26.000000,32.500000,4639.064445
27.000000,32.500000,4810.132497
28.000000,32.500000,4978.547721
29.000000,32.500000,5149.820695
30.000000,32.500000,5323.951419
17.000000,33.000000,3112.795427
18.000000,33.000000,3277.356492
19.000000,33.000000,3446.114826
20.000000,33.000000,3619.070427
21.000000,33.000000,3796.223297
22.000000,33.000000,3966.743436
23.000000,33.000000,4133.236777
24.000000,33.000000,4303.113253
25.000000,33.000000,4476.372865
26.000000,33.000000,4653.015611
27.000000,33.000000,4823.204060
28.000000,33.000000,4991.832768
29.000000,33.000000,5163.318763
30.000000,33.000000,5337.662044
17.000000,33.500000,3124.826283
18.000000,33.500000,3289.807329
19.000000,33.500000,3458.990780
20.000000,33.500000,3632.376636
21.000000,33.500000,3809.964897
22.000000,33.500000,3979.517661
23.000000,33.500000,4146.317877
24.000000,33.500000,4316.502568
25.000000,33.500000,4490.071732
26.000000,33.500000,4667.025371
27.000000,33.500000,4836.317497
28.000000,33.500000,5005.199065
29.000000,33.500000,5176.938874
30.000000,33.500000,5351.536924
16.000000,34.000000,2975.686389
17.000000,34.000000,3136.880262
18.000000,34.000000,3302.281680
19.000000,34.000000,3471.890642
20.000000,34.000000,3645.707149
21.000000,34.000000,3823.731200
22.000000,34.000000,3992.312246
23.000000,34.000000,4159.419445
24.000000,34.000000,4329.912456
25.000000,34.000000,4503.791277
26.000000,34.000000,4681.055910
27.000000,34.000000,4849.448398
28.000000,34.000000,5018.582900
29.000000,34.000000,5190.576598
30.000000,34.000000,5365.429491
16.000000,34.500000,2987.447182
17.000000,34.500000,3149.046146
18.000000,34.500000,3314.857100
19.000000,34.500000,3484.880042
20.000000,34.500000,3659.114974
21.000000,34.500000,3837.561894
22.000000,34.500000,4005.156770
23.000000,34.500000,4172.586732
24.000000,34.500000,4343.404461
25.000000,34.500000,4517.609955
26.000000,34.500000,4695.099661
27.000000,34.500000,4862.837007
28.000000,34.500000,5032.379516
29.000000,34.500000,5204.787329
30.000000,34.500000,5380.060446
16.000000,35.000000,2999.231094
17.000000,35.000000,3161.235492
18.000000,35.000000,3327.456324
19.000000,35.000000,3497.893591
20.000000,35.000000,3672.547292
21.000000,35.000000,3851.417428
22.000000,35.000000,4018.021740
23.000000,35.000000,4185.774621
24.000000,35.000000,4356.917222
25.000000,35.000000,4531.449542
26.000000,35.000000,4709.164156
27.000000,35.000000,4876.243742
28.000000,35.000000,5046.194748
29.000000,35.000000,5219.017173
30.000000,35.000000,5394.711017
16.000000,35.500000,3011.499865
17.000000,35.500000,3173.847851
18.000000,35.500000,3340.412740
19.000000,35.500000,3511.194533
20.000000,35.500000,3686.193229
21.000000,35.500000,3865.200481
22.000000,35.500000,4031.109427
23.000000,35.500000,4199.291887
24.000000,35.500000,4370.870372
25.000000,35.500000,4545.844882
26.000000,35.500000,4722.857745
27.000000,35.500000,4890.207927
28.000000,35.500000,5060.430398
29.000000,35.500000,5233.525160
30.000000,35.500000,5409.492211
16.000000,36.000000,3023.793621
17.000000,36.000000,3186.485251
18.000000,36.000000,3353.394250
19.000000,36.000000,3524.520619
20.000000,36.000000,3699.864358
21.000000,36.000000,3879.008017
22.000000,36.000000,4044.218222
23.000000,36.000000,4212.830763
24.000000,36.000000,4384.845641
25.000000,36.000000,4560.262854
26.000000,36.000000,4736.570970
27.000000,36.000000,4904.191821
28.000000,36.000000,5074.685832
29.000000,36.000000,5248.053002
30.000000,36.000000,5424.293332
16.000000,36.500000,3036.296599
17.000000,36.500000,3199.409428
18.000000,36.500000,3366.743872
19.000000,36.500000,3538.299931
20.000000,36.500000,3714.077605
21.000000,36.500000,3892.318226
22.000000,36.500000,4057.889318
23.000000,36.500000,4226.865931
24.000000,36.500000,4399.248065
25.000000,36.500000,4575.035722
26.000000,36.500000,4750.535004
27.000000,36.500000,4918.376038
28.000000,36.500000,5089.089116
29.000000,36.500000,5262.674238
30.000000,36.500000,5439.131404
16.000000,37.000000,3048.825317
17.000000,37.000000,3212.359697
18.000000,37.000000,3380.119936
19.000000,37.000000,3552.106037
20.000000,37.000000,3728.317997
21.000000,37.000000,3905.651086
22.000000,37.000000,4071.583329
23.000000,37.000000,4240.924280
24.000000,37.000000,4413.673939
25.000000,37.000000,4589.832307
26.000000,37.000000,4764.519374
27.000000,37.000000,4932.580500
28.000000,37.000000,5103.512553
29.000000,37.000000,5277.315534
30.000000,37.000000,5453.989442
16.000000,37.500000,3061.676514
17.000000,37.500000,3225.675697
18.000000,37.500000,3393.906799
19.000000,37.500000,3566.369820
20.000000,37.500000,3743.064762
21.000000,37.500000,3919.470818
22.000000,37.500000,4085.675811
23.000000,37.500000,4255.288590
24.000000,37.500000,4428.309156
25.000000,37.500000,4604.737509
26.000000,37.500000,4778.569690
27.000000,37.500000,4946.951734
28.000000,37.500000,5118.207054
29.000000,37.500000,5292.335651
16.000000,38.000000,3074.554687
17.000000,38.000000,3239.019178
18.000000,38.000000,3407.721650
19.000000,38.000000,3580.662103
20.000000,38.000000,3757.840538
21.000000,38.000000,3933.314822
22.000000,38.000000,4099.792496
23.000000,38.000000,4269.677033
24.000000,38.000000,4442.968435
25.000000,38.000000,4619.666700
26.000000,38.000000,4792.640468
27.000000,38.000000,4961.343631
28.000000,38.000000,5132.922420
29.000000,38.000000,5307.376835
16.000000,38.500000,3087.680368
17.000000,38.500000,3252.577088
18.000000,38.500000,3421.715853
19.000000,38.500000,3595.096661
20.000000,38.500000,3772.719513
21.000000,38.500000,3947.191155
22.000000,38.500000,4113.946438
23.000000,38.500000,4284.107873
24.000000,38.500000,4457.675462
25.000000,38.500000,4634.649204
26.000000,38.500000,4806.817914
27.000000,38.500000,4975.879777
28.000000,38.500000,5147.820879
29.000000,38.500000,5322.641221
16.000000,39.000000,3100.833948
17.000000,39.000000,3266.163247
18.000000,39.000000,3435.738653
19.000000,39.000000,3609.560166
20.000000,39.000000,3787.627786
21.000000,39.000000,3961.091783
22.000000,39.000000,4128.124623
23.000000,39.000000,4298.562903
24.000000,39.000000,4472.406626
25.000000,39.000000,4649.655790
26.000000,39.000000,4821.016073
27.000000,39.000000,4990.436947
28.000000,39.000000,5162.740675
29.000000,39.000000,5337.927257
16.000000,39.500000,3114.556624
17.000000,39.500000,3280.223849
18.000000,39.500000,3450.135756
19.000000,39.500000,3624.292342
20.000000,39.500000,3802.693610
21.000000,39.500000,3975.105600
22.000000,39.500000,4142.468789
23.000000,39.500000,4313.238874
24.000000,39.500000,4487.415855
25.000000,39.500000,4664.999731
26.000000,39.500000,4835.643604
27.000000,39.500000,5005.467882
28.000000,39.500000,5178.179901
29.000000,39.500000,5353.779661
16.000000,40.000000,3128.309524
17.000000,40.000000,3294.314573
18.000000,40.000000,3464.562874
19.000000,40.000000,3639.054428
20.000000,40.000000,3817.789236
21.000000,40.000000,3989.144029
22.000000,40.000000,4156.837698
23.000000,40.000000,4327.939716
24.000000,40.000000,4502.450085
25.000000,40.000000,4680.368803
26.000000,40.000000,4850.293103
27.000000,40.000000,5020.521218
28.000000,40.000000,5193.641964
29.000000,40.000000,5369.655342
16.000000,40.500000,3142.198753
17.000000,40.500000,3308.594593
18.000000,40.500000,3479.234981
19.000000,40.500000,3654.119917
20.000000,40.500000,3833.249400
21.000000,40.500000,4003.648472
22.000000,40.500000,4171.723717
23.000000,40.500000,4343.210469
24.000000,40.500000,4518.108728
25.000000,40.500000,4696.418494
26.000000,40.500000,4865.540232
27.000000,40.500000,5036.030774
28.000000,40.500000,5209.413390
29.000000,40.500000,5385.688082
15.000000,41.000000,2993.577773
16.000000,41.000000,3156.118681
17.000000,41.000000,3322.905432
18.000000,41.000000,3493.938025
19.000000,41.000000,3669.216460
20.000000,41.000000,3848.740738
21.000000,41.000000,4018.179150
22.000000,41.000000,4186.636256
23.000000,41.000000,4358.508026
24.000000,41.000000,4533.794463
25.000000,41.000000,4712.495564
26.000000,41.000000,4880.811146
27.000000,41.000000,5051.564082
28.000000,41.000000,5225.208532
29.000000,41.000000,5401.744497
15.000000,41.500000,3007.386874
16.000000,41.500000,3170.343677
17.000000,41.500000,3337.548765
18.000000,41.500000,3509.002137
19.000000,41.500000,3684.703792
20.000000,41.500000,3864.653732
21.000000,41.500000,4033.109929
22.000000,41.500000,4201.869031
23.000000,41.500000,4374.042164
24.000000,41.500000,4549.629329
25.000000,41.500000,4727.771092
26.000000,41.500000,4896.149015
27.000000,41.500000,5067.191377
28.000000,41.500000,5241.125625
29.000000,41.500000,5417.951760
15.000000,42.000000,3021.227694
16.000000,42.000000,3184.600606
17.000000,42.000000,3352.224245
18.000000,42.000000,3524.098610
19.000000,42.000000,3700.223702
20.000000,42.000000,3880.599520
21.000000,42.000000,4048.068340
22.000000,42.000000,4217.129403
23.000000,42.000000,4389.603862
24.000000,42.000000,4565.491715
25.000000,42.000000,4743.071217
26.000000,42.000000,4911.510797
27.000000,42.000000,5082.842634
28.000000,42.000000,5257.066727
29.000000,42.000000,5434.183076
15.000000,42.500000,3035.319764
16.000000,42.500000,3199.077113
17.000000,42.500000,3367.085394
18.000000,42.500000,3539.344605
19.000000,42.500000,3715.854746
20.000000,42.500000,3896.212243
21.000000,42.500000,4063.074596
22.000000,42.500000,4232.437324
23.000000,42.500000,4405.212783
24.000000,42.500000,4581.400975
25.000000,42.500000,4758.210074
26.000000,42.500000,4926.991823
27.000000,42.500000,5098.668081
28.000000,42.500000,5273.238848
29.000000,42.500000,5450.704124
15.000000,43.000000,3049.444599
16.000000,43.000000,3213.586424
17.000000,43.000000,3381.979384
18.000000,43.000000,3554.623477
19.000000,43.000000,3731.518703
20.000000,43.000000,3911.856269
21.000000,43.000000,4078.108555
22.000000,43.000000,4247.772908
23.000000,43.000000,4420.849329
24.000000,43.000000,4597.337817
25.000000,43.000000,4773.372917
26.000000,43.000000,4942.497055
27.000000,43.000000,5114.517954
28.000000,43.000000,5289.435614
29.000000,43.000000,5467.250034
15.000000,43.500000,3063.691288
16.000000,43.500000,3228.210440
17.000000,43.500000,3396.980343
18.000000,43.500000,3570.000995
19.000000,43.500000,3747.272398
20.000000,43.500000,3926.656868
21.000000,43.500000,4093.210050
22.000000,43.500000,4263.174541
23.000000,43.500000,4436.550341
24.000000,43.500000,4613.337451
25.000000,43.500000,4788.638832
26.000000,43.500000,4958.153748
27.000000,43.500000,5130.569436
28.000000,43.500000,5305.885896
15.000000,44.000000,3077.971162
16.000000,44.000000,3242.867635
17.000000,44.000000,3412.014473
18.000000,44.000000,3585.411676
19.000000,44.000000,3763.059244
20.000000,44.000000,3941.485358
21.000000,44.000000,4108.339390
22.000000,44.000000,4278.603972
23.000000,44.000000,4452.279103
24.000000,44.000000,4629.364784
25.000000,44.000000,4803.928980
26.000000,44.000000,4973.835051
27.000000,44.000000,5146.645909
28.000000,44.000000,5322.361552
15.000000,44.500000,3092.528779
16.000000,44.500000,3257.841785
17.000000,44.500000,3427.406471
18.000000,44.500000,3601.222837
19.000000,44.500000,3779.290884
20.000000,44.500000,3956.814203
21.000000,44.500000,4124.117233
22.000000,44.500000,4294.835733
23.000000,44.500000,4468.969705
24.000000,44.500000,4646.519148
25.000000,44.500000,4820.315678
26.000000,44.500000,4990.450326
27.000000,44.500000,5163.487651
28.000000,44.500000,5339.427652
15.000000,45.000000,3107.120724
16.000000,45.000000,3272.850408
17.000000,45.000000,3442.833086
18.000000,45.000000,3617.068759
19.000000,45.000000,3795.557426
20.000000,45.000000,3972.172749
21.000000,45.000000,4139.925257
22.000000,45.000000,4311.098160
23.000000,45.000000,4485.691460
24.000000,45.000000,4663.705155
25.000000,45.000000,4836.730158
26.000000,45.000000,5007.093187
27.000000,45.000000,5180.356783
28.000000,45.000000,5356.520947
15.000000,45.500000,3122.088358
16.000000,45.500000,3288.269975
17.000000,45.500000,3458.707281
18.000000,45.500000,3633.400277
19.000000,45.500000,3812.348964
20.000000,45.500000,3988.043659
21.000000,45.500000,4156.154209
22.000000,45.500000,4327.685825
23.000000,45.500000,4502.638507
24.000000,45.500000,4681.012256
25.000000,45.500000,4853.171329
26.000000,45.500000,5023.761566
27.000000,45.500000,5197.250237
28.000000,45.500000,5373.637341
15.000000,46.000000,3137.091941
16.000000,46.000000,3303.725763
17.000000,46.000000,3474.617969
18.000000,46.000000,3649.768561
19.000000,46.000000,3829.177539
20.000000,46.000000,4003.946169
21.000000,46.000000,4172.414855
22.000000,46.000000,4344.305277
23.000000,46.000000,4519.617433
24.000000,46.000000,4698.351325
25.000000,46.000000,4869.640275
26.000000,46.000000,5040.457521
27.000000,46.000000,5214.171067
28.000000,46.000000,5390.780913
15.000000,46.500000,3152.460334
16.000000,46.500000,3319.458308
17.000000,46.500000,3490.712462
18.000000,46.500000,3666.222796
19.000000,46.500000,3845.989311
20.000000,46.500000,4019.786151
21.000000,46.500000,4188.627356
22.000000,46.500000,4360.891642
23.000000,46.500000,4536.579009
24.000000,46.500000,4715.689456
25.000000,46.500000,4886.135076
26.000000,46.500000,5057.241666
27.000000,46.500000,5231.244641
28.000000,46.500000,5408.144000
15.000000,47.000000,3167.866258
16.000000,47.000000,3335.228201
17.000000,47.000000,3506.844119
18.000000,47.000000,3682.714012
19.000000,47.000000,3862.837880
20.000000,47.000000,4035.657352
21.000000,47.000000,4204.871234
22.000000,47.000000,4377.509540
23.000000,47.000000,4553.572270
24.000000,47.000000,4733.059425
25.000000,47.000000,4902.657647
26.000000,47.000000,5074.053593
27.000000,47.000000,5248.346008
28.000000,47.000000,5425.534892
15.000000,47.500000,3183.314575
16.000000,47.500000,3351.051934
17.000000,47.500000,3523.041642
18.000000,47.500000,3699.283699
19.000000,47.500000,3879.778107
20.000000,47.500000,4051.630133
21.000000,47.500000,4221.210300
22.000000,47.500000,4394.215925
23.000000,47.500000,4570.647008
24.000000,47.500000,4749.899129
25.000000,47.500000,4919.250541
26.000000,47.500000,5090.948596
27.000000,47.500000,5265.543632
28.000000,47.500000,5443.035650
15.000000,48.000000,3198.800444
16.000000,48.000000,3366.913090
17.000000,48.000000,3539.276459
18.000000,48.000000,3715.890551
19.000000,48.000000,3896.755366
20.000000,48.000000,4067.634405
21.000000,48.000000,4237.580985
22.000000,48.000000,4410.954054
23.000000,48.000000,4587.753613
24.000000,48.000000,4766.768626
25.000000,48.000000,4935.871348
26.000000,48.000000,5107.871565
27.000000,48.000000,5282.769276
28.000000,48.000000,5460.564481
15.000000,48.500000,3214.673126
16.000000,48.500000,3383.168303
17.000000,48.500000,3555.912405
18.000000,48.500000,3732.905430
19.000000,48.500000,3914.147380
20.000000,48.500000,4084.064454
21.000000,48.500000,4254.391132
22.000000,48.500000,4428.145682
23.000000,48.500000,4605.328105
24.000000,48.500000,4783.581504
25.000000,48.500000,4953.027368
26.000000,48.500000,5125.372186
27.000000,48.500000,5300.615957
28.000000,48.500000,5478.758681
14.000000,49.000000,3065.954631
15.000000,49.000000,3230.585075
16.000000,49.000000,3399.462643
17.000000,49.000000,3572.587335
18.000000,49.000000,3749.959152
19.000000,49.000000,3931.578092
20.000000,49.000000,4100.527569
21.000000,49.000000,4271.234502
22.000000,49.000000,4445.370689
23.000000,49.000000,4622.936131
24.000000,49.000000,4800.423894
25.000000,49.000000,4970.213062
26.000000,49.000000,5142.902642
27.000000,49.000000,5318.492634
28.000000,49.000000,5496.983039
14.000000,49.500000,3081.746527
15.000000,49.500000,3246.831613
16.000000,49.500000,3416.165313
17.000000,49.500000,3589.747626
18.000000,49.500000,3767.578554
19.000000,49.500000,3949.133801
20.000000,49.500000,4117.595338
21.000000,49.500000,4288.648007
22.000000,49.500000,4463.129529
23.000000,49.500000,4641.039907
24.000000,49.500000,4817.758540
25.000000,49.500000,4987.910197
26.000000,49.500000,5160.963902
27.000000,49.500000,5336.919653
14.000000,50.000000,3097.578980
15.000000,50.000000,3263.118889
16.000000,50.000000,3432.908901
17.000000,50.000000,3606.949016
18.000000,50.000000,3785.239233
19.000000,50.000000,3966.728591
20.000000,50.000000,4134.698516
21.000000,50.000000,4306.096896
22.000000,50.000000,4480.923731
23.000000,50.000000,4659.179020
24.000000,50.000000,4835.124368
25.000000,50.000000,5005.638713
26.000000,50.000000,5179.056740
27.000000,50.000000,5355.378447
14.000000,50.500000,3113.540733
15.000000,50.500000,3279.523830
16.000000,50.500000,3449.757740
17.000000,50.500000,3624.242463
18.000000,50.500000,3802.977999
19.000000,50.500000,3983.525739
20.000000,50.500000,4151.839735
21.000000,50.500000,4323.581713
22.000000,50.500000,4498.751675
23.000000,50.500000,4677.349620
24.000000,50.500000,4852.542605
25.000000,50.500000,5023.434035
26.000000,50.500000,5197.231265
27.000000,50.500000,5373.934294
14.000000,51.000000,3129.543496
15.000000,51.000000,3295.969892
16.000000,51.000000,3466.647809
17.000000,51.000000,3641.577249
18.000000,51.000000,3820.758210
19.000000,51.000000,4000.358333
20.000000,51.000000,4169.016368
21.000000,51.000000,4341.101913
22.000000,51.000000,4516.614970
23.000000,51.000000,4695.555538
24.000000,51.000000,4869.992092
25.000000,51.000000,5041.260856
26.000000,51.000000,5215.437537
27.000000,51.000000,5392.522134
14.000000,51.500000,3145.669712
15.000000,51.500000,3312.534798
16.000000,51.500000,3483.651800
17.000000,51.500000,3659.020718
18.000000,51.500000,3838.641550
19.000000,51.500000,4017.292406
20.000000,51.500000,4186.309369
21.000000,51.500000,4358.753896
22.000000,51.500000,4534.625986
23.000000,51.500000,4713.925639
24.000000,51.500000,4887.649183
25.000000,51.500000,5059.319640
26.000000,51.500000,5233.900870
27.000000,51.500000,5411.392872
14.000000,52.000000,3161.837360
15.000000,52.000000,3329.141216
16.000000,52.000000,3500.697378
17.000000,52.000000,3676.505848
18.000000,52.000000,3856.566624
19.000000,52.000000,4034.262209
20.000000,52.000000,4203.638124
21.000000,52.000000,4376.441655
22.000000,52.000000,4552.672802
23.000000,52.000000,4732.331564
24.000000,52.000000,4905.338161
25.000000,52.000000,5077.410638
26.000000,52.000000,5252.396743
27.000000,52.000000,5430.296476
14.000000,52.500000,3178.462397
15.000000,52.500000,3346.151471
16.000000,52.500000,3518.089944
17.000000,52.500000,3694.277818
18.000000,52.500000,3874.715090
19.000000,52.500000,4051.447797
20.000000,52.500000,4221.164087
21.000000,52.500000,4394.306948
22.000000,52.500000,4570.876378
23.000000,52.500000,4750.872379
24.000000,52.500000,4923.166611
25.000000,52.500000,5095.620453
26.000000,52.500000,5270.989939
27.000000,52.500000,5449.275067
14.000000,53.000000,3195.131025
15.000000,53.000000,3363.205070
16.000000,53.000000,3535.525605
17.000000,53.000000,3712.092632
18.000000,53.000000,3892.906150
19.000000,53.000000,4068.669892
20.000000,53.000000,4238.726486
21.000000,53.000000,4412.208603
22.000000,53.000000,4589.116243
23.000000,53.000000,4769.449405
24.000000,53.000000,4941.027336
25.000000,53.000000,5113.862787
26.000000,53.000000,5289.615896
27.000000,53.000000,5468.286662
14.000000,53.500000,3211.954998
15.000000,53.500000,3380.432571
16.000000,53.500000,3553.154691
17.000000,53.500000,3730.121359
18.000000,53.500000,3911.332574
19.000000,53.500000,4086.242434
20.000000,53.500000,4256.706721
21.000000,53.500000,4430.597937
22.000000,53.500000,4607.916082
23.000000,53.500000,4788.444269
24.000000,53.500000,4959.553544
25.000000,53.500000,5132.749701
26.000000,53.500000,5308.864428
27.000000,53.500000,5487.897724
14.000000,54.000000,3228.823149
15.000000,54.000000,3397.704082
16.000000,54.000000,3570.827619
17.000000,54.000000,3748.193760
18.000000,54.000000,3929.802504
19.000000,54.000000,4103.852839
20.000000,54.000000,4274.725006
21.000000,54.000000,4449.025506
22.000000,54.000000,4626.754342
23.000000,54.000000,4807.476869
24.000000,54.000000,4978.114391
25.000000,54.000000,5151.671394
26.000000,54.000000,5328.147876
27.000000,54.000000,5507.543839
14.000000,54.500000,3245.782030
15.000000,54.500000,3415.057632
16.000000,54.500000,3588.573457
17.000000,54.500000,3766.329505
18.000000,54.500000,3948.325777
19.000000,54.500000,4121.525692
20.000000,54.500000,4292.804090
21.000000,54.500000,4467.512123
22.000000,54.500000,4645.649788
23.000000,54.500000,4825.732635
24.000000,54.500000,4996.784381
25.000000,54.500000,5170.758546
26.000000,54.500000,5347.655129
27.000000,54.500000,5527.474130
14.000000,55.000000,3262.785332
15.000000,55.000000,3432.455384
16.000000,55.000000,3606.363279
17.000000,55.000000,3784.509019
18.000000,55.000000,3966.892602
19.000000,55.000000,4139.236511
20.000000,55.000000,4310.921319
21.000000,55.000000,4486.037058
22.000000,55.000000,4664.583729
23.000000,55.000000,4844.022972
24.000000,55.000000,5015.489287
25.000000,55.000000,5189.880960
26.000000,55.000000,5367.197991
27.000000,55.000000,5547.440378
14.000000,55.500000,3280.040140
15.000000,55.500000,3450.086382
16.000000,55.500000,3624.366836
17.000000,55.500000,3802.881503
18.000000,55.500000,3985.630381
19.000000,55.500000,4157.126977
20.000000,55.500000,4329.226315
21.000000,55.500000,4504.758100
22.000000,55.500000,4683.722332
23.000000,55.500000,4862.521629
24.000000,55.500000,5034.393755
25.000000,55.500000,5209.193783
26.000000,55.500000,5386.921713
14.000000,56.000000,3297.340452
15.000000,56.000000,3467.762545
16.000000,56.000000,3642.415219
17.000000,56.000000,3821.298474
18.000000,56.000000,4004.412309
19.000000,56.000000,4175.056016
20.000000,56.000000,4347.570083
21.000000,56.000000,4523.518112
22.000000,56.000000,4702.900102
23.000000,56.000000,4881.055510
24.000000,56.000000,5053.333752
25.000000,56.000000,5228.542439
26.000000,56.000000,5406.681573
14.000000,56.500000,3314.953815
15.000000,56.500000,3485.816538
16.000000,56.500000,3660.908908
17.000000,56.500000,3840.230922
18.000000,56.500000,4023.262140
19.000000,56.500000,4193.490835
20.000000,56.500000,4366.369074
21.000000,56.500000,4542.680459
22.000000,56.500000,4722.424991
23.000000,56.500000,4899.879783
24.000000,56.500000,5072.523101
25.000000,56.500000,5248.097850
26.000000,56.500000,5426.604030
13.000000,57.000000,3165.539490
14.000000,57.000000,3332.614094
15.000000,57.000000,3503.917406
16.000000,57.000000,3679.449425
17.000000,57.000000,3859.210151
18.000000,57.000000,4042.156227
19.000000,57.000000,4211.966251
20.000000,57.000000,4385.208606
21.000000,57.000000,4561.883292
22.000000,57.000000,4741.990308
23.000000,57.000000,4918.740252
24.000000,57.000000,5091.748781
25.000000,57.000000,5267.689725
26.000000,57.000000,5446.563086
13.000000,57.500000,3182.495102
14.000000,57.500000,3350.172083
15.000000,57.500000,3522.085345
16.000000,57.500000,3698.234889
17.000000,57.500000,3878.620715
18.000000,57.500000,4060.792553
19.000000,57.500000,4230.971511
20.000000,57.500000,4404.581872
21.000000,57.500000,4581.623635
22.000000,57.500000,4762.096801
23.000000,57.500000,4938.062724
24.000000,57.500000,5111.319035
25.000000,57.500000,5287.504423
26.000000,57.500000,5466.618886
13.000000,58.000000,3199.496003
14.000000,58.000000,3367.776201
15.000000,58.000000,3540.300261
16.000000,58.000000,3717.068182
17.000000,58.000000,3898.079964
18.000000,58.000000,4079.471723
19.000000,58.000000,4250.019535
20.000000,58.000000,4423.997820
21.000000,58.000000,4601.406580
22.000000,58.000000,4782.245814
23.000000,58.000000,4957.423043
24.000000,58.000000,5130.926793
25.000000,58.000000,5307.356281
26.000000,58.000000,5486.711504
13.000000,58.500000,3216.649324
14.000000,58.500000,3385.530306
15.000000,58.500000,3558.662443
16.000000,58.500000,3736.045734
17.000000,58.500000,3917.680180
18.000000,58.500000,4098.234771
19.000000,58.500000,4269.194974
20.000000,58.500000,4443.586471
21.000000,58.500000,4621.409260
22.000000,58.500000,4802.663342
23.000000,58.500000,4977.198882
24.000000,58.500000,5151.169712
25.000000,58.500000,5328.070257
26.000000,58.500000,5507.900517
13.000000,59.000000,3233.848502
14.000000,59.000000,3403.331083
15.000000,59.000000,3577.072116
16.000000,59.000000,3755.071602
17.000000,59.000000,3937.329539
18.000000,59.000000,4117.040847
19.000000,59.000000,4288.413555
20.000000,59.000000,4463.218373
21.000000,59.000000,4641.455303
22.000000,59.000000,4823.124344
23.000000,59.000000,4997.014054
24.000000,59.000000,5171.452450
25.000000,59.000000,5348.824542
26.000000,59.000000,5529.130329
13.000000,59.500000,3251.489625
14.000000,59.500000,3421.512613
15.000000,59.500000,3595.797504
16.000000,59.500000,3774.344295
17.000000,59.500000,3957.152988
18.000000,59.500000,4135.927770
19.000000,59.500000,4307.712137
20.000000,59.500000,4482.929350
21.000000,59.500000,4661.579409
22.000000,59.500000,4843.662315
13.000000,60.000000,3269.178734
14.000000,60.000000,3439.742579
15.000000,60.000000,3614.571772
16.000000,60.000000,3793.666314
17.000000,60.000000,3977.026203
18.000000,60.000000,4154.857891
19.000000,60.000000,4327.054022
20.000000,60.000000,4502.683733
21.000000,60.000000,4681.747025
22.000000,60.000000,4864.243898
13.000000,60.500000,3287.136435
14.000000,60.500000,3458.244313
15.000000,60.500000,3633.621112
16.000000,60.500000,3813.266833
17.000000,60.500000,3997.181475
18.000000,60.500000,4174.118287
19.000000,60.500000,4346.731632
20.000000,60.500000,4522.779021
21.000000,60.500000,4702.260456
13.000000,61.000000,3305.143322
14.000000,61.000000,3476.795672
15.000000,61.000000,3652.720517
16.000000,61.000000,3832.917856
17.000000,61.000000,4017.387690
18.000000,61.000000,4193.423218
19.000000,61.000000,4366.453877
20.000000,61.000000,4542.919044
21.000000,61.000000,4722.818718
13.000000,61.500000,3323.304583
14.000000,61.500000,3495.508997
15.000000,61.500000,3671.989949
16.000000,61.500000,3852.747439
17.000000,61.500000,4037.781467
18.000000,61.500000,4212.951872
19.000000,61.500000,4386.417689
20.000000,61.500000,4563.318856
21.000000,61.500000,4743.655373
13.000000,62.000000,3341.515603
14.000000,62.000000,3514.272547
15.000000,62.000000,3691.310074
16.000000,62.000000,3872.628183
17.000000,62.000000,4058.226876
18.000000,62.000000,4232.525891
19.000000,62.000000,4406.427033
20.000000,62.000000,4583.764363
21.000000,62.000000,4764.537883
13.000000,62.500000,3359.881217
14.000000,62.500000,3533.186992
15.000000,62.500000,3710.777073
16.000000,62.500000,3892.651461
17.000000,62.500000,4078.810156
18.000000,62.500000,4252.259131
19.000000,62.500000,4426.654761
20.000000,62.500000,4604.489751
21.000000,62.500000,4785.764102
13.000000,63.000000,3378.297163
14.000000,63.000000,3552.152201
15.000000,63.000000,3730.295270
16.000000,63.000000,3912.726371
17.000000,63.000000,4099.445503
18.000000,63.000000,4272.038263
19.000000,63.000000,4446.928807
20.000000,63.000000,4625.261882
21.000000,63.000000,4807.037489
13.000000,63.500000,3397.212130
14.000000,63.500000,3571.530800
15.000000,63.500000,3750.136390
16.000000,63.500000,3933.028901
17.000000,63.500000,4119.424992
18.000000,63.500000,4291.935438
19.000000,63.500000,4467.317648
20.000000,63.500000,4646.145369
21.000000,63.500000,4828.418600
13.000000,64.000000,3416.179900
14.000000,64.000000,3590.962114
15.000000,64.000000,3770.030137
16.000000,64.000000,3953.383968
17.000000,64.000000,4139.453048
18.000000,64.000000,4311.878838
19.000000,64.000000,4487.753118
20.000000,64.000000,4667.075887
21.000000,64.000000,4849.847145
13.000000,64.500000,3435.363615
14.000000,64.500000,3610.674258
15.000000,64.500000,3790.272652
16.000000,64.500000,3974.158797
17.000000,64.500000,4159.388208
18.000000,64.500000,4332.232153
19.000000,64.500000,4508.524257
20.000000,64.500000,4688.264518
21.000000,64.500000,4871.452938
12.000000,65.000000,3283.051420
13.000000,65.000000,3454.601043
14.000000,65.000000,3630.440359
15.000000,65.000000,3810.569367
16.000000,65.000000,3994.988068
17.000000,65.000000,4179.371254
18.000000,65.000000,4352.633390
19.000000,65.000000,4529.343350
20.000000,65.000000,4709.501132
21.000000,65.000000,4893.106739
12.000000,65.500000,3301.910318
13.000000,65.500000,3474.035269
14.000000,65.500000,3650.454222
15.000000,65.500000,3831.167177
16.000000,65.500000,4016.174133
17.000000,65.500000,4199.726421
18.000000,65.500000,4373.404077
19.000000,65.500000,4550.529027
20.000000,65.500000,4731.101273
21.000000,65.500000,4915.120812
12.000000,66.000000,3320.823226
13.000000,66.000000,3493.524007
14.000000,66.000000,3670.523100
15.000000,66.000000,3851.820506
16.000000,66.000000,4037.416225
17.000000,66.000000,4220.131036
18.000000,66.000000,4394.224204
19.000000,66.000000,4571.764136
20.000000,66.000000,4752.750833
21.000000,66.000000,4937.184293
12.000000,66.500000,3339.904740
13.000000,66.500000,3513.184741
14.000000,66.500000,3690.767216
15.000000,66.500000,3872.652165
16.000000,66.500000,4058.839587
17.000000,66.500000,4240.676420
18.000000,66.500000,4415.198891
19.000000,66.500000,4593.168271
20.000000,66.500000,4774.584560
12.000000,67.000000,3359.040917
13.000000,67.000000,3532.900643
14.000000,67.000000,3711.067005
15.000000,67.000000,3893.540003
16.000000,67.000000,4080.319637
17.000000,67.000000,4261.271693
18.000000,67.000000,4436.223517
19.000000,67.000000,4614.622394
20.000000,67.000000,4796.468322
12.000000,67.500000,3378.452943
13.000000,67.500000,3552.874145
14.000000,67.500000,3731.604279
15.000000,67.500000,3914.643344
16.000000,67.500000,4101.991341
17.000000,67.500000,4282.001790
18.000000,67.500000,4457.379060
19.000000,67.500000,4636.203343
20.000000,67.500000,4818.474638
12.000000,68.000000,3397.920883
13.000000,68.000000,3572.903940
14.000000,68.000000,3752.198219
15.000000,68.000000,3935.803720
16.000000,68.000000,4123.720444
17.000000,68.000000,4302.782187
18.000000,68.000000,4478.584926
19.000000,68.000000,4657.834637
20.000000,68.000000,4840.531320
12.000000,68.500000,3417.583183
13.000000,68.500000,3593.143707
14.000000,68.500000,3773.018315
15.000000,68.500000,3957.207007
16.000000,68.500000,4145.709781
17.000000,68.500000,4323.781714
18.000000,68.500000,4499.979312
19.000000,68.500000,4679.622394
20.000000,68.500000,4862.710962
12.000000,69.000000,3437.302191
13.000000,69.000000,3613.440630
14.000000,69.000000,3793.896010
15.000000,69.000000,3978.668330
16.000000,69.000000,4167.757591
17.000000,69.000000,4344.832359
18.000000,69.000000,4521.424676
19.000000,69.000000,4701.460990
20.000000,69.000000,4884.941301
12.000000,69.500000,3457.147783
13.000000,69.500000,3633.785294
14.000000,69.500000,3814.738737
15.000000,69.500000,4000.008113
16.000000,69.500000,4189.593421
17.000000,69.500000,4365.800490
18.000000,69.500000,4542.923370
19.000000,69.500000,4723.494136
20.000000,69.500000,4907.512787
12.000000,70.000000,3477.050487
13.000000,70.000000,3654.187061
14.000000,70.000000,3835.638555
15.000000,70.000000,4021.404969
16.000000,70.000000,4211.486303
17.000000,70.000000,4386.819095
18.000000,70.000000,4564.473054
19.000000,70.000000,4745.578790
20.000000,70.000000,4930.136301
12.000000,70.500000,3497.131411
13.000000,70.500000,3674.754971
14.000000,70.500000,3856.691696
15.000000,70.500000,4042.941586
16.000000,70.500000,4232.693201
17.000000,70.500000,4408.058419
18.000000,70.500000,4586.315334
19.000000,70.500000,4768.030654
20.000000,70.500000,4953.204378
12.000000,71.000000,3517.270144
13.000000,71.000000,3695.380596
14.000000,71.000000,3877.802454
15.000000,71.000000,4064.535718
16.000000,71.000000,4253.953358
17.000000,71.000000,4429.349034
18.000000,71.000000,4608.209749
19.000000,71.000000,4790.535503
20.000000,71.000000,4976.326296
12.000000,71.500000,3537.925546
13.000000,71.500000,3716.438207
14.000000,71.500000,3899.255957
15.000000,71.500000,4086.378796
16.000000,71.500000,4274.864036
17.000000,71.500000,4450.856496
18.000000,71.500000,4630.320411
19.000000,71.500000,4813.255782
20.000000,71.500000,4999.662608
12.000000,72.000000,3558.641415
13.000000,72.000000,3737.555641
14.000000,72.000000,3920.768639
15.000000,72.000000,4108.280409
16.000000,72.000000,4295.825982
17.000000,72.000000,4472.416048
18.000000,72.000000,4652.483991
19.000000,72.000000,4836.029811
20.000000,72.000000,5023.053509
12.000000,72.500000,3579.192765
13.000000,72.500000,3758.583291
14.000000,72.500000,3942.270378
15.000000,72.500000,4130.254026
16.000000,72.500000,4316.950826
17.000000,72.500000,4494.000268
18.000000,72.500000,4674.528272
19.000000,72.500000,4858.534838
11.000000,73.000000,3424.230993
12.000000,73.000000,3599.803285
13.000000,73.000000,3779.669925
14.000000,73.000000,3963.830913
15.000000,73.000000,4152.286250
16.000000,73.000000,4338.127484
17.000000,73.000000,4515.636446
18.000000,73.000000,4696.624654
19.000000,73.000000,4881.092108
11.000000,73.500000,3444.252850
12.000000,73.500000,3620.356418
13.000000,73.500000,3800.755425
14.000000,73.500000,3985.449872
15.000000,73.500000,4174.439759
16.000000,73.500000,4359.533684
17.000000,73.500000,4537.471533
18.000000,73.500000,4718.887516
19.000000,73.500000,4903.781634
11.000000,74.000000,3464.333070
12.000000,74.000000,3640.968056
13.000000,74.000000,3821.899572
14.000000,74.000000,4007.127619
15.000000,74.000000,4196.652197
16.000000,74.000000,4380.992561
17.000000,74.000000,4559.359281
18.000000,74.000000,4741.203019
19.000000,74.000000,4926.523774
11.000000,74.500000,3484.597431
12.000000,74.500000,3661.765413
13.000000,74.500000,3843.230838
14.000000,74.500000,4028.993704
15.000000,74.500000,4219.054013
16.000000,74.500000,4402.632501
17.000000,74.500000,4581.474255
18.000000,74.500000,4763.794187
19.000000,74.500000,4949.592299
11.000000,75.000000,3504.920886
12.000000,75.000000,3682.621998
13.000000,75.000000,3864.621463
14.000000,75.000000,4050.919282
15.000000,75.000000,4241.515454
16.000000,75.000000,4424.325751
17.000000,75.000000,4603.642727
18.000000,75.000000,4786.439045
19.000000,75.000000,4972.714702
11.000000,75.500000,3525.792999
12.000000,75.500000,3703.989718
13.000000,75.500000,3886.483377
14.000000,75.500000,4073.273979
15.000000,75.500000,4264.361522
16.000000,75.500000,4446.347261
17.000000,75.500000,4626.096597
18.000000,75.500000,4809.324507
19.000000,75.500000,4996.030989
11.000000,76.000000,3546.727076
12.000000,76.000000,3725.419249
13.000000,76.000000,3908.406951
14.000000,76.000000,4095.690184
15.000000,76.000000,4287.268946
16.000000,76.000000,4468.423436
17.000000,76.000000,4648.605088
18.000000,76.000000,4832.264546
19.000000,76.000000,5019.401808
11.000000,76.500000,3567.790544
12.000000,76.500000,3747.001665
13.000000,76.500000,3930.507886
14.000000,76.500000,4118.309206
15.000000,76.500000,4310.405625
16.000000,76.500000,4490.695888
17.000000,76.500000,4671.292087
18.000000,76.500000,4855.364535
19.000000,76.500000,5042.913232
11.000000,77.000000,3588.916373
12.000000,77.000000,3768.646417
13.000000,77.000000,3952.671130
14.000000,77.000000,4140.990511
15.000000,77.000000,4333.604561
16.000000,77.000000,4513.023709
17.000000,77.000000,4694.034309
18.000000,77.000000,4878.519603
19.000000,77.000000,5066.479591
11.000000,77.500000,3610.324839
12.000000,77.500000,3790.627319
13.000000,77.500000,3975.226064
14.000000,77.500000,4164.121076
15.000000,77.500000,4356.902359
16.000000,77.500000,4535.752204
17.000000,77.500000,4717.129060
18.000000,77.500000,4901.977024
19.000000,77.500000,5090.296097
11.000000,78.000000,3631.796966
12.000000,78.000000,3812.672135
13.000000,78.000000,3997.845166
14.000000,78.000000,4187.316059
15.000000,78.000000,4380.262613
16.000000,78.000000,4558.537787
17.000000,78.000000,4740.280485
18.000000,78.000000,4925.490705
19.000000,78.000000,5114.168448
11.000000,78.500000,3653.456205
12.000000,78.500000,3834.910753
13.000000,78.500000,4020.664771
14.000000,78.500000,4210.718259
15.000000,78.500000,4402.841216
16.000000,78.500000,4581.531066
17.000000,78.500000,4763.686664
18.000000,78.500000,4949.308012
19.000000,78.500000,5138.395107
11.000000,79.000000,3675.179836
12.000000,79.000000,3857.214038
13.000000,79.000000,4043.549316
14.000000,79.000000,4234.185671
15.000000,79.000000,4425.477861
16.000000,79.000000,4604.582187
17.000000,79.000000,4787.150488
18.000000,79.000000,4973.182763
19.000000,79.000000,5162.679012
11.000000,79.500000,3697.073357
12.000000,79.500000,3879.691482
13.000000,79.500000,4066.612112
14.000000,79.500000,4257.835247
15.000000,79.500000,4448.329132
16.000000,79.500000,4627.886517
17.000000,79.500000,4810.907255
18.000000,79.500000,4997.391346
11.000000,80.000000,3719.031878
12.000000,80.000000,3902.234214
13.000000,80.000000,4089.740481
14.000000,80.000000,4281.550677
15.000000,80.000000,4471.239246
16.000000,80.000000,4651.249668
17.000000,80.000000,4834.722821
18.000000,80.000000,5021.658704
11.000000,80.500000,3741.189084
12.000000,80.500000,3924.972651
13.000000,80.500000,4113.061548
14.000000,80.500000,4305.455775
15.000000,80.500000,4494.354306
16.000000,80.500000,4674.809045
17.000000,80.500000,4858.725121
18.000000,80.500000,5046.102534
11.000000,81.000000,3763.412084
12.000000,81.000000,3947.777129
13.000000,81.000000,4136.448903
14.000000,81.000000,4329.427406
15.000000,81.000000,4517.528953
16.000000,81.000000,4698.427932
17.000000,81.000000,4882.786851
18.000000,81.000000,5070.605711
11.000000,81.500000,3786.087057
12.000000,81.500000,3970.954015
13.000000,81.500000,4160.125168
14.000000,81.500000,4353.600518
15.000000,81.500000,4540.867171
16.000000,81.500000,4722.210948
17.000000,81.500000,4907.013015
18.000000,81.500000,5095.273373
10.000000,82.000000,3627.763192
11.000000,82.000000,3808.830126
12.000000,82.000000,3994.198723
13.000000,82.000000,4183.868984
14.000000,82.000000,4377.840908
15.000000,82.000000,4564.265508
16.000000,82.000000,4746.053999
17.000000,82.000000,4931.299127
18.000000,82.000000,5120.000891
10.000000,82.500000,3650.290704
11.000000,82.500000,3831.834601
12.000000,82.500000,4017.676187
13.000000,82.500000,4207.815464
14.000000,82.500000,4402.252430
15.000000,82.500000,4587.840113
16.000000,82.500000,4770.091522
17.000000,82.500000,4955.798713
18.000000,82.500000,5144.961685
10.000000,83.000000,3672.887942
11.000000,83.000000,3854.908331
12.000000,83.000000,4041.222438
13.000000,83.000000,4231.830263
14.000000,83.000000,4426.731806
15.000000,83.000000,4611.475433
16.000000,83.000000,4794.189756
17.000000,83.000000,4980.359002
18.000000,83.000000,5169.983172
10.000000,83.500000,3695.741340
11.000000,83.500000,3878.189888
12.000000,83.500000,4064.925620
13.000000,83.500000,4255.948535
14.000000,83.500000,4451.258632
15.000000,83.500000,4635.197791
16.000000,83.500000,4818.441992
17.000000,83.500000,5005.143137
18.000000,83.500000,5195.301225
10.000000,84.000000,3718.665614
11.000000,84.000000,3901.541534
12.000000,84.000000,4088.698107
13.000000,84.000000,4280.135330
14.000000,84.000000,4475.853206
15.000000,84.000000,4658.981002
16.000000,84.000000,4842.755410
17.000000,84.000000,5029.988779
18.000000,84.000000,5220.681112
10.000000,84.500000,3741.763625
11.000000,84.500000,3925.060840
12.000000,84.500000,4112.631735
13.000000,84.500000,4304.476310
14.000000,84.500000,4500.594566
15.000000,84.500000,4682.926975
16.000000,84.500000,4867.249065
17.000000,84.500000,5055.033000
18.000000,84.500000,5246.278779
10.000000,85.000000,3764.933150
11.000000,85.000000,3948.650822
12.000000,85.000000,4136.635207
13.000000,85.000000,4328.886306
14.000000,85.000000,4525.404118
15.000000,85.000000,4706.934328
16.000000,85.000000,4891.804504
17.000000,85.000000,5080.139409
18.000000,85.000000,5271.939042
10.000000,85.500000,3787.330437
11.000000,85.500000,3971.690702
12.000000,85.500000,4160.321248
13.000000,85.500000,4353.222073
14.000000,85.500000,4549.121539
15.000000,85.500000,4731.129956
16.000000,85.500000,4916.543147
17.000000,85.500000,5105.423656
10.000000,86.000000,3809.794124
11.000000,86.000000,3994.797590
12.000000,86.000000,4184.074898
13.000000,86.000000,4377.626050
14.000000,86.000000,4572.900949
15.000000,86.000000,4755.387612
16.000000,86.000000,4941.344184
17.000000,86.000000,5130.770665
10.000000,86.500000,3832.545467
11.000000,86.500000,4018.174995
12.000000,86.500000,4208.080831
13.000000,86.500000,4402.262976
14.000000,86.500000,4596.809699
15.000000,86.500000,4779.832123
16.000000,86.500000,4966.326748
17.000000,86.500000,5156.293574
10.000000,87.000000,3855.364523
11.000000,87.000000,4041.620592
12.000000,87.000000,4232.155428
13.000000,87.000000,4426.969033
14.000000,87.000000,4620.780787
15.000000,87.000000,4804.339300
16.000000,87.000000,4991.372305
17.000000,87.000000,5181.879804
10.000000,87.500000,3878.482473
11.000000,87.500000,4065.342758
12.000000,87.500000,4256.483071
13.000000,87.500000,4451.903414
10.000000,88.000000,3901.669518
11.000000,88.000000,4089.134334
12.000000,88.000000,4280.880433
13.000000,88.000000,4476.907817
10.000000,88.500000,3925.134831
11.000000,88.500000,4113.167976
12.000000,88.500000,4305.482535
13.000000,88.500000,4502.078508
10.000000,89.000000,3948.670488
11.000000,89.000000,4137.272031
12.000000,89.000000,4330.155116
13.000000,89.000000,4527.319745
10.000000,89.500000,3972.623722
11.000000,89.500000,4161.736001
12.000000,89.500000,4355.127192
13.000000,89.500000,4552.797295
9.000000,90.000000,3811.302971
10.000000,90.000000,3996.649385
11.000000,90.000000,4186.272080
12.000000,90.000000,4380.171056
13.000000,90.000000,4578.346314
9.000000,90.500000,3835.106696
10.000000,90.500000,4020.950839
11.000000,90.500000,4211.067258
12.000000,90.500000,4405.455955
13.000000,90.500000,4604.116928
9.000000,91.000000,3858.984515
10.000000,91.000000,4045.325940
11.000000,91.000000,4235.935638
12.000000,91.000000,4430.813608
13.000000,91.000000,4629.959851
9.000000,91.500000,3883.096039
10.000000,91.500000,4069.930394
11.000000,91.500000,4261.028563
12.000000,91.500000,4456.390546
13.000000,91.500000,4656.016343
9.000000,92.000000,3907.282646
10.000000,92.000000,4094.609435
11.000000,92.000000,4286.195580
12.000000,92.000000,4482.041081
13.000000,92.000000,4682.145937
9.000000,92.500000,3931.723866
10.000000,92.500000,4119.591845
11.000000,92.500000,4311.716638
12.000000,92.500000,4508.098243
9.000000,93.000000,3956.241283
10.000000,93.000000,4144.650228
11.000000,93.000000,4337.313441
12.000000,93.000000,4534.230922
9.000000,93.500000,3981.036956
10.000000,93.500000,4170.073288
11.000000,93.500000,4363.364820
12.000000,93.500000,4560.911550
9.000000,94.000000,4005.910079
10.000000,94.000000,4195.574074
11.000000,94.000000,4389.494195
12.000000,94.000000,4587.670442
9.000000,94.500000,4031.217544
10.000000,94.500000,4221.468215
11.000000,94.500000,4415.973724
12.000000,94.500000,4614.734069
9.000000,95.000000,4056.604693
10.000000,95.000000,4247.442014
11.000000,95.000000,4442.532878
12.000000,95.000000,4641.877286
9.000000,95.500000,4081.882099
10.000000,95.500000,4273.405800
11.000000,95.500000,4469.186632
12.000000,95.500000,4669.224595
9.000000,96.000000,4107.238014
10.000000,96.000000,4299.448701
11.000000,96.000000,4495.920104
12.000000,96.000000,4696.652224
9.000000,96.500000,4132.262784
10.000000,96.500000,4325.080116
11.000000,96.500000,4522.158619
12.000000,96.500000,4723.498294
9.000000,97.000000,4157.363558
10.000000,97.000000,4350.787706
11.000000,97.000000,4548.473476
12.000000,97.000000,4750.420870
9.000000,97.500000,4182.690910
10.000000,97.500000,4376.671122
11.000000,97.500000,4574.911401
12.000000,97.500000,4777.411746
9.000000,98.000000,4208.095177
10.000000,98.000000,4402.631301
11.000000,98.000000,4601.425936
12.000000,98.000000,4804.479080
9.000000,98.500000,4233.699567
10.000000,98.500000,4428.819496
11.000000,98.500000,4628.197146
12.000000,98.500000,4831.832516
8.000000,99.000000,4067.934813
9.000000,99.000000,4259.381613
10.000000,99.000000,4455.085344
11.000000,99.000000,4655.046004
12.000000,99.000000,4859.263593
8.000000,99.500000,4093.240083
9.000000,99.500000,4285.303869
10.000000,99.500000,4481.624568
11.000000,99.500000,4682.202179
8.000000,100.000000,4118.623806
9.000000,100.000000,4311.304757
10.000000,100.000000,4508.242600
11.000000,100.000000,4709.437332
8.000000,100.500000,4144.387588
9.000000,100.500000,4337.678501
10.000000,100.500000,4535.225644
11.000000,100.500000,4737.029018
8.000000,101.000000,4170.231696
9.000000,101.000000,4364.132665
10.000000,101.000000,4562.289198
11.000000,101.000000,4764.701295
8.000000,101.500000,4196.449677
9.000000,101.500000,4390.950081
10.000000,101.500000,4589.704560
11.000000,101.500000,4792.713115
8.000000,102.000000,4222.749812
9.000000,102.000000,4417.849639
10.000000,102.000000,4617.202047
11.000000,102.000000,4820.807034
8.000000,102.500000,4249.425309
9.000000,102.500000,4445.109398
10.000000,102.500000,4645.043905
11.000000,102.500000,4849.228831
8.000000,103.000000,4276.184794
9.000000,103.000000,4472.452997
10.000000,103.000000,4672.969452
11.000000,103.000000,4877.734161
8.000000,103.500000,4303.319704
9.000000,103.500000,4500.154683
10.000000,103.500000,4701.234670
11.000000,103.500000,4906.559667
8.000000,104.000000,4330.540433
9.000000,104.000000,4527.941893
10.000000,104.000000,4729.585114
11.000000,104.000000,4935.470095
8.000000,104.500000,4358.142018
9.000000,104.500000,4556.088858
10.000000,104.500000,4758.272990
11.000000,104.500000,4964.694415
8.000000,105.000000,4385.831286
9.000000,105.000000,4584.323036
10.000000,105.000000,4787.047609
11.000000,105.000000,4994.005003
8.000000,105.500000,4412.912232
9.000000,105.500000,4612.224785
10.000000,105.500000,4815.778381
11.000000,105.500000,5023.573019
8.000000,106.000000,4440.076529
9.000000,106.000000,4640.211187
10.000000,106.000000,4844.595112
11.000000,106.000000,5053.228306
8.000000,106.500000,4467.454692
9.000000,106.500000,4668.542043
10.000000,106.500000,4873.892333
8.000000,107.000000,4494.917002
9.000000,107.000000,4696.959122
10.000000,107.000000,4903.277869
