weight_g,230.000000
thrust_N,velocity_m_s,power_W
18.000000,0.000000,3692.658230
19.000000,0.000000,3898.400379
20.000000,0.000000,4109.686202
21.000000,0.000000,4326.515700
22.000000,0.000000,4548.888872
23.000000,0.000000,4776.805719
24.000000,0.000000,4988.972884
25.000000,0.000000,5205.661317
26.000000,0.000000,5426.918475
27.000000,0.000000,5652.744360
18.000000,0.500000,3696.719978
19.000000,0.500000,3902.871705
20.000000,0.500000,4114.582975
21.000000,0.500000,4331.853787
22.000000,0.500000,4554.684143
23.000000,0.500000,4781.939863
24.000000,0.500000,4994.333643
25.000000,0.500000,5211.278527
26.000000,0.500000,5432.798258
27.000000,0.500000,5658.892835
18.000000,1.000000,3700.783638
19.000000,1.000000,3907.345251
20.000000,1.000000,4119.482298
21.000000,1.000000,4337.194778
22.000000,1.000000,4560.482691
23.000000,1.000000,4787.076248
24.000000,1.000000,4999.696766
25.000000,1.000000,5216.898255
26.000000,1.000000,5438.680716
27.000000,1.000000,5665.044149
18.000000,1.500000,3704.900420
19.000000,1.500000,3911.876379
20.000000,1.500000,4124.443834
21.000000,1.500000,4342.602784
22.000000,1.500000,4566.353230
23.000000,1.500000,4792.220356
24.000000,1.500000,5005.086454
25.000000,1.500000,5222.539427
26.000000,1.500000,5444.579275
27.000000,1.500000,5671.205999
18.000000,2.000000,3709.019162
19.000000,2.000000,3916.409784
20.000000,2.000000,4129.407985
21.000000,2.000000,4348.013766
22.000000,2.000000,4572.227127
23.000000,2.000000,4797.366709
24.000000,2.000000,5010.478533
25.000000,2.000000,5228.183140
26.000000,2.000000,5450.480530
27.000000,2.000000,5677.370704
18.000000,2.500000,3713.191962
19.000000,2.500000,3921.001754
20.000000,2.500000,4134.435383
21.000000,2.500000,4353.492850
22.000000,2.500000,4578.174155
23.000000,2.500000,4802.542772
24.000000,2.500000,5015.895392
25.000000,2.500000,5233.846481
26.000000,2.500000,5456.396039
27.000000,2.500000,5683.544066
18.000000,3.000000,3717.366774
19.000000,3.000000,3925.596059
20.000000,3.000000,4139.465463
21.000000,3.000000,4358.974985
22.000000,3.000000,4584.124626
23.000000,3.000000,4807.721109
24.000000,3.000000,5021.314668
25.000000,3.000000,5239.512386
26.000000,3.000000,5462.314262
27.000000,3.000000,5689.720298
18.000000,3.500000,3721.563877
19.000000,3.500000,3930.159328
20.000000,3.500000,4144.408292
21.000000,3.500000,4364.310769
22.000000,3.500000,4589.866759
23.000000,3.500000,4812.655134
24.000000,3.500000,5026.546233
25.000000,3.500000,5245.049858
26.000000,3.500000,5468.166007
27.000000,3.500000,5695.894681
18.000000,4.000000,3725.763009
19.000000,4.000000,3934.724887
20.000000,4.000000,4149.353688
21.000000,4.000000,4369.649412
22.000000,4.000000,4595.612059
23.000000,4.000000,4817.591177
24.000000,4.000000,5031.780020
25.000000,4.000000,5250.589761
26.000000,4.000000,5474.020401
27.000000,4.000000,5702.071938
18.000000,4.500000,3730.150567
19.000000,4.500000,3939.448700
20.000000,4.500000,4154.425187
21.000000,4.500000,4375.080026
22.000000,4.500000,4601.413218
23.000000,4.500000,4822.557105
24.000000,4.500000,5037.041523
25.000000,4.500000,5256.155080
26.000000,4.500000,5479.897775
27.000000,4.500000,5708.269608
18.000000,5.000000,3734.540403
19.000000,5.000000,3944.175017
20.000000,5.000000,4159.499424
21.000000,5.000000,4380.513625
22.000000,5.000000,4607.217620
23.000000,5.000000,4827.525093
24.000000,5.000000,5042.305287
25.000000,5.000000,5261.722866
26.000000,5.000000,5485.777830
27.000000,5.000000,5714.470180
18.000000,5.500000,3739.050450
19.000000,5.500000,3949.020461
20.000000,5.500000,4164.691604
21.000000,5.500000,4386.063878
22.000000,5.500000,4613.137283
23.000000,5.500000,4832.685070
24.000000,5.500000,5047.766376
25.000000,5.500000,5267.493195
26.000000,5.500000,5491.865528
18.000000,6.000000,3743.562937
19.000000,6.000000,3953.868586
20.000000,6.000000,4169.886716
21.000000,6.000000,4391.617325
22.000000,6.000000,4619.060415
23.000000,6.000000,4837.847407
24.000000,6.000000,5053.230016
25.000000,6.000000,5273.266274
26.000000,6.000000,5497.956182
18.000000,6.500000,3748.098096
19.000000,6.500000,3958.745290
20.000000,6.500000,4175.116578
21.000000,6.500000,4397.211961
22.000000,6.500000,4625.031438
23.000000,6.500000,4843.058282
24.000000,6.500000,5058.757284
25.000000,6.500000,5279.118717
26.000000,6.500000,5504.142583
18.000000,7.000000,3752.635723
19.000000,7.000000,3963.624707
20.000000,7.000000,4180.349412
21.000000,7.000000,4402.809837
22.000000,7.000000,4631.005982
23.000000,7.000000,4848.271564
24.000000,7.000000,5064.287172
25.000000,7.000000,5284.974003
26.000000,7.000000,5510.332057
18.000000,7.500000,3757.197297
19.000000,7.500000,3968.534096
20.000000,7.500000,4185.618511
21.000000,7.500000,4408.450542
22.000000,7.500000,4637.030190
23.000000,7.500000,4853.527503
24.000000,7.500000,5069.862350
25.000000,7.500000,5290.877286
26.000000,7.500000,5516.572310
18.000000,8.000000,3761.761368
19.000000,8.000000,3973.446233
20.000000,8.000000,4190.890622
21.000000,8.000000,4414.094536
22.000000,8.000000,4643.057974
23.000000,8.000000,4858.785890
24.000000,8.000000,5075.440192
25.000000,8.000000,5296.783457
26.000000,8.000000,5522.815685
18.000000,8.500000,3766.578083
19.000000,8.500000,3978.565874
20.000000,8.500000,4196.322388
21.000000,8.500000,4419.847627
22.000000,8.500000,4649.141591
23.000000,8.500000,4864.087531
24.000000,8.500000,5081.063947
25.000000,8.500000,5302.738277
26.000000,8.500000,5529.110521
17.000000,9.000000,3564.884575
18.000000,9.000000,3771.397566
19.000000,9.000000,3983.688488
20.000000,9.000000,4201.757342
21.000000,9.000000,4425.604128
22.000000,9.000000,4655.228845
23.000000,9.000000,4869.391660
24.000000,9.000000,5086.690411
25.000000,9.000000,5308.696034
26.000000,9.000000,5535.408530
17.000000,9.500000,3569.765699
18.000000,9.500000,3776.538743
19.000000,9.500000,3989.096567
20.000000,9.500000,4207.439170
21.000000,9.500000,4431.566553
22.000000,9.500000,4661.151951
23.000000,9.500000,4874.823949
24.000000,9.500000,5092.424854
25.000000,9.500000,5314.740620
26.000000,9.500000,5541.771247
17.000000,10.000000,3574.649810
18.000000,10.000000,3781.683068
19.000000,10.000000,3994.507959
20.000000,10.000000,4213.124482
21.000000,10.000000,4437.532637
22.000000,10.000000,4667.078452
23.000000,10.000000,4880.258855
24.000000,10.000000,5098.162115
25.000000,10.000000,5320.788231
26.000000,10.000000,5548.137203
17.000000,10.500000,3579.583272
18.000000,10.500000,3787.012810
19.000000,10.500000,4000.248136
20.000000,10.500000,4219.289251
21.000000,10.500000,4444.136153
22.000000,10.500000,4672.860587
23.000000,10.500000,4886.267103
24.000000,10.500000,5104.401012
25.000000,10.500000,5327.262314
26.000000,10.500000,5554.851011
17.000000,11.000000,3584.519778
18.000000,11.000000,3792.345928
19.000000,11.000000,4005.992039
20.000000,11.000000,4225.458112
21.000000,11.000000,4450.744145
22.000000,11.000000,4678.645786
23.000000,11.000000,4892.278550
24.000000,11.000000,5110.643247
25.000000,11.000000,5333.739876
26.000000,11.000000,5561.568437
17.000000,11.500000,3589.502372
18.000000,11.500000,3797.723128
19.000000,11.500000,4011.777858
20.000000,11.500000,4231.666561
21.000000,11.500000,4457.389238
22.000000,11.500000,4684.453346
23.000000,11.500000,4898.394495
24.000000,11.500000,5117.075624
25.000000,11.500000,5340.496736
26.000000,11.500000,5568.657829
17.000000,12.000000,3594.488062
18.000000,12.000000,3803.103757
19.000000,12.000000,4017.567455
20.000000,12.000000,4237.879154
21.000000,12.000000,4464.038856
22.000000,12.000000,4690.264004
23.000000,12.000000,4904.513764
24.000000,12.000000,5123.511561
25.000000,12.000000,5347.257395
26.000000,12.000000,5575.751268
17.000000,12.500000,3599.669438
18.000000,12.500000,3808.648884
19.000000,12.500000,4023.488349
20.000000,12.500000,4244.187834
21.000000,12.500000,4470.747338
22.000000,12.500000,4696.094687
23.000000,12.500000,4910.653769
24.000000,12.500000,5129.968950
25.000000,12.500000,5354.040230
26.000000,12.500000,5582.867609
17.000000,13.000000,3604.854171
18.000000,13.000000,3814.197662
19.000000,13.000000,4029.413202
20.000000,13.000000,4250.500792
21.000000,13.000000,4477.460430
22.000000,13.000000,4701.928500
23.000000,13.000000,4916.797131
24.000000,13.000000,5136.429930
25.000000,13.000000,5360.826896
26.000000,13.000000,5589.988028
17.000000,13.500000,3610.403893
18.000000,13.500000,3820.043928
19.000000,13.500000,4035.563752
20.000000,13.500000,4256.963365
21.000000,13.500000,4484.242767
22.000000,13.500000,4707.782345
23.000000,13.500000,4922.961244
24.000000,13.500000,5142.912384
25.000000,13.500000,5367.635765
26.000000,13.500000,5597.131387
17.000000,14.000000,3615.957493
18.000000,14.000000,3825.894272
19.000000,14.000000,4041.718586
20.000000,14.000000,4263.430433
21.000000,14.000000,4491.029813
22.000000,14.000000,4713.639351
23.000000,14.000000,4929.128744
24.000000,14.000000,5149.398460
25.000000,14.000000,5374.448497
26.000000,14.000000,5604.278857
17.000000,14.500000,3621.591787
18.000000,14.500000,3831.863469
19.000000,14.500000,4048.032441
20.000000,14.500000,4270.098703
21.000000,14.500000,4498.062254
22.000000,14.500000,4719.725916
23.000000,14.500000,4935.476780
24.000000,14.500000,5156.013651
25.000000,14.500000,5381.336529
17.000000,15.000000,3627.230074
18.000000,15.000000,3837.836919
19.000000,15.000000,4054.350817
20.000000,15.000000,4276.771770
21.000000,15.000000,4505.099776
22.000000,15.000000,4725.815936
23.000000,15.000000,4941.828435
24.000000,15.000000,5162.632630
25.000000,15.000000,5388.228523
17.000000,15.500000,3632.932011
18.000000,15.500000,3843.921550
19.000000,15.500000,4060.830536
20.000000,15.500000,4283.658968
21.000000,15.500000,4512.406848
22.000000,15.500000,4732.191136
23.000000,15.500000,4948.451579
24.000000,15.500000,5169.508412
25.000000,15.500000,5395.361637
17.000000,16.000000,3638.638036
18.000000,16.000000,3850.010612
19.000000,16.000000,4067.315042
20.000000,16.000000,4290.551325
21.000000,16.000000,4519.719461
22.000000,16.000000,4738.570202
23.000000,16.000000,4955.078725
24.000000,16.000000,5176.388334
25.000000,16.000000,5402.499031
17.000000,16.500000,3644.447435
18.000000,16.500000,3856.193582
19.000000,16.500000,4073.883253
20.000000,16.500000,4297.516449
21.000000,16.500000,4527.093170
22.000000,16.500000,4745.048994
23.000000,16.500000,4961.902506
24.000000,16.500000,5183.565987
25.000000,16.500000,5410.039439
17.000000,17.000000,3650.261093
18.000000,17.000000,3862.381135
19.000000,17.000000,4080.456385
20.000000,17.000000,4304.486843
21.000000,17.000000,4534.472508
22.000000,17.000000,4751.531779
23.000000,17.000000,4968.730548
24.000000,17.000000,5190.748176
25.000000,17.000000,5417.584665
17.000000,17.500000,3656.417425
18.000000,17.500000,3868.847931
19.000000,17.500000,4087.241023
20.000000,17.500000,4311.596700
21.000000,17.500000,4541.914962
22.000000,17.500000,4758.063535
23.000000,17.500000,4975.612013
24.000000,17.500000,5197.988395
25.000000,17.500000,5425.192681
17.000000,18.000000,3662.578649
18.000000,18.000000,3875.319821
19.000000,18.000000,4094.030959
20.000000,18.000000,4318.712065
21.000000,18.000000,4549.363137
22.000000,18.000000,4764.599344
23.000000,18.000000,4982.497805
24.000000,18.000000,5205.233222
25.000000,18.000000,5432.805595
17.000000,18.500000,3668.639043
18.000000,18.500000,3881.722938
19.000000,18.500000,4100.786093
20.000000,18.500000,4325.828509
21.000000,18.500000,4556.690333
22.000000,18.500000,4771.183673
23.000000,18.500000,4989.434917
24.000000,18.500000,5212.532245
25.000000,18.500000,5440.475659
17.000000,19.000000,3674.704158
18.000000,19.000000,3888.131029
19.000000,19.000000,4107.546459
20.000000,19.000000,4332.950449
21.000000,19.000000,4564.023032
22.000000,19.000000,4777.772112
23.000000,19.000000,4996.376416
24.000000,19.000000,5219.835942
25.000000,19.000000,5448.150692
17.000000,19.500000,3680.824696
18.000000,19.500000,3894.663514
19.000000,19.500000,4114.504054
20.000000,19.500000,4340.346315
21.000000,19.500000,4570.641870
22.000000,19.500000,4784.665568
23.000000,19.500000,5003.549942
24.000000,19.500000,5227.294990
25.000000,19.500000,5455.900712
16.000000,20.000000,3478.713802
17.000000,20.000000,3686.950046
18.000000,20.000000,3901.201190
19.000000,20.000000,4121.467231
20.000000,20.000000,4347.748171
21.000000,20.000000,4577.265132
22.000000,20.000000,4791.563607
23.000000,20.000000,5010.728210
24.000000,20.000000,5234.758942
25.000000,20.000000,5463.655802
16.000000,20.500000,3484.517423
17.000000,20.500000,3693.197838
18.000000,20.500000,3907.908785
19.000000,20.500000,4128.650263
20.000000,20.500000,4355.422273
21.000000,20.500000,4584.142790
22.000000,20.500000,4798.654912
23.000000,20.500000,5018.035543
24.000000,20.500000,5242.284682
25.000000,20.500000,5471.402331
16.000000,21.000000,3490.325610
17.000000,21.000000,3699.450636
18.000000,21.000000,3914.621847
19.000000,21.000000,4135.839243
20.000000,21.000000,4363.102824
21.000000,21.000000,4591.025237
22.000000,21.000000,4805.751066
23.000000,21.000000,5025.347783
24.000000,21.000000,5249.815390
25.000000,21.000000,5479.153887
16.000000,21.500000,3496.872066
17.000000,21.500000,3706.308338
18.000000,21.500000,3921.797628
19.000000,21.500000,4143.339936
20.000000,21.500000,4370.935263
21.000000,21.500000,4597.953564
22.000000,21.500000,4813.053937
23.000000,21.500000,5033.034732
24.000000,21.500000,5257.895949
25.000000,21.500000,5487.637588
16.000000,22.000000,3503.424360
17.000000,22.000000,3713.172088
18.000000,22.000000,3928.979672
19.000000,22.000000,4150.847112
20.000000,22.000000,4378.774407
21.000000,22.000000,4604.886742
22.000000,22.000000,4820.361951
23.000000,22.000000,5040.727124
24.000000,22.000000,5265.982261
25.000000,22.000000,5496.127362
16.000000,22.500000,3510.025737
17.000000,22.500000,3720.076066
18.000000,22.500000,3936.192516
19.000000,22.500000,4158.375087
20.000000,22.500000,4386.623779
21.000000,22.500000,4611.850404
22.000000,22.500000,4827.708684
23.000000,22.500000,5048.466790
24.000000,22.500000,5274.124720
25.000000,22.500000,5504.682476
16.000000,23.000000,3516.633030
17.000000,23.000000,3726.986154
18.000000,23.000000,3943.411667
19.000000,23.000000,4165.909571
20.000000,23.000000,4394.479864
21.000000,23.000000,4618.818955
22.000000,23.000000,4835.060608
23.000000,23.000000,5056.211957
24.000000,23.000000,5282.273002
25.000000,23.000000,5513.243742
16.000000,23.500000,3523.274258
17.000000,23.500000,3733.955908
18.000000,23.500000,3950.717638
19.000000,23.500000,4173.559448
20.000000,23.500000,4402.481338
21.000000,23.500000,4625.946793
22.000000,23.500000,4842.549811
23.000000,23.500000,5064.071224
24.000000,23.500000,5290.511031
16.000000,24.000000,3529.921452
17.000000,24.000000,3740.931870
18.000000,24.000000,3958.030063
19.000000,24.000000,4181.216031
20.000000,24.000000,4410.489775
21.000000,24.000000,4633.079747
22.000000,24.000000,4850.044399
23.000000,24.000000,5071.936151
24.000000,24.000000,5298.755003
16.000000,24.500000,3536.709742
17.000000,24.500000,3748.173633
18.000000,24.500000,3965.739849
19.000000,24.500000,4189.408391
20.000000,24.500000,4419.179257
21.000000,24.500000,4640.809320
22.000000,24.500000,4858.002158
23.000000,24.500000,5080.124169
24.000000,24.500000,5307.175354
16.000000,25.000000,3543.504257
17.000000,25.000000,3755.422095
18.000000,25.000000,3973.456827
19.000000,25.000000,4197.608450
20.000000,25.000000,4427.876966
21.000000,25.000000,4648.544937
22.000000,25.000000,4865.966014
23.000000,25.000000,5088.318335
24.000000,25.000000,5315.601900
16.000000,25.500000,3550.816244
17.000000,25.500000,3763.113067
18.000000,25.500000,3981.536010
19.000000,25.500000,4206.085075
20.000000,25.500000,4436.760260
21.000000,25.500000,4656.389360
22.000000,25.500000,4874.029692
23.000000,25.500000,5096.602867
24.000000,25.500000,5324.108885
16.000000,26.000000,3558.135535
17.000000,26.000000,3770.811654
18.000000,26.000000,3989.623129
19.000000,26.000000,4214.569959
20.000000,26.000000,4445.652144
21.000000,26.000000,4664.240008
22.000000,26.000000,4882.099636
23.000000,26.000000,5104.893703
24.000000,26.000000,5332.622210
16.000000,26.500000,3565.601467
17.000000,26.500000,3778.634218
18.000000,26.500000,3997.809965
19.000000,26.500000,4223.128707
20.000000,26.500000,4454.590444
21.000000,26.500000,4672.198846
22.000000,26.500000,4890.396267
23.000000,26.500000,5113.535132
24.000000,26.500000,5341.615441
16.000000,27.000000,3573.075001
17.000000,27.000000,3786.464644
18.000000,27.000000,4006.004925
19.000000,27.000000,4231.695845
20.000000,27.000000,4463.537403
21.000000,27.000000,4680.164090
22.000000,27.000000,4898.699559
23.000000,27.000000,5122.183479
24.000000,27.000000,5350.615852
16.000000,27.500000,3580.578197
17.000000,27.500000,3794.326313
18.000000,27.500000,4014.232750
19.000000,27.500000,4240.297508
20.000000,27.500000,4472.520588
21.000000,27.500000,4688.169884
22.000000,27.500000,4907.050770
23.000000,27.500000,5130.887436
24.000000,27.500000,5359.679880
16.000000,28.000000,3588.089037
17.000000,28.000000,3802.195886
18.000000,28.000000,4022.468743
19.000000,28.000000,4248.907608
20.000000,28.000000,4481.512481
21.000000,28.000000,4696.182140
22.000000,28.000000,4915.408713
23.000000,28.000000,5139.598396
24.000000,28.000000,5368.751191
16.000000,28.500000,3595.737174
17.000000,28.500000,3810.252719
18.000000,28.500000,4030.944655
19.000000,28.500000,4257.812981
20.000000,28.500000,4489.738516
21.000000,28.500000,4704.473798
22.000000,28.500000,4923.972560
23.000000,28.500000,5148.438088
24.000000,28.500000,5377.870382
16.000000,29.000000,3603.393227
17.000000,29.000000,3818.317836
18.000000,29.000000,4039.429226
19.000000,29.000000,4266.727398
20.000000,29.000000,4497.971758
21.000000,29.000000,4712.772417
22.000000,29.000000,4932.543499
23.000000,29.000000,5157.285003
24.000000,29.000000,5386.996930
16.000000,29.500000,3611.680617
17.000000,29.500000,3826.984669
18.000000,29.500000,4048.483296
19.000000,29.500000,4276.176498
20.000000,29.500000,4506.471126
21.000000,29.500000,4721.437561
22.000000,29.500000,4941.372711
23.000000,29.500000,5166.276576
24.000000,29.500000,5396.149155
15.000000,30.000000,3410.495865
16.000000,30.000000,3619.977289
17.000000,30.000000,3835.661086
18.000000,30.000000,4057.547256
19.000000,30.000000,4285.635797
20.000000,30.000000,4514.978217
21.000000,30.000000,4730.110347
22.000000,30.000000,4950.209483
23.000000,30.000000,5175.275625
24.000000,30.000000,5405.308773
15.000000,30.500000,3418.756189
16.000000,30.500000,3628.547814
17.000000,30.500000,3844.545420
18.000000,30.500000,4066.749007
19.000000,30.500000,4295.158575
20.000000,30.500000,4523.475988
21.000000,30.500000,4738.844486
22.000000,30.500000,4959.181543
23.000000,30.500000,5184.487160
24.000000,30.500000,5414.761337
15.000000,31.000000,3427.026261
16.000000,31.000000,3637.128226
17.000000,31.000000,3853.439782
18.000000,31.000000,4075.960929
19.000000,31.000000,4304.691667
20.000000,31.000000,4531.981444
21.000000,31.000000,4747.586357
22.000000,31.000000,4968.161383
23.000000,31.000000,5193.706523
24.000000,31.000000,5424.221776
15.000000,31.500000,3435.311730
16.000000,31.500000,3645.707461
17.000000,31.500000,3862.315394
18.000000,31.500000,4085.135529
19.000000,31.500000,4314.167866
20.000000,31.500000,4540.467538
21.000000,31.500000,4756.450168
22.000000,31.500000,4977.411061
23.000000,31.500000,5203.350219
15.000000,32.000000,3443.606957
16.000000,32.000000,3654.296554
17.000000,32.000000,3871.200964
18.000000,32.000000,4094.320187
19.000000,32.000000,4323.654224
20.000000,32.000000,4548.961259
21.000000,32.000000,4765.321922
22.000000,32.000000,4986.669007
23.000000,32.000000,5213.002514
15.000000,32.500000,3451.945475
16.000000,32.500000,3662.931905
17.000000,32.500000,3880.135853
18.000000,32.500000,4103.557318
19.000000,32.500000,4333.196301
20.000000,32.500000,4557.552557
21.000000,32.500000,4774.319569
22.000000,32.500000,4996.082373
23.000000,32.500000,5222.840967
15.000000,33.000000,3460.293840
16.000000,33.000000,3671.577206
17.000000,33.000000,3889.080795
18.000000,33.000000,4112.804606
19.000000,33.000000,4342.748639
20.000000,33.000000,4566.151651
21.000000,33.000000,4783.325384
22.000000,33.000000,5005.504285
23.000000,33.000000,5232.688356
15.000000,33.500000,3469.088799
16.000000,33.500000,3680.712947
17.000000,33.500000,3898.561646
18.000000,33.500000,4122.634895
19.000000,33.500000,4352.932696
20.000000,33.500000,4575.350510
21.000000,33.500000,4792.794109
22.000000,33.500000,5015.245179
23.000000,33.500000,5242.703721
15.000000,34.000000,3477.894761
16.000000,34.000000,3689.859868
17.000000,34.000000,3908.053855
18.000000,34.000000,4132.476722
19.000000,34.000000,4363.128469
20.000000,34.000000,4584.558356
21.000000,34.000000,4802.271906
22.000000,34.000000,5024.995230
23.000000,34.000000,5252.728328
15.000000,34.500000,3487.091442
16.000000,34.500000,3699.386636
17.000000,34.500000,3917.913676
18.000000,34.500000,4142.672563
19.000000,34.500000,4373.663296
20.000000,34.500000,4594.045641
21.000000,34.500000,4811.961176
22.000000,34.500000,5034.885306
23.000000,34.500000,5262.818032
15.000000,35.000000,3496.300130
16.000000,35.000000,3708.925537
17.000000,35.000000,3927.785757
18.000000,35.000000,4152.880789
19.000000,35.000000,4384.210633
20.000000,35.000000,4603.542476
21.000000,35.000000,4821.659930
22.000000,35.000000,5044.784799
23.000000,35.000000,5272.917081
15.000000,35.500000,3505.526534
16.000000,35.500000,3718.481645
17.000000,35.500000,3937.674482
18.000000,35.500000,4163.105047
19.000000,35.500000,4394.773338
20.000000,35.500000,4613.097665
21.000000,35.500000,4831.493149
22.000000,35.500000,5054.898347
23.000000,35.500000,5283.313258
15.000000,36.000000,3514.764958
16.000000,36.000000,3728.049896
17.000000,36.000000,3947.575475
18.000000,36.000000,4173.341694
19.000000,36.000000,4405.348554
20.000000,36.000000,4622.662503
21.000000,36.000000,4841.336106
22.000000,36.000000,5065.021722
23.000000,36.000000,5293.719350
15.000000,36.500000,3524.031112
16.000000,36.500000,3737.659821
17.000000,36.500000,3957.532867
18.000000,36.500000,4183.650250
19.000000,36.500000,4416.011970
20.000000,36.500000,4632.418499
21.000000,36.500000,4851.484960
22.000000,36.500000,5075.570764
23.000000,36.500000,5304.675911
15.000000,37.000000,3533.309326
16.000000,37.000000,3747.281964
17.000000,37.000000,3967.502636
18.000000,37.000000,4193.971341
19.000000,37.000000,4426.688081
20.000000,37.000000,4642.184521
21.000000,37.000000,4861.644162
22.000000,37.000000,5086.130479
23.000000,37.000000,5315.643473
15.000000,37.500000,3543.079622
16.000000,37.500000,3757.302579
17.000000,37.500000,3977.771048
18.000000,37.500000,4204.485027
19.000000,37.500000,4436.707719
20.000000,37.500000,4652.125656
21.000000,37.500000,4872.048233
22.000000,37.500000,5097.007782
23.000000,37.500000,5327.004302
15.000000,38.000000,3552.863261
16.000000,38.000000,3767.336418
17.000000,38.000000,3988.052561
18.000000,38.000000,4215.011692
19.000000,38.000000,4446.738463
20.000000,38.000000,4662.077163
21.000000,38.000000,4882.463140
22.000000,38.000000,5107.896392
23.000000,38.000000,5338.376921
15.000000,38.500000,3563.288020
16.000000,38.500000,3778.134410
17.000000,38.500000,3999.227092
18.000000,38.500000,4226.566065
19.000000,38.500000,4457.286591
20.000000,38.500000,4672.852086
21.000000,38.500000,4893.463530
22.000000,38.500000,5119.120923
23.000000,38.500000,5349.824264
15.000000,39.000000,3573.727923
16.000000,39.000000,3788.947706
17.000000,39.000000,4010.417083
18.000000,39.000000,4238.136054
19.000000,39.000000,4467.846943
20.000000,39.000000,4683.639157
21.000000,39.000000,4904.475993
22.000000,39.000000,5130.357449
23.000000,39.000000,5361.283526
15.000000,39.500000,3584.216560
16.000000,39.500000,3799.831813
17.000000,39.500000,4021.701163
18.000000,39.500000,4249.824611
19.000000,39.500000,4478.503621
20.000000,39.500000,4694.496079
21.000000,39.500000,4915.530519
22.000000,39.500000,5141.606942
14.000000,40.000000,3384.968092
15.000000,40.000000,3594.720434
16.000000,40.000000,3810.731375
17.000000,40.000000,4033.000916
18.000000,40.000000,4261.529058
19.000000,40.000000,4489.172718
20.000000,40.000000,4705.365278
21.000000,40.000000,4926.597182
22.000000,40.000000,5152.868430
14.000000,40.500000,3395.111930
15.000000,40.500000,3605.255664
16.000000,40.500000,3821.662481
17.000000,40.500000,4044.332380
18.000000,40.500000,4273.265360
19.000000,40.500000,4499.878890
20.000000,40.500000,4716.364350
21.000000,40.500000,4937.890853
22.000000,40.500000,5164.458400
14.000000,41.000000,3405.270825
15.000000,41.000000,3615.806173
16.000000,41.000000,3832.609083
17.000000,41.000000,4055.679556
18.000000,41.000000,4285.017591
19.000000,41.000000,4510.597538
20.000000,41.000000,4727.375977
21.000000,41.000000,4949.197157
22.000000,41.000000,5176.061079
14.000000,41.500000,3415.823597
15.000000,41.500000,3626.715602
16.000000,41.500000,3843.876837
17.000000,41.500000,4067.307303
18.000000,41.500000,4297.006998
19.000000,41.500000,4521.547669
20.000000,41.500000,4738.675342
21.000000,41.500000,4960.849864
22.000000,41.500000,5188.071235
14.000000,42.000000,3426.392592
15.000000,42.000000,3637.641340
16.000000,42.000000,3855.160983
17.000000,42.000000,4078.951520
18.000000,42.000000,4309.012953
19.000000,42.000000,4532.510813
20.000000,42.000000,4749.987927
21.000000,42.000000,4972.515998
22.000000,42.000000,5200.095027
14.000000,42.500000,3437.586230
15.000000,42.500000,3649.090080
16.000000,42.500000,3866.859319
17.000000,42.500000,4090.893948
18.000000,42.500000,4321.193967
19.000000,42.500000,4543.644999
20.000000,42.500000,4761.502623
21.000000,42.500000,4984.416617
22.000000,42.500000,5212.386982
14.000000,43.000000,3448.798042
15.000000,43.000000,3660.556705
16.000000,43.000000,3878.575249
17.000000,43.000000,4102.853676
18.000000,43.000000,4333.391984
19.000000,43.000000,4554.792604
20.000000,43.000000,4773.031017
21.000000,43.000000,4996.331216
22.000000,43.000000,5224.693201
14.000000,43.500000,3460.108187
15.000000,43.500000,3672.237626
16.000000,43.500000,3890.628413
17.000000,43.500000,4115.280549
18.000000,43.500000,4346.194032
19.000000,43.500000,4566.575853
20.000000,43.500000,4785.034350
21.000000,43.500000,5008.551552
22.000000,43.500000,5237.127459
14.000000,44.000000,3471.436769
15.000000,44.000000,3683.937068
16.000000,44.000000,3902.700180
17.000000,44.000000,4127.726107
18.000000,44.000000,4359.014847
19.000000,44.000000,4578.374165
20.000000,44.000000,4797.052574
21.000000,44.000000,5020.786605
22.000000,44.000000,5249.576260
14.000000,44.500000,3482.793756
15.000000,44.500000,3695.664433
16.000000,44.500000,3914.799338
17.000000,44.500000,4140.198471
18.000000,44.500000,4371.861834
19.000000,44.500000,4590.174365
20.000000,44.500000,4809.070734
21.000000,44.500000,5033.019574
22.000000,44.500000,5262.020882
14.000000,45.000000,3494.169209
15.000000,45.000000,3707.410345
16.000000,45.000000,3926.917123
17.000000,45.000000,4152.689543
18.000000,45.000000,4384.727605
19.000000,45.000000,4601.989587
20.000000,45.000000,4821.103741
21.000000,45.000000,5045.267211
22.000000,45.000000,5274.479994
14.000000,45.500000,3505.856255
15.000000,45.500000,3719.433122
16.000000,45.500000,3939.274447
17.000000,45.500000,4165.380230
18.000000,45.500000,4397.750471
19.000000,45.500000,4613.983633
20.000000,45.500000,4833.367343
21.000000,45.500000,5057.799548
22.000000,45.500000,5287.280251
14.000000,46.000000,3517.562741
15.000000,46.000000,3731.475279
16.000000,46.000000,3951.651090
17.000000,46.000000,4178.090174
18.000000,46.000000,4410.792531
19.000000,46.000000,4625.993131
20.000000,46.000000,4845.646348
21.000000,46.000000,5070.347242
22.000000,46.000000,5300.095813
14.000000,46.500000,3529.812841
15.000000,46.500000,3743.964950
16.000000,46.500000,3964.372541
17.000000,46.500000,4191.035615
18.000000,46.500000,4422.958018
19.000000,46.500000,4638.183590
20.000000,46.500000,4858.160514
21.000000,46.500000,5083.186728
22.000000,46.500000,5313.262233
14.000000,47.000000,3542.084176
15.000000,47.000000,3756.475417
16.000000,47.000000,3977.114352
17.000000,47.000000,4204.000980
18.000000,47.000000,4435.140123
19.000000,47.000000,4650.389940
20.000000,47.000000,4870.690661
21.000000,47.000000,5096.042286
22.000000,47.000000,5326.444815
14.000000,47.500000,3554.591416
15.000000,47.500000,3769.260690
16.000000,47.500000,3990.171772
17.000000,47.500000,4217.324664
18.000000,47.500000,4447.439208
19.000000,47.500000,4663.003143
20.000000,47.500000,4883.618843
21.000000,47.500000,5109.286307
14.000000,48.000000,3567.120645
15.000000,48.000000,3782.067616
16.000000,48.000000,4003.250512
17.000000,48.000000,4230.669333
18.000000,48.000000,4459.755190
19.000000,48.000000,4675.633294
20.000000,48.000000,4896.564022
21.000000,48.000000,5122.547375
14.000000,48.500000,3579.785871
15.000000,48.500000,3795.151604
16.000000,48.500000,4016.755395
17.000000,48.500000,4244.597244
18.000000,48.500000,4472.724277
19.000000,48.500000,4688.765438
20.000000,48.500000,4909.852232
21.000000,48.500000,5135.984659
14.000000,49.000000,3592.473484
15.000000,49.000000,3808.258119
16.000000,49.000000,4030.282943
17.000000,49.000000,4258.547958
18.000000,49.000000,4485.712077
19.000000,49.000000,4701.915875
20.000000,49.000000,4923.158318
21.000000,49.000000,5149.439408
14.000000,49.500000,3605.367234
15.000000,49.500000,3821.528867
16.000000,49.500000,4043.930046
17.000000,49.500000,4272.570771
18.000000,49.500000,4498.694463
19.000000,49.500000,4715.057485
20.000000,49.500000,4936.452060
21.000000,49.500000,5162.878186
13.000000,50.000000,3407.984322
14.000000,50.000000,3618.284027
15.000000,50.000000,3834.822633
16.000000,50.000000,4057.600138
17.000000,50.000000,4286.616544
18.000000,50.000000,4511.695488
19.000000,50.000000,4728.217310
20.000000,50.000000,4949.763593
21.000000,50.000000,5176.334339
13.000000,50.500000,3421.034690
14.000000,50.500000,3631.659937
15.000000,50.500000,3848.519411
16.000000,50.500000,4071.613111
17.000000,50.500000,4300.941038
18.000000,50.500000,4524.933276
19.000000,50.500000,4741.674218
20.000000,50.500000,4963.435114
21.000000,50.500000,5190.215963
13.000000,51.000000,3434.109963
14.000000,51.000000,3645.060480
15.000000,51.000000,3862.240549
16.000000,51.000000,4085.650168
17.000000,51.000000,4315.289339
18.000000,51.000000,4538.190340
19.000000,51.000000,4755.150128
20.000000,51.000000,4977.125363
21.000000,51.000000,5204.116043
13.000000,51.500000,3447.584063
14.000000,51.500000,3658.777580
15.000000,51.500000,3876.190410
16.000000,51.500000,4099.822553
17.000000,51.500000,4329.674010
18.000000,51.500000,4551.515395
19.000000,51.500000,4768.814430
20.000000,51.500000,4991.129959
21.000000,51.500000,5218.461982
13.000000,52.000000,3461.084516
14.000000,52.000000,3672.520400
15.000000,52.000000,3890.165363
16.000000,52.000000,4114.019405
17.000000,52.000000,4344.082526
18.000000,52.000000,4564.859866
19.000000,52.000000,4782.498215
20.000000,52.000000,5005.154106
21.000000,52.000000,5232.827540
13.000000,52.500000,3474.627209
14.000000,52.500000,3686.412580
15.000000,52.500000,3904.403296
16.000000,52.500000,4128.599358
17.000000,52.500000,4359.000765
18.000000,52.500000,4578.802277
19.000000,52.500000,4796.747011
20.000000,52.500000,5019.707946
21.000000,52.500000,5247.685080
13.000000,53.000000,3488.196315
14.000000,53.000000,3700.330949
15.000000,53.000000,3918.667194
16.000000,53.000000,4143.205051
17.000000,53.000000,4373.944518
18.000000,53.000000,4592.765868
19.000000,53.000000,4811.016912
20.000000,53.000000,5034.282810
21.000000,53.000000,5262.563565
13.000000,53.500000,3501.908824
14.000000,53.500000,3714.447251
15.000000,53.500000,3933.186669
16.000000,53.500000,4158.127078
17.000000,53.500000,4389.268477
18.000000,53.500000,4607.088376
19.000000,53.500000,4825.571474
20.000000,53.500000,5049.064135
21.000000,53.500000,5277.566359
13.000000,54.000000,3515.648203
14.000000,54.000000,3728.590397
15.000000,54.000000,3947.732960
16.000000,54.000000,4173.075893
17.000000,54.000000,4404.619194
18.000000,54.000000,4621.433121
19.000000,54.000000,4840.147941
20.000000,54.000000,5063.867031
21.000000,54.000000,5292.590390
13.000000,54.500000,3529.716800
14.000000,54.500000,3743.008374
15.000000,54.500000,3962.495988
16.000000,54.500000,4188.179642
17.000000,54.500000,4420.059336
18.000000,54.500000,4635.832497
19.000000,54.500000,4854.762442
20.000000,54.500000,5078.690545
21.000000,54.500000,5307.616808
13.000000,55.000000,3543.813466
14.000000,55.000000,3757.454147
15.000000,55.000000,3977.286539
16.000000,55.000000,4203.310642
17.000000,55.000000,4435.526456
18.000000,55.000000,4650.254208
19.000000,55.000000,4869.398893
20.000000,55.000000,5093.535624
21.000000,55.000000,5322.664401
13.000000,55.500000,3558.517049
14.000000,55.500000,3772.379068
15.000000,55.500000,3992.420021
16.000000,55.500000,4218.639908
17.000000,55.500000,4450.069684
18.000000,55.500000,4664.793294
19.000000,55.500000,4884.217776
20.000000,55.500000,5108.631156
21.000000,55.500000,5338.033433
13.000000,56.000000,3573.251055
14.000000,56.000000,3787.333553
15.000000,56.000000,4007.582217
16.000000,56.000000,4233.997046
17.000000,56.000000,4464.636671
18.000000,56.000000,4679.355013
19.000000,56.000000,4899.059101
20.000000,56.000000,5123.748935
21.000000,56.000000,5353.424515
13.000000,56.500000,3587.998794
14.000000,56.500000,3802.287782
15.000000,56.500000,4022.729451
16.000000,56.500000,4249.323802
17.000000,56.500000,4478.922535
18.000000,56.500000,4694.024591
19.000000,56.500000,4914.114121
20.000000,56.500000,5139.191123
13.000000,57.000000,3602.776887
14.000000,57.000000,3817.271455
15.000000,57.000000,4037.905231
16.000000,57.000000,4264.678215
17.000000,57.000000,4493.231168
18.000000,57.000000,4708.717070
19.000000,57.000000,4929.192171
20.000000,57.000000,5154.656471
13.000000,57.500000,3617.754915
14.000000,57.500000,3832.676720
15.000000,57.500000,4053.736753
16.000000,57.500000,4280.935013
17.000000,57.500000,4508.591045
18.000000,57.500000,4724.286604
19.000000,57.500000,4944.963860
20.000000,57.500000,5170.622814
13.000000,58.000000,3632.763995
14.000000,58.000000,3848.112988
15.000000,58.000000,4069.599227
16.000000,58.000000,4297.222711
17.000000,58.000000,4523.977092
18.000000,58.000000,4739.881789
19.000000,58.000000,4960.760686
20.000000,58.000000,5186.613783
13.000000,58.500000,3647.878187
14.000000,58.500000,3863.698036
15.000000,58.500000,4085.656450
16.000000,58.500000,4313.753429
17.000000,58.500000,4539.585401
18.000000,58.500000,4755.690768
19.000000,58.500000,4976.762303
20.000000,58.500000,5202.800007
13.000000,59.000000,3663.023740
14.000000,59.000000,3879.314562
15.000000,59.000000,4101.745267
16.000000,59.000000,4330.315856
17.000000,59.000000,4555.220550
18.000000,59.000000,4771.526020
19.000000,59.000000,4992.789633
20.000000,59.000000,5219.011388
13.000000,59.500000,3678.391789
14.000000,59.500000,3895.059682
15.000000,59.500000,4117.862455
16.000000,59.500000,4346.800107
17.000000,59.500000,4570.706999
18.000000,59.500000,4787.252175
19.000000,59.500000,5008.749500
20.000000,59.500000,5235.198975
13.000000,60.000000,3693.792007
14.000000,60.000000,3910.836689
15.000000,60.000000,4134.011238
16.000000,60.000000,4363.315652
17.000000,60.000000,4586.219685
18.000000,60.000000,4803.004154
19.000000,60.000000,5024.734780
20.000000,60.000000,5251.411564
13.000000,60.500000,3709.217240
14.000000,60.500000,3926.630813
15.000000,60.500000,4150.168879
16.000000,60.500000,4379.831438
17.000000,60.500000,4601.771784
18.000000,60.500000,4818.880805
19.000000,60.500000,5040.933894
20.000000,60.500000,5267.931050
12.000000,61.000000,3513.011576
13.000000,61.000000,3724.674613
14.000000,61.000000,3942.456762
15.000000,61.000000,4166.358023
16.000000,61.000000,4396.378397
17.000000,61.000000,4617.350163
18.000000,61.000000,4834.783605
19.000000,61.000000,5057.159022
20.000000,61.000000,5284.476414
12.000000,61.500000,3528.128498
13.000000,61.500000,3740.181568
14.000000,61.500000,3958.349415
15.000000,61.500000,4182.632037
16.000000,61.500000,4413.029435
17.000000,61.500000,4633.123390
18.000000,61.500000,4850.981008
19.000000,61.500000,5073.782839
20.000000,61.500000,5301.528884
12.000000,62.000000,3543.277875
13.000000,62.000000,3755.720736
14.000000,62.000000,3974.274031
15.000000,62.000000,4198.937759
16.000000,62.000000,4429.711921
17.000000,62.000000,4648.923471
18.000000,62.000000,4867.205451
19.000000,62.000000,5090.433880
20.000000,62.000000,5318.608761
12.000000,62.500000,3558.666376
13.000000,62.500000,3771.619248
14.000000,62.500000,3990.685232
15.000000,62.500000,4215.864327
16.000000,62.500000,4447.156534
17.000000,62.500000,4665.486547
18.000000,62.500000,4884.046457
19.000000,62.500000,5107.547195
20.000000,62.500000,5335.988762
12.000000,63.000000,3574.088222
13.000000,63.000000,3787.551339
14.000000,63.000000,4007.130246
15.000000,63.000000,4232.824941
16.000000,63.000000,4464.635426
17.000000,63.000000,4682.079065
18.000000,63.000000,4900.916528
19.000000,63.000000,5124.689194
20.000000,63.000000,5353.397062
12.000000,63.500000,3590.207573
13.000000,63.500000,3804.027929
14.000000,63.500000,4023.957003
15.000000,63.500000,4249.994794
16.000000,63.500000,4482.141301
17.000000,63.500000,4698.733240
18.000000,63.500000,4917.943302
19.000000,63.500000,5142.087363
20.000000,63.500000,5371.165421
12.000000,64.000000,3606.363191
13.000000,64.000000,3820.540279
14.000000,64.000000,4040.819014
15.000000,64.000000,4267.199396
16.000000,64.000000,4499.681426
17.000000,64.000000,4715.416968
18.000000,64.000000,4934.999582
19.000000,64.000000,5159.514985
20.000000,64.000000,5388.963177
12.000000,64.500000,3622.622489
13.000000,64.500000,3837.151646
14.000000,64.500000,4057.775047
15.000000,64.500000,4284.492694
16.000000,64.500000,4516.626733
17.000000,64.500000,4732.181811
18.000000,64.500000,4952.123996
19.000000,64.500000,5176.997153
12.000000,65.000000,3638.918356
13.000000,65.000000,3853.799045
14.000000,65.000000,4074.766579
15.000000,65.000000,4301.820958
16.000000,65.000000,4533.603879
17.000000,65.000000,4748.976387
18.000000,65.000000,4969.278046
19.000000,65.000000,5194.508854
12.000000,65.500000,3655.262483
13.000000,65.500000,3870.536990
14.000000,65.500000,4091.893354
15.000000,65.500000,4319.331574
16.000000,65.500000,4550.261770
17.000000,65.500000,4765.974568
18.000000,65.500000,4986.613675
19.000000,65.500000,5212.179089
12.000000,66.000000,3671.643229
13.000000,66.000000,3887.311202
14.000000,66.000000,4109.056043
15.000000,66.000000,4336.877752
16.000000,66.000000,4566.950196
17.000000,66.000000,4783.003101
18.000000,66.000000,5003.979468
19.000000,66.000000,5229.879300
12.000000,66.500000,3688.217505
13.000000,66.500000,3904.316959
14.000000,66.500000,4126.490167
15.000000,66.500000,4354.737131
16.000000,66.500000,4583.966330
17.000000,66.500000,4800.329396
18.000000,66.500000,5021.611620
19.000000,66.500000,5247.813002
12.000000,67.000000,3704.829105
13.000000,67.000000,3921.359830
14.000000,67.000000,4143.961196
15.000000,67.000000,4372.633203
16.000000,67.000000,4601.014096
17.000000,67.000000,4817.687006
18.000000,67.000000,5039.274769
19.000000,67.000000,5265.777386
12.000000,67.500000,3721.896587
13.000000,67.500000,3938.890250
14.000000,67.500000,4161.952389
15.000000,67.500000,4391.083006
16.000000,67.500000,4618.572735
17.000000,67.500000,4835.459130
18.000000,67.500000,5057.251149
19.000000,67.500000,5283.948790
12.000000,68.000000,3739.003292
13.000000,68.000000,3956.459767
14.000000,68.000000,4179.982552
15.000000,68.000000,4409.571647
16.000000,68.000000,4636.164806
17.000000,68.000000,4853.263965
18.000000,68.000000,5075.259523
19.000000,68.000000,5302.151480
12.000000,68.500000,3756.252352
13.000000,68.500000,3974.141639
14.000000,68.500000,4198.093156
15.000000,68.500000,4428.106903
16.000000,68.500000,4653.813158
17.000000,68.500000,4871.285048
18.000000,68.500000,5093.651607
19.000000,68.500000,5320.912835
12.000000,69.000000,3773.541108
13.000000,69.000000,3991.862933
14.000000,69.000000,4216.242907
15.000000,69.000000,4446.681029
16.000000,69.000000,4671.495029
17.000000,69.000000,4889.339518
18.000000,69.000000,5112.076948
19.000000,69.000000,5339.707319
12.000000,69.500000,3790.907910
13.000000,69.500000,4009.681834
14.000000,69.500000,4234.510942
15.000000,69.500000,4465.395232
16.000000,69.500000,4689.325818
17.000000,69.500000,4907.526716
18.000000,69.500000,5130.617905
19.000000,69.500000,5358.599385
12.000000,70.000000,3808.314584
13.000000,70.000000,4027.540416
14.000000,70.000000,4252.818464
15.000000,70.000000,4484.148730
16.000000,70.000000,4707.190565
17.000000,70.000000,4925.747671
18.000000,70.000000,5149.192418
19.000000,70.000000,5377.524805
12.000000,70.500000,3825.839383
13.000000,70.500000,4045.558181
14.000000,70.500000,4271.328527
15.000000,70.500000,4503.150422
16.000000,70.500000,4725.314532
17.000000,70.500000,4944.203733
18.000000,70.500000,5167.976463
19.000000,70.500000,5396.632721
12.000000,71.000000,3843.404412
13.000000,71.000000,4063.616158
14.000000,71.000000,4289.878784
15.000000,71.000000,4522.192288
16.000000,71.000000,4743.473320
17.000000,71.000000,4962.694301
18.000000,71.000000,5186.794701
19.000000,71.000000,5415.774517
12.000000,71.500000,3861.457864
13.000000,71.500000,4082.115062
14.000000,71.500000,4308.818958
15.000000,71.500000,4541.569555
16.000000,71.500000,4761.929058
17.000000,71.500000,4981.469486
18.000000,71.500000,5205.884330
19.000000,71.500000,5435.173590
11.000000,72.000000,3664.493777
12.000000,72.000000,3879.553617
13.000000,72.000000,4100.655976
14.000000,72.000000,4327.800853
15.000000,72.000000,4560.988247
16.000000,72.000000,4780.420628
17.000000,72.000000,5000.280115
18.000000,72.000000,5225.009018
19.000000,72.000000,5454.607335
11.000000,72.500000,3682.308559
12.000000,72.500000,3897.826838
13.000000,72.500000,4119.383780
14.000000,72.500000,4346.979384
15.000000,72.500000,4580.613651
16.000000,72.500000,4799.060821
17.000000,72.500000,5019.183805
18.000000,72.500000,5244.168562
19.000000,72.500000,5474.015090
11.000000,73.000000,3700.166537
12.000000,73.000000,3916.142992
13.000000,73.000000,4138.154251
14.000000,73.000000,4366.200316
15.000000,73.000000,4600.281186
16.000000,73.000000,4817.737282
17.000000,73.000000,5038.123157
18.000000,73.000000,5263.363163
19.000000,73.000000,5493.457300
11.000000,73.500000,3718.109815
12.000000,73.500000,3934.530112
13.000000,73.500000,4156.980531
14.000000,73.500000,4385.461072
15.000000,73.500000,4619.651636
16.000000,73.500000,4836.682402
17.000000,73.500000,5057.607601
18.000000,73.500000,5283.391381
11.000000,74.000000,3736.096494
12.000000,74.000000,3952.960297
13.000000,74.000000,4175.849538
14.000000,74.000000,4404.764216
15.000000,74.000000,4639.062780
16.000000,74.000000,4855.664696
17.000000,74.000000,5077.129645
18.000000,74.000000,5303.457627
11.000000,74.500000,3754.181688
12.000000,74.500000,3971.526598
13.000000,74.500000,4194.894374
14.000000,74.500000,4424.285016
15.000000,74.500000,4657.795166
16.000000,74.500000,4874.899910
17.000000,74.500000,5096.870314
18.000000,74.500000,5323.706379
11.000000,75.000000,3772.310548
12.000000,75.000000,3990.136399
13.000000,75.000000,4213.982542
14.000000,75.000000,4443.848976
15.000000,75.000000,4676.565295
16.000000,75.000000,4894.173145
17.000000,75.000000,5116.649282
18.000000,75.000000,5343.993706
11.000000,75.500000,3790.918992
12.000000,75.500000,4009.205231
13.000000,75.500000,4233.507606
14.000000,75.500000,4463.826119
15.000000,75.500000,4695.732485
16.000000,75.500000,4913.778026
17.000000,75.500000,5136.691032
18.000000,75.500000,5364.471502
11.000000,76.000000,3809.573220
12.000000,76.000000,4028.319519
13.000000,76.000000,4253.077800
14.000000,76.000000,4483.848063
15.000000,76.000000,4714.938874
16.000000,76.000000,4933.422093
17.000000,76.000000,5156.771952
18.000000,76.000000,5384.988449
11.000000,76.500000,3828.196377
12.000000,76.500000,4047.448317
13.000000,76.500000,4272.711011
14.000000,76.500000,4503.984457
15.000000,76.500000,4734.322805
16.000000,76.500000,4953.218131
17.000000,76.500000,5176.977791
18.000000,76.500000,5405.601784
11.000000,77.000000,3846.864941
12.000000,77.000000,4066.622425
13.000000,77.000000,4292.389433
14.000000,77.000000,4524.165964
15.000000,77.000000,4753.746500
16.000000,77.000000,4973.053806
17.000000,77.000000,5197.223135
18.000000,77.000000,5426.254486
11.000000,77.500000,3865.561715
12.000000,77.500000,4085.848312
13.000000,77.500000,4312.144459
14.000000,77.500000,4544.450155
15.000000,77.500000,4773.222382
16.000000,77.500000,4992.833053
17.000000,77.500000,5217.298660
18.000000,77.500000,5446.619203
11.000000,78.000000,3884.303812
12.000000,78.000000,4105.119539
13.000000,78.000000,4331.944841
14.000000,78.000000,4564.779717
15.000000,78.000000,4792.738078
16.000000,78.000000,5012.651553
17.000000,78.000000,5237.412878
18.000000,78.000000,5467.022052
11.000000,78.500000,3903.169089
12.000000,78.500000,4124.510880
13.000000,78.500000,4351.861876
14.000000,78.500000,4585.222078
15.000000,78.500000,4812.373795
16.000000,78.500000,5032.708004
17.000000,78.500000,5257.888677
18.000000,78.500000,5487.915812
11.000000,79.000000,3922.080066
12.000000,79.000000,4143.947911
13.000000,79.000000,4371.824593
14.000000,79.000000,4605.710111
15.000000,79.000000,4832.049652
16.000000,79.000000,5052.804499
17.000000,79.000000,5278.404422
18.000000,79.000000,5508.849420
11.000000,79.500000,3941.145615
12.000000,79.500000,4163.572404
13.000000,79.500000,4392.009340
14.000000,79.500000,4626.456420
15.000000,79.500000,4852.006049
16.000000,79.500000,5073.149106
17.000000,79.500000,5299.134007
18.000000,79.500000,5529.960750
11.000000,80.000000,3960.257391
12.000000,80.000000,4183.243255
13.000000,80.000000,4412.240575
14.000000,80.000000,4647.249349
15.000000,80.000000,4872.003570
16.000000,80.000000,5093.534589
17.000000,80.000000,5319.904217
18.000000,80.000000,5551.112454
11.000000,80.500000,3979.537869
12.000000,80.500000,4203.065741
13.000000,80.500000,4432.605014
14.000000,80.500000,4668.155686
15.000000,80.500000,4892.141622
16.000000,80.500000,5114.033473
17.000000,80.500000,5340.759008
18.000000,80.500000,5572.318227
11.000000,81.000000,3998.865155
12.000000,81.000000,4222.935068
13.000000,81.000000,4453.016327
14.000000,81.000000,4689.108930
15.000000,81.000000,4912.321202
16.000000,81.000000,5134.573522
17.000000,81.000000,5361.654597
18.000000,81.000000,5593.564426
11.000000,81.500000,4018.251129
12.000000,81.500000,4242.778276
13.000000,81.500000,4473.312205
14.000000,81.500000,4709.852918
15.000000,81.500000,4932.351377
16.000000,81.500000,5155.068198
17.000000,81.500000,5382.613695
10.000000,82.000000,3818.702179
11.000000,82.000000,4037.683971
12.000000,82.000000,4262.667985
13.000000,82.000000,4493.654221
14.000000,82.000000,4730.642678
15.000000,82.000000,4952.422302
16.000000,82.000000,5175.603694
17.000000,82.000000,5403.613679
10.000000,82.500000,3837.947787
11.000000,82.500000,4057.359486
12.000000,82.500000,4282.766692
13.000000,82.500000,4514.169403
14.000000,82.500000,4751.567619
15.000000,82.500000,4972.625028
16.000000,82.500000,5196.265312
17.000000,82.500000,5424.733809
10.000000,83.000000,3857.241763
11.000000,83.000000,4077.082816
12.000000,83.000000,4302.912661
13.000000,83.000000,4534.731298
14.000000,83.000000,4772.538728
15.000000,83.000000,4992.868875
16.000000,83.000000,5216.968090
17.000000,83.000000,5445.895132
10.000000,83.500000,3876.694868
11.000000,83.500000,4096.957562
12.000000,83.500000,4323.201802
13.000000,83.500000,4555.427589
14.000000,83.500000,4792.988884
15.000000,83.500000,5013.275943
16.000000,83.500000,5237.861300
17.000000,83.500000,5467.275452
10.000000,84.000000,3896.196897
11.000000,84.000000,4116.880625
12.000000,84.000000,4343.538658
13.000000,84.000000,4576.170994
14.000000,84.000000,4813.482756
15.000000,84.000000,5033.724629
16.000000,84.000000,5258.796263
17.000000,84.000000,5488.697658
10.000000,84.500000,3916.014724
11.000000,84.500000,4137.146655
12.000000,84.500000,4364.246755
13.000000,84.500000,4597.315022
14.000000,84.500000,4833.852129
15.000000,84.500000,5054.523731
16.000000,84.500000,5280.023493
17.000000,84.500000,5510.351414
10.000000,85.000000,3935.882820
11.000000,85.000000,4157.462441
12.000000,85.000000,4385.004094
13.000000,85.000000,4618.507781
14.000000,85.000000,4854.264509
15.000000,85.000000,5075.365714
16.000000,85.000000,5301.293476
17.000000,85.000000,5532.047797
10.000000,85.500000,3955.909761
11.000000,85.500000,4177.992736
12.000000,85.500000,4406.034459
13.000000,85.500000,4640.034931
14.000000,85.500000,4875.020129
15.000000,85.500000,5096.477763
16.000000,85.500000,5322.756847
17.000000,85.500000,5553.857381
10.000000,86.000000,3975.987523
11.000000,86.000000,4198.573596
12.000000,86.000000,4427.115132
13.000000,86.000000,4661.612132
14.000000,86.000000,4895.820026
15.000000,86.000000,5117.633631
16.000000,86.000000,5344.263579
17.000000,86.000000,5575.709870
10.000000,86.500000,3996.340196
11.000000,86.500000,4219.421216
12.000000,86.500000,4448.453579
13.000000,86.500000,4683.437287
14.000000,86.500000,4916.878048
15.000000,86.500000,5139.107404
16.000000,86.500000,5366.150326
17.000000,86.500000,5598.006814
10.000000,87.000000,4016.744824
11.000000,87.000000,4240.320462
12.000000,87.000000,4469.843324
13.000000,87.000000,4705.313412
14.000000,87.000000,4937.981259
15.000000,87.000000,5160.626134
16.000000,87.000000,5388.081798
17.000000,87.000000,5620.348250
10.000000,87.500000,4037.400119
11.000000,87.500000,4261.430798
12.000000,87.500000,4491.402062
13.000000,87.500000,4727.313910
14.000000,87.500000,4959.201548
15.000000,87.500000,5182.293699
16.000000,87.500000,5410.195108
17.000000,87.500000,5642.905775
10.000000,88.000000,4058.108378
11.000000,88.000000,4282.593546
12.000000,88.000000,4513.012659
13.000000,88.000000,4749.365717
14.000000,88.000000,4980.467333
15.000000,88.000000,5204.006655
16.000000,88.000000,5432.353702
17.000000,88.000000,5665.508476
10.000000,88.500000,4078.960393
11.000000,88.500000,4303.885794
12.000000,88.500000,4534.737624
13.000000,88.500000,4771.515883
14.000000,88.500000,5001.864812
15.000000,88.500000,5225.889921
16.000000,88.500000,5454.722760
17.000000,88.500000,5688.363327
10.000000,89.000000,4099.865835
11.000000,89.000000,4325.230834
12.000000,89.000000,4556.514748
13.000000,89.000000,4793.717577
14.000000,89.000000,5023.308155
15.000000,89.000000,5247.819100
16.000000,89.000000,5477.137776
17.000000,89.000000,5711.264184
10.000000,89.500000,4120.534715
11.000000,89.500000,4346.430914
12.000000,89.500000,4578.244060
13.000000,89.500000,4815.974152
14.000000,89.500000,5044.925306
15.000000,89.500000,5269.957432
16.000000,89.500000,5499.798452
17.000000,89.500000,5734.448364
10.000000,90.000000,4141.255557
11.000000,90.000000,4367.682817
12.000000,90.000000,4600.025053
13.000000,90.000000,4838.282265
14.000000,90.000000,5066.588866
15.000000,90.000000,5292.142360
16.000000,90.000000,5522.505906
17.000000,90.000000,5757.679506
10.000000,90.500000,4161.935228
11.000000,90.500000,4388.950817
12.000000,90.500000,4621.882630
13.000000,90.500000,4860.730669
14.000000,90.500000,5088.417065
15.000000,90.500000,5314.476677
16.000000,90.500000,5545.346543
10.000000,91.000000,4182.666396
11.000000,91.000000,4410.270464
12.000000,91.000000,4643.792005
13.000000,91.000000,4883.231018
14.000000,91.000000,5110.292180
15.000000,91.000000,5336.858022
16.000000,91.000000,5568.234315
10.000000,91.500000,4203.803362
11.000000,91.500000,4432.093297
12.000000,91.500000,4666.305826
13.000000,91.500000,4906.440950
14.000000,91.500000,5132.721768
15.000000,91.500000,5359.694048
16.000000,91.500000,5591.472704
10.000000,92.000000,4224.993585
11.000000,92.000000,4453.969976
12.000000,92.000000,4688.874084
13.000000,92.000000,4929.705906
14.000000,92.000000,5155.200470
15.000000,92.000000,5382.578825
16.000000,92.000000,5614.759483
10.000000,92.500000,4246.364219
11.000000,92.500000,4476.054742
12.000000,92.500000,4711.679186
13.000000,92.500000,4953.237549
14.000000,92.500000,5177.889034
15.000000,92.500000,5405.698670
16.000000,92.500000,5638.307906
10.000000,93.000000,4267.788751
11.000000,93.000000,4498.194118
12.000000,93.000000,4734.539608
13.000000,93.000000,4976.825221
14.000000,93.000000,5200.627416
15.000000,93.000000,5428.868060
16.000000,93.000000,5661.905603
10.000000,93.500000,4289.401195
11.000000,93.500000,4520.549115
12.000000,93.500000,4757.644422
9.000000,94.000000,4085.131559
10.000000,94.000000,4311.068215
11.000000,94.000000,4542.959520
12.000000,94.000000,4780.805474
9.000000,94.500000,4106.229092
10.000000,94.500000,4332.912056
11.000000,94.500000,4565.557116
12.000000,94.500000,4804.164272
9.000000,95.000000,4127.380946
10.000000,95.000000,4354.811090
11.000000,95.000000,4588.210773
12.000000,95.000000,4827.579995
9.000000,95.500000,4148.956902
10.000000,95.500000,4376.893346
11.000000,95.500000,4610.793547
12.000000,95.500000,4850.657507
9.000000,96.000000,4170.589089
10.000000,96.000000,4399.031439
11.000000,96.000000,4633.431758
12.000000,96.000000,4873.790047
9.000000,96.500000,4192.542165
10.000000,96.500000,4421.438935
11.000000,96.500000,4656.285647
12.000000,96.500000,4897.082301
9.000000,97.000000,4214.552851
10.000000,97.000000,4443.903340
11.000000,97.000000,4679.195745
12.000000,97.000000,4920.430067
9.000000,97.500000,4236.757513
10.000000,97.500000,4466.555878
11.000000,97.500000,4702.287650
12.000000,97.500000,4943.952830
9.000000,98.000000,4259.020504
10.000000,98.000000,4489.265994
11.000000,98.000000,4725.436386
12.000000,98.000000,4967.531678
9.000000,98.500000,4281.473856
10.000000,98.500000,4512.159918
11.000000,98.500000,4748.761869
12.000000,98.500000,4991.279708
9.000000,99.000000,4303.986234
10.000000,99.000000,4535.112064
11.000000,99.000000,4772.144775
12.000000,99.000000,5015.084365
9.000000,99.500000,4326.689407
10.000000,99.500000,4558.256247
11.000000,99.500000,4795.721195
12.000000,99.500000,5039.084250
9.000000,100.000000,4349.452299
10.000000,100.000000,4581.459333
11.000000,100.000000,4819.355705
12.000000,100.000000,5063.141417
9.000000,100.500000,4372.046335
10.000000,100.500000,4604.599193
11.000000,100.500000,4843.038084
12.000000,100.500000,5087.363007
9.000000,101.000000,4394.698894
10.000000,101.000000,4627.797336
11.000000,101.000000,4866.778501
12.000000,101.000000,5111.642390
9.000000,101.500000,4417.460328
10.000000,101.500000,4651.174777
11.000000,101.500000,4890.772465
12.000000,101.500000,5136.253391
9.000000,102.000000,4440.280548
10.000000,102.000000,4674.611109
11.000000,102.000000,4914.825422
12.000000,102.000000,5160.923487
9.000000,102.500000,4463.313435
10.000000,102.500000,4698.251809
11.000000,102.500000,4939.073876
9.000000,103.000000,4486.405905
10.000000,103.000000,4721.952132
11.000000,103.000000,4963.381995
9.000000,103.500000,4509.706678
10.000000,103.500000,4745.850737
11.000000,103.500000,4987.877721
9.000000,104.000000,4533.067802
10.000000,104.000000,4769.809665
11.000000,104.000000,5012.433742
9.000000,104.500000,4556.725437
10.000000,104.500000,4794.085171
11.000000,104.500000,5037.327067
9.000000,105.000000,4580.444642
10.000000,105.000000,4818.422289
11.000000,105.000000,5062.282047
9.000000,105.500000,4604.517960
10.000000,105.500000,4843.097798
11.000000,105.500000,5087.558385
8.000000,106.000000,4395.351798
9.000000,106.000000,4628.654367
10.000000,106.000000,4867.836321
11.000000,106.000000,5112.897662
8.000000,106.500000,4419.035384
9.000000,106.500000,4652.945965
10.000000,106.500000,4892.734514
11.000000,106.500000,5138.401031
8.000000,107.000000,4442.782599
9.000000,107.000000,4677.301130
10.000000,107.000000,4917.696211
11.000000,107.000000,5163.967841
8.000000,107.500000,4466.641721
9.000000,107.500000,4701.579457
10.000000,107.500000,4942.382387
11.000000,107.500000,5189.050512
8.000000,108.000000,4490.564727
9.000000,108.000000,4725.920623
10.000000,108.000000,4967.130363
11.000000,108.000000,5214.193949
8.000000,108.500000,4514.621986
9.000000,108.500000,4750.416133
10.000000,108.500000,4992.053568
11.000000,108.500000,5239.534292
8.000000,109.000000,4538.743502
9.000000,109.000000,4774.974953
10.000000,109.000000,5017.039139
11.000000,109.000000,5264.936059
8.000000,109.500000,4563.256688
9.000000,109.500000,4799.902851
10.000000,109.500000,5042.369756
11.000000,109.500000,5290.657402
8.000000,110.000000,4587.835879
9.000000,110.000000,4824.895639
10.000000,110.000000,5067.764152
11.000000,110.000000,5316.441417
8.000000,110.500000,4612.054430
9.000000,110.500000,4849.718620
10.000000,110.500000,5093.190204
11.000000,110.500000,5342.469182
8.000000,111.000000,4636.336733
9.000000,111.000000,4874.605288
10.000000,111.000000,5118.679877
11.000000,111.000000,5368.560500
8.000000,111.500000,4660.770460
9.000000,111.500000,4899.660414
10.000000,111.500000,5144.355700
11.000000,111.500000,5394.856319
8.000000,112.000000,4685.268400
9.000000,112.000000,4924.779765
10.000000,112.000000,5170.095758
11.000000,112.000000,5421.216379
8.000000,112.500000,4710.000485
9.000000,112.500000,4950.125676
10.000000,112.500000,5196.054063
8.000000,113.000000,4734.797675
9.000000,113.000000,4975.536643
10.000000,113.000000,5222.077372
8.000000,113.500000,4759.867619
9.000000,113.500000,5001.269590
10.000000,113.500000,5248.474143
8.000000,114.000000,4785.003757
9.000000,114.000000,5027.068909
10.000000,114.000000,5274.937460
8.000000,114.500000,4810.418024
9.000000,114.500000,5053.156642
10.000000,114.500000,5301.699468
8.000000,115.000000,4835.899600
9.000000,115.000000,5079.311888
10.000000,115.000000,5328.529191
8.000000,115.500000,4861.650488
9.000000,115.500000,5105.750455
10.000000,115.500000,5355.656643
8.000000,116.000000,4887.469754
9.000000,116.000000,5132.257651
10.000000,116.000000,5382.852972
8.000000,116.500000,4913.593408
9.000000,116.500000,5159.055693
10.000000,116.500000,5410.325269
8.000000,117.000000,4939.786689
9.000000,117.000000,5185.923515
10.000000,117.000000,5437.867493
