weight_g,450.000000
thrust_N,velocity_m_s,power_W
15.000000,0.000000,3705.441563
16.000000,0.000000,3955.572934
17.000000,0.000000,4213.825457
18.000000,0.000000,4480.199134
19.000000,0.000000,4754.693964
20.000000,0.000000,5011.940892
21.000000,0.000000,5275.176168
22.000000,0.000000,5545.097805
15.000000,0.500000,3709.122293
16.000000,0.500000,3959.601991
17.000000,0.500000,4218.217467
18.000000,0.500000,4484.968721
19.000000,0.500000,4759.347863
20.000000,0.500000,5016.477621
21.000000,0.500000,5279.951007
22.000000,0.500000,5550.117201
15.000000,1.000000,3712.804656
16.000000,1.000000,3963.632901
17.000000,1.000000,4222.611562
18.000000,1.000000,4489.740638
19.000000,1.000000,4764.003808
20.000000,1.000000,5021.016171
21.000000,1.000000,5284.727790
22.000000,1.000000,5555.138665
15.000000,1.500000,3716.495520
16.000000,1.500000,3967.671983
17.000000,1.500000,4227.013455
18.000000,1.500000,4494.519935
19.000000,1.500000,4768.308504
20.000000,1.500000,5025.557714
21.000000,1.500000,5289.512863
22.000000,1.500000,5560.173951
15.000000,2.000000,3720.188029
16.000000,2.000000,3971.712930
17.000000,2.000000,4231.417445
18.000000,2.000000,4499.301574
19.000000,2.000000,4772.614906
20.000000,2.000000,5030.101085
21.000000,2.000000,5294.299889
22.000000,2.000000,5565.211319
15.000000,2.500000,3723.889012
16.000000,2.500000,3975.762037
17.000000,2.500000,4235.829236
18.000000,2.500000,4504.090610
19.000000,2.500000,4776.920438
20.000000,2.500000,5034.648611
21.000000,2.500000,5299.096328
22.000000,2.500000,5570.263589
15.000000,3.000000,3727.591653
16.000000,3.000000,3979.813019
17.000000,3.000000,4240.243134
18.000000,3.000000,4508.881998
19.000000,3.000000,4781.227680
20.000000,3.000000,5039.197972
21.000000,3.000000,5303.894731
22.000000,3.000000,5575.317954
15.000000,3.500000,3731.302744
16.000000,3.500000,3983.872151
17.000000,3.500000,4244.664838
18.000000,3.500000,4513.680805
19.000000,3.500000,4785.535209
20.000000,3.500000,5043.752615
21.000000,3.500000,5308.703639
22.000000,3.500000,5580.388281
15.000000,4.000000,3735.015504
16.000000,4.000000,3987.933169
17.000000,4.000000,4249.088659
18.000000,4.000000,4518.481973
19.000000,4.000000,4789.844454
20.000000,4.000000,5048.309101
21.000000,4.000000,5313.514523
22.000000,4.000000,5585.460718
15.000000,4.500000,3738.749259
16.000000,4.500000,3992.011788
17.000000,4.500000,4253.526429
18.000000,4.500000,4523.293182
19.000000,4.500000,4794.155103
20.000000,4.500000,5052.871963
21.000000,4.500000,5318.336981
22.000000,4.500000,5590.550157
15.000000,5.000000,3742.484705
16.000000,5.000000,3996.092312
17.000000,5.000000,4257.966332
18.000000,5.000000,4528.106764
19.000000,5.000000,4798.467474
20.000000,5.000000,5057.436676
21.000000,5.000000,5323.161425
22.000000,5.000000,5595.641721
15.000000,5.500000,3746.530084
16.000000,5.500000,4000.457592
17.000000,5.500000,4262.663565
18.000000,5.500000,4533.148005
19.000000,5.500000,4802.933717
20.000000,5.500000,5062.119139
21.000000,5.500000,5328.065462
22.000000,5.500000,5600.772687
15.000000,6.000000,3750.577455
16.000000,6.000000,4004.825058
17.000000,6.000000,4267.363190
18.000000,6.000000,4538.191851
19.000000,6.000000,4807.401808
20.000000,6.000000,5066.803551
21.000000,6.000000,5332.971551
22.000000,6.000000,5605.905809
15.000000,6.500000,3754.701406
16.000000,6.500000,4009.344888
17.000000,6.500000,4272.295618
18.000000,6.500000,4543.553596
19.000000,6.500000,4812.180948
20.000000,6.500000,5071.818874
21.000000,6.500000,5338.229076
22.000000,6.500000,5611.411554
15.000000,7.000000,3758.827424
16.000000,7.000000,4013.867060
17.000000,7.000000,4277.230682
18.000000,7.000000,4548.918288
19.000000,7.000000,4816.962213
20.000000,7.000000,5076.836446
21.000000,7.000000,5343.488974
22.000000,7.000000,5616.919798
15.000000,7.500000,3762.983557
16.000000,7.500000,4018.421530
17.000000,7.500000,4282.200305
18.000000,7.500000,4554.319881
19.000000,7.500000,4821.766531
20.000000,7.500000,5081.898515
21.000000,7.500000,5348.815888
22.000000,7.500000,5622.518650
15.000000,8.000000,3767.141787
16.000000,8.000000,4022.978376
17.000000,8.000000,4287.172599
18.000000,8.000000,4559.724458
19.000000,8.000000,4826.572995
20.000000,8.000000,5086.962875
21.000000,8.000000,5354.145240
22.000000,8.000000,5628.120088
15.000000,8.500000,3771.330370
16.000000,8.500000,4027.567772
17.000000,8.500000,4292.179723
18.000000,8.500000,4565.166222
19.000000,8.500000,4831.395511
20.000000,8.500000,5092.044530
21.000000,8.500000,5359.493168
22.000000,8.500000,5633.741426
15.000000,9.000000,3775.521080
16.000000,9.000000,4032.159577
17.000000,9.000000,4297.189553
18.000000,9.000000,4570.611010
19.000000,9.000000,4836.220190
20.000000,9.000000,5097.128491
21.000000,9.000000,5364.843551
22.000000,9.000000,5639.365370
15.000000,9.500000,3779.775718
16.000000,9.500000,4036.808355
17.000000,9.500000,4302.248823
18.000000,9.500000,4576.097123
19.000000,9.500000,4841.061091
20.000000,9.500000,5102.229924
21.000000,9.500000,5370.212696
22.000000,9.500000,5645.009407
15.000000,10.000000,3784.032547
16.000000,10.000000,4041.459601
17.000000,10.000000,4307.310853
18.000000,10.000000,4581.586302
19.000000,10.000000,4845.904170
20.000000,10.000000,5107.333680
21.000000,10.000000,5375.584313
22.000000,10.000000,5650.656068
15.000000,10.500000,3788.591946
16.000000,10.500000,4046.338698
17.000000,10.500000,4312.520558
18.000000,10.500000,4587.137526
19.000000,10.500000,4850.763642
20.000000,10.500000,5112.455086
21.000000,10.500000,5380.974878
22.000000,10.500000,5656.323016
15.000000,11.000000,3793.153878
16.000000,11.000000,4051.220522
17.000000,11.000000,4317.733191
18.000000,11.000000,4592.691886
19.000000,11.000000,4855.625306
20.000000,11.000000,5117.578832
21.000000,11.000000,5386.367932
22.000000,11.000000,5661.992607
15.000000,11.500000,3797.759744
16.000000,11.500000,4056.160091
17.000000,11.500000,4323.018378
18.000000,11.500000,4598.334606
19.000000,11.500000,4860.617626
20.000000,11.500000,5122.799365
21.000000,11.500000,5391.821715
22.000000,11.500000,5667.684676
14.000000,12.000000,3552.103793
15.000000,12.000000,3802.368204
16.000000,12.000000,4061.102479
17.000000,12.000000,4328.306618
18.000000,12.000000,4603.980620
19.000000,12.000000,4865.612319
20.000000,12.000000,5128.022366
21.000000,12.000000,5397.278063
22.000000,12.000000,5673.379411
14.000000,12.500000,3556.410166
15.000000,12.500000,3807.002239
16.000000,12.500000,4066.076500
17.000000,12.500000,4333.632949
18.000000,12.500000,4609.671587
19.000000,12.500000,4870.780539
20.000000,12.500000,5133.563876
21.000000,12.500000,5403.204855
14.000000,13.000000,3560.718941
15.000000,13.000000,3811.638902
16.000000,13.000000,4071.053385
17.000000,13.000000,4338.962390
18.000000,13.000000,4615.365916
19.000000,13.000000,4875.951311
20.000000,13.000000,5139.108165
21.000000,13.000000,5409.134662
14.000000,13.500000,3565.047890
15.000000,13.500000,3816.297217
16.000000,13.500000,4076.053449
17.000000,13.500000,4344.316588
18.000000,13.500000,4621.086633
19.000000,13.500000,4881.212699
20.000000,13.500000,5144.814403
21.000000,13.500000,5415.301223
14.000000,14.000000,3569.379263
15.000000,14.000000,3820.958184
16.000000,14.000000,4081.056404
17.000000,14.000000,4349.673923
18.000000,14.000000,4626.810740
19.000000,14.000000,4886.476723
20.000000,14.000000,5150.523575
21.000000,14.000000,5421.471033
14.000000,14.500000,3573.773842
15.000000,14.500000,3825.674441
16.000000,14.500000,4086.105960
17.000000,14.500000,4355.068401
18.000000,14.500000,4632.561763
19.000000,14.500000,4891.781805
20.000000,14.500000,5156.278109
21.000000,14.500000,5427.690673
14.000000,15.000000,3578.170940
15.000000,15.000000,3830.393430
16.000000,15.000000,4091.158472
17.000000,15.000000,4360.466063
18.000000,15.000000,4638.316206
19.000000,15.000000,4897.089559
20.000000,15.000000,5162.035619
21.000000,15.000000,5433.913608
14.000000,15.500000,3582.731042
15.000000,15.500000,3835.244680
16.000000,15.500000,4096.309780
17.000000,15.500000,4365.926343
18.000000,15.500000,4643.606807
19.000000,15.500000,4902.439052
20.000000,15.500000,5167.839241
21.000000,15.500000,5440.187200
14.000000,16.000000,3587.293922
15.000000,16.000000,3840.098867
16.000000,16.000000,4101.464191
17.000000,16.000000,4371.389894
18.000000,16.000000,4648.900255
19.000000,16.000000,4907.791254
20.000000,16.000000,5173.645881
21.000000,16.000000,5446.464135
14.000000,16.500000,3591.886465
15.000000,16.500000,3845.013264
16.000000,16.500000,4106.711313
17.000000,16.500000,4376.980611
18.000000,16.500000,4653.975541
19.000000,16.500000,4913.278013
20.000000,16.500000,5179.558297
21.000000,16.500000,5452.816392
14.000000,17.000000,3596.481821
15.000000,17.000000,3849.930672
16.000000,17.000000,4111.961650
17.000000,17.000000,4382.574754
18.000000,17.000000,4659.053409
19.000000,17.000000,4918.767621
20.000000,17.000000,5185.473840
21.000000,17.000000,5459.172067
14.000000,17.500000,3601.135692
15.000000,17.500000,3855.019326
16.000000,17.500000,4117.503268
17.000000,17.500000,4388.587518
18.000000,17.500000,4664.581136
19.000000,17.500000,4924.602696
20.000000,17.500000,5191.624360
21.000000,17.500000,5465.646126
14.000000,18.000000,3605.792444
15.000000,18.000000,3860.111198
16.000000,18.000000,4123.048462
17.000000,18.000000,4394.604234
18.000000,18.000000,4670.111918
19.000000,18.000000,4930.440985
20.000000,18.000000,5197.778255
21.000000,18.000000,5472.123726
14.000000,18.500000,3610.480498
15.000000,18.500000,3865.243396
16.000000,18.500000,4128.643538
17.000000,18.500000,4400.680923
18.000000,18.500000,4675.694633
19.000000,18.500000,4936.363089
20.000000,18.500000,5204.049663
21.000000,18.500000,5478.754356
14.000000,19.000000,3615.171467
15.000000,19.000000,3870.378860
16.000000,19.000000,4134.242250
17.000000,19.000000,4406.761639
18.000000,19.000000,4681.280461
19.000000,19.000000,4942.288514
20.000000,19.000000,5210.324609
21.000000,19.000000,5485.388745
14.000000,19.500000,3620.062923
15.000000,19.500000,3875.670970
16.000000,19.500000,4139.950401
17.000000,19.500000,4412.901214
18.000000,19.500000,4686.884801
19.000000,19.500000,4948.258413
20.000000,19.500000,5216.671427
21.000000,19.500000,5492.123844
14.000000,20.000000,3624.957551
15.000000,20.000000,3880.966550
16.000000,20.000000,4145.662331
17.000000,20.000000,4419.044892
18.000000,20.000000,4692.492275
19.000000,20.000000,4954.231692
20.000000,20.000000,5223.021880
21.000000,20.000000,5498.862841
14.000000,20.500000,3630.193359
15.000000,20.500000,3886.521147
16.000000,20.500000,4151.544980
17.000000,20.500000,4425.264856
18.000000,20.500000,4698.115926
19.000000,20.500000,4960.226457
20.000000,20.500000,5229.399368
21.000000,20.500000,5505.634659
14.000000,21.000000,3635.432781
15.000000,21.000000,3892.079549
16.000000,21.000000,4157.431628
17.000000,21.000000,4431.489019
18.000000,21.000000,4703.742731
19.000000,21.000000,4966.224626
20.000000,21.000000,5235.780519
21.000000,21.000000,5512.410410
14.000000,21.500000,3640.697004
15.000000,21.500000,3897.656549
16.000000,21.500000,4163.330211
17.000000,21.500000,4437.717989
18.000000,21.500000,4709.386753
19.000000,21.500000,4972.245364
20.000000,21.500000,5242.189830
21.000000,21.500000,5519.220151
14.000000,22.000000,3645.964873
15.000000,22.000000,3903.237376
16.000000,22.000000,4169.232806
17.000000,22.000000,4443.951162
18.000000,22.000000,4715.033948
19.000000,22.000000,4978.269530
20.000000,22.000000,5248.602834
21.000000,22.000000,5526.033861
14.000000,22.500000,3651.340765
15.000000,22.500000,3909.084963
16.000000,22.500000,4175.571046
17.000000,22.500000,4450.799013
18.000000,22.500000,4721.197226
19.000000,22.500000,4984.668280
20.000000,22.500000,5255.240886
21.000000,22.500000,5532.915042
14.000000,23.000000,3656.720448
15.000000,23.000000,3914.936739
16.000000,23.000000,4181.913894
17.000000,23.000000,4457.651911
18.000000,23.000000,4727.364254
19.000000,23.000000,4991.070877
20.000000,23.000000,5261.882880
21.000000,23.000000,5539.800266
14.000000,23.500000,3662.159554
15.000000,23.500000,3920.901162
16.000000,23.500000,4188.425995
17.000000,23.500000,4464.734053
18.000000,23.500000,4733.694801
19.000000,23.500000,4997.591055
20.000000,23.500000,5268.593860
21.000000,23.500000,5546.703218
14.000000,24.000000,3667.602533
15.000000,24.000000,3926.869933
16.000000,24.000000,4194.942949
17.000000,24.000000,4471.821580
18.000000,24.000000,4740.029301
19.000000,24.000000,5004.115222
20.000000,24.000000,5275.308864
21.000000,24.000000,5553.610228
14.000000,24.500000,3673.435732
15.000000,24.500000,3933.143645
16.000000,24.500000,4201.673162
17.000000,24.500000,4479.024281
18.000000,24.500000,4746.459895
19.000000,24.500000,5010.857091
20.000000,24.500000,5282.369525
21.000000,24.500000,5560.997197
14.000000,25.000000,3679.273342
15.000000,25.000000,3939.422132
16.000000,25.000000,4208.408527
17.000000,25.000000,4486.232527
18.000000,25.000000,4752.894559
19.000000,25.000000,5017.603223
20.000000,25.000000,5289.434645
21.000000,25.000000,5568.388826
14.000000,25.500000,3685.337251
15.000000,25.500000,3945.881620
16.000000,25.500000,4215.276043
17.000000,25.500000,4493.520521
18.000000,25.500000,4759.410441
19.000000,25.500000,5024.493555
20.000000,25.500000,5296.710198
14.000000,26.000000,3691.405918
15.000000,26.000000,3952.346156
16.000000,26.000000,4222.148906
17.000000,26.000000,4500.814169
18.000000,26.000000,4765.930492
19.000000,26.000000,5031.388334
20.000000,26.000000,5303.990485
14.000000,26.500000,3697.522168
15.000000,26.500000,3958.861618
16.000000,26.500000,4229.076148
17.000000,26.500000,4508.165758
18.000000,26.500000,4772.494021
19.000000,26.500000,5038.324259
20.000000,26.500000,5311.309423
14.000000,27.000000,3703.643240
15.000000,27.000000,3965.382196
16.000000,27.000000,4236.008808
17.000000,27.000000,4515.523077
18.000000,27.000000,4779.061767
19.000000,27.000000,5045.264678
20.000000,27.000000,5318.633141
14.000000,27.500000,3709.808345
15.000000,27.500000,3971.954648
16.000000,27.500000,4243.001699
17.000000,27.500000,4522.949498
18.000000,27.500000,4785.703979
19.000000,27.500000,5052.266505
20.000000,27.500000,5326.004316
13.000000,28.000000,3462.338216
14.000000,28.000000,3715.978333
15.000000,28.000000,3978.532298
16.000000,28.000000,4250.000110
17.000000,28.000000,4530.381770
18.000000,28.000000,4792.350524
19.000000,28.000000,5059.272917
20.000000,28.000000,5333.380335
13.000000,28.500000,3468.154961
14.000000,28.500000,3722.218415
15.000000,28.500000,3985.210963
16.000000,28.500000,4257.132605
17.000000,28.500000,4537.983342
18.000000,28.500000,4799.177158
19.000000,28.500000,5066.408102
20.000000,28.500000,5340.830534
13.000000,29.000000,3473.976340
14.000000,29.000000,3728.463499
15.000000,29.000000,3991.895011
16.000000,29.000000,4264.270876
17.000000,29.000000,4545.591094
18.000000,29.000000,4806.008422
19.000000,29.000000,5073.548078
20.000000,29.000000,5348.285688
13.000000,29.500000,3479.983643
14.000000,29.500000,3734.856987
15.000000,29.500000,3998.686198
16.000000,29.500000,4271.471275
17.000000,29.500000,4552.162373
18.000000,29.500000,4812.839356
19.000000,29.500000,5080.682628
20.000000,29.500000,5355.730033
13.000000,30.000000,3485.996030
14.000000,30.000000,3741.255828
15.000000,30.000000,4005.483013
16.000000,30.000000,4278.677584
17.000000,30.000000,4558.738183
18.000000,30.000000,4819.674914
19.000000,30.000000,5087.821956
20.000000,30.000000,5363.179310
13.000000,30.500000,3492.089744
14.000000,30.500000,3747.719448
15.000000,30.500000,4012.326628
16.000000,30.500000,4285.911285
17.000000,30.500000,4565.287045
18.000000,30.500000,4826.567990
19.000000,30.500000,5095.068153
20.000000,30.500000,5370.787533
13.000000,31.000000,3498.188685
14.000000,31.000000,3754.188533
15.000000,31.000000,4019.175950
16.000000,31.000000,4293.150936
17.000000,31.000000,4571.840395
18.000000,31.000000,4833.465784
19.000000,31.000000,5102.319300
20.000000,31.000000,5378.400945
13.000000,31.500000,3504.307291
14.000000,31.500000,3760.674232
15.000000,31.500000,4026.038579
16.000000,31.500000,4300.400332
17.000000,31.500000,4578.412562
18.000000,31.500000,4840.418795
19.000000,31.500000,5109.664094
20.000000,31.500000,5386.148458
13.000000,32.000000,3510.431149
14.000000,32.000000,3767.165415
15.000000,32.000000,4032.906927
16.000000,32.000000,4307.655684
17.000000,32.000000,4584.989242
18.000000,32.000000,4847.376603
19.000000,32.000000,5117.013976
20.000000,32.000000,5393.901361
13.000000,32.500000,3516.574277
14.000000,32.500000,3773.694081
15.000000,32.500000,4039.832182
16.000000,32.500000,4314.988578
17.000000,32.500000,4591.655517
18.000000,32.500000,4854.408596
19.000000,32.500000,5124.421636
20.000000,32.500000,5401.694637
13.000000,33.000000,3522.722679
14.000000,33.000000,3780.228284
15.000000,33.000000,4046.763240
16.000000,33.000000,4322.327546
17.000000,33.000000,4598.326431
18.000000,33.000000,4861.445488
19.000000,33.000000,5131.834462
20.000000,33.000000,5409.493353
13.000000,33.500000,3528.950795
14.000000,33.500000,3786.915559
15.000000,33.500000,4053.925796
16.000000,33.500000,4329.981506
17.000000,33.500000,4605.365214
18.000000,33.500000,4868.755797
19.000000,33.500000,5139.420290
20.000000,33.500000,5417.358693
13.000000,34.000000,3535.184316
14.000000,34.000000,3793.608636
15.000000,34.000000,4061.094565
16.000000,34.000000,4337.642103
17.000000,34.000000,4612.409216
18.000000,34.000000,4876.071429
19.000000,34.000000,5147.011545
20.000000,34.000000,5425.229565
13.000000,34.500000,3542.226276
14.000000,34.500000,3800.941411
15.000000,34.500000,4068.721154
16.000000,34.500000,4345.565506
17.000000,34.500000,4619.571437
18.000000,34.500000,4883.475135
19.000000,34.500000,5154.658826
20.000000,34.500000,5433.122512
13.000000,35.000000,3549.275065
14.000000,35.000000,3808.281102
15.000000,35.000000,4076.354748
16.000000,35.000000,4353.496000
17.000000,35.000000,4626.739063
18.000000,35.000000,4890.884296
19.000000,35.000000,5162.311613
20.000000,35.000000,5441.021015
13.000000,35.500000,3556.273915
14.000000,35.500000,3815.585882
15.000000,35.500000,4083.969634
16.000000,35.500000,4361.425172
17.000000,35.500000,4633.922799
18.000000,35.500000,4898.330736
19.000000,35.500000,5170.023979
20.000000,35.500000,5449.002528
13.000000,36.000000,3563.279481
14.000000,36.000000,3822.897497
15.000000,36.000000,4091.591477
16.000000,36.000000,4369.361421
17.000000,36.000000,4641.111954
18.000000,36.000000,4905.782677
19.000000,36.000000,5177.741928
20.000000,36.000000,5456.989707
13.000000,36.500000,3570.265289
14.000000,36.500000,3830.197408
15.000000,36.500000,4099.210266
16.000000,36.500000,4377.303862
17.000000,36.500000,4648.391164
18.000000,36.500000,4913.472435
19.000000,36.500000,5185.853348
20.000000,36.500000,5465.533903
13.000000,37.000000,3577.257765
14.000000,37.000000,3837.504124
15.000000,37.000000,4106.835995
16.000000,37.000000,4385.253381
17.000000,37.000000,4655.675921
18.000000,37.000000,4921.168045
19.000000,37.000000,5193.970934
20.000000,37.000000,5474.084586
13.000000,37.500000,3584.287490
14.000000,37.500000,3844.863510
15.000000,37.500000,4114.530775
16.000000,37.500000,4393.289283
17.000000,37.500000,4663.097495
18.000000,37.500000,4929.058119
19.000000,37.500000,5202.343553
20.000000,37.500000,5482.953798
13.000000,38.000000,3591.323946
14.000000,38.000000,3852.229791
15.000000,38.000000,4122.232611
16.000000,38.000000,4401.332407
17.000000,38.000000,4670.524817
18.000000,38.000000,4936.954337
19.000000,38.000000,5210.722725
20.000000,38.000000,5491.829983
13.000000,38.500000,3598.540707
14.000000,38.500000,3859.808088
15.000000,38.500000,4130.179827
16.000000,38.500000,4409.655924
17.000000,38.500000,4678.193991
18.000000,38.500000,4945.029268
19.000000,38.500000,5219.213673
13.000000,39.000000,3605.764556
14.000000,39.000000,3867.393684
15.000000,39.000000,4138.134555
16.000000,39.000000,4417.987167
17.000000,39.000000,4685.869288
18.000000,39.000000,4953.110616
19.000000,39.000000,5227.711339
13.000000,39.500000,3613.502913
14.000000,39.500000,3875.515962
15.000000,39.500000,4146.648096
16.000000,39.500000,4426.899315
17.000000,39.500000,4693.981578
18.000000,39.500000,4961.494933
19.000000,39.500000,5236.370006
13.000000,40.000000,3621.249449
14.000000,40.000000,3883.646635
15.000000,40.000000,4155.170252
16.000000,40.000000,4435.820301
17.000000,40.000000,4702.100704
18.000000,40.000000,4969.886150
19.000000,40.000000,5245.035639
13.000000,40.500000,3629.013254
14.000000,40.500000,3891.795470
15.000000,40.500000,4163.711489
16.000000,40.500000,4444.761312
17.000000,40.500000,4710.227390
18.000000,40.500000,4978.285226
19.000000,40.500000,5253.709441
13.000000,41.000000,3636.785256
14.000000,41.000000,3899.952719
15.000000,41.000000,4172.261361
16.000000,41.000000,4453.711181
17.000000,41.000000,4718.360911
18.000000,41.000000,4986.691202
19.000000,41.000000,5262.390206
13.000000,41.500000,3644.574619
14.000000,41.500000,3908.128228
15.000000,41.500000,4180.830416
16.000000,41.500000,4462.681185
17.000000,41.500000,4726.535523
18.000000,41.500000,4995.175850
19.000000,41.500000,5271.189274
13.000000,42.000000,3652.372196
14.000000,42.000000,3916.312169
15.000000,42.000000,4189.408126
16.000000,42.000000,4471.660066
17.000000,42.000000,4734.717029
18.000000,42.000000,5003.667524
19.000000,42.000000,5279.995497
13.000000,42.500000,3660.244266
14.000000,42.500000,3924.556295
15.000000,42.500000,4198.030519
16.000000,42.500000,4480.301385
17.000000,42.500000,4743.047708
18.000000,42.500000,5012.440158
19.000000,42.500000,5289.221404
12.000000,43.000000,3412.608836
13.000000,43.000000,3668.124696
14.000000,43.000000,3932.808964
15.000000,43.000000,4206.661640
16.000000,43.000000,4488.950890
17.000000,43.000000,4751.385528
18.000000,43.000000,5021.220286
19.000000,43.000000,5298.455165
12.000000,43.500000,3420.344577
13.000000,43.500000,3676.228028
14.000000,43.500000,3941.285607
15.000000,43.500000,4215.517312
16.000000,43.500000,4497.109467
17.000000,43.500000,4760.000493
18.000000,43.500000,5030.303855
19.000000,43.500000,5308.019553
12.000000,44.000000,3428.088988
13.000000,44.000000,3684.340203
14.000000,44.000000,3949.771266
15.000000,44.000000,4224.382176
16.000000,44.000000,4505.275295
17.000000,44.000000,4768.623089
18.000000,44.000000,5039.395446
19.000000,44.000000,5317.592366
12.000000,44.500000,3436.217212
13.000000,44.500000,3692.827374
14.000000,44.500000,3958.621394
15.000000,44.500000,4233.599273
16.000000,44.500000,4513.796397
17.000000,44.500000,4777.513057
18.000000,44.500000,5048.660876
19.000000,44.500000,5327.239854
12.000000,45.000000,3444.354999
13.000000,45.000000,3701.324236
14.000000,45.000000,3967.481342
15.000000,45.000000,4242.826317
16.000000,45.000000,4522.325414
17.000000,45.000000,4786.411149
18.000000,45.000000,5057.934641
19.000000,45.000000,5336.895889
12.000000,45.500000,3452.519429
13.000000,45.500000,3709.885727
14.000000,45.500000,3976.446591
15.000000,45.500000,4252.202022
16.000000,45.500000,4531.038425
17.000000,45.500000,4795.445449
18.000000,45.500000,5067.293796
19.000000,45.500000,5346.583468
12.000000,46.000000,3460.693461
13.000000,46.000000,3718.457036
14.000000,46.000000,3985.421877
15.000000,46.000000,4261.587984
16.000000,46.000000,4539.759696
17.000000,46.000000,4804.488118
18.000000,46.000000,5076.661431
19.000000,46.000000,5356.279634
12.000000,46.500000,3468.913717
13.000000,46.500000,3727.068777
14.000000,46.500000,3994.431290
15.000000,46.500000,4271.001255
16.000000,46.500000,4548.494896
17.000000,46.500000,4813.541486
18.000000,46.500000,5086.036349
19.000000,46.500000,5365.979483
12.000000,47.000000,3477.143659
13.000000,47.000000,3735.690405
14.000000,47.000000,4003.450791
15.000000,47.000000,4280.424817
16.000000,47.000000,4557.238361
17.000000,47.000000,4822.603226
18.000000,47.000000,5095.419741
19.000000,47.000000,5375.687908
12.000000,47.500000,3485.474784
13.000000,47.500000,3744.393153
14.000000,47.500000,4012.529702
15.000000,47.500000,4289.884428
16.000000,47.500000,4566.033266
17.000000,47.500000,4831.812832
18.000000,47.500000,5105.052702
19.000000,47.500000,5385.752877
12.000000,48.000000,3493.815809
13.000000,48.000000,3753.105951
14.000000,48.000000,4021.618810
15.000000,48.000000,4299.354386
16.000000,48.000000,4574.836516
17.000000,48.000000,4841.031067
18.000000,48.000000,5114.694579
19.000000,48.000000,5395.827050
12.000000,48.500000,3502.559800
13.000000,48.500000,3762.191506
14.000000,48.500000,4031.047357
15.000000,48.500000,4309.127352
16.000000,48.500000,4583.904052
17.000000,48.500000,4850.506803
18.000000,48.500000,5124.586599
19.000000,48.500000,5406.143440
12.000000,49.000000,3511.314643
13.000000,49.000000,3771.287963
14.000000,49.000000,4040.486853
15.000000,49.000000,4318.911313
16.000000,49.000000,4592.980427
17.000000,49.000000,4859.991655
18.000000,49.000000,5134.488015
19.000000,49.000000,5416.469509
12.000000,49.500000,3520.475108
13.000000,49.500000,3780.745558
14.000000,49.500000,4050.238909
15.000000,49.500000,4328.955163
16.000000,49.500000,4602.278320
17.000000,49.500000,4869.683071
18.000000,49.500000,5144.580062
19.000000,49.500000,5426.969294
12.000000,50.000000,3529.647423
13.000000,50.000000,3790.214906
14.000000,50.000000,4060.002622
15.000000,50.000000,4339.010571
16.000000,50.000000,4611.585477
17.000000,50.000000,4879.384001
18.000000,50.000000,5154.681877
19.000000,50.000000,5437.479105
12.000000,50.500000,3538.912862
13.000000,50.500000,3799.928597
14.000000,50.500000,4070.172205
15.000000,50.500000,4349.643684
16.000000,50.500000,4621.404439
17.000000,50.500000,4889.442775
18.000000,50.500000,5164.978273
12.000000,51.000000,3548.190359
13.000000,51.000000,3809.654624
14.000000,51.000000,4080.354401
15.000000,51.000000,4360.289691
16.000000,51.000000,4631.233693
17.000000,51.000000,4899.511759
18.000000,51.000000,5175.284798
12.000000,51.500000,3557.543403
13.000000,51.500000,3819.442995
14.000000,51.500000,4090.584613
15.000000,51.500000,4370.968259
16.000000,51.500000,4641.063704
17.000000,51.500000,4909.583268
18.000000,51.500000,5185.595724
12.000000,52.000000,3566.908673
13.000000,52.000000,3829.243829
14.000000,52.000000,4100.827527
15.000000,52.000000,4381.659768
16.000000,52.000000,4650.903987
17.000000,52.000000,4919.664969
18.000000,52.000000,5195.916766
12.000000,52.500000,3576.335502
13.000000,52.500000,3839.095828
14.000000,52.500000,4111.110328
15.000000,52.500000,4392.379003
16.000000,52.500000,4660.745954
17.000000,52.500000,4929.750746
18.000000,52.500000,5206.244420
12.000000,53.000000,3585.774686
13.000000,53.000000,3848.960388
14.000000,53.000000,4121.405897
15.000000,53.000000,4403.111213
16.000000,53.000000,4670.598173
17.000000,53.000000,4939.846703
18.000000,53.000000,5216.582182
12.000000,53.500000,3595.527974
13.000000,53.500000,3859.068636
14.000000,53.500000,4131.868671
15.000000,53.500000,4413.928080
16.000000,53.500000,4680.555516
17.000000,53.500000,4950.089592
18.000000,53.500000,5227.111024
12.000000,54.000000,3605.294469
13.000000,54.000000,3869.190080
14.000000,54.000000,4142.344627
15.000000,54.000000,4424.758109
16.000000,54.000000,4690.523335
17.000000,54.000000,4960.342974
18.000000,54.000000,5237.650374
12.000000,54.500000,3615.259881
13.000000,54.500000,3879.492353
14.000000,54.500000,4152.981502
15.000000,54.500000,4435.727328
16.000000,54.500000,4700.714239
17.000000,54.500000,4970.864935
18.000000,54.500000,5248.505706
12.000000,55.000000,3625.239025
13.000000,55.000000,3889.808287
14.000000,55.000000,4163.631960
15.000000,55.000000,4446.710046
16.000000,55.000000,4710.916101
17.000000,55.000000,4981.397942
18.000000,55.000000,5259.372171
12.000000,55.500000,3635.270017
13.000000,55.500000,3900.214425
14.000000,55.500000,4174.413726
15.000000,55.500000,4457.420384
16.000000,55.500000,4721.394405
17.000000,55.500000,4992.256081
18.000000,55.500000,5270.614430
12.000000,56.000000,3645.314849
13.000000,56.000000,3910.634435
14.000000,56.000000,4185.209390
15.000000,56.000000,4468.143543
16.000000,56.000000,4731.884270
17.000000,56.000000,5003.125951
18.000000,56.000000,5281.868587
12.000000,56.500000,3655.437501
13.000000,56.500000,3921.153875
14.000000,56.500000,4196.127542
15.000000,56.500000,4478.439395
16.000000,56.500000,4742.512860
17.000000,56.500000,5014.088645
18.000000,56.500000,5293.166751
12.000000,57.000000,3665.574173
13.000000,57.000000,3931.687422
14.000000,57.000000,4207.059885
15.000000,57.000000,4488.747045
16.000000,57.000000,4753.153307
17.000000,57.000000,5025.063253
18.000000,57.000000,5304.476884
12.000000,57.500000,3675.716321
13.000000,57.500000,3942.233175
14.000000,57.500000,4218.011630
15.000000,57.500000,4499.076397
16.000000,57.500000,4763.813138
17.000000,57.500000,5036.054776
18.000000,57.500000,5315.801312
11.000000,58.000000,3428.215889
12.000000,58.000000,3685.872464
13.000000,58.000000,3952.793027
14.000000,58.000000,4228.977579
15.000000,58.000000,4509.417567
16.000000,58.000000,4774.484840
17.000000,58.000000,5047.058221
18.000000,58.000000,5327.137709
11.000000,58.500000,3438.743136
12.000000,58.500000,3696.622402
13.000000,58.500000,3963.753484
14.000000,58.500000,4240.136381
15.000000,58.500000,4519.784517
16.000000,58.500000,4785.199219
17.000000,58.500000,5058.122154
18.000000,58.500000,5338.553323
11.000000,59.000000,3449.286504
12.000000,59.000000,3707.387970
13.000000,59.000000,3974.729086
14.000000,59.000000,4251.309850
15.000000,59.000000,4530.163315
16.000000,59.000000,4795.925534
17.000000,59.000000,5069.198111
18.000000,59.000000,5349.981044
11.000000,59.500000,3459.998771
12.000000,59.500000,3718.390927
13.000000,59.500000,3986.015058
14.000000,59.500000,4262.871162
15.000000,59.500000,4540.981982
16.000000,59.500000,4807.123709
17.000000,59.500000,5080.779007
18.000000,59.500000,5361.947877
11.000000,60.000000,3470.727624
12.000000,60.000000,3729.410159
13.000000,60.000000,3997.316994
14.000000,60.000000,4274.448131
15.000000,60.000000,4551.813488
16.000000,60.000000,4818.334859
17.000000,60.000000,5092.373015
18.000000,60.000000,5373.927955
11.000000,60.500000,3481.433908
12.000000,60.500000,3740.422641
13.000000,60.500000,4008.629252
14.000000,60.500000,4286.053738
15.000000,60.500000,4562.725745
16.000000,60.500000,4829.680058
17.000000,60.500000,5104.157291
18.000000,60.500000,5386.157444
11.000000,61.000000,3492.156654
12.000000,61.000000,3751.451329
13.000000,61.000000,4019.957455
14.000000,61.000000,4297.675034
15.000000,61.000000,4573.650999
16.000000,61.000000,4841.038515
17.000000,61.000000,5115.955086
18.000000,61.000000,5398.400713
19.000000,61.000000,5669.034897
20.000000,61.000000,5944.224971
21.000000,61.000000,6225.874093
11.000000,61.500000,3502.966178
12.000000,61.500000,3762.762276
13.000000,61.500000,4031.776870
14.000000,61.500000,4310.009962
15.000000,61.500000,4585.311026
16.000000,61.500000,4853.018852
17.000000,61.500000,5128.254568
18.000000,61.500000,5411.018172
19.000000,61.500000,5680.914235
20.000000,61.500000,5956.273731
21.000000,61.500000,6238.086709
11.000000,62.000000,3513.792379
12.000000,62.000000,3774.090213
13.000000,62.000000,4043.613590
14.000000,62.000000,4322.362510
15.000000,62.000000,4596.985815
16.000000,62.000000,4865.013904
17.000000,62.000000,5140.568715
18.000000,62.000000,5423.650247
19.000000,62.000000,5692.805868
20.000000,62.000000,5968.334542
21.000000,62.000000,6250.311134
11.000000,62.500000,3524.667131
12.000000,62.500000,3785.465434
13.000000,62.500000,4055.496135
14.000000,62.500000,4334.759234
15.000000,62.500000,4608.678286
16.000000,62.500000,4877.024821
17.000000,62.500000,5152.896806
18.000000,62.500000,5435.398391
19.000000,62.500000,5704.692958
20.000000,62.500000,5980.392520
21.000000,62.500000,6262.534551
11.000000,63.000000,3535.558656
12.000000,63.000000,3796.857733
13.000000,63.000000,4067.396066
14.000000,63.000000,4347.173652
15.000000,63.000000,4620.385525
16.000000,63.000000,4889.050453
17.000000,63.000000,5165.239558
18.000000,63.000000,5447.159112
19.000000,63.000000,5716.592305
20.000000,63.000000,5992.462517
21.000000,63.000000,6274.769751
11.000000,63.500000,3547.137991
12.000000,63.500000,3808.762765
13.000000,63.500000,4079.619352
14.000000,63.500000,4359.707751
15.000000,63.500000,4632.110013
16.000000,63.500000,4901.091485
17.000000,63.500000,5177.595758
18.000000,63.500000,5458.877008
19.000000,63.500000,5728.489526
20.000000,63.500000,6004.533806
21.000000,63.500000,6287.009849
11.000000,64.000000,3558.736243
12.000000,64.000000,3820.686407
13.000000,64.000000,4091.860938
14.000000,64.000000,4372.259835
15.000000,64.000000,4643.849273
16.000000,64.000000,4913.147231
17.000000,64.000000,5189.966613
18.000000,64.000000,5470.607360
19.000000,64.000000,5740.398972
20.000000,64.000000,6016.617090
21.000000,64.000000,6299.261713
11.000000,64.500000,3570.390773
12.000000,64.500000,3832.702201
13.000000,64.500000,4104.233023
14.000000,64.500000,4384.983238
15.000000,64.500000,4655.762353
16.000000,64.500000,4925.347802
17.000000,64.500000,5202.451449
18.000000,64.500000,5482.474113
19.000000,64.500000,5752.663379
20.000000,64.500000,6029.284660
11.000000,65.000000,3582.064340
12.000000,65.000000,3844.736833
13.000000,65.000000,4116.623744
14.000000,65.000000,4397.725071
15.000000,65.000000,4667.690614
16.000000,65.000000,4937.563414
17.000000,65.000000,5214.951184
18.000000,65.000000,5494.353603
19.000000,65.000000,5764.940767
20.000000,65.000000,6041.965461
11.000000,65.500000,3593.833063
12.000000,65.500000,3856.880808
13.000000,65.500000,4129.138820
14.000000,65.500000,4410.607098
15.000000,65.500000,4679.787894
16.000000,65.500000,4949.982941
17.000000,65.500000,5227.691614
18.000000,65.500000,5506.522793
19.000000,65.500000,5777.425931
20.000000,65.500000,6054.767631
11.000000,66.000000,3605.621071
12.000000,66.000000,3869.043904
13.000000,66.000000,4141.672850
14.000000,66.000000,4423.507909
15.000000,66.000000,4691.900757
16.000000,66.000000,4962.417994
17.000000,66.000000,5240.447511
18.000000,66.000000,5518.705357
19.000000,66.000000,5789.924515
20.000000,66.000000,6067.583270
11.000000,66.500000,3617.511366
12.000000,66.500000,3881.343672
13.000000,66.500000,4154.380336
14.000000,66.500000,4436.621359
15.000000,66.500000,4704.247265
16.000000,66.500000,4975.058038
17.000000,66.500000,5253.377672
18.000000,66.500000,5531.040729
19.000000,66.500000,5802.529663
20.000000,66.500000,6080.456754
11.000000,67.000000,3629.421219
12.000000,67.000000,3893.662937
13.000000,67.000000,4167.107257
14.000000,67.000000,4449.754179
15.000000,67.000000,4716.609945
16.000000,67.000000,4987.714103
17.000000,67.000000,5266.323703
18.000000,67.000000,5543.389795
19.000000,67.000000,5815.148442
20.000000,67.000000,6093.343802
11.000000,67.500000,3641.460979
12.000000,67.500000,3906.150251
13.000000,67.500000,4180.042983
14.000000,67.500000,4463.139173
15.000000,67.500000,4729.265811
16.000000,67.500000,5000.666541
17.000000,67.500000,5279.568960
11.000000,68.000000,3653.520661
12.000000,68.000000,3918.657541
13.000000,68.000000,4192.998737
14.000000,68.000000,4476.544248
15.000000,68.000000,4741.938604
16.000000,68.000000,5013.635739
17.000000,68.000000,5292.830813
11.000000,68.500000,3666.133691
12.000000,68.500000,3931.553627
13.000000,68.500000,4206.165880
14.000000,68.500000,4489.530075
15.000000,68.500000,4754.628013
16.000000,68.500000,5026.621708
17.000000,68.500000,5306.109585
11.000000,69.000000,3678.768449
12.000000,69.000000,3944.470888
13.000000,69.000000,4219.353651
14.000000,69.000000,4502.534687
15.000000,69.000000,4767.334349
16.000000,69.000000,5039.624437
17.000000,69.000000,5319.404951
11.000000,69.500000,3691.384685
12.000000,69.500000,3957.383589
13.000000,69.500000,4232.552010
14.000000,69.500000,4514.989144
15.000000,69.500000,4780.080251
16.000000,69.500000,5052.657434
17.000000,69.500000,5332.720693
11.000000,70.000000,3704.022509
12.000000,70.000000,3970.317380
13.000000,70.000000,4245.770965
14.000000,70.000000,4527.460779
15.000000,70.000000,4792.843141
16.000000,70.000000,5065.707226
17.000000,70.000000,5346.053037
11.000000,70.500000,3716.822425
12.000000,70.500000,3983.394388
13.000000,70.500000,4259.112783
14.000000,70.500000,4540.074654
15.000000,70.500000,4805.756816
16.000000,70.500000,5078.916490
17.000000,70.500000,5359.553676
11.000000,71.000000,3729.644414
12.000000,71.000000,3996.492888
13.000000,71.000000,4272.475522
14.000000,71.000000,4552.706061
15.000000,71.000000,4818.687842
16.000000,71.000000,5092.142921
17.000000,71.000000,5373.071298
11.000000,71.500000,3742.560768
12.000000,71.500000,4009.641831
13.000000,71.500000,4285.841636
14.000000,71.500000,4565.336729
15.000000,71.500000,4831.702407
16.000000,71.500000,5105.541993
17.000000,71.500000,5386.855487
11.000000,72.000000,3755.499443
12.000000,72.000000,4022.812362
13.000000,72.000000,4299.228614
14.000000,72.000000,4577.984876
15.000000,72.000000,4844.734499
16.000000,72.000000,5118.958638
17.000000,72.000000,5400.657293
11.000000,72.500000,3768.764715
12.000000,72.500000,4036.483187
13.000000,72.500000,4313.300787
14.000000,72.500000,4591.417106
15.000000,72.500000,4858.378897
16.000000,72.500000,5132.804805
17.000000,72.500000,5414.694829
10.000000,73.000000,3523.024467
11.000000,73.000000,3782.053369
12.000000,73.000000,4050.177196
13.000000,73.000000,4327.395948
14.000000,73.000000,4604.869003
15.000000,73.000000,4872.042464
16.000000,73.000000,5146.669645
17.000000,73.000000,5428.750546
10.000000,73.500000,3536.310879
11.000000,73.500000,3795.672942
12.000000,73.500000,4064.119322
13.000000,73.500000,4341.650019
14.000000,73.500000,4618.449528
15.000000,73.500000,4885.962800
16.000000,73.500000,5160.926449
10.000000,74.000000,3549.622296
11.000000,74.000000,3809.316992
12.000000,74.000000,4078.085400
13.000000,74.000000,4355.927522
14.000000,74.000000,4632.050038
15.000000,74.000000,4899.902977
16.000000,74.000000,5175.202946
10.000000,74.500000,3562.909421
11.000000,74.500000,3822.951953
12.000000,74.500000,4092.058852
13.000000,74.500000,4370.230120
14.000000,74.500000,4645.693600
15.000000,74.500000,4913.881714
16.000000,74.500000,5189.513238
10.000000,75.000000,3576.221365
11.000000,75.000000,3836.611269
12.000000,75.000000,4106.056199
13.000000,75.000000,4384.556155
14.000000,75.000000,4659.357213
15.000000,75.000000,4927.880343
16.000000,75.000000,5203.843259
10.000000,75.500000,3589.754486
11.000000,75.500000,3850.456632
12.000000,75.500000,4120.201306
13.000000,75.500000,4398.988511
14.000000,75.500000,4673.104070
15.000000,75.500000,4941.943790
16.000000,75.500000,5218.218554
10.000000,76.000000,3603.313164
11.000000,76.000000,3864.326931
12.000000,76.000000,4134.370734
13.000000,76.000000,4413.444575
14.000000,76.000000,4686.871162
15.000000,76.000000,4956.027256
16.000000,76.000000,5232.613647
10.000000,76.500000,3617.035975
11.000000,76.500000,3878.311590
12.000000,76.500000,4148.600794
13.000000,76.500000,4427.903587
14.000000,76.500000,4700.662764
15.000000,76.500000,4970.190680
16.000000,76.500000,5247.147252
10.000000,77.000000,3630.784867
11.000000,77.000000,3892.321507
12.000000,77.000000,4162.855298
13.000000,77.000000,4442.386240
14.000000,77.000000,4714.474612
15.000000,77.000000,4984.374292
16.000000,77.000000,5261.700980
10.000000,77.500000,3644.687483
11.000000,77.500000,3906.544960
12.000000,77.500000,4177.386947
13.000000,77.500000,4457.213444
14.000000,77.500000,4728.635444
15.000000,77.500000,4998.848203
16.000000,77.500000,5276.482538
10.000000,78.000000,3658.616665
11.000000,78.000000,3920.794353
12.000000,78.000000,4191.943913
13.000000,78.000000,4472.065345
14.000000,78.000000,4742.817496
15.000000,78.000000,5013.343078
16.000000,78.000000,5291.284798
10.000000,78.500000,3672.735899
11.000000,78.500000,3935.341731
12.000000,78.500000,4206.913779
13.000000,78.500000,4487.452044
14.000000,78.500000,4757.473346
15.000000,78.500000,5028.188659
16.000000,78.500000,5306.307236
10.000000,79.000000,3686.882322
11.000000,79.000000,3949.916046
12.000000,79.000000,4221.910327
13.000000,79.000000,4502.865164
14.000000,79.000000,4772.151793
15.000000,79.000000,5043.056170
16.000000,79.000000,5321.350942
10.000000,79.500000,3701.007528
11.000000,79.500000,3964.467799
12.000000,79.500000,4236.882974
13.000000,79.500000,4518.253055
14.000000,79.500000,4786.920343
15.000000,79.500000,5058.189742
16.000000,79.500000,5336.846613
10.000000,80.000000,3715.159738
11.000000,80.000000,3979.046307
12.000000,80.000000,4251.882124
13.000000,80.000000,4533.667189
14.000000,80.000000,4801.711701
15.000000,80.000000,5073.345976
16.000000,80.000000,5352.364802
10.000000,80.500000,3729.732097
11.000000,80.500000,3993.938047
12.000000,80.500000,4267.079673
13.000000,80.500000,4549.156976
14.000000,80.500000,4816.566278
15.000000,80.500000,5088.551132
16.000000,80.500000,5367.916740
10.000000,81.000000,3744.332979
11.000000,81.000000,4008.857602
12.000000,81.000000,4282.304333
13.000000,81.000000,4564.673174
14.000000,81.000000,4831.443790
15.000000,81.000000,5103.779031
16.000000,81.000000,5383.491229
10.000000,81.500000,3759.251214
11.000000,81.500000,4024.000211
12.000000,81.500000,4297.650960
13.000000,81.500000,4580.138447
14.000000,81.500000,4846.355148
15.000000,81.500000,5119.037141
16.000000,81.500000,5399.092082
10.000000,82.000000,3774.199108
11.000000,82.000000,4039.171365
12.000000,82.000000,4313.025035
13.000000,82.000000,4595.629869
14.000000,82.000000,4861.289472
15.000000,82.000000,5134.318015
16.000000,82.000000,5414.715497
10.000000,82.500000,3789.214507
11.000000,82.500000,4054.387354
12.000000,82.500000,4328.419819
13.000000,82.500000,4610.250529
14.000000,82.500000,4876.273904
15.000000,82.500000,5149.662970
16.000000,82.500000,5430.417728
10.000000,83.000000,3804.259716
11.000000,83.000000,4069.631948
12.000000,83.000000,4343.842027
13.000000,83.000000,4624.894404
14.000000,83.000000,4891.281387
15.000000,83.000000,5165.030814
16.000000,83.000000,5446.142685
10.000000,83.500000,3819.417944
11.000000,83.500000,4085.110046
12.000000,83.500000,4359.626726
13.000000,83.500000,4640.096385
14.000000,83.500000,4906.689069
15.000000,83.500000,5180.630781
16.000000,83.500000,5461.921521
10.000000,84.000000,3834.606311
11.000000,84.000000,4100.617523
12.000000,84.000000,4375.440052
13.000000,84.000000,4655.323309
14.000000,84.000000,4922.120980
15.000000,84.000000,5196.254268
16.000000,84.000000,5477.723173
10.000000,84.500000,3849.583796
11.000000,84.500000,4115.997702
12.000000,84.500000,4391.215752
13.000000,84.500000,4670.593044
14.000000,84.500000,4937.611806
15.000000,84.500000,5211.953706
16.000000,84.500000,5493.618741
10.000000,85.000000,3864.590474
11.000000,85.000000,4131.406671
12.000000,85.000000,4407.019839
13.000000,85.000000,4685.887780
14.000000,85.000000,4953.126971
15.000000,85.000000,5227.676821
16.000000,85.000000,5509.537332
10.000000,85.500000,3879.775086
11.000000,85.500000,4146.956905
12.000000,85.500000,4422.925052
13.000000,85.500000,4701.287562
14.000000,85.500000,4968.948934
15.000000,85.500000,5243.920053
16.000000,85.500000,5526.200918
10.000000,86.000000,3894.989463
11.000000,86.000000,4162.536345
12.000000,86.000000,4438.858913
13.000000,86.000000,4716.712607
14.000000,86.000000,4984.796127
15.000000,86.000000,5260.188480
16.000000,86.000000,5542.889664
10.000000,86.500000,3910.387815
11.000000,86.500000,4178.358588
12.000000,86.500000,4455.097500
13.000000,86.500000,4732.437014
14.000000,86.500000,5000.795226
15.000000,86.500000,5276.452762
10.000000,87.000000,3925.816525
11.000000,87.000000,4194.210835
12.000000,87.000000,4471.365731
13.000000,87.000000,4748.187587
14.000000,87.000000,5016.819958
15.000000,87.000000,5292.742150
10.000000,87.500000,3941.261353
11.000000,87.500000,4210.105281
12.000000,87.500000,4487.703970
13.000000,87.500000,4764.001964
14.000000,87.500000,5032.898106
15.000000,87.500000,5309.073976
9.000000,88.000000,3696.192123
10.000000,88.000000,3956.736486
11.000000,88.000000,4226.029779
12.000000,88.000000,4504.072002
13.000000,88.000000,4779.842634
14.000000,88.000000,5049.001977
15.000000,88.000000,5325.430961
9.000000,88.500000,3711.402166
10.000000,88.500000,3972.410423
11.000000,88.500000,4242.162094
12.000000,88.500000,4520.657180
13.000000,88.500000,4795.861788
14.000000,88.500000,5065.243842
15.000000,88.500000,5341.883034
9.000000,89.000000,3726.643419
10.000000,89.000000,3988.115330
11.000000,89.000000,4258.325136
12.000000,89.000000,4537.272836
13.000000,89.000000,4811.907740
14.000000,89.000000,5081.511788
15.000000,89.000000,5358.360481
9.000000,89.500000,3742.101044
10.000000,89.500000,4004.066364
11.000000,89.500000,4274.765764
12.000000,89.500000,4554.199243
13.000000,89.500000,4828.206867
14.000000,89.500000,5097.958494
15.000000,89.500000,5374.937903
9.000000,90.000000,3757.590643
10.000000,90.000000,4020.049224
11.000000,90.000000,4291.238063
12.000000,90.000000,4571.157161
13.000000,90.000000,4844.533552
14.000000,90.000000,5114.431772
15.000000,90.000000,5391.540929
9.000000,90.500000,3773.325860
10.000000,90.500000,4036.212035
11.000000,90.500000,4307.819640
12.000000,90.500000,4588.148674
13.000000,90.500000,4860.854079
14.000000,90.500000,5130.954612
15.000000,90.500000,5408.252394
9.000000,91.000000,3789.093935
10.000000,91.000000,4052.407262
11.000000,91.000000,4324.433186
12.000000,91.000000,4605.171707
13.000000,91.000000,4877.202052
14.000000,91.000000,5147.504099
15.000000,91.000000,5424.989717
9.000000,91.500000,3805.036988
10.000000,91.500000,4068.788877
11.000000,91.500000,4341.245257
12.000000,91.500000,4622.406128
13.000000,91.500000,4893.919930
14.000000,91.500000,5164.631617
15.000000,91.500000,5442.523605
9.000000,92.000000,3821.013496
10.000000,92.000000,4085.203525
11.000000,92.000000,4358.089938
12.000000,92.000000,4639.672735
13.000000,92.000000,4910.666411
14.000000,92.000000,5181.787582
15.000000,92.000000,5460.085783
9.000000,92.500000,3837.060792
10.000000,92.500000,4101.735863
11.000000,92.500000,4375.102679
12.000000,92.500000,4657.161239
13.000000,92.500000,4927.612629
14.000000,92.500000,5199.047777
15.000000,92.500000,5477.651033
9.000000,93.000000,3853.141704
10.000000,93.000000,4118.301576
11.000000,93.000000,4392.148552
12.000000,93.000000,4674.682633
13.000000,93.000000,4944.588033
14.000000,93.000000,5216.336670
15.000000,93.000000,5495.244492
9.000000,93.500000,3869.437390
10.000000,93.500000,4135.041617
11.000000,93.500000,4409.325299
12.000000,93.500000,4692.288435
13.000000,93.500000,4961.648708
14.000000,93.500000,5233.731682
15.000000,93.500000,5512.966004
9.000000,94.000000,3885.767450
10.000000,94.000000,4151.815601
11.000000,94.000000,4426.535558
12.000000,94.000000,4709.927320
13.000000,94.000000,4978.738762
14.000000,94.000000,5251.155648
15.000000,94.000000,5530.716045
9.000000,94.500000,3902.409559
10.000000,94.500000,4168.852282
11.000000,94.500000,4443.955327
12.000000,94.500000,4727.718695
13.000000,94.500000,4995.988855
14.000000,94.500000,5268.751029
15.000000,94.500000,5548.649340
9.000000,95.000000,3919.087215
10.000000,95.000000,4185.923832
11.000000,95.000000,4461.409293
12.000000,95.000000,4745.543598
13.000000,95.000000,5013.268776
14.000000,95.000000,5286.375838
15.000000,95.000000,5566.611663
9.000000,95.500000,3935.915859
10.000000,95.500000,4203.100041
11.000000,95.500000,4478.918491
12.000000,95.500000,4763.354004
13.000000,95.500000,5030.569239
14.000000,95.500000,5304.031407
15.000000,95.500000,5584.615544
9.000000,96.000000,3952.780546
10.000000,96.000000,4220.311407
11.000000,96.000000,4496.461969
12.000000,96.000000,4781.197759
13.000000,96.000000,5047.899497
14.000000,96.000000,5321.716408
15.000000,96.000000,5602.648492
9.000000,96.500000,3969.718993
10.000000,96.500000,4237.559908
11.000000,96.500000,4514.003643
12.000000,96.500000,4798.144060
13.000000,96.500000,5065.233593
14.000000,96.500000,5339.433060
15.000000,96.500000,5620.742461
9.000000,97.000000,3986.693645
10.000000,97.000000,4254.843575
11.000000,97.000000,4531.579456
12.000000,97.000000,4815.120333
13.000000,97.000000,5082.597397
14.000000,97.000000,5357.179153
15.000000,97.000000,5638.865601
9.000000,97.500000,4003.599898
10.000000,97.500000,4272.258463
11.000000,97.500000,4549.499111
12.000000,97.500000,4832.613943
13.000000,97.500000,5100.430202
14.000000,97.500000,5375.343114
15.000000,97.500000,5657.352678
9.000000,98.000000,4020.541915
10.000000,98.000000,4289.708909
11.000000,98.000000,4567.454119
12.000000,98.000000,4850.139267
13.000000,98.000000,5118.294233
14.000000,98.000000,5393.537813
15.000000,98.000000,5675.870007
9.000000,98.500000,4037.465075
10.000000,98.500000,4307.202129
11.000000,98.500000,4585.517354
12.000000,98.500000,4867.789649
13.000000,98.500000,5136.232184
14.000000,98.500000,5411.752465
9.000000,99.000000,4054.423765
10.000000,99.000000,4324.730935
11.000000,99.000000,4603.616230
12.000000,99.000000,4885.472084
13.000000,99.000000,5154.201511
14.000000,99.000000,5429.997820
9.000000,99.500000,4071.639467
10.000000,99.500000,4342.441714
11.000000,99.500000,4621.816340
12.000000,99.500000,4903.167865
13.000000,99.500000,5172.246685
14.000000,99.500000,5448.384968
9.000000,100.000000,4088.891623
10.000000,100.000000,4360.188673
11.000000,100.000000,4640.052349
12.000000,100.000000,4920.895633
13.000000,100.000000,5190.323391
14.000000,100.000000,5466.803193
9.000000,100.500000,4106.213745
10.000000,100.500000,4378.026547
11.000000,100.500000,4658.401659
12.000000,100.500000,4938.804264
13.000000,100.500000,5208.725975
14.000000,100.500000,5485.699632
9.000000,101.000000,4123.572465
10.000000,101.000000,4395.900823
11.000000,101.000000,4676.787172
12.000000,101.000000,4956.745419
13.000000,101.000000,5227.161123
14.000000,101.000000,5504.628672
9.000000,101.500000,4140.996755
10.000000,101.500000,4413.851916
11.000000,101.500000,4695.261494
12.000000,101.500000,4974.795392
13.000000,101.500000,5245.712446
14.000000,101.500000,5523.681419
9.000000,102.000000,4158.457766
10.000000,102.000000,4431.839576
11.000000,102.000000,4713.772227
12.000000,102.000000,4992.878166
13.000000,102.000000,5264.296628
14.000000,102.000000,5542.767080
9.000000,102.500000,4176.142933
10.000000,102.500000,4450.015978
11.000000,102.500000,4732.433553
12.000000,102.500000,5011.099109
13.000000,102.500000,5283.016350
14.000000,102.500000,5561.985250
9.000000,103.000000,4193.865607
10.000000,103.000000,4468.229563
11.000000,103.000000,4751.131737
12.000000,103.000000,5029.353235
13.000000,103.000000,5301.769296
14.000000,103.000000,5581.236678
9.000000,103.500000,4211.783906
10.000000,103.500000,4486.692367
11.000000,103.500000,4770.135899
12.000000,103.500000,5047.939512
13.000000,103.500000,5320.812191
14.000000,103.500000,5600.732979
9.000000,104.000000,4229.740381
10.000000,104.000000,4505.193220
11.000000,104.000000,4789.177981
12.000000,104.000000,5066.560064
13.000000,104.000000,5339.889221
14.000000,104.000000,5620.263273
9.000000,104.500000,4247.877306
10.000000,104.500000,4523.809480
11.000000,104.500000,4808.265813
12.000000,104.500000,5085.196234
13.000000,104.500000,5358.983434
14.000000,104.500000,5639.812365
9.000000,105.000000,4266.053007
10.000000,105.000000,4542.464105
11.000000,105.000000,4827.391596
12.000000,105.000000,5103.866611
13.000000,105.000000,5378.111724
14.000000,105.000000,5659.395397
9.000000,105.500000,4284.295089
10.000000,105.500000,4561.164533
11.000000,105.500000,4846.541349
12.000000,105.500000,5122.548293
13.000000,105.500000,5397.233855
14.000000,105.500000,5678.953994
8.000000,106.000000,4033.747126
9.000000,106.000000,4302.576068
10.000000,106.000000,4579.903360
11.000000,106.000000,4865.729002
12.000000,106.000000,5141.264100
13.000000,106.000000,5416.389920
14.000000,106.000000,5698.546330
8.000000,106.500000,4051.656136
9.000000,106.500000,4321.056532
10.000000,106.500000,4598.953101
11.000000,106.500000,4885.345841
12.000000,106.500000,5160.390631
13.000000,106.500000,5435.875015
14.000000,106.500000,5718.381961
8.000000,107.000000,4069.604789
9.000000,107.000000,4339.576580
10.000000,107.000000,4618.042360
11.000000,107.000000,4905.002131
12.000000,107.000000,5179.552662
13.000000,107.000000,5455.395083
14.000000,107.000000,5738.252043
8.000000,107.500000,4087.931472
9.000000,107.500000,4358.399788
10.000000,107.500000,4637.354734
11.000000,107.500000,4924.796309
12.000000,107.500000,5198.792701
13.000000,107.500000,5474.959295
14.000000,107.500000,5758.130516
8.000000,108.000000,4106.299311
9.000000,108.000000,4377.263717
10.000000,108.000000,4656.707391
11.000000,108.000000,4944.630334
12.000000,108.000000,5218.068398
13.000000,108.000000,5494.558515
14.000000,108.000000,5778.043352
8.000000,108.500000,4124.951623
9.000000,108.500000,4396.367879
10.000000,108.500000,4676.253082
11.000000,108.500000,4964.607232
12.000000,108.500000,5237.443152
13.000000,108.500000,5514.221397
14.000000,108.500000,5797.982481
8.000000,109.000000,4143.646191
9.000000,109.000000,4415.513629
10.000000,109.000000,4695.839695
11.000000,109.000000,4984.624390
12.000000,109.000000,5256.853797
13.000000,109.000000,5533.919389
14.000000,109.000000,5817.955948
8.000000,109.500000,4161.978525
9.000000,109.500000,4434.440770
10.000000,109.500000,4715.361257
11.000000,109.500000,5004.739987
12.000000,109.500000,5276.373779
13.000000,109.500000,5553.746220
14.000000,109.500000,5838.078795
8.000000,110.000000,4180.351315
9.000000,110.000000,4453.408380
10.000000,110.000000,4734.923301
11.000000,110.000000,5024.896078
12.000000,110.000000,5295.929924
13.000000,110.000000,5573.608494
14.000000,110.000000,5858.236372
8.000000,110.500000,4198.773123
9.000000,110.500000,4472.415686
10.000000,110.500000,4754.514997
11.000000,110.500000,5044.276178
12.000000,110.500000,5315.503211
13.000000,110.500000,5593.517776
14.000000,110.500000,5878.472456
8.000000,111.000000,4217.235423
9.000000,111.000000,4491.463457
10.000000,111.000000,4774.147131
11.000000,111.000000,5063.693569
12.000000,111.000000,5335.112591
13.000000,111.000000,5613.462542
14.000000,111.000000,5898.743421
8.000000,111.500000,4235.845699
9.000000,111.500000,4510.494826
10.000000,111.500000,4793.588244
11.000000,111.500000,5082.637285
12.000000,111.500000,5354.532224
13.000000,111.500000,5633.356043
8.000000,112.000000,4254.496937
9.000000,112.000000,4529.566418
10.000000,112.000000,4813.068848
11.000000,112.000000,5101.616356
12.000000,112.000000,5373.987124
13.000000,112.000000,5653.284721
8.000000,112.500000,4273.311995
9.000000,112.500000,4548.878971
10.000000,112.500000,4832.872203
11.000000,112.500000,5121.023839
12.000000,112.500000,5393.818923
13.000000,112.500000,5673.535691
8.000000,113.000000,4292.168548
9.000000,113.000000,4568.232587
10.000000,113.000000,4852.716192
11.000000,113.000000,5140.468142
12.000000,113.000000,5413.687222
13.000000,113.000000,5693.822843
8.000000,113.500000,4311.148480
9.000000,113.500000,4587.684416
10.000000,113.500000,4872.630829
11.000000,113.500000,5159.958420
12.000000,113.500000,5433.613876
13.000000,113.500000,5714.181376
8.000000,114.000000,4330.170248
9.000000,114.000000,4607.177539
10.000000,114.000000,4892.586219
11.000000,114.000000,5179.485554
12.000000,114.000000,5453.577113
13.000000,114.000000,5734.576219
8.000000,114.500000,4349.339948
9.000000,114.500000,4626.781806
10.000000,114.500000,4912.613797
11.000000,114.500000,5199.057736
12.000000,114.500000,5473.587461
13.000000,114.500000,5755.020261
8.000000,115.000000,4368.551962
9.000000,115.000000,4646.427670
10.000000,115.000000,4932.682260
11.000000,115.000000,5218.666808
12.000000,115.000000,5493.634434
13.000000,115.000000,5775.500664
8.000000,115.500000,4387.934750
9.000000,115.500000,4666.264005
10.000000,115.500000,4952.962289
11.000000,115.500000,5238.523052
12.000000,115.500000,5513.945538
13.000000,115.500000,5796.263079
8.000000,116.000000,4407.360426
9.000000,116.000000,4686.142573
10.000000,116.000000,4973.283900
11.000000,116.000000,5258.416976
12.000000,116.000000,5534.294093
13.000000,116.000000,5817.062715
8.000000,116.500000,4426.949182
9.000000,116.500000,4706.180852
10.000000,116.500000,4993.761063
11.000000,116.500000,5278.476993
12.000000,116.500000,5554.814851
13.000000,116.500000,5838.040930
8.000000,117.000000,4446.581345
9.000000,117.000000,4726.261855
10.000000,117.000000,5014.280271
11.000000,117.000000,5298.575173
12.000000,117.000000,5575.373554
13.000000,117.000000,5859.056868
8.000000,117.500000,4466.381737
9.000000,117.500000,4746.496970
10.000000,117.500000,5034.938111
11.000000,117.500000,5318.824815
12.000000,117.500000,5596.074626
13.000000,117.500000,5880.205348
8.000000,118.000000,4486.226073
9.000000,118.000000,4766.775273
10.000000,118.000000,5055.638385
11.000000,118.000000,5339.113047
12.000000,118.000000,5616.814024
13.000000,118.000000,5901.391889
8.000000,118.500000,4506.240805
9.000000,118.500000,4787.209164
10.000000,118.500000,5076.478622
11.000000,118.500000,5359.568309
12.000000,118.500000,5637.709009
13.000000,118.500000,5922.721574
8.000000,119.000000,4526.300040
9.000000,119.000000,4807.686714
10.000000,119.000000,5097.361682
11.000000,119.000000,5380.062639
12.000000,119.000000,5658.642747
13.000000,119.000000,5944.089696
8.000000,119.500000,4545.953272
9.000000,119.500000,4827.978608
10.000000,119.500000,5118.293071
8.000000,120.000000,4565.649038
9.000000,120.000000,4848.313199
10.000000,120.000000,5139.267316
8.000000,120.500000,4585.504997
9.000000,120.500000,4868.810106
10.000000,120.500000,5160.405834
8.000000,121.000000,4605.404007
9.000000,121.000000,4889.350221
10.000000,121.000000,5181.587714
8.000000,121.500000,4625.622574
9.000000,121.500000,4910.283019
10.000000,121.500000,5203.239537
8.000000,122.000000,4645.885397
9.000000,122.000000,4931.260505
10.000000,122.000000,5224.936479
8.000000,122.500000,4666.438158
9.000000,122.500000,4952.345901
10.000000,122.500000,5246.548480
8.000000,123.000000,4687.036259
9.000000,123.000000,4973.476258
10.000000,123.000000,5268.205063
8.000000,123.500000,4707.684187
9.000000,123.500000,4994.555370
10.000000,123.500000,5289.703544
7.000000,124.000000,4449.341101
8.000000,124.000000,4728.377479
9.000000,124.000000,5015.679040
10.000000,124.000000,5311.245782
7.000000,124.500000,4469.727756
8.000000,124.500000,4749.185847
9.000000,124.500000,5036.896167
10.000000,124.500000,5332.858715
7.000000,125.000000,4490.161000
8.000000,125.000000,4770.039886
9.000000,125.000000,5058.158057
10.000000,125.000000,5354.515514
7.000000,125.500000,4510.724024
8.000000,125.500000,4791.005796
9.000000,125.500000,5079.512872
7.000000,126.000000,4531.334012
8.000000,126.000000,4812.017662
9.000000,126.000000,5100.912645
7.000000,126.500000,4552.076329
8.000000,126.500000,4833.143139
9.000000,126.500000,5122.405220
7.000000,127.000000,4572.865966
8.000000,127.000000,4854.314842
9.000000,127.000000,5143.942939
7.000000,127.500000,4593.798329
8.000000,127.500000,4875.587695
9.000000,127.500000,5165.538143
7.000000,128.000000,4614.778434
8.000000,128.000000,4896.906995
9.000000,128.000000,5187.178515
7.000000,128.500000,4635.455660
8.000000,128.500000,4918.053929
9.000000,128.500000,5208.785623
7.000000,129.000000,4656.179056
8.000000,129.000000,4939.246367
9.000000,129.000000,5230.437573
7.000000,129.500000,4676.848511
8.000000,129.500000,4960.445882
9.000000,129.500000,5252.161582
7.000000,130.000000,4697.563706
8.000000,130.000000,4981.690747
9.000000,130.000000,5273.930554
