weight_g,350.000000
thrust_N,velocity_m_s,power_W
14.000000,0.000000,1747.152836
15.000000,0.000000,1890.726010
16.000000,0.000000,2039.828145
17.000000,0.000000,2194.459242
14.000000,0.500000,1748.142127
15.000000,0.500000,1891.909856
16.000000,0.500000,2041.217719
17.000000,0.500000,2196.065715
14.000000,1.000000,1749.131517
15.000000,1.000000,1893.093850
16.000000,1.000000,2042.607495
17.000000,1.000000,2197.672453
14.000000,1.500000,1750.146305
15.000000,1.500000,1894.300564
16.000000,1.500000,2044.017102
17.000000,1.500000,2199.295919
14.000000,2.000000,1751.161197
15.000000,2.000000,1895.507429
16.000000,2.000000,2045.426915
17.000000,2.000000,2200.919656
14.000000,2.500000,1752.202221
15.000000,2.500000,1896.737398
16.000000,2.500000,2046.856565
17.000000,2.500000,2202.559723
14.000000,3.000000,1753.243352
15.000000,3.000000,1897.967522
16.000000,3.000000,2048.286427
17.000000,3.000000,2204.200068
14.000000,3.500000,1754.311357
15.000000,3.500000,1899.221117
16.000000,3.500000,2049.736092
17.000000,3.500000,2205.856281
14.000000,4.000000,1755.379473
15.000000,4.000000,1900.474872
16.000000,4.000000,2051.185974
17.000000,4.000000,2207.512778
14.000000,4.500000,1756.475213
15.000000,4.500000,1901.752448
16.000000,4.500000,2052.655580
14.000000,5.000000,1757.571066
15.000000,5.000000,1903.030189
16.000000,5.000000,2054.125410
14.000000,5.500000,1758.723881
15.000000,5.500000,1904.351506
16.000000,5.500000,2055.624456
14.000000,6.000000,1759.876815
15.000000,6.000000,1905.672994
16.000000,6.000000,2057.123732
14.000000,6.500000,1761.405618
15.000000,6.500000,1907.254966
16.000000,6.500000,2058.759882
14.000000,7.000000,1762.934558
15.000000,7.000000,1908.837133
16.000000,7.000000,2060.396284
14.000000,7.500000,1764.441069
15.000000,7.500000,1910.409501
16.000000,7.500000,2062.036397
14.000000,8.000000,1765.947724
15.000000,8.000000,1911.982074
16.000000,8.000000,2063.676773
14.000000,8.500000,1767.432106
15.000000,8.500000,1913.541599
16.000000,8.500000,2065.313960
14.000000,9.000000,1768.916637
15.000000,9.000000,1915.101334
16.000000,9.000000,2066.951414
14.000000,9.500000,1770.381157
15.000000,9.500000,1916.649952
16.000000,9.500000,2068.587256
13.000000,10.000000,1631.164512
14.000000,10.000000,1771.845831
15.000000,10.000000,1918.198784
16.000000,10.000000,2070.223371
13.000000,10.500000,1632.522222
14.000000,10.500000,1773.292585
15.000000,10.500000,1919.738297
16.000000,10.500000,2071.859355
13.000000,11.000000,1633.880032
14.000000,11.000000,1774.739500
15.000000,11.000000,1921.278028
16.000000,11.000000,2073.495616
13.000000,11.500000,1635.207462
14.000000,11.500000,1776.165494
15.000000,11.500000,1922.806953
16.000000,11.500000,2075.131840
13.000000,12.000000,1636.535008
14.000000,12.000000,1777.591659
15.000000,12.000000,1924.336106
16.000000,12.000000,2076.768348
13.000000,12.500000,1637.776318
14.000000,12.500000,1778.955411
15.000000,12.500000,1925.828367
16.000000,12.500000,2078.395186
13.000000,13.000000,1639.017762
14.000000,13.000000,1780.319346
15.000000,13.000000,1927.320863
16.000000,13.000000,2080.022314
13.000000,13.500000,1640.268296
14.000000,13.500000,1781.699751
15.000000,13.500000,1928.837771
16.000000,13.500000,2081.682355
13.000000,14.000000,1641.518968
14.000000,14.000000,1783.080350
15.000000,14.000000,1930.354930
16.000000,14.000000,2083.342708
13.000000,14.500000,1642.778579
14.000000,14.500000,1784.472383
15.000000,14.500000,1931.886190
16.000000,14.500000,2085.020000
13.000000,15.000000,1644.038333
14.000000,15.000000,1785.864614
15.000000,15.000000,1933.417709
16.000000,15.000000,2086.697616
13.000000,15.500000,1645.306881
14.000000,15.500000,1787.266374
15.000000,15.500000,1934.959521
16.000000,15.500000,2088.386323
13.000000,16.000000,1646.575576
14.000000,16.000000,1788.668337
15.000000,16.000000,1936.501599
16.000000,16.000000,2090.075361
13.000000,16.500000,1647.849861
14.000000,16.500000,1790.064255
15.000000,16.500000,1938.025055
16.000000,16.500000,2091.732262
13.000000,17.000000,1649.124295
14.000000,17.000000,1791.460370
15.000000,17.000000,1939.548761
16.000000,17.000000,2093.389469
13.000000,17.500000,1650.456477
14.000000,17.500000,1792.895838
15.000000,17.500000,1941.091821
16.000000,17.500000,2095.044426
13.000000,18.000000,1651.788841
14.000000,18.000000,1794.331525
15.000000,18.000000,1942.635140
16.000000,18.000000,2096.699685
13.000000,18.500000,1653.174423
14.000000,18.500000,1795.808327
15.000000,18.500000,1944.206424
16.000000,18.500000,2098.368714
13.000000,19.000000,1654.560209
14.000000,19.000000,1797.285366
15.000000,19.000000,1945.777979
16.000000,19.000000,2100.038050
13.000000,19.500000,1655.941428
14.000000,19.500000,1798.796928
15.000000,19.500000,1947.425920
16.000000,19.500000,2101.828405
13.000000,20.000000,1657.322857
14.000000,20.000000,1800.308744
15.000000,20.000000,1949.074162
16.000000,20.000000,2103.619112
13.000000,20.500000,1658.719686
14.000000,20.500000,1801.910754
15.000000,20.500000,1950.892666
16.000000,20.500000,2105.665425
13.000000,21.000000,1660.116736
14.000000,21.000000,1803.513053
15.000000,21.000000,1952.711537
16.000000,21.000000,2107.712189
13.000000,21.500000,1661.511383
14.000000,21.500000,1805.120581
15.000000,21.500000,1954.543823
16.000000,21.500000,2109.781108
13.000000,22.000000,1662.906252
14.000000,22.000000,1806.728403
15.000000,22.000000,1956.376483
16.000000,22.000000,2111.850491
13.000000,22.500000,1664.362487
14.000000,22.500000,1808.386948
15.000000,22.500000,1958.248628
16.000000,22.500000,2113.947528
13.000000,23.000000,1665.818914
14.000000,23.000000,1810.045769
15.000000,23.000000,1960.121144
16.000000,23.000000,2116.045038
13.000000,23.500000,1667.585350
14.000000,23.500000,1811.930734
15.000000,23.500000,1962.129291
16.000000,23.500000,2118.181021
13.000000,24.000000,1669.352046
14.000000,24.000000,1813.816036
15.000000,24.000000,1964.137853
16.000000,24.000000,2120.317496
13.000000,24.500000,1671.113264
14.000000,24.500000,1815.701625
15.000000,24.500000,1966.152846
16.000000,24.500000,2122.466927
13.000000,25.000000,1672.874756
14.000000,25.000000,1817.587564
15.000000,25.000000,1968.168266
16.000000,25.000000,2124.616863
13.000000,25.500000,1674.609983
14.000000,25.500000,1819.445995
15.000000,25.500000,1970.154898
16.000000,25.500000,2126.736690
13.000000,26.000000,1676.345492
14.000000,26.000000,1821.304783
15.000000,26.000000,1972.141960
16.000000,26.000000,2128.857025
13.000000,26.500000,1678.030411
14.000000,26.500000,1823.074447
15.000000,26.500000,1973.998842
13.000000,27.000000,1679.715617
14.000000,27.000000,1824.844463
15.000000,27.000000,1975.856139
13.000000,27.500000,1681.372456
14.000000,27.500000,1826.583577
15.000000,27.500000,1977.679875
13.000000,28.000000,1683.029589
14.000000,28.000000,1828.323046
15.000000,28.000000,1979.504027
13.000000,28.500000,1684.715455
14.000000,28.500000,1830.084340
15.000000,28.500000,1981.342325
13.000000,29.000000,1686.401662
14.000000,29.000000,1831.846021
15.000000,29.000000,1983.181059
13.000000,29.500000,1688.120032
14.000000,29.500000,1833.631472
15.000000,29.500000,1985.034281
13.000000,30.000000,1689.838791
14.000000,30.000000,1835.417344
15.000000,30.000000,1986.887957
13.000000,30.500000,1691.538531
14.000000,30.500000,1837.192100
15.000000,30.500000,1988.738996
13.000000,31.000000,1693.238661
14.000000,31.000000,1838.967280
15.000000,31.000000,1990.590493
13.000000,31.500000,1694.921710
14.000000,31.500000,1840.733031
15.000000,31.500000,1992.440772
13.000000,32.000000,1696.605149
14.000000,32.000000,1842.499208
15.000000,32.000000,1994.291511
13.000000,32.500000,1698.365323
14.000000,32.500000,1844.447892
15.000000,32.500000,1996.438048
12.000000,33.000000,1559.771703
13.000000,33.000000,1700.125938
14.000000,33.000000,1846.397109
15.000000,33.000000,1998.585216
12.000000,33.500000,1561.466185
13.000000,33.500000,1702.012816
14.000000,33.500000,1848.486388
15.000000,33.500000,2000.886902
12.000000,34.000000,1563.161087
13.000000,34.000000,1703.900209
14.000000,34.000000,1850.576286
15.000000,34.000000,2003.189319
12.000000,34.500000,1565.075634
13.000000,34.500000,1705.959051
14.000000,34.500000,1852.785064
15.000000,34.500000,2005.553674
12.000000,35.000000,1566.990739
13.000000,35.000000,1708.018520
14.000000,35.000000,1854.994542
15.000000,35.000000,2007.918804
12.000000,35.500000,1568.951973
13.000000,35.500000,1710.117069
14.000000,35.500000,1857.235305
15.000000,35.500000,2010.306680
12.000000,36.000000,1570.913812
13.000000,36.000000,1712.216285
14.000000,36.000000,1859.476798
15.000000,36.000000,2012.695351
12.000000,36.500000,1572.885432
13.000000,36.500000,1714.315457
14.000000,36.500000,1861.707564
15.000000,36.500000,2015.061752
12.000000,37.000000,1574.857662
13.000000,37.000000,1716.415290
14.000000,37.000000,1863.939041
15.000000,37.000000,2017.428916
12.000000,37.500000,1576.836928
13.000000,37.500000,1718.507599
14.000000,37.500000,1866.147262
15.000000,37.500000,2019.755918
12.000000,38.000000,1578.816809
13.000000,38.000000,1720.600560
14.000000,38.000000,1868.356173
15.000000,38.000000,2022.083647
12.000000,38.500000,1580.811037
13.000000,38.500000,1722.724484
14.000000,38.500000,1870.614070
15.000000,38.500000,2024.479796
12.000000,39.000000,1582.805896
13.000000,39.000000,1724.849099
14.000000,39.000000,1872.872721
15.000000,39.000000,2026.876762
12.000000,39.500000,1584.776908
13.000000,39.500000,1726.973792
14.000000,39.500000,1875.156663
15.000000,39.500000,2029.325521
12.000000,40.000000,1586.748690
13.000000,40.000000,1729.099301
14.000000,40.000000,1877.441468
15.000000,40.000000,2031.775190
12.000000,40.500000,1588.718675
13.000000,40.500000,1731.218271
14.000000,40.500000,1879.714713
15.000000,40.500000,2034.208002
12.000000,41.000000,1590.689420
13.000000,41.000000,1733.338046
14.000000,41.000000,1881.988812
15.000000,41.000000,2036.641716
12.000000,41.500000,1592.667448
13.000000,41.500000,1735.457818
14.000000,41.500000,1884.255070
15.000000,41.500000,2039.059203
12.000000,42.000000,1594.646240
13.000000,42.000000,1737.578397
14.000000,42.000000,1886.522178
15.000000,42.000000,2041.477584
12.000000,42.500000,1596.631348
13.000000,42.500000,1739.698090
14.000000,42.500000,1888.780658
15.000000,42.500000,2043.879052
12.000000,43.000000,1598.617223
13.000000,43.000000,1741.818589
14.000000,43.000000,1891.039984
15.000000,43.000000,2046.281408
12.000000,43.500000,1600.641571
13.000000,43.500000,1743.976745
14.000000,43.500000,1893.335957
15.000000,43.500000,2048.719208
12.000000,44.000000,1602.666726
13.000000,44.000000,1746.135746
14.000000,44.000000,1895.632814
15.000000,44.000000,2051.157931
12.000000,44.500000,1604.855771
13.000000,44.500000,1748.473051
14.000000,44.500000,1898.123018
15.000000,44.500000,2053.805671
12.000000,45.000000,1607.045777
13.000000,45.000000,1750.811366
14.000000,45.000000,1900.614282
15.000000,45.000000,2056.454524
12.000000,45.500000,1609.550848
13.000000,45.500000,1753.377764
14.000000,45.500000,1903.239295
15.000000,45.500000,2059.135442
12.000000,46.000000,1612.057193
13.000000,46.000000,1755.945420
14.000000,46.000000,1905.865550
15.000000,46.000000,2061.817585
12.000000,46.500000,1614.541646
13.000000,46.500000,1758.509102
14.000000,46.500000,1908.507110
12.000000,47.000000,1617.027364
13.000000,47.000000,1761.074045
14.000000,47.000000,1911.149926
12.000000,47.500000,1619.495754
13.000000,47.500000,1763.639633
14.000000,47.500000,1913.812713
12.000000,48.000000,1621.965401
13.000000,48.000000,1766.206487
14.000000,48.000000,1916.476773
12.000000,48.500000,1624.425746
13.000000,48.500000,1768.781041
14.000000,48.500000,1919.166737
12.000000,49.000000,1626.887358
13.000000,49.000000,1771.356876
14.000000,49.000000,1921.857997
12.000000,49.500000,1629.381834
13.000000,49.500000,1773.970604
14.000000,49.500000,1924.591822
12.000000,50.000000,1631.877717
13.000000,50.000000,1776.585717
14.000000,50.000000,1927.327010
12.000000,50.500000,1634.349319
13.000000,50.500000,1779.205181
14.000000,50.500000,1930.097335
12.000000,51.000000,1636.822424
13.000000,51.000000,1781.826162
14.000000,51.000000,1932.869189
12.000000,51.500000,1639.315343
13.000000,51.500000,1784.512191
14.000000,51.500000,1935.754481
11.000000,52.000000,1502.471411
12.000000,52.000000,1641.809832
13.000000,52.000000,1787.199844
14.000000,52.000000,1938.641446
11.000000,52.500000,1504.788671
12.000000,52.500000,1644.323676
13.000000,52.500000,1789.917190
14.000000,52.500000,1941.569214
11.000000,53.000000,1507.107450
12.000000,53.000000,1646.839109
13.000000,53.000000,1792.636192
14.000000,53.000000,1944.498700
11.000000,53.500000,1509.435753
12.000000,53.500000,1649.358188
13.000000,53.500000,1795.352487
14.000000,53.500000,1947.418650
11.000000,54.000000,1511.765580
12.000000,54.000000,1651.878855
13.000000,54.000000,1798.070430
14.000000,54.000000,1950.340306
11.000000,54.500000,1514.420337
12.000000,54.500000,1654.637899
13.000000,54.500000,1800.932190
14.000000,54.500000,1953.303208
11.000000,55.000000,1517.077034
12.000000,55.000000,1657.398824
13.000000,55.000000,1803.795766
14.000000,55.000000,1956.267861
11.000000,55.500000,1519.942119
12.000000,55.500000,1660.307081
13.000000,55.500000,1806.740082
14.000000,55.500000,1959.241125
11.000000,56.000000,1522.809434
12.000000,56.000000,1663.217407
13.000000,56.000000,1809.686311
14.000000,56.000000,1962.216147
11.000000,56.500000,1525.939148
12.000000,56.500000,1666.415314
13.000000,56.500000,1812.946842
14.000000,56.500000,1965.533730
11.000000,57.000000,1529.071491
12.000000,57.000000,1669.615723
13.000000,57.000000,1816.209748
14.000000,57.000000,1968.853566
11.000000,57.500000,1532.211173
12.000000,57.500000,1672.863954
13.000000,57.500000,1819.564276
14.000000,57.500000,1972.312137
11.000000,58.000000,1535.353488
12.000000,58.000000,1676.114757
13.000000,58.000000,1822.921313
14.000000,58.000000,1975.773157
11.000000,58.500000,1538.495296
12.000000,58.500000,1679.366056
13.000000,58.500000,1826.279955
14.000000,58.500000,1979.236991
11.000000,59.000000,1541.639727
12.000000,59.000000,1682.619920
13.000000,59.000000,1829.641101
14.000000,59.000000,1982.703271
11.000000,59.500000,1544.781383
12.000000,59.500000,1685.873168
13.000000,59.500000,1833.003562
14.000000,59.500000,1986.172565
11.000000,60.000000,1547.925730
12.000000,60.000000,1689.129027
13.000000,60.000000,1836.368552
14.000000,60.000000,1989.644306
11.000000,60.500000,1551.062534
12.000000,60.500000,1692.383558
13.000000,60.500000,1839.737398
14.000000,60.500000,1993.124052
11.000000,61.000000,1554.202250
12.000000,61.000000,1695.640870
13.000000,61.000000,1843.108875
14.000000,61.000000,1996.606264
11.000000,61.500000,1557.351507
12.000000,61.500000,1698.922826
13.000000,61.500000,1846.521352
14.000000,61.500000,2000.147083
11.000000,62.000000,1560.503703
12.000000,62.000000,1702.207622
13.000000,62.000000,1849.936551
14.000000,62.000000,2003.690491
11.000000,62.500000,1563.675253
12.000000,62.500000,1705.539809
13.000000,62.500000,1853.429624
14.000000,62.500000,2007.344699
11.000000,63.000000,1566.849790
12.000000,63.000000,1708.874946
13.000000,63.000000,1856.925597
14.000000,63.000000,2011.001741
11.000000,63.500000,1570.046611
12.000000,63.500000,1712.260648
13.000000,63.500000,1860.503009
11.000000,64.000000,1573.246459
12.000000,64.000000,1715.649407
13.000000,64.000000,1864.083500
11.000000,64.500000,1576.454220
12.000000,64.500000,1719.047241
13.000000,64.500000,1867.674289
11.000000,65.000000,1579.665008
12.000000,65.000000,1722.448134
13.000000,65.000000,1871.268160
11.000000,65.500000,1583.275967
12.000000,65.500000,1726.122131
13.000000,65.500000,1874.996126
11.000000,66.000000,1586.890768
12.000000,66.000000,1729.799707
13.000000,66.000000,1878.727406
11.000000,66.500000,1590.613544
12.000000,66.500000,1733.546864
13.000000,66.500000,1882.486368
11.000000,67.000000,1594.340383
12.000000,67.000000,1737.297726
13.000000,67.000000,1886.248680
11.000000,67.500000,1598.111863
12.000000,67.500000,1741.130362
13.000000,67.500000,1890.133235
11.000000,68.000000,1601.887506
12.000000,68.000000,1744.966895
13.000000,68.000000,1894.021421
11.000000,68.500000,1605.681002
12.000000,68.500000,1748.849270
13.000000,68.500000,1897.985751
11.000000,69.000000,1609.478687
12.000000,69.000000,1752.735629
13.000000,69.000000,1901.953854
11.000000,69.500000,1613.325535
12.000000,69.500000,1756.765183
13.000000,69.500000,1906.166652
10.000000,70.000000,1479.516690
11.000000,70.000000,1617.176682
12.000000,70.000000,1760.799025
13.000000,70.000000,1910.383721
10.000000,70.500000,1483.257315
11.000000,70.500000,1621.078487
12.000000,70.500000,1764.859709
13.000000,70.500000,1914.600980
10.000000,71.000000,1487.002495
11.000000,71.000000,1624.984769
12.000000,71.000000,1768.924777
13.000000,71.000000,1918.822520
10.000000,71.500000,1490.855529
11.000000,71.500000,1628.967923
12.000000,71.500000,1773.031198
13.000000,71.500000,1923.045356
10.000000,72.000000,1494.713491
11.000000,72.000000,1632.955826
12.000000,72.000000,1777.142159
13.000000,72.000000,1927.272489
10.000000,72.500000,1498.548523
11.000000,72.500000,1636.920884
12.000000,72.500000,1781.230442
13.000000,72.500000,1931.477195
10.000000,73.000000,1502.388408
11.000000,73.000000,1640.890620
12.000000,73.000000,1785.323193
13.000000,73.000000,1935.686129
10.000000,73.500000,1506.236335
11.000000,73.500000,1644.938055
12.000000,73.500000,1789.569663
13.000000,73.500000,1940.131159
10.000000,74.000000,1510.089120
11.000000,74.000000,1648.990351
12.000000,74.000000,1793.820971
13.000000,74.000000,1944.580979
14.000000,74.000000,2093.135763
15.000000,74.000000,2243.470842
16.000000,74.000000,2398.876323
10.000000,74.500000,1513.954649
11.000000,74.500000,1653.063185
12.000000,74.500000,1798.101317
13.000000,74.500000,1949.069045
14.000000,74.500000,2097.376139
15.000000,74.500000,2247.806358
16.000000,74.500000,2403.302815
10.000000,75.000000,1517.825049
11.000000,75.000000,1657.140913
12.000000,75.000000,1802.386555
13.000000,75.000000,1953.561975
14.000000,75.000000,2101.620425
15.000000,75.000000,2252.145642
16.000000,75.000000,2407.732931
10.000000,75.500000,1521.711615
11.000000,75.500000,1661.250084
12.000000,75.500000,1806.720427
13.000000,75.500000,1958.122644
14.000000,75.500000,2105.950070
15.000000,75.500000,2256.584093
16.000000,75.500000,2412.276168
10.000000,76.000000,1525.603079
11.000000,76.000000,1665.364228
12.000000,76.000000,1811.059335
13.000000,76.000000,1962.688398
14.000000,76.000000,2110.283870
15.000000,76.000000,2261.026552
16.000000,76.000000,2416.823259
10.000000,76.500000,1529.838549
11.000000,76.500000,1669.726774
12.000000,76.500000,1815.540687
13.000000,76.500000,1967.280287
14.000000,76.500000,2114.619197
15.000000,76.500000,2265.469518
16.000000,76.500000,2421.369746
10.000000,77.000000,1534.079855
11.000000,77.000000,1674.094944
12.000000,77.000000,1820.027428
13.000000,77.000000,1971.877305
14.000000,77.000000,2118.958666
15.000000,77.000000,2269.916477
16.000000,77.000000,2425.920067
10.000000,77.500000,1538.335382
11.000000,77.500000,1678.471760
12.000000,77.500000,1824.516695
13.000000,77.500000,1976.470189
14.000000,77.500000,2123.297283
15.000000,77.500000,2274.362474
16.000000,77.500000,2430.469322
10.000000,78.000000,1542.596764
11.000000,78.000000,1682.854200
12.000000,78.000000,1829.011334
13.000000,78.000000,1981.068166
14.000000,78.000000,2127.640023
15.000000,78.000000,2278.812443
16.000000,78.000000,2435.022390
10.000000,78.500000,1546.894586
11.000000,78.500000,1687.260179
12.000000,78.500000,1833.515499
13.000000,78.500000,1985.517073
14.000000,78.500000,2131.982046
15.000000,78.500000,2283.261707
16.000000,78.500000,2439.574780
10.000000,79.000000,1551.198336
11.000000,79.000000,1691.671817
12.000000,79.000000,1838.025032
13.000000,79.000000,1989.970707
14.000000,79.000000,2136.328172
15.000000,79.000000,2287.714923
16.000000,79.000000,2444.130962
10.000000,79.500000,1555.561883
11.000000,79.500000,1696.161992
12.000000,79.500000,1842.634416
13.000000,79.500000,1994.349547
14.000000,79.500000,2140.789484
15.000000,79.500000,2292.251326
16.000000,79.500000,2448.735072
10.000000,80.000000,1559.931509
11.000000,80.000000,1700.658042
12.000000,80.000000,1847.249463
13.000000,80.000000,1998.733046
14.000000,80.000000,2145.255225
15.000000,80.000000,2296.791908
16.000000,80.000000,2453.343096
10.000000,80.500000,1564.322568
11.000000,80.500000,1705.176102
12.000000,80.500000,1851.887412
13.000000,80.500000,2003.143584
14.000000,80.500000,2149.745156
15.000000,80.500000,2301.353412
16.000000,80.500000,2457.968351
10.000000,81.000000,1568.719744
11.000000,81.000000,1709.700078
12.000000,81.000000,1856.531072
13.000000,81.000000,2007.558842
14.000000,81.000000,2154.239566
15.000000,81.000000,2305.919133
16.000000,81.000000,2462.597542
10.000000,81.500000,1573.390260
11.000000,81.500000,1714.430131
12.000000,81.500000,1861.307718
13.000000,81.500000,2012.074984
14.000000,81.500000,2158.964951
15.000000,81.500000,2310.854669
10.000000,82.000000,1578.067648
11.000000,82.000000,1719.166640
12.000000,82.000000,1866.090412
13.000000,82.000000,2016.596088
14.000000,82.000000,2163.695333
15.000000,82.000000,2315.795220
10.000000,82.500000,1582.987110
11.000000,82.500000,1724.070398
12.000000,82.500000,1870.959016
13.000000,82.500000,2021.160953
14.000000,82.500000,2168.455950
15.000000,82.500000,2320.751246
10.000000,83.000000,1587.914140
11.000000,83.000000,1728.981054
12.000000,83.000000,1875.833878
13.000000,83.000000,2025.730873
14.000000,83.000000,2173.221622
15.000000,83.000000,2325.712303
10.000000,83.500000,1592.812066
11.000000,83.500000,1733.865534
12.000000,83.500000,1880.685995
13.000000,83.500000,2030.311279
14.000000,83.500000,2177.994015
15.000000,83.500000,2330.676047
10.000000,84.000000,1597.717443
11.000000,84.000000,1738.756817
12.000000,84.000000,1885.544294
13.000000,84.000000,2034.896743
14.000000,84.000000,2182.771455
15.000000,84.000000,2335.644806
10.000000,84.500000,1602.633917
11.000000,84.500000,1743.648634
12.000000,84.500000,1890.391179
13.000000,84.500000,2039.492069
14.000000,84.500000,2187.554979
15.000000,84.500000,2340.615600
10.000000,85.000000,1607.557878
11.000000,85.000000,1748.547251
12.000000,85.000000,1895.244205
13.000000,85.000000,2044.092456
14.000000,85.000000,2192.343541
15.000000,85.000000,2345.591391
10.000000,85.500000,1612.527443
11.000000,85.500000,1753.573358
12.000000,85.500000,1900.313446
13.000000,85.500000,2048.959307
14.000000,85.500000,2197.335142
15.000000,85.500000,2350.701540
10.000000,86.000000,1617.504619
11.000000,86.000000,1758.606614
12.000000,86.000000,1905.389390
13.000000,86.000000,2053.831834
14.000000,86.000000,2202.332230
15.000000,86.000000,2355.816963
10.000000,86.500000,1622.486922
11.000000,86.500000,1763.673279
12.000000,86.500000,1910.529234
13.000000,86.500000,2058.799669
14.000000,86.500000,2207.432449
15.000000,86.500000,2361.043646
10.000000,87.000000,1627.476835
11.000000,87.000000,1768.747174
12.000000,87.000000,1915.675938
13.000000,87.000000,2063.773392
14.000000,87.000000,2212.538376
15.000000,87.000000,2366.275829
10.000000,87.500000,1632.413168
11.000000,87.500000,1773.828640
12.000000,87.500000,1920.893910
13.000000,87.500000,2068.842594
14.000000,87.500000,2217.716761
15.000000,87.500000,2371.556141
9.000000,88.000000,1501.437719
10.000000,88.000000,1637.356976
11.000000,88.000000,1778.917381
12.000000,88.000000,1926.118935
13.000000,88.000000,2073.917903
14.000000,88.000000,2222.901027
15.000000,88.000000,2376.842089
9.000000,88.500000,1506.240197
10.000000,88.500000,1642.350168
11.000000,88.500000,1784.096182
12.000000,88.500000,1931.478238
13.000000,88.500000,2079.125202
14.000000,88.500000,2228.191842
15.000000,88.500000,2382.208510
9.000000,89.000000,1511.050341
10.000000,89.000000,1647.350960
11.000000,89.000000,1789.282493
12.000000,89.000000,1936.844940
13.000000,89.000000,2084.338940
14.000000,89.000000,2233.488836
15.000000,89.000000,2387.580850
9.000000,89.500000,1515.905603
10.000000,89.500000,1652.387551
11.000000,89.500000,1794.494113
12.000000,89.500000,1942.225289
13.000000,89.500000,2089.551265
14.000000,89.500000,2238.780759
15.000000,89.500000,2392.944274
9.000000,90.000000,1520.768652
10.000000,90.000000,1657.431828
11.000000,90.000000,1799.713293
12.000000,90.000000,1947.613048
13.000000,90.000000,2094.770005
14.000000,90.000000,2244.078830
15.000000,90.000000,2398.313581
9.000000,90.500000,1525.701831
10.000000,90.500000,1662.529732
11.000000,90.500000,1804.967325
12.000000,90.500000,1953.014610
13.000000,90.500000,2099.986692
14.000000,90.500000,2249.371144
15.000000,90.500000,2403.673241
9.000000,91.000000,1530.642992
10.000000,91.000000,1667.635464
11.000000,91.000000,1810.228999
12.000000,91.000000,1958.423597
13.000000,91.000000,2105.209769
14.000000,91.000000,2254.669576
15.000000,91.000000,2409.038745
9.000000,91.500000,1535.625318
10.000000,91.500000,1672.832163
11.000000,91.500000,1815.635680
12.000000,91.500000,1964.035870
13.000000,91.500000,2110.584025
14.000000,91.500000,2260.050970
15.000000,91.500000,2414.413899
9.000000,92.000000,1540.615736
10.000000,92.000000,1678.036945
11.000000,92.000000,1821.050406
12.000000,92.000000,1969.656119
13.000000,92.000000,2115.965042
14.000000,92.000000,2265.438664
15.000000,92.000000,2419.794903
9.000000,92.500000,1545.771087
10.000000,92.500000,1683.389599
11.000000,92.500000,1826.594217
12.000000,92.500000,1975.384942
13.000000,92.500000,2121.425159
14.000000,92.500000,2270.902179
15.000000,92.500000,2425.248410
9.000000,93.000000,1550.935048
10.000000,93.000000,1688.750772
11.000000,93.000000,1832.146431
12.000000,93.000000,1981.122025
13.000000,93.000000,2126.892228
14.000000,93.000000,2276.372174
15.000000,93.000000,2430.707940
9.000000,93.500000,1556.157126
10.000000,93.500000,1694.169112
11.000000,93.500000,1837.754686
12.000000,93.500000,1986.913848
13.000000,93.500000,2132.379209
14.000000,93.500000,2281.846015
15.000000,93.500000,2436.154231
9.000000,94.000000,1561.387981
10.000000,94.000000,1699.596124
11.000000,94.000000,1843.371484
12.000000,94.000000,1992.714059
13.000000,94.000000,2137.873174
14.000000,94.000000,2287.326330
15.000000,94.000000,2441.606503
9.000000,94.500000,1566.614527
10.000000,94.500000,1705.111953
11.000000,94.500000,1849.178096
12.000000,94.500000,1998.739453
13.000000,94.500000,2143.644862
14.000000,94.500000,2293.096119
15.000000,94.500000,2447.360106
9.000000,95.000000,1571.849807
10.000000,95.000000,1710.636711
11.000000,95.000000,1854.993811
12.000000,95.000000,2004.773881
13.000000,95.000000,2149.424253
14.000000,95.000000,2298.873084
15.000000,95.000000,2453.120373
9.000000,95.500000,1577.447924
10.000000,95.500000,1716.418846
11.000000,95.500000,1860.951994
12.000000,95.500000,2010.542056
13.000000,95.500000,2155.294069
14.000000,95.500000,2304.836601
15.000000,95.500000,2459.169650
9.000000,96.000000,1583.055988
10.000000,96.000000,1722.210720
11.000000,96.000000,1866.919693
12.000000,96.000000,2016.318449
13.000000,96.000000,2161.171811
14.000000,96.000000,2310.807753
15.000000,96.000000,2465.226274
9.000000,96.500000,1588.772445
10.000000,96.500000,1728.079437
11.000000,96.500000,1872.929924
12.000000,96.500000,2022.099774
13.000000,96.500000,2167.051906
14.000000,96.500000,2316.778550
9.000000,97.000000,1594.499197
10.000000,97.000000,1733.958115
11.000000,97.000000,1878.949771
12.000000,97.000000,2027.889304
13.000000,97.000000,2172.939909
14.000000,97.000000,2322.756958
9.000000,97.500000,1600.252417
10.000000,97.500000,1739.850438
11.000000,97.500000,1884.970121
12.000000,97.500000,2033.680836
13.000000,97.500000,2178.828800
14.000000,97.500000,2328.734337
9.000000,98.000000,1606.015989
10.000000,98.000000,1745.752740
11.000000,98.000000,1891.000071
12.000000,98.000000,2039.480583
13.000000,98.000000,2184.725599
14.000000,98.000000,2334.719312
9.000000,98.500000,1611.800887
10.000000,98.500000,1751.668373
11.000000,98.500000,1897.035150
12.000000,98.500000,2045.287480
13.000000,98.500000,2190.632661
14.000000,98.500000,2340.717585
9.000000,99.000000,1617.596175
10.000000,99.000000,1757.593998
11.000000,99.000000,1903.079820
12.000000,99.000000,2051.102600
13.000000,99.000000,2196.547644
14.000000,99.000000,2346.723472
9.000000,99.500000,1623.341162
10.000000,99.500000,1763.491184
11.000000,99.500000,1909.119800
12.000000,99.500000,2056.929512
13.000000,99.500000,2202.483371
14.000000,99.500000,2352.760146
9.000000,100.000000,1629.096319
10.000000,100.000000,1769.398224
11.000000,100.000000,1915.169315
12.000000,100.000000,2062.764643
13.000000,100.000000,2208.427044
14.000000,100.000000,2358.804492
9.000000,100.500000,1634.835194
10.000000,100.500000,1775.301402
11.000000,100.500000,1921.230018
12.000000,100.500000,2068.651078
13.000000,100.500000,2214.399625
14.000000,100.500000,2364.851177
9.000000,101.000000,1640.584158
10.000000,101.000000,1781.214409
11.000000,101.000000,1927.300295
12.000000,101.000000,2074.545901
13.000000,101.000000,2220.380252
14.000000,101.000000,2370.905540
9.000000,101.500000,1646.319013
10.000000,101.500000,1787.130055
11.000000,101.500000,1933.389268
12.000000,101.500000,2080.508208
13.000000,101.500000,2226.528548
14.000000,101.500000,2377.235288
9.000000,102.000000,1652.063859
10.000000,102.000000,1793.055500
11.000000,102.000000,1939.487842
12.000000,102.000000,2086.479070
13.000000,102.000000,2232.685335
14.000000,102.000000,2383.573444
9.000000,102.500000,1657.821990
10.000000,102.500000,1798.999896
11.000000,102.500000,1945.611718
12.000000,102.500000,2092.495096
13.000000,102.500000,2238.914648
14.000000,102.500000,2390.013572
9.000000,103.000000,1663.590130
10.000000,103.000000,1804.954126
11.000000,103.000000,1951.745247
12.000000,103.000000,2098.519781
13.000000,103.000000,2245.152630
14.000000,103.000000,2396.462360
9.000000,103.500000,1669.376628
10.000000,103.500000,1810.939583
11.000000,103.500000,1957.923809
12.000000,103.500000,2104.593732
13.000000,103.500000,2251.429426
14.000000,103.500000,2402.938765
9.000000,104.000000,1675.173165
10.000000,104.000000,1816.934946
11.000000,104.000000,1964.112134
12.000000,104.000000,2110.676458
13.000000,104.000000,2257.714971
14.000000,104.000000,2409.423876
9.000000,104.500000,1680.972068
10.000000,104.500000,1822.929549
11.000000,104.500000,1970.295544
9.000000,105.000000,1686.780975
10.000000,105.000000,1828.934019
11.000000,105.000000,1976.488671
9.000000,105.500000,1692.564250
10.000000,105.500000,1834.875546
11.000000,105.500000,1982.578676
9.000000,106.000000,1698.357405
10.000000,106.000000,1840.826703
11.000000,106.000000,1988.678048
9.000000,106.500000,1704.281082
10.000000,106.500000,1846.999349
11.000000,106.500000,1995.096337
8.000000,107.000000,1572.623148
9.000000,107.000000,1710.215044
10.000000,107.000000,1853.182317
11.000000,107.000000,2001.524965
8.000000,107.500000,1578.323256
9.000000,107.500000,1716.201635
10.000000,107.500000,1859.454509
11.000000,107.500000,2008.081879
8.000000,108.000000,1584.033619
9.000000,108.000000,1722.198656
10.000000,108.000000,1865.737288
11.000000,108.000000,2014.649515
8.000000,108.500000,1589.734270
9.000000,108.500000,1728.184437
10.000000,108.500000,1872.007071
11.000000,108.500000,2021.202172
8.000000,109.000000,1595.445110
9.000000,109.000000,1734.180578
10.000000,109.000000,1878.287364
11.000000,109.000000,2027.765468
8.000000,109.500000,1601.334604
9.000000,109.500000,1740.315083
10.000000,109.500000,1884.662711
11.000000,109.500000,2034.377486
8.000000,110.000000,1607.234914
9.000000,110.000000,1746.460401
10.000000,110.000000,1891.048851
11.000000,110.000000,2041.000266
8.000000,110.500000,1613.363673
9.000000,110.500000,1752.767584
10.000000,110.500000,1897.524881
11.000000,110.500000,2047.635564
8.000000,111.000000,1619.504076
9.000000,111.000000,1759.086124
10.000000,111.000000,1904.011975
11.000000,111.000000,2054.281629
8.000000,111.500000,1625.700302
9.000000,111.500000,1765.441930
10.000000,111.500000,1910.516500
8.000000,112.000000,1631.908345
9.000000,112.000000,1771.809189
10.000000,112.000000,1917.032111
8.000000,112.500000,1638.048791
9.000000,112.500000,1778.130694
10.000000,112.500000,1923.527207
8.000000,113.000000,1644.200761
9.000000,113.000000,1784.463447
10.000000,113.000000,1930.033277
8.000000,113.500000,1650.396491
9.000000,113.500000,1790.827120
10.000000,113.500000,1936.557286
8.000000,114.000000,1656.603867
9.000000,114.000000,1797.202109
10.000000,114.000000,1943.092283
8.000000,114.500000,1662.862085
9.000000,114.500000,1803.608093
10.000000,114.500000,1949.636698
8.000000,115.000000,1669.132097
9.000000,115.000000,1810.025465
10.000000,115.000000,1956.192101
8.000000,115.500000,1675.515478
9.000000,115.500000,1816.562243
10.000000,115.500000,1962.872501
8.000000,116.000000,1681.911033
9.000000,116.000000,1823.110791
10.000000,116.000000,1969.564272
8.000000,116.500000,1688.388374
9.000000,116.500000,1829.775873
10.000000,116.500000,1976.410084
8.000000,117.000000,1694.878156
9.000000,117.000000,1836.453103
10.000000,117.000000,1983.267756
8.000000,117.500000,1701.414032
9.000000,117.500000,1843.179334
10.000000,117.500000,1990.177796
8.000000,118.000000,1707.962484
9.000000,118.000000,1849.917852
10.000000,118.000000,1997.099841
8.000000,118.500000,1714.522448
9.000000,118.500000,1856.685801
10.000000,118.500000,2004.069984
8.000000,119.000000,1721.094978
9.000000,119.000000,1863.466097
10.000000,119.000000,2011.052258
8.000000,119.500000,1727.659761
9.000000,119.500000,1870.262799
10.000000,119.500000,2018.075684
8.000000,120.000000,1734.237020
9.000000,120.000000,1877.071857
10.000000,120.000000,2025.111341
8.000000,120.500000,1740.821124
9.000000,120.500000,1883.864615
10.000000,120.500000,2032.105177
8.000000,121.000000,1747.417684
9.000000,121.000000,1890.669628
10.000000,121.000000,2039.111062
8.000000,121.500000,1754.044531
9.000000,121.500000,1897.512630
10.000000,121.500000,2046.162578
8.000000,122.000000,1760.683895
9.000000,122.000000,1904.367980
10.000000,122.000000,2053.226261
8.000000,122.500000,1767.399544
9.000000,122.500000,1911.375079
10.000000,122.500000,2060.523368
8.000000,123.000000,1774.127953
9.000000,123.000000,1918.395031
10.000000,123.000000,2067.833411
8.000000,123.500000,1780.780895
9.000000,123.500000,1925.383993
10.000000,123.500000,2075.159932
8.000000,124.000000,1787.446263
9.000000,124.000000,1932.385650
10.000000,124.000000,2082.499405
8.000000,124.500000,1794.087657
9.000000,124.500000,1939.389740
10.000000,124.500000,2089.868412
8.000000,125.000000,1800.741330
9.000000,125.000000,1946.406488
10.000000,125.000000,2097.250432
8.000000,125.500000,1807.481492
9.000000,125.500000,1953.488169
10.000000,125.500000,2104.674550
8.000000,126.000000,1814.234203
9.000000,126.000000,1960.582688
10.000000,126.000000,2112.111779
8.000000,126.500000,1821.059104
9.000000,126.500000,1967.732117
10.000000,126.500000,2119.585950
7.000000,127.000000,1686.080055
8.000000,127.000000,1827.896789
9.000000,127.000000,1974.894543
10.000000,127.000000,2127.073316
7.000000,127.500000,1692.668433
8.000000,127.500000,1834.796504
9.000000,127.500000,1982.105162
7.000000,128.000000,1699.269629
8.000000,128.000000,1841.709195
9.000000,128.000000,1989.328907
7.000000,128.500000,1705.844825
8.000000,128.500000,1848.604896
9.000000,128.500000,1996.544675
7.000000,129.000000,1712.432648
8.000000,129.000000,1855.513433
9.000000,129.000000,2003.773474
7.000000,129.500000,1719.063831
8.000000,129.500000,1862.463876
9.000000,129.500000,2011.042291
7.000000,130.000000,1725.707757
8.000000,130.000000,1869.427262
9.000000,130.000000,2018.324238
