weight_g,685.000000
thrust_N,velocity_m_s,power_W
15.000000,15.000000,4432.245417
16.000000,15.000000,4731.264481
17.000000,15.000000,5040.002899
18.000000,15.000000,5358.460672
15.000000,15.500000,4435.796157
16.000000,15.500000,4735.207360
17.000000,15.500000,5044.355695
18.000000,15.500000,5363.241161
14.000000,16.000000,4149.299416
15.000000,16.000000,4439.348052
16.000000,16.000000,4739.151613
17.000000,16.000000,5048.710099
18.000000,16.000000,5368.023510
14.000000,16.500000,4152.582815
15.000000,16.500000,4442.993634
16.000000,16.500000,4743.175954
17.000000,16.500000,5053.129776
18.000000,16.500000,5372.855099
14.000000,17.000000,4155.867291
15.000000,17.000000,4446.640477
16.000000,17.000000,4747.201755
17.000000,17.000000,5057.551126
18.000000,17.000000,5377.688590
14.000000,17.500000,4159.181989
15.000000,17.500000,4450.318277
16.000000,17.500000,4751.259207
17.000000,17.500000,5062.004782
18.000000,17.500000,5382.554999
14.000000,18.000000,4162.497794
15.000000,18.000000,4453.997368
16.000000,18.000000,4755.318151
17.000000,18.000000,5066.460141
18.000000,18.000000,5387.423340
14.000000,18.500000,4165.830091
15.000000,18.500000,4457.727437
16.000000,18.500000,4759.464820
17.000000,18.500000,5071.042242
18.000000,18.500000,5392.459701
14.000000,19.000000,4169.163514
15.000000,19.000000,4461.458847
16.000000,19.000000,4763.613064
17.000000,19.000000,5075.626167
18.000000,19.000000,5397.498155
14.000000,19.500000,4172.512174
15.000000,19.500000,4465.210944
16.000000,19.500000,4767.787772
17.000000,19.500000,5080.242657
14.000000,20.000000,4175.861978
15.000000,20.000000,4468.964406
16.000000,20.000000,4771.964082
17.000000,20.000000,5084.861005
14.000000,20.500000,4179.239090
15.000000,20.500000,4472.739807
16.000000,20.500000,4776.156553
17.000000,20.500000,5089.489327
14.000000,21.000000,4182.617372
15.000000,21.000000,4476.516594
16.000000,21.000000,4780.350644
17.000000,21.000000,5094.119520
14.000000,21.500000,4186.384894
15.000000,21.500000,4480.590622
16.000000,21.500000,4784.743240
17.000000,21.500000,5098.842749
14.000000,22.000000,4190.153846
15.000000,22.000000,4484.666243
16.000000,22.000000,4789.137602
17.000000,22.000000,5103.567923
14.000000,22.500000,4193.996058
15.000000,22.500000,4488.794553
16.000000,22.500000,4793.562569
17.000000,22.500000,5108.300106
14.000000,23.000000,4197.839765
15.000000,23.000000,4492.924504
16.000000,23.000000,4797.989331
17.000000,23.000000,5113.034245
14.000000,23.500000,4201.714661
15.000000,23.500000,4497.109167
16.000000,23.500000,4802.495795
17.000000,23.500000,5117.874542
14.000000,24.000000,4205.591075
15.000000,24.000000,4501.295518
16.000000,24.000000,4807.004120
17.000000,24.000000,5122.716884
14.000000,24.500000,4209.529529
15.000000,24.500000,4505.615649
16.000000,24.500000,4811.722544
17.000000,24.500000,5127.850212
14.000000,25.000000,4213.469554
15.000000,25.000000,4509.937582
16.000000,25.000000,4816.443012
17.000000,25.000000,5132.985843
14.000000,25.500000,4217.447522
15.000000,25.500000,4514.307741
16.000000,25.500000,4821.222590
17.000000,25.500000,5138.192068
14.000000,26.000000,4221.427092
15.000000,26.000000,4518.679743
16.000000,26.000000,4826.004267
17.000000,26.000000,5143.400663
14.000000,26.500000,4225.485426
15.000000,26.500000,4523.121744
16.000000,26.500000,4830.846126
17.000000,26.500000,5148.658573
14.000000,27.000000,4229.545504
15.000000,27.000000,4527.565702
16.000000,27.000000,4835.690171
17.000000,27.000000,5153.918908
14.000000,27.500000,4233.596251
15.000000,27.500000,4532.014454
16.000000,27.500000,4840.554054
17.000000,27.500000,5159.215051
14.000000,28.000000,4237.648738
15.000000,28.000000,4536.465171
16.000000,28.000000,4845.420142
17.000000,28.000000,5164.513650
14.000000,28.500000,4241.746590
15.000000,28.500000,4540.961050
16.000000,28.500000,4850.331106
17.000000,28.500000,5169.856758
14.000000,29.000000,4245.846213
15.000000,29.000000,4545.458927
16.000000,29.000000,4855.244310
17.000000,29.000000,5175.202361
14.000000,29.500000,4250.028304
15.000000,29.500000,4550.082101
16.000000,29.500000,4860.328348
17.000000,29.500000,5180.767045
14.000000,30.000000,4254.212231
15.000000,30.000000,4554.707385
16.000000,30.000000,4865.414788
17.000000,30.000000,5186.334442
14.000000,30.500000,4258.525737
15.000000,30.500000,4559.515239
16.000000,30.500000,4870.740034
17.000000,30.500000,5192.200122
14.000000,31.000000,4262.841203
15.000000,31.000000,4564.325385
16.000000,31.000000,4876.067928
17.000000,31.000000,5198.068832
14.000000,31.500000,4267.496602
15.000000,31.500000,4569.401448
16.000000,31.500000,4881.582130
17.000000,31.500000,5204.038648
13.000000,32.000000,3980.121819
14.000000,32.000000,4272.154275
15.000000,32.000000,4574.480057
16.000000,32.000000,4887.099165
17.000000,32.000000,5210.011599
13.000000,32.500000,3984.637384
14.000000,32.500000,4277.026912
15.000000,32.500000,4579.723503
16.000000,32.500000,4892.727156
17.000000,32.500000,5216.037872
13.000000,33.000000,3989.155212
14.000000,33.000000,4281.902030
15.000000,33.000000,4584.969657
16.000000,33.000000,4898.358092
17.000000,33.000000,5222.067335
13.000000,33.500000,3993.678107
14.000000,33.500000,4286.791144
15.000000,33.500000,4590.239296
16.000000,33.500000,4904.022565
13.000000,34.000000,3998.203280
14.000000,34.000000,4291.682759
15.000000,34.000000,4595.511672
16.000000,34.000000,4909.690019
13.000000,34.500000,4002.732186
14.000000,34.500000,4296.571707
15.000000,34.500000,4600.774483
16.000000,34.500000,4915.340513
13.000000,35.000000,4007.263382
14.000000,35.000000,4301.463158
15.000000,35.000000,4606.040020
16.000000,35.000000,4920.993967
13.000000,35.500000,4011.951711
14.000000,35.500000,4306.530252
15.000000,35.500000,4611.500556
16.000000,35.500000,4926.862623
13.000000,36.000000,4016.642513
14.000000,36.000000,4311.600052
15.000000,36.000000,4616.964042
16.000000,36.000000,4932.734481
13.000000,36.500000,4021.627204
14.000000,36.500000,4316.953892
15.000000,36.500000,4622.700199
16.000000,36.500000,4938.866127
13.000000,37.000000,4026.614736
14.000000,37.000000,4322.310787
15.000000,37.000000,4628.439637
16.000000,37.000000,4945.001285
13.000000,37.500000,4031.793461
14.000000,37.500000,4327.821388
15.000000,37.500000,4634.292063
16.000000,37.500000,4951.205488
13.000000,38.000000,4036.975294
14.000000,38.000000,4333.335255
15.000000,38.000000,4640.147919
16.000000,38.000000,4957.413287
13.000000,38.500000,4042.177540
14.000000,38.500000,4338.872625
15.000000,38.500000,4646.030530
16.000000,38.500000,4963.651255
13.000000,39.000000,4047.382912
14.000000,39.000000,4344.413282
15.000000,39.000000,4651.916593
16.000000,39.000000,4969.892846
13.000000,39.500000,4052.609205
14.000000,39.500000,4349.978003
15.000000,39.500000,4657.830028
16.000000,39.500000,4976.165278
13.000000,40.000000,4057.838642
14.000000,40.000000,4355.546033
15.000000,40.000000,4663.746940
16.000000,40.000000,4982.441361
13.000000,40.500000,4063.300159
14.000000,40.500000,4361.324400
15.000000,40.500000,4669.850443
16.000000,40.500000,4988.878288
13.000000,41.000000,4068.765115
14.000000,41.000000,4367.106346
15.000000,41.000000,4675.957668
16.000000,41.000000,4995.319082
13.000000,41.500000,4074.643629
14.000000,41.500000,4373.265604
15.000000,41.500000,4682.402593
16.000000,41.500000,5002.054599
13.000000,42.000000,4080.526151
14.000000,42.000000,4379.428962
15.000000,42.000000,4688.851714
16.000000,42.000000,5008.794407
13.000000,42.500000,4086.661602
14.000000,42.500000,4385.800091
15.000000,42.500000,4695.459751
16.000000,42.500000,5015.640583
13.000000,43.000000,4092.801422
14.000000,43.000000,4392.175612
15.000000,43.000000,4702.072204
16.000000,43.000000,5022.491200
13.000000,43.500000,4098.946190
14.000000,43.500000,4398.557195
15.000000,43.500000,4708.691908
16.000000,43.500000,5029.350329
13.000000,44.000000,4105.095327
14.000000,44.000000,4404.943171
15.000000,44.000000,4715.316030
16.000000,44.000000,5036.213903
13.000000,44.500000,4111.249637
14.000000,44.500000,4411.335448
15.000000,44.500000,4721.947653
16.000000,44.500000,5043.086254
13.000000,45.000000,4117.408316
14.000000,45.000000,4417.732120
15.000000,45.000000,4728.583699
16.000000,45.000000,5049.963054
13.000000,45.500000,4123.761423
14.000000,45.500000,4424.292064
15.000000,45.500000,4735.349138
16.000000,45.500000,5056.932646
13.000000,46.000000,4130.119204
14.000000,46.000000,4430.856647
15.000000,46.000000,4742.119181
16.000000,46.000000,5063.906804
13.000000,46.500000,4136.996950
14.000000,46.500000,4437.942361
15.000000,46.500000,4749.410080
12.000000,47.000000,3853.246460
13.000000,47.000000,4143.880233
14.000000,47.000000,4445.033530
15.000000,47.000000,4756.706353
12.000000,47.500000,3860.031257
13.000000,47.500000,4150.953001
14.000000,47.500000,4452.396651
15.000000,47.500000,4764.362207
12.000000,48.000000,3866.821861
13.000000,48.000000,4158.031615
14.000000,48.000000,4459.765656
15.000000,48.000000,4772.023982
12.000000,48.500000,3873.634932
13.000000,48.500000,4165.146811
14.000000,48.500000,4467.186301
15.000000,48.500000,4779.753401
12.000000,49.000000,3880.453836
13.000000,49.000000,4172.267903
14.000000,49.000000,4474.612902
15.000000,49.000000,4787.488835
12.000000,49.500000,3887.278823
13.000000,49.500000,4179.397162
14.000000,49.500000,4482.049896
15.000000,49.500000,4795.237024
12.000000,50.000000,3894.109641
13.000000,50.000000,4186.532317
14.000000,50.000000,4489.492847
15.000000,50.000000,4802.991232
12.000000,50.500000,3901.168923
13.000000,50.500000,4193.843069
14.000000,50.500000,4497.054092
15.000000,50.500000,4810.801992
12.000000,51.000000,3908.234444
13.000000,51.000000,4201.160018
14.000000,51.000000,4504.621486
15.000000,51.000000,4818.618850
12.000000,51.500000,3915.989832
13.000000,51.500000,4209.036454
14.000000,51.500000,4512.606852
15.000000,51.500000,4826.701025
12.000000,52.000000,3923.752804
13.000000,52.000000,4216.920136
14.000000,52.000000,4520.599126
15.000000,52.000000,4834.789775
12.000000,52.500000,3931.531191
13.000000,52.500000,4224.879391
14.000000,52.500000,4528.731694
15.000000,52.500000,4843.088101
12.000000,53.000000,3939.317178
13.000000,53.000000,4232.846035
14.000000,53.000000,4536.871443
15.000000,53.000000,4851.393401
12.000000,53.500000,3947.121774
13.000000,53.500000,4240.875995
14.000000,53.500000,4545.122433
15.000000,53.500000,4859.861090
12.000000,54.000000,3954.933989
13.000000,54.000000,4248.913451
14.000000,54.000000,4553.380798
15.000000,54.000000,4868.336032
12.000000,54.500000,3962.792962
13.000000,54.500000,4256.981947
14.000000,54.500000,4561.653272
15.000000,54.500000,4876.806939
12.000000,55.000000,3970.659635
13.000000,55.000000,4265.057987
14.000000,55.000000,4569.933135
15.000000,55.000000,4885.285080
12.000000,55.500000,3978.701717
13.000000,55.500000,4273.254113
14.000000,55.500000,4578.273416
15.000000,55.500000,4893.759629
12.000000,56.000000,3986.751842
13.000000,56.000000,4281.458001
14.000000,56.000000,4586.621186
15.000000,56.000000,4902.241395
12.000000,56.500000,3995.607182
13.000000,56.500000,4290.228138
14.000000,56.500000,4595.277280
15.000000,56.500000,4910.754608
12.000000,57.000000,4004.472281
13.000000,57.000000,4299.007166
14.000000,57.000000,4603.941433
15.000000,57.000000,4919.275082
12.000000,57.500000,4013.469676
13.000000,57.500000,4308.148770
14.000000,57.500000,4613.214192
15.000000,57.500000,4928.665943
12.000000,58.000000,4022.477098
13.000000,58.000000,4317.299993
14.000000,58.000000,4622.496167
15.000000,58.000000,4938.065621
12.000000,58.500000,4031.574573
13.000000,58.500000,4326.661398
14.000000,58.500000,4632.116591
15.000000,58.500000,4947.940153
12.000000,59.000000,4040.682251
13.000000,59.000000,4336.032846
14.000000,59.000000,4641.746895
15.000000,59.000000,4957.824399
12.000000,59.500000,4049.881123
13.000000,59.500000,4345.503371
14.000000,59.500000,4651.484509
12.000000,60.000000,4059.090381
13.000000,60.000000,4354.984132
14.000000,60.000000,4661.232205
12.000000,60.500000,4068.396272
13.000000,60.500000,4364.529263
14.000000,60.500000,4671.009585
12.000000,61.000000,4077.712741
13.000000,61.000000,4374.084743
14.000000,61.000000,4680.797084
12.000000,61.500000,4088.104029
13.000000,61.500000,4384.357476
14.000000,61.500000,4690.917232
11.000000,62.000000,3812.647076
12.000000,62.000000,4098.508443
13.000000,62.000000,4394.642142
14.000000,62.000000,4701.048173
11.000000,62.500000,3823.084971
12.000000,62.500000,4108.854897
13.000000,62.500000,4404.863091
14.000000,62.500000,4711.109553
11.000000,63.000000,3833.537050
12.000000,63.000000,4119.214294
13.000000,63.000000,4415.095794
14.000000,63.000000,4721.181550
11.000000,63.500000,3844.013372
12.000000,63.500000,4129.934173
13.000000,63.500000,4426.049197
14.000000,63.500000,4732.358446
11.000000,64.000000,3854.503904
12.000000,64.000000,4140.667888
13.000000,64.000000,4437.016068
14.000000,64.000000,4743.548445
11.000000,64.500000,3865.059810
12.000000,64.500000,4151.465747
13.000000,64.500000,4448.045657
14.000000,64.500000,4754.799540
11.000000,65.000000,3875.630063
12.000000,65.000000,4162.277572
13.000000,65.000000,4459.088834
14.000000,65.000000,4766.063849
11.000000,65.500000,3886.202408
12.000000,65.500000,4173.086906
13.000000,65.500000,4470.124675
14.000000,65.500000,4777.315714
11.000000,66.000000,3896.789065
12.000000,66.000000,4183.910162
13.000000,66.000000,4481.174050
14.000000,66.000000,4788.580730
11.000000,66.500000,3908.410255
12.000000,66.500000,4195.492796
13.000000,66.500000,4492.685208
14.000000,66.500000,4799.987491
11.000000,67.000000,3920.048724
12.000000,67.000000,4207.091396
13.000000,67.000000,4504.211061
14.000000,67.000000,4811.407718
11.000000,67.500000,3931.666426
12.000000,67.500000,4218.669989
13.000000,67.500000,4515.717973
14.000000,67.500000,4822.810379
11.000000,68.000000,3943.301292
12.000000,68.000000,4230.264446
13.000000,68.000000,4527.239491
14.000000,68.000000,4834.226429
11.000000,68.500000,3954.893704
12.000000,68.500000,4241.915977
13.000000,68.500000,4538.924782
14.000000,68.500000,4845.920119
11.000000,69.000000,3966.503103
12.000000,69.000000,4253.583486
13.000000,69.000000,4550.625062
14.000000,69.000000,4857.627831
11.000000,69.500000,3978.224330
12.000000,69.500000,4265.686525
13.000000,69.500000,4563.106758
14.000000,69.500000,4870.485027
11.000000,70.000000,3989.962822
12.000000,70.000000,4277.806715
13.000000,70.000000,4575.605484
14.000000,70.000000,4883.359128
11.000000,70.500000,4001.729682
12.000000,70.500000,4289.950278
13.000000,70.500000,4588.122220
14.000000,70.500000,4896.245510
11.000000,71.000000,4013.513838
12.000000,71.000000,4302.111004
13.000000,71.000000,4600.655985
14.000000,71.000000,4909.148779
11.000000,71.500000,4026.294273
12.000000,71.500000,4314.967303
13.000000,71.500000,4613.561519
14.000000,71.500000,4922.076921
11.000000,72.000000,4039.095006
12.000000,72.000000,4327.842745
13.000000,72.000000,4626.485065
14.000000,72.000000,4935.021967
11.000000,72.500000,4051.896582
12.000000,72.500000,4340.720643
13.000000,72.500000,4639.412945
11.000000,73.000000,4064.718390
12.000000,73.000000,4353.617631
13.000000,73.000000,4652.358793
11.000000,73.500000,4077.562691
12.000000,73.500000,4366.524825
13.000000,73.500000,4665.301769
11.000000,74.000000,4090.427231
12.000000,74.000000,4379.451080
13.000000,74.000000,4678.262651
11.000000,74.500000,4103.431249
12.000000,74.500000,4392.620318
13.000000,74.500000,4691.577196
11.000000,75.000000,4116.455890
12.000000,75.000000,4405.809304
13.000000,75.000000,4704.910624
11.000000,75.500000,4129.605100
12.000000,75.500000,4419.250289
13.000000,75.500000,4718.632308
10.000000,76.000000,3862.564566
11.000000,76.000000,4142.775270
12.000000,76.000000,4432.711736
13.000000,76.000000,4732.373962
10.000000,76.500000,3876.078862
11.000000,76.500000,4156.410502
12.000000,76.500000,4446.442222
13.000000,76.500000,4746.174023
10.000000,77.000000,3889.616757
11.000000,77.000000,4170.068136
12.000000,77.000000,4460.193940
13.000000,77.000000,4759.994169
10.000000,77.500000,3903.172732
11.000000,77.500000,4183.723137
12.000000,77.500000,4473.920946
13.000000,77.500000,4773.766159
10.000000,78.000000,3916.752288
11.000000,78.000000,4197.400459
12.000000,78.000000,4487.669042
13.000000,78.000000,4787.558036
10.000000,78.500000,3930.462167
11.000000,78.500000,4211.169920
12.000000,78.500000,4501.468460
13.000000,78.500000,4801.357787
10.000000,79.000000,3944.196000
11.000000,79.000000,4224.961929
12.000000,79.000000,4515.289059
13.000000,79.000000,4815.177388
10.000000,79.500000,3958.282786
11.000000,79.500000,4239.007201
12.000000,79.500000,4529.256019
13.000000,79.500000,4829.029240
10.000000,80.000000,3972.394682
11.000000,80.000000,4253.075777
12.000000,80.000000,4543.244542
13.000000,80.000000,4842.900976
10.000000,80.500000,3986.627510
11.000000,80.500000,4267.555231
12.000000,80.500000,4557.953436
13.000000,80.500000,4857.822126
10.000000,81.000000,4000.885788
11.000000,81.000000,4282.059287
12.000000,81.000000,4572.686097
13.000000,81.000000,4872.766218
10.000000,81.500000,4015.610602
11.000000,81.500000,4296.986436
12.000000,81.500000,4587.794762
13.000000,81.500000,4888.035578
10.000000,82.000000,4030.362459
11.000000,82.000000,4311.939553
12.000000,82.000000,4602.928339
13.000000,82.000000,4903.328816
10.000000,82.500000,4045.189008
11.000000,82.500000,4326.962861
12.000000,82.500000,4618.127373
13.000000,82.500000,4918.682543
10.000000,83.000000,4060.042772
11.000000,83.000000,4342.012287
12.000000,83.000000,4633.351450
13.000000,83.000000,4934.060260
10.000000,83.500000,4074.937743
11.000000,83.500000,4357.140471
12.000000,83.500000,4648.694332
13.000000,83.500000,4949.599326
10.000000,84.000000,4089.859980
11.000000,84.000000,4372.294955
12.000000,84.000000,4664.062565
13.000000,84.000000,4965.162812
10.000000,84.500000,4105.154991
11.000000,84.500000,4387.714692
12.000000,84.500000,4679.580244
13.000000,84.500000,4980.751646
10.000000,85.000000,4120.478547
11.000000,85.000000,4403.161571
12.000000,85.000000,4695.123689
13.000000,85.000000,4996.364901
10.000000,85.500000,4135.829378
11.000000,85.500000,4418.632525
12.000000,85.500000,4710.687867
13.000000,85.500000,5011.995403
10.000000,86.000000,4151.208751
11.000000,86.000000,4434.130609
12.000000,86.000000,4726.277793
13.000000,86.000000,5027.650303
10.000000,86.500000,4166.864619
11.000000,86.500000,4450.150431
12.000000,86.500000,4742.650141
10.000000,87.000000,4182.549954
11.000000,87.000000,4466.199140
12.000000,87.000000,4759.050794
10.000000,87.500000,4198.239164
11.000000,87.500000,4482.221729
12.000000,87.500000,4775.393436
10.000000,88.000000,4213.957745
11.000000,88.000000,4498.273006
12.000000,88.000000,4791.764085
10.000000,88.500000,4229.703331
11.000000,88.500000,4514.420029
12.000000,88.500000,4808.303820
10.000000,89.000000,4245.478279
11.000000,89.000000,4530.595980
12.000000,89.000000,4824.872047
10.000000,89.500000,4261.740290
11.000000,89.500000,4547.169069
12.000000,89.500000,4841.740577
10.000000,90.000000,4278.033386
11.000000,90.000000,4563.772416
12.000000,90.000000,4858.638541
10.000000,90.500000,4294.246351
11.000000,90.500000,4580.328342
12.000000,90.500000,4875.524336
10.000000,91.000000,4310.489979
11.000000,91.000000,4596.914243
12.000000,91.000000,4892.439421
10.000000,91.500000,4326.771516
11.000000,91.500000,4613.568633
12.000000,91.500000,4909.455760
9.000000,92.000000,4064.993457
10.000000,92.000000,4343.083744
11.000000,92.000000,4630.253138
12.000000,92.000000,4926.501638
9.000000,92.500000,4081.036242
10.000000,92.500000,4359.538320
11.000000,92.500000,4647.110440
12.000000,92.500000,4943.752601
9.000000,93.000000,4097.110619
10.000000,93.000000,4376.024007
11.000000,93.000000,4663.998372
12.000000,93.000000,4961.033715
9.000000,93.500000,4113.258948
10.000000,93.500000,4392.549353
11.000000,93.500000,4680.889282
12.000000,93.500000,4978.278735
9.000000,94.000000,4129.439034
10.000000,94.000000,4409.105841
11.000000,94.000000,4697.810722
12.000000,94.000000,4995.553677
9.000000,94.500000,4146.018554
10.000000,94.500000,4426.114151
11.000000,94.500000,4715.239099
12.000000,94.500000,5013.393398
9.000000,95.000000,4162.631288
10.000000,95.000000,4443.155202
11.000000,95.000000,4732.699745
12.000000,95.000000,5031.264917
9.000000,95.500000,4179.402507
10.000000,95.500000,4460.412707
11.000000,95.500000,4750.438267
12.000000,95.500000,5049.479189
9.000000,96.000000,4196.207442
10.000000,96.000000,4477.703660
11.000000,96.000000,4768.209970
12.000000,96.000000,5067.726372
9.000000,96.500000,4212.999564
10.000000,96.500000,4495.015772
11.000000,96.500000,4786.038950
12.000000,96.500000,5086.069097
9.000000,97.000000,4229.825216
10.000000,97.000000,4512.361286
11.000000,97.000000,4803.901200
12.000000,97.000000,5104.444958
9.000000,97.500000,4246.965939
10.000000,97.500000,4529.975266
11.000000,97.500000,4821.981755
12.000000,97.500000,5122.985406
9.000000,98.000000,4264.141320
10.000000,98.000000,4547.623556
11.000000,98.000000,4840.096271
12.000000,98.000000,5141.559464
9.000000,98.500000,4281.525746
10.000000,98.500000,4565.436395
11.000000,98.500000,4858.327602
12.000000,98.500000,5160.199367
9.000000,99.000000,4298.945535
10.000000,99.000000,4583.284052
11.000000,99.000000,4876.593205
12.000000,99.000000,5178.872995
9.000000,99.500000,4316.481803
10.000000,99.500000,4601.192374
11.000000,99.500000,4894.859824
9.000000,100.000000,4334.053762
10.000000,100.000000,4619.135615
11.000000,100.000000,4913.160590
9.000000,100.500000,4351.726704
10.000000,100.500000,4637.170700
11.000000,100.500000,4931.544154
9.000000,101.000000,4369.435600
10.000000,101.000000,4655.240918
11.000000,101.000000,4949.962040
9.000000,101.500000,4387.176690
10.000000,101.500000,4673.355395
11.000000,101.500000,4968.437210
9.000000,102.000000,4404.953719
10.000000,102.000000,4691.505040
11.000000,102.000000,4986.946788
9.000000,102.500000,4422.887771
10.000000,102.500000,4709.757444
11.000000,102.500000,5005.501360
9.000000,103.000000,4440.858253
10.000000,103.000000,4728.045281
11.000000,103.000000,5024.090381
9.000000,103.500000,4458.998302
10.000000,103.500000,4746.532105
11.000000,103.500000,5042.909799
9.000000,104.000000,4477.175324
10.000000,104.000000,4765.055000
11.000000,104.000000,5061.764395
9.000000,104.500000,4495.368710
10.000000,104.500000,4783.631572
11.000000,104.500000,5080.712233
9.000000,105.000000,4513.598985
10.000000,105.000000,4802.244282
11.000000,105.000000,5099.695465
9.000000,105.500000,4531.877530
10.000000,105.500000,4820.933699
11.000000,105.500000,5118.785471
9.000000,106.000000,4550.193011
10.000000,106.000000,4839.659411
11.000000,106.000000,5137.911138
9.000000,106.500000,4568.759424
10.000000,106.500000,4858.706367
11.000000,106.500000,5157.432354
9.000000,107.000000,4587.363639
10.000000,107.000000,4877.790727
11.000000,107.000000,5176.990581
9.000000,107.500000,4606.073743
10.000000,107.500000,4896.972553
11.000000,107.500000,5196.637091
9.000000,108.000000,4624.821924
10.000000,108.000000,4916.192019
11.000000,108.000000,5216.320807
9.000000,108.500000,4643.712428
10.000000,108.500000,4935.514050
11.000000,108.500000,5236.063932
8.000000,109.000000,4379.146708
9.000000,109.000000,4662.641424
10.000000,109.000000,4954.873971
11.000000,109.000000,5255.844348
8.000000,109.500000,4397.751782
9.000000,109.500000,4681.803395
10.000000,109.500000,4974.589679
11.000000,109.500000,5276.110637
8.000000,110.000000,4416.396287
9.000000,110.000000,4701.004652
10.000000,110.000000,4994.344530
11.000000,110.000000,5296.415920
8.000000,110.500000,4435.151285
9.000000,110.500000,4720.331760
10.000000,110.500000,5014.241546
11.000000,110.500000,5316.880642
8.000000,111.000000,4453.946018
9.000000,111.000000,4739.698513
10.000000,111.000000,5034.178114
11.000000,111.000000,5337.384823
8.000000,111.500000,4473.024304
9.000000,111.500000,4759.313158
10.000000,111.500000,5054.324104
11.000000,111.500000,5358.057141
8.000000,112.000000,4492.143358
9.000000,112.000000,4778.968302
10.000000,112.000000,5074.510321
11.000000,112.000000,5378.769415
8.000000,112.500000,4511.529601
9.000000,112.500000,4798.870807
10.000000,112.500000,5094.922304
11.000000,112.500000,5399.684090
8.000000,113.000000,4530.957580
9.000000,113.000000,4818.814666
10.000000,113.000000,5115.375256
11.000000,113.000000,5420.639348
