weight_g,405.000000
thrust_N,velocity_m_s,power_W
18.000000,0.000000,3442.217589
19.000000,0.000000,3634.228237
20.000000,0.000000,3831.367371
21.000000,0.000000,4033.634990
22.000000,0.000000,4240.984298
23.000000,0.000000,4453.172946
24.000000,0.000000,4670.324143
25.000000,0.000000,4893.256404
26.000000,0.000000,5131.685249
27.000000,0.000000,5375.446676
28.000000,0.000000,5638.344771
29.000000,0.000000,5915.594953
18.000000,0.500000,3449.435787
19.000000,0.500000,3641.747039
20.000000,0.500000,3839.193017
21.000000,0.500000,4041.773722
22.000000,0.500000,4249.381928
23.000000,0.500000,4461.712467
24.000000,0.500000,4679.004183
25.000000,0.500000,4902.510331
26.000000,0.500000,5141.061780
27.000000,0.500000,5384.941984
28.000000,0.500000,5648.668768
29.000000,0.500000,5925.849379
18.000000,1.000000,3456.661219
19.000000,1.000000,3649.273325
20.000000,1.000000,3847.026400
21.000000,1.000000,4049.920445
22.000000,1.000000,4257.787358
23.000000,1.000000,4470.259741
24.000000,1.000000,4687.691928
25.000000,1.000000,4911.772466
26.000000,1.000000,5150.446370
27.000000,1.000000,5394.445202
28.000000,1.000000,5659.001628
29.000000,1.000000,5936.112163
18.000000,1.500000,3463.922082
19.000000,1.500000,3656.832532
20.000000,1.500000,3854.890042
21.000000,1.500000,4058.094612
22.000000,1.500000,4266.188395
23.000000,1.500000,4478.803736
24.000000,1.500000,4696.377558
25.000000,1.500000,4921.029504
26.000000,1.500000,5159.825537
27.000000,1.500000,5403.942680
28.000000,1.500000,5669.298467
29.000000,1.500000,5946.338730
18.000000,2.000000,3471.190235
19.000000,2.000000,3664.399277
20.000000,2.000000,3862.761470
21.000000,2.000000,4066.276813
22.000000,2.000000,4274.597220
23.000000,2.000000,4487.355474
24.000000,2.000000,4705.070883
25.000000,2.000000,4930.294726
26.000000,2.000000,5169.212740
27.000000,2.000000,5413.448046
28.000000,2.000000,5679.604093
29.000000,2.000000,5956.573582
18.000000,2.500000,3478.493590
19.000000,2.500000,3671.998530
20.000000,2.500000,3870.662550
21.000000,2.500000,4074.485650
22.000000,2.500000,4283.001971
23.000000,2.500000,4495.904248
24.000000,2.500000,4713.762407
25.000000,2.500000,4939.554832
26.000000,2.500000,5178.594503
27.000000,2.500000,5422.947655
28.000000,2.500000,5689.873836
29.000000,2.500000,5966.772363
17.000000,3.000000,3297.168223
18.000000,3.000000,3485.804293
19.000000,3.000000,3679.605372
20.000000,3.000000,3878.571462
21.000000,3.000000,4082.702562
22.000000,3.000000,4291.414498
23.000000,3.000000,4504.460755
24.000000,3.000000,4722.461616
25.000000,3.000000,4948.823099
26.000000,3.000000,5187.984279
27.000000,3.000000,5432.455130
28.000000,3.000000,5700.152290
29.000000,3.000000,5976.979358
17.000000,3.500000,3304.226998
18.000000,3.500000,3493.150441
19.000000,3.500000,3687.244642
20.000000,3.500000,3886.509600
21.000000,3.500000,4090.945315
22.000000,3.500000,4299.823269
23.000000,3.500000,4513.014613
24.000000,3.500000,4731.159334
25.000000,3.500000,4958.086232
26.000000,3.500000,5197.368598
27.000000,3.500000,5441.956832
28.000000,3.500000,5710.395000
29.000000,3.500000,5987.150425
17.000000,4.000000,3311.292944
18.000000,4.000000,3500.503996
19.000000,4.000000,3694.891553
20.000000,4.000000,3894.455616
21.000000,4.000000,4099.196184
22.000000,4.000000,4308.239803
23.000000,4.000000,4521.576192
24.000000,4.000000,4739.864730
25.000000,4.000000,4967.357503
26.000000,4.000000,5206.760906
27.000000,4.000000,5451.466377
28.000000,4.000000,5720.646345
29.000000,4.000000,5997.329637
17.000000,4.500000,3318.665165
18.000000,4.500000,3508.178418
19.000000,4.500000,3702.873838
20.000000,4.500000,3902.751426
21.000000,4.500000,4107.811181
22.000000,4.500000,4316.949910
23.000000,4.500000,4530.358227
24.000000,4.500000,4748.713913
25.000000,4.500000,4976.706615
26.000000,4.500000,5216.190117
27.000000,4.500000,5461.063122
28.000000,4.500000,5730.862099
29.000000,4.500000,6007.473066
17.000000,5.000000,3326.045305
18.000000,5.000000,3515.860987
19.000000,5.000000,3710.864501
20.000000,5.000000,3911.055847
21.000000,5.000000,4116.435027
22.000000,5.000000,4325.668337
23.000000,5.000000,4539.148395
24.000000,5.000000,4757.571038
25.000000,5.000000,4986.064010
26.000000,5.000000,5225.627377
27.000000,5.000000,5470.667833
28.000000,5.000000,5741.086413
29.000000,5.000000,6017.624569
17.000000,5.500000,3333.492197
18.000000,5.500000,3523.678355
19.000000,5.500000,3719.061586
20.000000,5.500000,3919.641892
21.000000,5.500000,4125.419273
22.000000,5.500000,4334.741230
23.000000,5.500000,4548.321872
24.000000,5.500000,4766.841652
25.000000,5.500000,4995.891381
26.000000,5.500000,5235.602319
27.000000,5.500000,5481.547983
28.000000,5.500000,5752.017370
17.000000,6.000000,3340.947138
18.000000,6.000000,3531.504146
19.000000,6.000000,3727.267478
20.000000,6.000000,3928.237133
21.000000,6.000000,4134.413111
22.000000,6.000000,4343.823150
23.000000,6.000000,4557.504237
24.000000,6.000000,4776.121008
25.000000,6.000000,5005.727957
26.000000,6.000000,5245.586337
27.000000,6.000000,5492.438386
28.000000,6.000000,5762.958156
17.000000,6.500000,3348.434234
18.000000,6.500000,3539.365823
19.000000,6.500000,3735.513129
20.000000,6.500000,3936.876153
21.000000,6.500000,4143.454894
22.000000,6.500000,4352.898590
23.000000,6.500000,4566.680572
24.000000,6.500000,4785.394811
25.000000,6.500000,5015.580856
26.000000,6.500000,5255.609767
27.000000,6.500000,5503.390233
28.000000,6.500000,5774.071035
17.000000,7.000000,3355.929436
18.000000,7.000000,3547.235986
19.000000,7.000000,3743.767655
20.000000,7.000000,3945.524444
21.000000,7.000000,4152.506352
22.000000,7.000000,4361.983039
23.000000,7.000000,4575.865775
24.000000,7.000000,4794.677336
25.000000,7.000000,5025.442975
26.000000,7.000000,5265.642334
27.000000,7.000000,5514.352429
28.000000,7.000000,5785.194031
17.000000,7.500000,3363.460865
18.000000,7.500000,3555.145470
19.000000,7.500000,3752.064700
20.000000,7.500000,3954.218557
21.000000,7.500000,4161.607039
22.000000,7.500000,4371.061206
23.000000,7.500000,4585.045088
24.000000,7.500000,4803.954389
25.000000,7.500000,5035.309609
26.000000,7.500000,5275.677427
27.000000,7.500000,5525.311549
28.000000,7.500000,5796.312867
17.000000,8.000000,3371.000465
18.000000,8.000000,3563.063510
19.000000,8.000000,3760.370695
20.000000,8.000000,3962.922022
21.000000,8.000000,4170.717489
22.000000,8.000000,4380.148364
23.000000,8.000000,4594.233251
24.000000,8.000000,4813.240146
25.000000,8.000000,5045.185453
26.000000,8.000000,5285.721643
27.000000,8.000000,5536.280981
28.000000,8.000000,5807.441784
17.000000,8.500000,3379.021496
18.000000,8.500000,3571.364113
19.000000,8.500000,3768.954340
20.000000,8.500000,3971.792179
21.000000,8.500000,4179.829986
22.000000,8.500000,4389.231163
23.000000,8.500000,4603.416631
24.000000,8.500000,4822.520673
25.000000,8.500000,5055.065308
26.000000,8.500000,5295.767906
27.000000,8.500000,5547.247159
28.000000,8.500000,5818.566367
17.000000,9.000000,3387.051767
18.000000,9.000000,3579.674108
19.000000,9.000000,3777.547530
20.000000,9.000000,3980.672033
21.000000,9.000000,4188.952163
22.000000,9.000000,4398.322938
23.000000,9.000000,4612.608846
24.000000,9.000000,4831.809886
25.000000,9.000000,5064.954364
26.000000,9.000000,5305.823281
27.000000,9.000000,5558.223612
28.000000,9.000000,5829.700993
17.000000,9.500000,3395.169776
18.000000,9.500000,3588.114438
19.000000,9.500000,3786.316173
20.000000,9.500000,3989.774980
21.000000,9.500000,4198.193009
22.000000,9.500000,4407.717699
23.000000,9.500000,4622.154857
24.000000,9.500000,4841.504482
25.000000,9.500000,5075.141360
26.000000,9.500000,5315.993210
27.000000,9.500000,5569.196634
28.000000,9.500000,5840.831115
17.000000,10.000000,3403.297227
18.000000,10.000000,3596.564476
19.000000,10.000000,3795.094790
20.000000,10.000000,3998.888170
21.000000,10.000000,4207.443649
22.000000,10.000000,4417.122136
23.000000,10.000000,4631.710426
24.000000,10.000000,4851.208516
25.000000,10.000000,5085.338080
26.000000,10.000000,5326.172434
27.000000,10.000000,5580.179894
28.000000,10.000000,5851.971242
17.000000,10.500000,3411.447745
18.000000,10.500000,3605.040132
19.000000,10.500000,3803.901674
20.000000,10.500000,4008.032370
21.000000,10.500000,4216.721622
22.000000,10.500000,4426.683872
23.000000,10.500000,4641.559381
24.000000,10.500000,4861.348149
25.000000,10.500000,5096.020137
26.000000,10.500000,5336.896964
27.000000,10.500000,5591.729553
28.000000,10.500000,5863.568185
17.000000,11.000000,3419.607744
18.000000,11.000000,3613.525540
19.000000,11.000000,3812.718580
20.000000,11.000000,4017.186864
21.000000,11.000000,4226.009432
22.000000,11.000000,4436.255599
23.000000,11.000000,4651.418483
24.000000,11.000000,4871.498084
25.000000,11.000000,5106.712899
26.000000,11.000000,5347.631870
27.000000,11.000000,5603.290597
28.000000,11.000000,5875.176020
17.000000,11.500000,3427.797157
18.000000,11.500000,3622.040609
19.000000,11.500000,3821.565359
20.000000,11.500000,4026.371408
21.000000,11.500000,4235.317743
22.000000,11.500000,4445.846551
23.000000,11.500000,4661.295468
24.000000,11.500000,4881.882555
25.000000,11.500000,5117.435480
26.000000,11.500000,5358.454878
27.000000,11.500000,5615.041745
28.000000,11.500000,5887.108059
17.000000,12.000000,3435.996106
18.000000,12.000000,3630.565483
19.000000,12.000000,3830.422212
20.000000,12.000000,4035.566296
21.000000,12.000000,4244.635917
22.000000,12.000000,4455.447519
23.000000,12.000000,4671.182620
24.000000,12.000000,4892.277670
25.000000,12.000000,5128.168824
26.000000,12.000000,5369.288434
27.000000,12.000000,5626.804650
28.000000,12.000000,5899.051626
17.000000,12.500000,3444.613430
18.000000,12.500000,3639.409234
19.000000,12.500000,3839.492491
20.000000,12.500000,4044.863201
21.000000,12.500000,4253.974164
22.000000,12.500000,4465.067197
23.000000,12.500000,4681.087050
24.000000,12.500000,4902.887906
25.000000,12.500000,5138.886232
26.000000,12.500000,5380.108606
27.000000,12.500000,5638.564559
28.000000,12.500000,5910.989195
17.000000,13.000000,3453.241278
18.000000,13.000000,3648.263522
19.000000,13.000000,3848.573317
20.000000,13.000000,4054.170663
21.000000,13.000000,4263.322300
22.000000,13.000000,4474.696912
23.000000,13.000000,4691.001666
24.000000,13.000000,4913.509070
25.000000,13.000000,5149.614360
26.000000,13.000000,5390.939287
27.000000,13.000000,5650.336184
28.000000,13.000000,5922.938247
17.000000,13.500000,3462.003184
18.000000,13.500000,3657.322176
19.000000,13.500000,3857.932383
20.000000,13.500000,4063.833803
21.000000,13.500000,4273.019304
22.000000,13.500000,4484.560700
23.000000,13.500000,4701.029908
24.000000,13.500000,4924.112361
25.000000,13.500000,5160.327149
26.000000,13.500000,5401.757244
27.000000,13.500000,5662.104179
28.000000,13.500000,5934.880656
16.000000,14.000000,3280.454888
17.000000,14.000000,3470.775927
18.000000,14.000000,3666.391843
19.000000,14.000000,3867.302634
20.000000,14.000000,4073.508301
21.000000,14.000000,4282.726930
22.000000,14.000000,4494.435002
23.000000,14.000000,4711.068554
24.000000,14.000000,4934.726533
25.000000,14.000000,5171.050614
26.000000,14.000000,5412.585670
27.000000,14.000000,5673.883848
28.000000,14.000000,5946.834501
16.000000,14.500000,3288.962891
17.000000,14.500000,3479.655706
18.000000,14.500000,3675.651321
19.000000,14.500000,3876.949734
20.000000,14.500000,4083.550947
21.000000,14.500000,4292.810028
22.000000,14.500000,4504.683474
23.000000,14.500000,4721.479908
24.000000,14.500000,4945.663156
25.000000,14.500000,5181.949452
26.000000,14.500000,5423.435036
27.000000,14.500000,5685.659250
28.000000,14.500000,5958.781061
16.000000,15.000000,3297.481608
17.000000,15.000000,3488.546570
18.000000,15.000000,3684.922258
19.000000,15.000000,3886.608670
20.000000,15.000000,4093.605807
21.000000,15.000000,4302.904573
22.000000,15.000000,4514.943271
23.000000,15.000000,4731.902466
24.000000,15.000000,4956.611369
25.000000,15.000000,5192.859328
26.000000,15.000000,5434.294901
27.000000,15.000000,5697.446283
28.000000,15.000000,5970.739009
16.000000,15.500000,3306.033364
17.000000,15.500000,3497.472208
18.000000,15.500000,3694.229730
19.000000,15.500000,3896.305930
20.000000,15.500000,4103.700809
21.000000,15.500000,4313.068113
22.000000,15.500000,4525.382636
23.000000,15.500000,4742.620123
24.000000,15.500000,4967.963578
25.000000,15.500000,5204.316935
26.000000,15.500000,5445.852234
27.000000,15.500000,5709.794997
28.000000,15.500000,5982.962059
16.000000,16.000000,3314.595902
17.000000,16.000000,3506.408999
18.000000,16.000000,3703.548731
19.000000,16.000000,3906.015098
20.000000,16.000000,4113.808101
21.000000,16.000000,4323.243237
22.000000,16.000000,4535.833703
23.000000,16.000000,4753.349598
24.000000,16.000000,4979.328211
25.000000,16.000000,5215.786684
26.000000,16.000000,5457.421428
27.000000,16.000000,5722.156445
28.000000,16.000000,5995.197002
16.000000,16.500000,3323.410624
17.000000,16.500000,3515.553510
18.000000,16.500000,3713.027644
19.000000,16.500000,3915.833028
20.000000,16.500000,4123.969660
21.000000,16.500000,4333.437320
22.000000,16.500000,4546.304656
23.000000,16.500000,4764.099908
24.000000,16.500000,4990.732604
25.000000,16.500000,5227.404802
26.000000,16.500000,5469.252323
27.000000,16.500000,5735.021234
28.000000,16.500000,6008.210451
16.000000,17.000000,3332.236873
17.000000,17.000000,3524.709763
18.000000,17.000000,3722.518518
19.000000,17.000000,3925.663137
20.000000,17.000000,4134.143621
21.000000,17.000000,4343.643011
22.000000,17.000000,4556.787336
23.000000,17.000000,4774.862062
24.000000,17.000000,5002.149487
25.000000,17.000000,5239.035358
26.000000,17.000000,5481.095600
27.000000,17.000000,5747.899786
28.000000,17.000000,6021.237340
16.000000,17.500000,3341.146251
17.000000,17.500000,3533.940744
18.000000,17.500000,3732.075132
19.000000,17.500000,3935.549418
20.000000,17.500000,4144.363600
21.000000,17.500000,4353.878732
22.000000,17.500000,4567.296633
23.000000,17.500000,4785.647235
24.000000,17.500000,5013.572148
25.000000,17.500000,5250.668484
26.000000,17.500000,5493.504964
27.000000,17.500000,5760.789695
16.000000,18.000000,3350.067345
17.000000,18.000000,3543.183630
18.000000,18.000000,3741.643844
19.000000,18.000000,3945.447989
20.000000,18.000000,4154.596062
21.000000,18.000000,4364.126108
22.000000,18.000000,4577.817697
23.000000,18.000000,4796.444282
24.000000,18.000000,5025.007290
25.000000,18.000000,5262.314032
26.000000,18.000000,5505.927762
27.000000,18.000000,5773.693353
16.000000,18.500000,3359.094175
17.000000,18.500000,3552.681671
18.000000,18.500000,3751.625128
19.000000,18.500000,3955.924545
20.000000,18.500000,4165.579922
21.000000,18.500000,4374.906288
22.000000,18.500000,4588.658455
23.000000,18.500000,4807.337620
24.000000,18.500000,5036.447371
25.000000,18.500000,5273.961297
26.000000,18.500000,5518.641041
27.000000,18.500000,5786.588402
16.000000,19.000000,3368.132971
17.000000,19.000000,3562.192255
18.000000,19.000000,3761.619543
19.000000,19.000000,3966.414836
20.000000,19.000000,4176.578133
21.000000,19.000000,4385.699345
22.000000,19.000000,4599.511682
23.000000,19.000000,4818.243023
24.000000,19.000000,5047.899924
25.000000,19.000000,5285.620967
26.000000,19.000000,5531.368279
27.000000,19.000000,5799.497144
16.000000,19.500000,3377.234678
17.000000,19.500000,3571.766758
18.000000,19.500000,3771.678845
19.000000,19.500000,3976.970938
20.000000,19.500000,4187.408235
21.000000,19.500000,4396.676275
22.000000,19.500000,4610.750275
23.000000,19.500000,4829.744390
24.000000,19.500000,5059.846076
25.000000,19.500000,5297.498712
26.000000,19.500000,5544.085720
27.000000,19.500000,5812.397883
16.000000,20.000000,3386.348489
17.000000,20.000000,3581.353942
18.000000,20.000000,3781.751416
19.000000,20.000000,3987.540914
20.000000,20.000000,4198.252014
21.000000,20.000000,4407.666507
22.000000,20.000000,4622.002225
23.000000,20.000000,4841.259166
24.000000,20.000000,5071.805787
25.000000,20.000000,5309.389312
26.000000,20.000000,5556.817060
27.000000,20.000000,5825.312261
16.000000,20.500000,3395.933250
17.000000,20.500000,3591.314184
18.000000,20.500000,3792.093047
19.000000,20.500000,3998.269838
20.000000,20.500000,4209.001667
21.000000,20.500000,4418.711940
22.000000,20.500000,4633.346321
23.000000,20.500000,4852.904810
24.000000,20.500000,5084.021769
25.000000,20.500000,5321.757003
26.000000,20.500000,5570.187211
27.000000,20.500000,5838.579408
16.000000,21.000000,3405.531373
17.000000,21.000000,3601.288084
18.000000,21.000000,3802.448634
19.000000,21.000000,4009.013022
20.000000,21.000000,4219.764593
21.000000,21.000000,4429.770793
22.000000,21.000000,4644.703984
23.000000,21.000000,4864.564165
24.000000,21.000000,5096.251891
25.000000,21.000000,5334.138580
26.000000,21.000000,5583.572644
27.000000,21.000000,5851.860919
16.000000,21.500000,3415.191028
17.000000,21.500000,3611.317921
18.000000,21.500000,3812.854098
19.000000,21.500000,4019.799559
20.000000,21.500000,4230.548469
21.000000,21.500000,4440.849773
22.000000,21.500000,4656.080897
23.000000,21.500000,4876.241842
24.000000,21.500000,5108.620454
25.000000,21.500000,5346.821844
26.000000,21.500000,5597.340806
27.000000,21.500000,5865.537860
16.000000,22.000000,3424.864194
17.000000,22.000000,3621.361541
18.000000,22.000000,3823.273622
19.000000,22.000000,4030.600435
20.000000,22.000000,4241.345649
21.000000,22.000000,4451.942201
22.000000,22.000000,4667.471402
23.000000,22.000000,4887.933250
24.000000,22.000000,5121.003452
25.000000,22.000000,5359.519652
26.000000,22.000000,5611.125125
27.000000,22.000000,5879.230084
16.000000,22.500000,3434.653467
17.000000,22.500000,3631.610720
18.000000,22.500000,3833.992847
19.000000,22.500000,4041.799846
20.000000,22.500000,4252.530158
21.000000,22.500000,4463.302237
22.000000,22.500000,4679.003838
23.000000,22.500000,4899.866542
24.000000,22.500000,5133.400914
25.000000,22.500000,5372.228830
26.000000,22.500000,5624.875192
27.000000,22.500000,5892.965350
16.000000,23.000000,3444.456538
17.000000,23.000000,3641.874214
18.000000,23.000000,3844.726912
19.000000,23.000000,4053.014634
20.000000,23.000000,4263.728918
21.000000,23.000000,4474.676353
22.000000,23.000000,4690.550183
23.000000,23.000000,4911.813944
24.000000,23.000000,5145.812816
25.000000,23.000000,5384.952550
26.000000,23.000000,5638.641324
27.000000,23.000000,5906.716015
16.000000,23.500000,3454.412211
17.000000,23.500000,3652.374660
18.000000,23.500000,3855.786633
19.000000,23.500000,4064.648129
20.000000,23.500000,4275.270781
21.000000,23.500000,4486.298232
22.000000,23.500000,4702.244305
23.000000,23.500000,4923.994858
24.000000,23.500000,5158.275317
25.000000,23.500000,5397.697116
26.000000,23.500000,5652.350683
27.000000,23.500000,5920.412534
15.000000,24.000000,3271.338148
16.000000,24.000000,3464.382075
17.000000,24.000000,3662.890047
18.000000,24.000000,3866.862063
19.000000,24.000000,4076.298124
20.000000,24.000000,4286.827757
21.000000,24.000000,4497.934793
22.000000,24.000000,4713.952679
23.000000,24.000000,4936.190289
24.000000,24.000000,5170.752360
25.000000,24.000000,5410.456248
26.000000,24.000000,5666.075953
27.000000,24.000000,5934.124307
15.000000,24.500000,3281.260283
16.000000,24.500000,3474.753096
17.000000,24.500000,3673.719082
18.000000,24.500000,3878.158242
19.000000,24.500000,4088.070574
20.000000,24.500000,4298.437691
21.000000,24.500000,4509.757340
22.000000,24.500000,4725.986453
23.000000,24.500000,4948.821698
24.000000,24.500000,5183.482074
25.000000,24.500000,5423.275722
26.000000,24.500000,5679.745447
27.000000,24.500000,5947.782983
15.000000,25.000000,3291.197256
16.000000,25.000000,3485.139434
17.000000,25.000000,3684.563921
18.000000,25.000000,3889.470718
19.000000,25.000000,4099.859825
20.000000,25.000000,4310.062862
21.000000,25.000000,4521.595038
22.000000,25.000000,4738.035288
23.000000,25.000000,4961.468703
24.000000,25.000000,5196.226923
25.000000,25.000000,5436.109877
26.000000,25.000000,5693.430700
27.000000,25.000000,5961.456772
15.000000,25.500000,3301.226301
16.000000,25.500000,3495.610676
17.000000,25.500000,3695.485862
18.000000,25.500000,3900.851858
19.000000,25.500000,4111.708664
20.000000,25.500000,4321.728295
21.000000,25.500000,4533.528614
22.000000,25.500000,4750.238114
23.000000,25.500000,4974.316435
24.000000,25.500000,5209.239725
25.000000,25.500000,5449.282549
26.000000,25.500000,5707.333755
27.000000,25.500000,5975.190835
15.000000,26.000000,3311.270432
16.000000,26.000000,3506.097455
17.000000,26.000000,3706.423796
18.000000,26.000000,3912.249452
19.000000,26.000000,4123.574426
20.000000,26.000000,4333.409045
21.000000,26.000000,4545.477562
22.000000,26.000000,4762.456360
23.000000,26.000000,4987.180223
24.000000,26.000000,5222.268290
25.000000,26.000000,5462.470695
26.000000,26.000000,5721.253091
27.000000,26.000000,5988.940135
15.000000,26.500000,3321.361488
16.000000,26.500000,3516.634916
17.000000,26.500000,3717.416314
18.000000,26.500000,3923.705682
19.000000,26.500000,4135.503021
20.000000,26.500000,4345.113408
21.000000,26.500000,4557.450014
22.000000,26.500000,4774.697930
23.000000,26.500000,5000.109750
24.000000,26.500000,5235.510670
25.000000,26.500000,5476.027676
26.000000,26.500000,5735.528035
27.000000,26.500000,6003.075930
15.000000,27.000000,3331.467727
16.000000,27.000000,3527.188016
17.000000,27.000000,3728.424937
18.000000,27.000000,3935.178489
19.000000,27.000000,4147.448672
20.000000,27.000000,4356.833130
21.000000,27.000000,4569.437875
22.000000,27.000000,4786.954952
23.000000,27.000000,5013.055468
24.000000,27.000000,5248.769329
25.000000,27.000000,5489.601024
26.000000,27.000000,5749.820119
27.000000,27.000000,6017.227825
15.000000,27.500000,3341.668387
16.000000,27.500000,3537.893167
17.000000,27.500000,3739.646653
18.000000,27.500000,3946.928844
19.000000,27.500000,4159.739740
20.000000,27.500000,4368.810784
21.000000,27.500000,4581.591951
22.000000,27.500000,4799.281048
23.000000,27.500000,5026.025519
24.000000,27.500000,5262.041854
25.000000,27.500000,5503.177344
26.000000,27.500000,5764.370331
27.000000,27.500000,6031.997728
15.000000,28.000000,3351.884477
16.000000,28.000000,3548.614391
17.000000,28.000000,3750.885097
18.000000,28.000000,3958.696595
19.000000,28.000000,4172.048886
20.000000,28.000000,4380.804564
21.000000,28.000000,4593.761897
22.000000,28.000000,4811.622758
23.000000,28.000000,5039.011787
24.000000,28.000000,5275.330659
25.000000,28.000000,5516.770008
26.000000,28.000000,5778.938255
27.000000,28.000000,6046.785103
15.000000,28.500000,3362.636336
16.000000,28.500000,3559.767965
17.000000,28.500000,3762.445902
18.000000,28.500000,3970.670148
19.000000,28.500000,4184.229586
20.000000,28.500000,4392.875994
21.000000,28.500000,4606.072823
22.000000,28.500000,4824.171600
23.000000,28.500000,5052.198939
24.000000,28.500000,5288.717188
25.000000,28.500000,5531.088188
26.000000,28.500000,5793.497093
15.000000,29.000000,3373.405230
16.000000,29.000000,3570.938880
17.000000,29.000000,3774.024356
18.000000,29.000000,3982.661658
19.000000,29.000000,4196.427861
20.000000,29.000000,4404.963719
21.000000,29.000000,4618.399946
22.000000,29.000000,4836.736544
23.000000,29.000000,5065.402773
24.000000,29.000000,5302.120203
25.000000,29.000000,5545.424219
26.000000,29.000000,5808.073577
15.000000,29.500000,3384.369200
16.000000,29.500000,3582.269669
17.000000,29.500000,3785.725352
18.000000,29.500000,3994.736250
19.000000,29.500000,4208.305943
20.000000,29.500000,4417.199620
21.000000,29.500000,4630.997734
22.000000,29.500000,4849.700287
23.000000,29.500000,5078.910005
24.000000,29.500000,5315.650660
25.000000,29.500000,5559.748986
26.000000,29.500000,5822.644170
15.000000,30.000000,3395.350753
16.000000,30.000000,3593.618230
17.000000,30.000000,3797.444310
18.000000,30.000000,4006.828994
19.000000,30.000000,4220.200462
20.000000,30.000000,4429.452187
21.000000,30.000000,4643.612417
22.000000,30.000000,4862.681153
23.000000,30.000000,5092.434693
24.000000,30.000000,5329.197899
25.000000,30.000000,5574.091531
26.000000,30.000000,5837.232349
15.000000,30.500000,3406.362888
16.000000,30.500000,3604.999391
17.000000,30.500000,3809.197963
18.000000,30.500000,4018.958604
19.000000,30.500000,4232.138854
20.000000,30.500000,4441.769463
21.000000,30.500000,4656.313687
22.000000,30.500000,4875.771528
23.000000,30.500000,5106.059092
24.000000,30.500000,5342.915893
25.000000,30.500000,5588.669586
26.000000,30.500000,5851.937869
15.000000,31.000000,3417.392651
16.000000,31.000000,3616.398375
17.000000,31.000000,3820.969632
18.000000,31.000000,4031.106424
19.000000,31.000000,4244.093766
20.000000,31.000000,4454.103547
21.000000,31.000000,4669.032055
22.000000,31.000000,4888.879289
23.000000,31.000000,5119.701194
24.000000,31.000000,5356.651090
25.000000,31.000000,5603.266000
26.000000,31.000000,5866.661227
15.000000,31.500000,3428.492535
16.000000,31.500000,3627.903230
17.000000,31.500000,3832.884949
18.000000,31.500000,4043.437692
19.000000,31.500000,4256.259784
20.000000,31.500000,4466.594217
21.000000,31.500000,4681.849260
22.000000,31.500000,4902.024910
23.000000,31.500000,5133.544408
24.000000,31.500000,5370.836625
25.000000,31.500000,5618.451348
26.000000,31.500000,5881.835026
15.000000,32.000000,3439.610234
16.000000,32.000000,3639.426209
17.000000,32.000000,3844.818698
18.000000,32.000000,4055.787701
19.000000,32.000000,4268.442933
20.000000,32.000000,4479.102125
21.000000,32.000000,4694.683808
22.000000,32.000000,4915.187982
23.000000,32.000000,5147.405821
24.000000,32.000000,5385.040488
25.000000,32.000000,5633.656532
26.000000,32.000000,5897.027715
15.000000,32.500000,3450.943044
16.000000,32.500000,3651.166461
17.000000,32.500000,3856.971367
18.000000,32.500000,4068.357765
19.000000,32.500000,4280.821174
20.000000,32.500000,4491.749466
21.000000,32.500000,4707.598916
22.000000,32.500000,4928.562110
23.000000,32.500000,5161.289183
24.000000,32.500000,5399.266702
25.000000,32.500000,5648.963986
26.000000,32.500000,5912.646473
14.000000,33.000000,3267.249718
15.000000,33.000000,3462.294391
16.000000,33.000000,3662.925532
17.000000,33.000000,3869.143141
18.000000,33.000000,4080.947218
19.000000,33.000000,4293.217104
20.000000,33.000000,4504.414419
21.000000,33.000000,4720.531558
22.000000,33.000000,4941.954055
23.000000,33.000000,5175.190765
24.000000,33.000000,5413.511262
25.000000,33.000000,5664.291492
26.000000,33.000000,5928.285176
14.000000,33.500000,3278.311608
15.000000,33.500000,3473.750399
16.000000,33.500000,3674.779853
17.000000,33.500000,3881.399971
18.000000,33.500000,4093.610754
19.000000,33.500000,4305.694476
20.000000,33.500000,4517.232335
21.000000,33.500000,4733.691908
22.000000,33.500000,4955.813089
23.000000,33.500000,5189.279816
24.000000,33.500000,5427.827592
25.000000,33.500000,5679.661159
26.000000,33.500000,5944.019693
14.000000,34.000000,3289.392094
15.000000,34.000000,3485.225241
16.000000,34.000000,3686.653250
17.000000,34.000000,3893.676120
18.000000,34.000000,4106.293852
19.000000,34.000000,4318.189720
20.000000,34.000000,4530.068241
21.000000,34.000000,4746.870364
22.000000,34.000000,4969.690972
23.000000,34.000000,5203.387536
24.000000,34.000000,5442.162411
25.000000,34.000000,5695.050928
26.000000,34.000000,5959.774347
14.000000,34.500000,3300.520424
15.000000,34.500000,3496.749385
16.000000,34.500000,3698.577427
17.000000,34.500000,3906.004548
18.000000,34.500000,4119.030749
19.000000,34.500000,4330.828584
20.000000,34.500000,4543.205878
21.000000,34.500000,4760.515810
22.000000,34.500000,4984.095493
23.000000,34.500000,5217.800145
24.000000,34.500000,5456.570318
25.000000,34.500000,5710.462020
26.000000,34.500000,5975.549300
14.000000,35.000000,3311.667448
15.000000,35.000000,3508.292465
16.000000,35.000000,3710.520782
17.000000,35.000000,3918.352398
18.000000,35.000000,4131.787314
19.000000,35.000000,4343.485678
20.000000,35.000000,4556.362302
21.000000,35.000000,4774.180607
22.000000,35.000000,4998.520262
23.000000,35.000000,5232.232186
24.000000,35.000000,5470.996858
25.000000,35.000000,5725.893209
26.000000,35.000000,5991.344383
14.000000,35.500000,3322.877506
15.000000,35.500000,3519.906425
16.000000,35.500000,3722.543183
17.000000,35.500000,3930.787781
18.000000,35.500000,4144.640218
19.000000,35.500000,4356.270529
20.000000,35.500000,4569.664887
21.000000,35.500000,4788.010739
22.000000,35.500000,5013.036227
23.000000,35.500000,5246.815572
24.000000,35.500000,5485.637375
25.000000,35.500000,5741.531806
26.000000,35.500000,6007.201866
14.000000,36.000000,3334.106410
15.000000,36.000000,3531.539493
16.000000,36.000000,3734.584957
17.000000,36.000000,3943.242801
18.000000,36.000000,4157.513026
19.000000,36.000000,4369.073919
20.000000,36.000000,4582.986619
21.000000,36.000000,4801.860635
22.000000,36.000000,5027.572648
23.000000,36.000000,5261.418750
24.000000,36.000000,5500.297033
25.000000,36.000000,5757.190975
26.000000,36.000000,6023.079576
14.000000,36.500000,3345.691290
15.000000,36.500000,3543.695523
16.000000,36.500000,3747.324761
17.000000,36.500000,3956.579003
18.000000,36.500000,4171.458249
19.000000,36.500000,4382.674224
20.000000,36.500000,4596.825246
21.000000,36.500000,4815.934545
22.000000,36.500000,5042.205150
23.000000,36.500000,5276.397090
24.000000,36.500000,5515.623091
25.000000,36.500000,5773.355894
26.000000,36.500000,6039.161018
14.000000,37.000000,3357.296209
15.000000,37.000000,3555.872372
16.000000,37.000000,3760.086175
17.000000,37.000000,3969.937617
18.000000,37.000000,4185.426699
19.000000,37.000000,4396.295281
20.000000,37.000000,4610.684416
21.000000,37.000000,4830.028789
22.000000,37.000000,5056.858339
23.000000,37.000000,5291.396217
24.000000,37.000000,5530.970037
25.000000,37.000000,5789.542692
26.000000,37.000000,6055.263165
14.000000,37.500000,3369.164226
15.000000,37.500000,3568.303005
16.000000,37.500000,3773.091157
17.000000,37.500000,3983.528683
18.000000,37.500000,4199.615583
19.000000,37.500000,4410.012608
20.000000,37.500000,4624.601542
21.000000,37.500000,4844.140850
22.000000,37.500000,5071.542699
23.000000,37.500000,5306.439400
24.000000,37.500000,5546.386890
25.000000,37.500000,5805.821093
26.000000,37.500000,6071.590313
14.000000,38.000000,3381.053119
15.000000,38.000000,3580.755249
16.000000,38.000000,3786.118497
17.000000,38.000000,3997.142863
18.000000,38.000000,4213.828346
19.000000,38.000000,4423.750928
20.000000,38.000000,4638.539333
21.000000,38.000000,4858.273248
22.000000,38.000000,5086.247792
23.000000,38.000000,5321.503453
24.000000,38.000000,5561.824778
25.000000,38.000000,5822.121613
26.000000,38.000000,6087.938786
14.000000,38.500000,3393.051914
15.000000,38.500000,3593.310611
16.000000,38.500000,3799.241659
17.000000,38.500000,4010.845058
18.000000,38.500000,4227.401835
19.000000,38.500000,4437.533807
20.000000,38.500000,4652.568844
21.000000,38.500000,4872.546863
22.000000,38.500000,5101.095831
23.000000,38.500000,5336.642020
24.000000,38.500000,5578.020587
25.000000,38.500000,5838.524918
14.000000,39.000000,3405.071889
15.000000,39.000000,3605.887859
16.000000,39.000000,3812.387424
17.000000,39.000000,4024.570582
18.000000,39.000000,4240.996743
19.000000,39.000000,4451.337776
20.000000,39.000000,4666.619261
21.000000,39.000000,4886.841199
22.000000,39.000000,5115.964999
23.000000,39.000000,5351.801635
24.000000,39.000000,5594.239149
25.000000,39.000000,5854.950623
14.000000,39.500000,3417.214060
15.000000,39.500000,3618.576601
16.000000,39.500000,3825.633256
17.000000,39.500000,4038.384024
18.000000,39.500000,4254.579569
19.000000,39.500000,4465.269486
20.000000,39.500000,4680.902369
21.000000,39.500000,4901.478217
22.000000,39.500000,5131.092944
23.000000,39.500000,5367.075096
24.000000,39.500000,5610.428367
25.000000,39.500000,5871.345953
14.000000,40.000000,3429.377757
15.000000,40.000000,3631.287533
16.000000,40.000000,3838.901950
17.000000,40.000000,4052.221009
18.000000,40.000000,4268.183707
19.000000,40.000000,4479.222650
20.000000,40.000000,4695.207065
21.000000,40.000000,4916.136953
22.000000,40.000000,5146.242769
23.000000,40.000000,5382.369898
24.000000,40.000000,5626.640213
25.000000,40.000000,5887.763556
14.000000,40.500000,3442.024306
15.000000,40.500000,3644.360364
16.000000,40.500000,3852.404817
17.000000,40.500000,4066.157665
18.000000,40.500000,4281.809705
19.000000,40.500000,4493.209317
20.000000,40.500000,4709.556613
21.000000,40.500000,4930.851592
22.000000,40.500000,5161.425195
23.000000,40.500000,5397.720572
24.000000,40.500000,5642.917894
25.000000,40.500000,5904.193233
14.000000,41.000000,3454.693991
15.000000,41.000000,3657.456566
16.000000,41.000000,3865.931290
17.000000,41.000000,4080.118163
18.000000,41.000000,4295.457152
19.000000,41.000000,4507.217564
20.000000,41.000000,4723.927870
21.000000,41.000000,4945.588070
22.000000,41.000000,5176.629545
23.000000,41.000000,5413.092698
24.000000,41.000000,5659.218359
25.000000,41.000000,5920.645180
14.000000,41.500000,3467.495873
15.000000,41.500000,3670.658267
16.000000,41.500000,3879.534988
17.000000,41.500000,4094.126037
18.000000,41.500000,4309.168476
19.000000,41.500000,4521.279911
20.000000,41.500000,4738.342199
21.000000,41.500000,4960.403793
22.000000,41.500000,5192.025224
23.000000,41.500000,5428.863426
24.000000,41.500000,5675.938832
25.000000,41.500000,5937.264066
14.000000,42.000000,3480.321331
15.000000,42.000000,3683.883673
16.000000,42.000000,3893.162521
17.000000,42.000000,4108.157873
18.000000,42.000000,4322.901474
19.000000,42.000000,4535.363996
20.000000,42.000000,4752.778334
21.000000,42.000000,4975.241487
22.000000,42.000000,5207.443345
23.000000,42.000000,5444.656719
24.000000,42.000000,5692.683297
25.000000,42.000000,5953.905658
14.000000,42.500000,3493.224970
15.000000,42.500000,3697.198433
16.000000,42.500000,3906.891076
17.000000,42.500000,4122.302900
18.000000,42.500000,4336.741520
19.000000,42.500000,4549.537440
20.000000,42.500000,4767.285168
21.000000,42.500000,4990.346240
22.000000,42.500000,5222.955545
23.000000,42.500000,5460.579854
24.000000,42.500000,5709.485204
25.000000,42.500000,5970.629609
13.000000,43.000000,3307.489507
14.000000,43.000000,3506.152398
15.000000,43.000000,3710.537144
16.000000,43.000000,3920.643745
17.000000,43.000000,4136.472201
18.000000,43.000000,4350.603520
19.000000,43.000000,4563.732842
20.000000,43.000000,4781.813963
21.000000,43.000000,5005.473443
22.000000,43.000000,5238.490415
23.000000,43.000000,5476.525881
24.000000,43.000000,5726.311217
25.000000,43.000000,5987.376432
13.000000,43.500000,3320.060912
14.000000,43.500000,3519.135917
15.000000,43.500000,3723.935538
16.000000,43.500000,3934.459776
17.000000,43.500000,4150.708629
18.000000,43.500000,4364.529297
19.000000,43.500000,4578.006131
20.000000,43.500000,4796.435502
21.000000,43.500000,5020.709936
22.000000,43.500000,5254.098729
23.000000,43.500000,5492.507631
13.000000,44.000000,3332.656064
14.000000,44.000000,3532.143352
15.000000,44.000000,3737.358017
16.000000,44.000000,3948.300060
17.000000,44.000000,4164.969479
18.000000,44.000000,4378.477162
19.000000,44.000000,4592.301557
20.000000,44.000000,4811.079226
21.000000,44.000000,5035.969166
22.000000,44.000000,5269.729883
23.000000,44.000000,5508.512322
13.000000,44.500000,3345.447904
14.000000,44.500000,3545.330155
15.000000,44.500000,3750.940914
16.000000,44.500000,3962.280179
17.000000,44.500000,4179.347950
18.000000,44.500000,4392.605411
19.000000,44.500000,4606.894438
20.000000,44.500000,4826.143262
21.000000,44.500000,5051.673846
22.000000,44.500000,5285.620955
23.000000,44.500000,5524.581881
13.000000,45.000000,3358.264189
14.000000,45.000000,3558.541479
15.000000,45.000000,3764.548404
16.000000,45.000000,3976.284966
17.000000,45.000000,4193.751165
18.000000,45.000000,4406.756257
19.000000,45.000000,4621.510339
20.000000,45.000000,4841.230741
21.000000,45.000000,5067.402630
22.000000,45.000000,5301.535617
23.000000,45.000000,5540.674519
13.000000,45.500000,3371.287941
14.000000,45.500000,3572.102098
15.000000,45.500000,3778.654233
16.000000,45.500000,3990.944346
17.000000,45.500000,4208.972437
18.000000,45.500000,4421.511325
19.000000,45.500000,4636.525245
20.000000,45.500000,4856.502616
21.000000,45.500000,5083.133878
22.000000,45.500000,5317.461910
23.000000,45.500000,5556.788433
13.000000,46.000000,3384.336859
14.000000,46.000000,3585.688461
15.000000,46.000000,3792.786386
16.000000,46.000000,4005.630636
17.000000,46.000000,4224.221210
18.000000,46.000000,4436.290821
19.000000,46.000000,4651.564337
20.000000,46.000000,4871.798431
21.000000,46.000000,5098.889169
22.000000,46.000000,5333.411763
23.000000,46.000000,5572.925426
13.000000,46.500000,3397.533111
14.000000,46.500000,3599.459518
15.000000,46.500000,3807.142333
16.000000,46.500000,4020.581555
17.000000,46.500000,4239.777184
18.000000,46.500000,4451.243688
19.000000,46.500000,4666.713904
20.000000,46.500000,4887.138797
21.000000,46.500000,5114.766757
22.000000,46.500000,5349.716865
23.000000,46.500000,5589.660571
13.000000,47.000000,3410.755011
14.000000,47.000000,3613.256930
15.000000,47.000000,3821.525346
16.000000,47.000000,4035.560260
17.000000,47.000000,4255.361670
18.000000,47.000000,4466.221491
19.000000,47.000000,4681.887947
20.000000,47.000000,4902.503178
21.000000,47.000000,5130.668690
22.000000,47.000000,5366.046515
23.000000,47.000000,5606.420467
13.000000,47.500000,3424.072615
14.000000,47.500000,3627.164788
15.000000,47.500000,3836.034170
16.000000,47.500000,4050.680762
17.000000,47.500000,4270.273835
18.000000,47.500000,4481.248342
19.000000,47.500000,4697.093706
20.000000,47.500000,4917.881133
21.000000,47.500000,5146.716948
22.000000,47.500000,5382.670836
13.000000,48.000000,3437.416142
14.000000,48.000000,3641.099322
15.000000,48.000000,3850.570432
16.000000,48.000000,4065.829473
17.000000,48.000000,4285.211820
18.000000,48.000000,4496.300224
19.000000,48.000000,4712.323978
20.000000,48.000000,4933.283082
21.000000,48.000000,5162.789922
22.000000,48.000000,5399.320510
13.000000,48.500000,3450.922370
14.000000,48.500000,3655.178373
15.000000,48.500000,3865.231496
16.000000,48.500000,4081.081740
17.000000,48.500000,4300.089392
18.000000,48.500000,4511.435510
19.000000,48.500000,4727.713281
20.000000,48.500000,4948.922707
21.000000,48.500000,5179.145045
22.000000,48.500000,5416.149021
13.000000,49.000000,3464.455065
14.000000,49.000000,3669.284563
15.000000,49.000000,3879.920374
16.000000,49.000000,4096.362499
17.000000,49.000000,4314.992479
18.000000,49.000000,4526.596020
19.000000,49.000000,4743.127517
20.000000,49.000000,4964.586970
21.000000,49.000000,5195.525612
22.000000,49.000000,5433.003318
13.000000,49.500000,3478.249624
14.000000,49.500000,3683.597719
15.000000,49.500000,3894.758113
16.000000,49.500000,4111.730808
17.000000,49.500000,4330.024779
18.000000,49.500000,4542.205065
19.000000,49.500000,4759.322951
20.000000,49.500000,4981.378436
21.000000,49.500000,5212.785857
22.000000,49.500000,5450.268501
13.000000,50.000000,3492.071574
14.000000,50.000000,3697.938712
15.000000,50.000000,3909.624137
16.000000,50.000000,4127.127849
17.000000,50.000000,4345.083020
18.000000,50.000000,4557.840771
19.000000,50.000000,4775.545774
20.000000,50.000000,4998.198030
21.000000,50.000000,5230.074110
22.000000,50.000000,5467.560599
13.000000,50.500000,3506.136621
14.000000,50.500000,3712.479021
15.000000,50.500000,3924.643115
16.000000,50.500000,4142.628903
17.000000,50.500000,4360.256433
18.000000,50.500000,4573.564593
19.000000,50.500000,4791.827861
20.000000,50.500000,5015.046237
21.000000,50.500000,5247.279635
22.000000,50.500000,5484.808196
13.000000,51.000000,3520.229917
14.000000,51.000000,3727.047839
15.000000,51.000000,3939.690861
16.000000,51.000000,4158.158984
17.000000,51.000000,4375.456140
18.000000,51.000000,4589.315318
19.000000,51.000000,4808.137463
20.000000,51.000000,5031.922577
21.000000,51.000000,5264.512839
22.000000,51.000000,5502.082505
13.000000,51.500000,3534.452630
14.000000,51.500000,3741.779889
15.000000,51.500000,3954.937531
16.000000,51.500000,4173.925557
17.000000,51.500000,4390.917465
18.000000,51.500000,4605.278136
19.000000,51.500000,4824.606764
20.000000,51.500000,5049.098096
21.000000,51.500000,5281.891834
22.000000,51.500000,5519.653815
13.000000,52.000000,3548.703997
14.000000,52.000000,3756.540978
15.000000,52.000000,3970.213627
16.000000,52.000000,4189.721944
17.000000,52.000000,4406.405926
18.000000,52.000000,4621.268509
19.000000,52.000000,4841.104036
20.000000,52.000000,5066.302215
21.000000,52.000000,5299.298925
22.000000,52.000000,5537.252713
13.000000,52.500000,3563.096290
14.000000,52.500000,3771.433069
15.000000,52.500000,3985.610061
16.000000,52.500000,4205.627265
17.000000,52.500000,4421.988255
18.000000,52.500000,4637.338867
19.000000,52.500000,4857.666750
20.000000,52.500000,5083.526894
21.000000,52.500000,5316.888920
22.000000,52.500000,5555.209466
12.000000,53.000000,3374.525530
13.000000,53.000000,3577.517686
14.000000,53.000000,3786.354600
15.000000,53.000000,4001.036271
16.000000,53.000000,4221.562699
17.000000,53.000000,4437.597944
18.000000,53.000000,4653.436952
19.000000,53.000000,4874.257557
20.000000,53.000000,5100.780175
21.000000,53.000000,5334.507565
22.000000,53.000000,5573.194908
12.000000,53.500000,3388.747337
13.000000,53.500000,3592.199384
14.000000,53.500000,3801.498244
15.000000,53.500000,4016.643917
16.000000,53.500000,4237.636402
17.000000,53.500000,4453.319231
18.000000,53.500000,4669.632406
19.000000,53.500000,4890.931136
20.000000,53.500000,5118.067344
21.000000,53.500000,5352.154843
22.000000,53.500000,5591.202729
12.000000,54.000000,3402.999022
13.000000,54.000000,3606.911121
14.000000,54.000000,3816.672087
15.000000,54.000000,4032.281922
16.000000,54.000000,4253.740624
17.000000,54.000000,4469.068171
18.000000,54.000000,4685.855837
19.000000,54.000000,4907.633018
20.000000,54.000000,5135.383237
21.000000,54.000000,5369.830834
22.000000,54.000000,5609.239250
12.000000,54.500000,3417.647243
13.000000,54.500000,3622.030651
14.000000,54.500000,3832.264877
15.000000,54.500000,4048.349919
16.000000,54.500000,4270.285779
17.000000,54.500000,4485.144766
18.000000,54.500000,4702.318229
19.000000,54.500000,4924.481881
20.000000,54.500000,5152.751664
21.000000,54.500000,5387.544959
22.000000,54.500000,5627.297196
12.000000,55.000000,3432.326887
13.000000,55.000000,3637.181768
14.000000,55.000000,3847.889415
15.000000,55.000000,4064.449828
16.000000,55.000000,4286.863006
17.000000,55.000000,4501.250061
18.000000,55.000000,4718.809355
19.000000,55.000000,4941.359509
20.000000,55.000000,5170.149051
21.000000,55.000000,5405.287915
22.000000,55.000000,5645.383845
12.000000,55.500000,3446.974260
13.000000,55.500000,3652.338628
14.000000,55.500000,3863.560254
15.000000,55.500000,4080.639137
16.000000,55.500000,4303.575277
17.000000,55.500000,4517.468780
18.000000,55.500000,4735.374567
19.000000,55.500000,4958.269546
20.000000,55.500000,5187.582016
21.000000,55.500000,5423.119225
22.000000,55.500000,5663.613358
12.000000,56.000000,3461.652779
13.000000,56.000000,3667.526967
14.000000,56.000000,3879.262906
15.000000,56.000000,4096.860596
16.000000,56.000000,4320.320036
17.000000,56.000000,4533.716535
18.000000,56.000000,4751.968691
19.000000,56.000000,4975.208367
20.000000,56.000000,5205.043949
21.000000,56.000000,5440.979525
22.000000,56.000000,5681.871882
12.000000,56.500000,3476.364765
13.000000,56.500000,3682.775177
14.000000,56.500000,3895.053583
15.000000,56.500000,4113.199983
16.000000,56.500000,4336.434334
17.000000,56.500000,4550.129454
18.000000,56.500000,4768.744638
19.000000,56.500000,4992.345945
20.000000,56.500000,5222.735760
21.000000,56.500000,5459.089689
12.000000,57.000000,3491.107905
13.000000,57.000000,3698.054987
14.000000,57.000000,3910.876309
15.000000,57.000000,4129.571872
16.000000,57.000000,4352.578535
17.000000,57.000000,4566.571931
18.000000,57.000000,4785.550052
19.000000,57.000000,5009.512900
20.000000,57.000000,5240.457215
21.000000,57.000000,5477.229556
12.000000,57.500000,3506.003141
13.000000,57.500000,3713.457309
14.000000,57.500000,3926.789986
15.000000,57.500000,4146.001171
16.000000,57.500000,4368.673457
17.000000,57.500000,4583.045846
18.000000,57.500000,4802.402090
19.000000,57.500000,5026.742189
20.000000,57.500000,5258.407001
21.000000,57.500000,5495.791250
12.000000,58.000000,3520.930056
13.000000,58.000000,3728.891618
14.000000,58.000000,3942.735958
15.000000,58.000000,4162.463076
16.000000,58.000000,4384.797993
17.000000,58.000000,4599.549335
18.000000,58.000000,4819.283660
19.000000,58.000000,5044.000969
20.000000,58.000000,5276.387107
21.000000,58.000000,5514.383968
12.000000,58.500000,3536.046057
13.000000,58.500000,3744.469288
14.000000,58.500000,3958.776559
15.000000,58.500000,4178.967871
16.000000,58.500000,4400.960397
17.000000,58.500000,4616.174852
18.000000,58.500000,4836.374949
19.000000,58.500000,5061.560689
20.000000,58.500000,5294.618494
21.000000,58.500000,5533.102923
12.000000,59.000000,3551.194426
13.000000,59.000000,3760.079422
14.000000,59.000000,3974.849719
15.000000,59.000000,4195.505319
16.000000,59.000000,4417.152467
17.000000,59.000000,4632.830287
18.000000,59.000000,4853.496408
19.000000,59.000000,5079.150829
20.000000,59.000000,5312.880940
21.000000,59.000000,5551.853213
12.000000,59.500000,3566.410557
13.000000,59.500000,3775.743622
14.000000,59.500000,3990.962391
15.000000,59.500000,4212.066863
16.000000,59.500000,4433.419175
17.000000,59.500000,4649.666236
18.000000,59.500000,4870.908927
19.000000,59.500000,5097.203105
20.000000,59.500000,5331.455429
21.000000,59.500000,5570.817879
12.000000,60.000000,3581.659209
13.000000,60.000000,3791.440379
14.000000,60.000000,4007.107652
15.000000,60.000000,4228.661028
16.000000,60.000000,4449.715718
17.000000,60.000000,4666.532646
18.000000,60.000000,4888.352537
19.000000,60.000000,5115.287222
20.000000,60.000000,5350.061930
21.000000,60.000000,5589.814492
12.000000,60.500000,3597.100400
13.000000,60.500000,3807.479374
14.000000,60.500000,4023.752634
15.000000,60.500000,4245.920179
16.000000,60.500000,4466.636616
17.000000,60.500000,4683.822263
18.000000,60.500000,4906.008555
19.000000,60.500000,5133.485893
20.000000,60.500000,5368.678174
21.000000,60.500000,5608.848236
12.000000,61.000000,3612.574799
13.000000,61.000000,3823.552220
14.000000,61.000000,4040.432111
15.000000,61.000000,4263.214475
16.000000,61.000000,4483.589533
17.000000,61.000000,4701.143755
18.000000,61.000000,4923.696302
19.000000,61.000000,5151.716475
20.000000,61.000000,5387.326355
21.000000,61.000000,5627.913944
12.000000,61.500000,3628.218441
13.000000,61.500000,3839.792885
14.000000,61.500000,4057.277303
15.000000,61.500000,4280.671696
16.000000,61.500000,4500.675041
17.000000,61.500000,4718.712496
18.000000,61.500000,4941.751744
19.000000,61.500000,5170.384839
20.000000,61.500000,5406.264066
21.000000,61.500000,5647.114385
12.000000,62.000000,3643.895876
13.000000,62.000000,3856.067960
14.000000,62.000000,4074.157523
15.000000,62.000000,4298.164567
16.000000,62.000000,4517.792897
17.000000,62.000000,4736.313870
18.000000,62.000000,4959.840107
19.000000,62.000000,5189.086530
20.000000,62.000000,5425.234592
21.000000,62.000000,5666.347132
12.000000,62.500000,3659.838384
13.000000,62.500000,3872.561536
14.000000,62.500000,4091.206674
15.000000,62.500000,4315.773799
16.000000,62.500000,4535.001983
17.000000,62.500000,4754.016391
18.000000,62.500000,4978.039866
19.000000,62.500000,5207.925812
20.000000,62.500000,5444.531001
21.000000,62.500000,5686.102468
12.000000,63.000000,3675.815686
13.000000,63.000000,3889.090302
14.000000,63.000000,4108.291410
15.000000,63.000000,4333.419009
16.000000,63.000000,4552.243643
17.000000,63.000000,4771.751804
18.000000,63.000000,4996.272836
19.000000,63.000000,5226.798801
20.000000,63.000000,5463.861268
21.000000,63.000000,5705.891815
12.000000,63.500000,3691.945931
13.000000,63.500000,3905.752660
14.000000,63.500000,4125.489196
15.000000,63.500000,4351.155541
16.000000,63.500000,4569.593352
17.000000,63.500000,4789.624122
18.000000,63.500000,5014.672881
19.000000,63.500000,5245.808889
20.000000,63.500000,5483.259790
21.000000,63.500000,5725.677178
11.000000,64.000000,3499.705466
12.000000,64.000000,3708.111483
13.000000,64.000000,3922.450624
14.000000,64.000000,4142.722888
15.000000,64.000000,4368.928277
16.000000,64.000000,4586.975928
17.000000,64.000000,4807.529728
18.000000,64.000000,5033.106635
19.000000,64.000000,5264.853078
20.000000,64.000000,5502.692303
21.000000,64.000000,5745.496420
11.000000,64.500000,3515.710876
12.000000,64.500000,3724.621555
13.000000,64.500000,3939.467032
14.000000,64.500000,4160.247309
15.000000,64.500000,4386.962386
16.000000,64.500000,4604.587008
17.000000,64.500000,4825.633972
18.000000,64.500000,5051.707642
19.000000,64.500000,5284.044896
20.000000,64.500000,5522.316295
11.000000,65.000000,3531.752783
12.000000,65.000000,3741.168280
13.000000,65.000000,3956.520251
14.000000,65.000000,4177.808697
15.000000,65.000000,4405.033617
16.000000,65.000000,4622.231700
17.000000,65.000000,4843.772125
18.000000,65.000000,5070.342854
19.000000,65.000000,5303.271238
20.000000,65.000000,5541.974844
11.000000,65.500000,3547.939187
12.000000,65.500000,3757.933434
13.000000,65.500000,3973.869775
14.000000,65.500000,4195.748210
15.000000,65.500000,4422.963586
16.000000,65.500000,4640.198952
17.000000,65.500000,4862.117950
18.000000,65.500000,5089.065286
19.000000,65.500000,5322.570095
20.000000,65.500000,5561.751886
11.000000,66.000000,3564.162579
12.000000,66.000000,3774.736048
13.000000,66.000000,3991.257233
14.000000,66.000000,4213.726134
15.000000,66.000000,4440.929878
16.000000,66.000000,4658.200920
17.000000,66.000000,4880.498333
18.000000,66.000000,5107.822116
19.000000,66.000000,5341.903607
20.000000,66.000000,5581.563779
11.000000,66.500000,3580.508563
12.000000,66.500000,3791.663278
13.000000,66.500000,4008.770938
14.000000,66.500000,4231.831544
15.000000,66.500000,4458.656519
16.000000,66.500000,4676.386652
17.000000,66.500000,4899.145063
18.000000,66.500000,5126.931750
19.000000,66.500000,5361.525726
20.000000,66.500000,5601.543176
11.000000,67.000000,3596.891938
12.000000,67.000000,3808.628367
13.000000,67.000000,4026.322971
14.000000,67.000000,4249.975748
15.000000,67.000000,4476.418323
16.000000,67.000000,4694.607693
17.000000,67.000000,4917.827247
18.000000,67.000000,5146.076985
19.000000,67.000000,5381.183458
20.000000,67.000000,5621.557911
11.000000,67.500000,3613.440361
12.000000,67.500000,3825.766782
13.000000,67.500000,4044.057007
14.000000,67.500000,4268.311035
15.000000,67.500000,4494.351546
16.000000,67.500000,4712.995045
17.000000,67.500000,4936.670278
18.000000,67.500000,5165.377245
19.000000,67.500000,5401.102054
20.000000,67.500000,5641.971774
11.000000,68.000000,3630.026753
12.000000,68.000000,3842.943655
13.000000,68.000000,4061.829993
14.000000,68.000000,4286.685766
15.000000,68.000000,4512.320479
16.000000,68.000000,4731.418222
17.000000,68.000000,4955.549248
18.000000,68.000000,5184.713559
19.000000,68.000000,5421.057079
20.000000,68.000000,5662.422249
11.000000,68.500000,3646.778122
12.000000,68.500000,3860.269157
13.000000,68.500000,4079.733196
14.000000,68.500000,4305.170239
15.000000,68.500000,4530.375801
16.000000,68.500000,4749.951729
17.000000,68.500000,4974.563472
18.000000,68.500000,5204.309135
19.000000,68.500000,5441.126015
20.000000,68.500000,5682.934947
11.000000,69.000000,3663.568052
12.000000,69.000000,3877.633627
13.000000,69.000000,4097.675764
14.000000,69.000000,4323.694464
15.000000,69.000000,4548.467043
16.000000,69.000000,4768.521357
17.000000,69.000000,4993.614017
18.000000,69.000000,5223.941391
19.000000,69.000000,5461.231655
20.000000,69.000000,5703.484344
11.000000,69.500000,3680.507268
12.000000,69.500000,3895.094667
13.000000,69.500000,4115.659508
14.000000,69.500000,4342.201791
15.000000,69.500000,4566.575658
16.000000,69.500000,4787.126644
17.000000,69.500000,5012.718578
18.000000,69.500000,5243.669653
19.000000,69.500000,5481.443879
20.000000,69.500000,5724.181411
11.000000,70.000000,3697.485553
12.000000,70.000000,3912.594933
13.000000,70.000000,4133.682628
14.000000,70.000000,4360.748640
15.000000,70.000000,4584.720177
16.000000,70.000000,4805.768086
17.000000,70.000000,5031.859544
18.000000,70.000000,5263.434734
19.000000,70.000000,5501.693065
20.000000,70.000000,5744.915582
11.000000,70.500000,3714.341704
12.000000,70.500000,3930.023412
13.000000,70.500000,4151.687409
14.000000,70.500000,4379.333694
15.000000,70.500000,4602.933638
16.000000,70.500000,4824.461430
17.000000,70.500000,5051.034350
18.000000,70.500000,5283.260472
19.000000,70.500000,5522.144877
20.000000,70.500000,5766.000718
11.000000,71.000000,3731.236189
12.000000,71.000000,3947.490623
13.000000,71.000000,4169.731315
14.000000,71.000000,4397.958266
15.000000,71.000000,4621.183144
16.000000,71.000000,4843.190997
17.000000,71.000000,5070.245554
18.000000,71.000000,5303.123118
19.000000,71.000000,5542.634270
20.000000,71.000000,5787.124113
11.000000,71.500000,3748.119392
12.000000,71.500000,3965.027457
13.000000,71.500000,4187.930364
14.000000,71.500000,4416.828113
15.000000,71.500000,4639.711843
16.000000,71.500000,4862.221106
17.000000,71.500000,5089.779075
18.000000,71.500000,5323.309315
19.000000,71.500000,5563.339623
20.000000,71.500000,5808.351303
11.000000,72.000000,3765.040704
12.000000,72.000000,3982.603158
13.000000,72.000000,4206.169042
14.000000,72.000000,4435.738355
15.000000,72.000000,4658.277557
16.000000,72.000000,4881.288466
17.000000,72.000000,5109.350080
18.000000,72.000000,5343.533477
19.000000,72.000000,5584.083211
20.000000,72.000000,5829.616996
11.000000,72.500000,3782.411918
12.000000,72.500000,4000.569541
13.000000,72.500000,4224.735385
14.000000,72.500000,4454.909451
15.000000,72.500000,4677.048752
16.000000,72.500000,4900.544786
17.000000,72.500000,5129.092666
18.000000,72.500000,5363.919767
19.000000,72.500000,5604.982897
11.000000,73.000000,3799.823113
12.000000,73.000000,4018.576357
13.000000,73.000000,4243.342615
14.000000,73.000000,4474.121886
15.000000,73.000000,4695.857636
16.000000,73.000000,4919.838954
17.000000,73.000000,5148.873255
18.000000,73.000000,5384.344513
19.000000,73.000000,5625.921276
11.000000,73.500000,3817.405164
12.000000,73.500000,4036.765284
13.000000,73.500000,4262.143600
14.000000,73.500000,4493.540111
15.000000,73.500000,4714.817608
16.000000,73.500000,4939.255696
17.000000,73.500000,5168.746627
18.000000,73.500000,5404.844005
19.000000,73.500000,5646.914186
11.000000,74.000000,3835.027798
12.000000,74.000000,4054.995281
13.000000,74.000000,4280.986142
14.000000,74.000000,4513.000381
15.000000,74.000000,4733.815718
16.000000,74.000000,4958.710616
17.000000,74.000000,5188.658211
18.000000,74.000000,5425.382098
19.000000,74.000000,5667.945855
11.000000,74.500000,3852.929123
12.000000,74.500000,4073.534264
13.000000,74.500000,4300.169144
14.000000,74.500000,4532.333322
15.000000,74.500000,4753.049257
16.000000,74.500000,4978.326892
17.000000,74.500000,5208.653848
18.000000,74.500000,5445.971491
19.000000,74.500000,5688.997536
10.000000,75.000000,3655.664833
11.000000,75.000000,3870.872130
12.000000,75.000000,4092.115527
13.000000,75.000000,4319.395025
14.000000,75.000000,4551.707548
15.000000,75.000000,4772.321713
16.000000,75.000000,4997.981821
17.000000,75.000000,5228.687873
18.000000,75.000000,5466.599537
19.000000,75.000000,5710.087911
10.000000,75.500000,3673.208417
11.000000,75.500000,3889.001360
12.000000,75.500000,4110.833970
13.000000,75.500000,4338.706245
14.000000,75.500000,4570.600505
15.000000,75.500000,4791.613798
16.000000,75.500000,5017.670251
17.000000,75.500000,5248.769863
18.000000,75.500000,5487.486574
19.000000,75.500000,5731.657355
10.000000,76.000000,3690.793995
11.000000,76.000000,3907.172943
12.000000,76.000000,4129.595123
13.000000,76.000000,4358.060532
14.000000,76.000000,4589.532515
15.000000,76.000000,4810.944728
16.000000,76.000000,5037.397317
17.000000,76.000000,5268.890280
18.000000,76.000000,5508.413119
19.000000,76.000000,5753.267171
10.000000,76.500000,3708.659614
11.000000,76.500000,3925.598038
12.000000,76.500000,4148.582081
13.000000,76.500000,4377.611744
14.000000,76.500000,4608.702341
15.000000,76.500000,4830.569572
16.000000,76.500000,5057.475564
10.000000,77.000000,3726.568367
11.000000,77.000000,3944.066472
12.000000,77.000000,4167.612588
13.000000,77.000000,4397.206714
14.000000,77.000000,4627.912093
15.000000,77.000000,4850.234323
16.000000,77.000000,5077.593693
10.000000,77.500000,3744.631134
11.000000,77.500000,3962.574476
12.000000,77.500000,4186.561659
13.000000,77.500000,4416.592683
14.000000,77.500000,4646.890980
15.000000,77.500000,4869.860417
16.000000,77.500000,5097.874582
10.000000,78.000000,3762.737567
11.000000,78.000000,3981.125801
12.000000,78.000000,4205.553709
13.000000,78.000000,4436.021290
14.000000,78.000000,4665.908670
15.000000,78.000000,4889.526093
16.000000,78.000000,5118.195829
10.000000,78.500000,3780.980543
11.000000,78.500000,3999.806983
12.000000,78.500000,4224.668193
13.000000,78.500000,4455.564172
14.000000,78.500000,4685.087059
15.000000,78.500000,4909.380925
16.000000,78.500000,5138.735967
10.000000,79.000000,3799.267635
11.000000,79.000000,4018.531892
12.000000,79.000000,4243.826016
13.000000,79.000000,4475.150008
14.000000,79.000000,4704.304739
15.000000,79.000000,4929.275931
16.000000,79.000000,5159.317166
10.000000,79.500000,3817.758086
11.000000,79.500000,4037.454011
12.000000,79.500000,4263.173821
13.000000,79.500000,4494.917516
14.000000,79.500000,4723.728482
15.000000,79.500000,4949.345854
16.000000,79.500000,5180.040659
10.000000,80.000000,3836.293422
11.000000,80.000000,4056.420575
12.000000,80.000000,4282.565630
13.000000,80.000000,4514.728585
14.000000,80.000000,4743.192190
15.000000,80.000000,4969.456490
16.000000,80.000000,5200.805612
10.000000,80.500000,3854.991397
11.000000,80.500000,4075.582217
12.000000,80.500000,4302.186358
13.000000,80.500000,4534.803820
14.000000,80.500000,4762.927843
15.000000,80.500000,4989.777633
16.000000,80.500000,5221.716766
10.000000,81.000000,3873.734827
11.000000,81.000000,4094.789009
12.000000,81.000000,4321.851929
13.000000,81.000000,4554.923589
14.000000,81.000000,4782.704407
15.000000,81.000000,5010.140170
16.000000,81.000000,5242.669794
10.000000,81.500000,3892.451239
11.000000,81.500000,4114.114807
12.000000,81.500000,4341.790530
13.000000,81.500000,4575.478409
14.000000,81.500000,4802.883520
15.000000,81.500000,5030.806314
16.000000,81.500000,5263.822998
10.000000,82.000000,3911.212758
11.000000,82.000000,4133.486102
12.000000,82.000000,4361.775016
13.000000,82.000000,4596.079498
14.000000,82.000000,4823.105038
15.000000,82.000000,5051.514918
16.000000,82.000000,5285.018716
10.000000,82.500000,3929.938596
11.000000,82.500000,4152.864248
12.000000,82.500000,4381.811407
13.000000,82.500000,4616.780074
14.000000,82.500000,4843.442391
15.000000,82.500000,5072.380273
16.000000,82.500000,5306.414212
10.000000,83.000000,3948.709154
11.000000,83.000000,4172.287709
12.000000,83.000000,4401.893710
13.000000,83.000000,4637.527156
14.000000,83.000000,4863.822455
15.000000,83.000000,5093.288563
16.000000,83.000000,5327.852865
10.000000,83.500000,3967.799609
11.000000,83.500000,4192.005227
12.000000,83.500000,4422.242076
13.000000,83.500000,4658.510155
14.000000,83.500000,4884.453547
15.000000,83.500000,5114.461610
16.000000,83.500000,5349.570275
10.000000,84.000000,3986.936098
11.000000,84.000000,4211.769226
12.000000,84.000000,4442.637365
13.000000,84.000000,4679.540515
14.000000,84.000000,4905.128248
15.000000,84.000000,5135.678525
16.000000,84.000000,5371.331810
10.000000,84.500000,4006.263510
11.000000,84.500000,4231.711394
12.000000,84.500000,4463.197447
13.000000,84.500000,4699.889610
14.000000,84.500000,4925.933569
15.000000,84.500000,5157.011774
16.000000,84.500000,5393.194614
10.000000,85.000000,4025.637655
11.000000,85.000000,4251.700662
12.000000,85.000000,4483.804993
13.000000,85.000000,4720.282804
14.000000,85.000000,4946.782869
15.000000,85.000000,5178.389194
16.000000,85.000000,5415.101777
10.000000,85.500000,4045.252798
11.000000,85.500000,4271.926142
12.000000,85.500000,4504.643473
13.000000,85.500000,4740.812300
14.000000,85.500000,4967.803985
15.000000,85.500000,5199.901763
9.000000,86.000000,3843.678260
10.000000,86.000000,4064.915612
11.000000,86.000000,4292.199613
12.000000,86.000000,4525.530262
13.000000,86.000000,4761.386288
14.000000,86.000000,4988.869621
15.000000,86.000000,5221.458880
9.000000,86.500000,3862.993584
10.000000,86.500000,4084.814456
11.000000,86.500000,4312.682976
12.000000,86.500000,4546.599144
13.000000,86.500000,4782.116434
14.000000,86.500000,5010.117021
15.000000,86.500000,5243.222989
9.000000,87.000000,3882.357319
10.000000,87.000000,4104.761886
11.000000,87.000000,4333.215098
12.000000,87.000000,4567.716954
13.000000,87.000000,4802.891551
14.000000,87.000000,5031.409491
15.000000,87.000000,5265.032257
9.000000,87.500000,3902.016129
10.000000,87.500000,4124.952808
11.000000,87.500000,4353.936127
12.000000,87.500000,4588.966088
13.000000,87.500000,4823.772976
14.000000,87.500000,5052.826600
15.000000,87.500000,5286.985348
9.000000,88.000000,3921.724586
10.000000,88.000000,4145.193265
11.000000,88.000000,4374.706580
12.000000,88.000000,4610.264531
13.000000,88.000000,4844.699637
14.000000,88.000000,5074.289118
15.000000,88.000000,5308.984013
9.000000,88.500000,3941.669719
10.000000,88.500000,4165.771831
11.000000,88.500000,4395.921843
12.000000,88.500000,4632.119756
13.000000,88.500000,4866.171093
14.000000,88.500000,5096.196974
15.000000,88.500000,5331.324089
9.000000,89.000000,3961.665440
10.000000,89.000000,4186.401349
11.000000,89.000000,4417.188422
12.000000,89.000000,4654.026658
13.000000,89.000000,4887.689957
14.000000,89.000000,5118.151945
15.000000,89.000000,5353.710985
9.000000,89.500000,3981.817478
10.000000,89.500000,4207.136796
11.000000,89.500000,4438.507319
12.000000,89.500000,4675.929045
13.000000,89.500000,4909.140655
14.000000,89.500000,5140.074125
15.000000,89.500000,5376.102818
9.000000,90.000000,4002.020638
10.000000,90.000000,4227.923464
11.000000,90.000000,4459.877531
12.000000,90.000000,4697.882837
13.000000,90.000000,4930.638224
14.000000,90.000000,5162.043061
15.000000,90.000000,5398.541288
9.000000,90.500000,4022.460960
10.000000,90.500000,4248.876395
11.000000,90.500000,4481.338146
12.000000,90.500000,4719.846214
13.000000,90.500000,4952.116301
14.000000,90.500000,5184.013775
15.000000,90.500000,5421.004102
9.000000,91.000000,4042.953349
10.000000,91.000000,4269.881116
11.000000,91.000000,4502.850265
12.000000,91.000000,4741.860797
13.000000,91.000000,4973.640948
14.000000,91.000000,5206.031046
15.000000,91.000000,5443.513460
9.000000,91.500000,4063.049787
10.000000,91.500000,4290.627317
11.000000,91.500000,4524.249384
12.000000,91.500000,4763.915987
13.000000,91.500000,4995.280369
14.000000,91.500000,5228.199911
15.000000,91.500000,5466.212903
9.000000,92.000000,4083.196049
10.000000,92.000000,4311.423796
11.000000,92.000000,4545.699224
12.000000,92.000000,4786.022335
13.000000,92.000000,5016.966669
14.000000,92.000000,5250.415792
15.000000,92.000000,5488.959499
9.000000,92.500000,4103.533833
10.000000,92.500000,4332.395930
11.000000,92.500000,4567.308269
12.000000,92.500000,4808.270851
13.000000,92.500000,5038.808755
14.000000,92.500000,5272.790280
15.000000,92.500000,5511.867122
9.000000,93.000000,4123.922141
10.000000,93.000000,4353.418947
11.000000,93.000000,4588.968550
12.000000,93.000000,4830.570951
13.000000,93.000000,5060.698210
14.000000,93.000000,5295.212269
15.000000,93.000000,5534.822376
9.000000,93.500000,4144.561573
10.000000,93.500000,4374.656560
11.000000,93.500000,4610.805194
12.000000,93.500000,4852.460500
13.000000,93.500000,5082.878747
14.000000,93.500000,5318.042157
9.000000,94.000000,4165.252524
10.000000,94.000000,4395.945849
11.000000,94.000000,4632.693669
12.000000,94.000000,4874.399514
13.000000,94.000000,5105.107729
14.000000,94.000000,5340.921078
9.000000,94.500000,4186.292839
10.000000,94.500000,4417.499999
11.000000,94.500000,4654.757838
12.000000,94.500000,4896.095261
13.000000,94.500000,5127.392836
14.000000,94.500000,5363.797732
9.000000,95.000000,4207.386160
10.000000,95.000000,4439.106860
11.000000,95.000000,4676.874424
12.000000,95.000000,4917.839143
13.000000,95.000000,5149.726425
14.000000,95.000000,5386.723210
9.000000,95.500000,4228.706696
10.000000,95.500000,4460.889131
11.000000,95.500000,4699.111861
12.000000,95.500000,4939.678014
13.000000,95.500000,5172.094317
14.000000,95.500000,5409.619811
9.000000,96.000000,4250.081112
10.000000,96.000000,4482.724711
11.000000,96.000000,4721.402038
12.000000,96.000000,4961.565228
13.000000,96.000000,5194.510636
14.000000,96.000000,5432.564918
9.000000,96.500000,4271.678362
10.000000,96.500000,4504.867181
11.000000,96.500000,4744.087078
12.000000,96.500000,4983.887511
13.000000,96.500000,5217.384570
14.000000,96.500000,5455.991172
8.000000,97.000000,4065.624910
9.000000,97.000000,4293.330340
10.000000,97.000000,4527.064196
11.000000,97.000000,4766.826478
12.000000,97.000000,5006.259821
13.000000,97.000000,5240.308682
14.000000,97.000000,5479.467749
8.000000,97.500000,4087.025905
9.000000,97.500000,4315.495308
10.000000,97.500000,4549.999952
11.000000,97.500000,4790.539836
12.000000,97.500000,5029.526693
13.000000,97.500000,5263.972971
14.000000,97.500000,5503.523974
8.000000,98.000000,4108.483078
9.000000,98.000000,4337.717336
10.000000,98.000000,4572.993637
11.000000,98.000000,4814.311982
12.000000,98.000000,5052.847311
13.000000,98.000000,5287.690420
14.000000,98.000000,5527.632773
8.000000,98.500000,4130.201514
9.000000,98.500000,4360.251798
10.000000,98.500000,4596.352776
11.000000,98.500000,4838.504447
8.000000,99.000000,4151.977203
9.000000,99.000000,4382.844630
10.000000,99.000000,4619.771385
11.000000,99.000000,4862.757467
8.000000,99.500000,4173.881974
9.000000,99.500000,4405.624319
10.000000,99.500000,4643.437135
11.000000,99.500000,4887.320422
8.000000,100.000000,4195.844373
9.000000,100.000000,4428.463031
10.000000,100.000000,4667.163288
11.000000,100.000000,4911.945144
8.000000,100.500000,4217.503594
9.000000,100.500000,4451.130067
10.000000,100.500000,4690.856630
11.000000,100.500000,4936.683283
8.000000,101.000000,4239.218564
9.000000,101.000000,4473.854927
10.000000,101.000000,4714.609873
11.000000,101.000000,4961.483405
8.000000,101.500000,4261.296536
9.000000,101.500000,4496.723598
10.000000,101.500000,4738.276342
8.000000,102.000000,4283.431831
9.000000,102.000000,4519.650526
10.000000,102.000000,4762.001983
8.000000,102.500000,4305.939898
9.000000,102.500000,4542.756889
10.000000,102.500000,4785.704597
8.000000,103.000000,4328.506920
9.000000,103.000000,4565.922136
10.000000,103.000000,4809.466018
8.000000,103.500000,4351.305811
9.000000,103.500000,4589.372322
10.000000,103.500000,4833.567767
8.000000,104.000000,4374.164550
9.000000,104.000000,4612.882528
10.000000,104.000000,4857.729698
8.000000,104.500000,4397.297993
9.000000,104.500000,4636.714967
10.000000,104.500000,4882.263007
8.000000,105.000000,4420.492407
9.000000,105.000000,4660.608755
10.000000,105.000000,4906.858031
8.000000,105.500000,4443.985611
9.000000,105.500000,4684.822577
10.000000,105.500000,4931.794344
8.000000,106.000000,4467.541040
9.000000,106.000000,4709.099071
10.000000,106.000000,4956.793753
8.000000,106.500000,4491.393835
9.000000,106.500000,4733.711158
10.000000,106.500000,4982.167976
8.000000,107.000000,4515.310095
9.000000,107.000000,4758.387310
10.000000,107.000000,5007.606836
8.000000,107.500000,4539.571631
9.000000,107.500000,4783.483405
10.000000,107.500000,5033.543351
8.000000,108.000000,4563.898110
9.000000,108.000000,4808.645383
10.000000,108.000000,5059.546659
8.000000,108.500000,4588.223646
9.000000,108.500000,4834.054790
10.000000,108.500000,5086.059052
7.000000,109.000000,4371.888702
8.000000,109.000000,4612.613709
9.000000,109.000000,4859.530957
10.000000,109.000000,5112.640447
7.000000,109.500000,4395.722059
8.000000,109.500000,4637.548245
9.000000,109.500000,4885.586866
7.000000,110.000000,4419.620082
8.000000,110.000000,4662.549807
9.000000,110.000000,4911.712172
7.000000,110.500000,4443.936364
8.000000,110.500000,4687.983016
9.000000,110.500000,4938.282453
7.000000,111.000000,4468.319195
8.000000,111.000000,4713.485163
9.000000,111.000000,4964.924068
7.000000,111.500000,4493.047940
8.000000,111.500000,4739.373614
9.000000,111.500000,4991.993767
7.000000,112.000000,4517.844722
8.000000,112.000000,4765.332667
9.000000,112.000000,5019.136643
7.000000,112.500000,4543.038274
8.000000,112.500000,4791.486450
9.000000,112.500000,5046.261153
7.000000,113.000000,4568.301619
8.000000,113.000000,4817.711447
9.000000,113.000000,5073.458275
7.000000,113.500000,4593.969377
8.000000,113.500000,4844.254517
9.000000,113.500000,5100.882573
7.000000,114.000000,4619.708732
8.000000,114.000000,4870.870101
9.000000,114.000000,5128.380278
7.000000,114.500000,4645.867256
8.000000,114.500000,4897.870610
9.000000,114.500000,5156.226824
7.000000,115.000000,4672.099264
8.000000,115.000000,4924.945300
9.000000,115.000000,5184.148226
7.000000,115.500000,4698.651935
8.000000,115.500000,4952.361092
9.000000,115.500000,5212.431625
7.000000,116.000000,4725.279414
8.000000,116.000000,4979.852452
9.000000,116.000000,5240.791329
7.000000,116.500000,4752.231330
8.000000,116.500000,5007.688690
7.000000,117.000000,4779.259386
8.000000,117.000000,5035.601889
7.000000,117.500000,4806.091085
8.000000,117.500000,5063.623212
6.000000,118.000000,4580.688558
7.000000,118.000000,4832.997367
8.000000,118.000000,5091.721594
6.000000,118.500000,4606.871746
7.000000,118.500000,4860.359198
8.000000,118.500000,5120.282071
6.000000,119.000000,4633.129081
7.000000,119.000000,4887.797659
8.000000,119.000000,5148.921664
6.000000,119.500000,4659.886988
7.000000,119.500000,4915.757059
8.000000,119.500000,5178.103249
6.000000,120.000000,4686.721343
7.000000,120.000000,4943.795462
8.000000,120.000000,5207.366404
6.000000,120.500000,4714.033976
7.000000,120.500000,4972.277502
8.000000,120.500000,5237.036535
6.000000,121.000000,4741.425232
7.000000,121.000000,5000.840492
8.000000,121.000000,5266.789950
6.000000,121.500000,4769.276679
7.000000,121.500000,5029.828753
8.000000,121.500000,5296.931734
6.000000,122.000000,4797.208820
7.000000,122.000000,5058.899806
8.000000,122.000000,5327.158412
6.000000,122.500000,4825.725154
7.000000,122.500000,5088.450339
6.000000,123.000000,4854.324998
7.000000,123.000000,5118.085829
6.000000,123.500000,4883.330047
7.000000,123.500000,5148.221298
6.000000,124.000000,4912.420421
7.000000,124.000000,5178.444015
