weight_g,219.000000
thrust_N,velocity_m_s,power_W
22.000000,0.000000,1679.589016
23.000000,0.000000,1760.066134
24.000000,0.000000,1842.377647
25.000000,0.000000,1926.523555
26.000000,0.000000,2012.503859
27.000000,0.000000,2100.318557
28.000000,0.000000,2189.967652
29.000000,0.000000,2277.978701
30.000000,0.000000,2365.438123
31.000000,0.000000,2454.481649
32.000000,0.000000,2545.109279
33.000000,0.000000,2637.321013
34.000000,0.000000,2731.116851
35.000000,0.000000,2826.040176
36.000000,0.000000,2922.483189
37.000000,0.000000,3020.446582
38.000000,0.000000,3119.930356
39.000000,0.000000,3222.587857
40.000000,0.000000,3330.081140
41.000000,0.000000,3439.164431
42.000000,0.000000,3549.837729
22.000000,0.500000,1684.920167
23.000000,0.500000,1765.634264
24.000000,0.500000,1848.188100
25.000000,0.500000,1932.581676
26.000000,0.500000,2018.814991
27.000000,0.500000,2106.888047
28.000000,0.500000,2196.800842
29.000000,0.500000,2284.491278
30.000000,0.500000,2372.109031
31.000000,0.500000,2461.312867
32.000000,0.500000,2552.102786
33.000000,0.500000,2644.478786
34.000000,0.500000,2738.412827
35.000000,0.500000,2833.549588
36.000000,0.500000,2930.209470
37.000000,0.500000,3028.392824
38.000000,0.500000,3128.099650
39.000000,0.500000,3231.361470
40.000000,0.500000,3338.947873
41.000000,0.500000,3448.124150
42.000000,0.500000,3558.890300
22.000000,1.000000,1690.258951
23.000000,1.000000,1771.210383
24.000000,1.000000,1854.006908
25.000000,1.000000,1938.648523
26.000000,1.000000,2025.135231
27.000000,1.000000,2113.467030
28.000000,1.000000,2203.643921
29.000000,1.000000,2291.012114
30.000000,1.000000,2378.788368
31.000000,1.000000,2468.152683
32.000000,1.000000,2559.105057
33.000000,1.000000,2651.645491
34.000000,1.000000,2745.717351
35.000000,1.000000,2841.067773
36.000000,1.000000,2937.944760
37.000000,1.000000,3036.348314
38.000000,1.000000,3136.278434
39.000000,1.000000,3240.144976
40.000000,1.000000,3347.824512
41.000000,1.000000,3457.093784
42.000000,1.000000,3567.952794
22.000000,1.500000,1695.634960
23.000000,1.500000,1776.823726
24.000000,1.500000,1859.862905
25.000000,1.500000,1944.752499
26.000000,1.500000,2031.492506
27.000000,1.500000,2120.082928
28.000000,1.500000,2210.523763
29.000000,1.500000,2297.540206
30.000000,1.500000,2385.477718
31.000000,1.500000,2475.005345
32.000000,1.500000,2566.123085
33.000000,1.500000,2658.830939
34.000000,1.500000,2753.059185
35.000000,1.500000,2848.623274
36.000000,1.500000,2945.717003
37.000000,1.500000,3044.340372
38.000000,1.500000,3144.493381
39.000000,1.500000,3248.916607
40.000000,1.500000,3356.693218
41.000000,1.500000,3466.059521
42.000000,1.500000,3577.015514
22.000000,2.000000,1701.018694
23.000000,2.000000,1782.445149
24.000000,2.000000,1865.727349
25.000000,2.000000,1950.865292
26.000000,2.000000,2037.858979
27.000000,2.000000,2126.708410
28.000000,2.000000,2217.413585
29.000000,2.000000,2304.076581
30.000000,2.000000,2392.175525
31.000000,2.000000,2481.866637
32.000000,2.000000,2573.149916
33.000000,2.000000,2666.025362
34.000000,2.000000,2760.409627
35.000000,2.000000,2856.187616
36.000000,2.000000,2953.498322
37.000000,2.000000,3052.341745
38.000000,2.000000,3152.717885
39.000000,2.000000,3257.698116
40.000000,2.000000,3365.571822
41.000000,2.000000,3475.035171
42.000000,2.000000,3586.088161
22.000000,2.500000,1706.390375
23.000000,2.500000,1788.061912
24.000000,2.500000,1871.594890
25.000000,2.500000,1956.989307
26.000000,2.500000,2044.245163
27.000000,2.500000,2133.362460
28.000000,2.500000,2223.874636
29.000000,2.500000,2310.621710
30.000000,2.500000,2398.884832
31.000000,2.500000,2488.742251
32.000000,2.500000,2580.193966
33.000000,2.500000,2673.239978
34.000000,2.500000,2767.797305
35.000000,2.500000,2863.788842
36.000000,2.500000,2961.316153
37.000000,2.500000,3060.379237
38.000000,2.500000,3160.978096
39.000000,2.500000,3266.470019
40.000000,2.500000,3374.444737
41.000000,2.500000,3484.009138
22.000000,3.000000,1711.769715
23.000000,3.000000,1793.686715
24.000000,3.000000,1877.470860
25.000000,3.000000,1963.122149
26.000000,3.000000,2050.640581
27.000000,3.000000,2140.026158
28.000000,3.000000,2230.344097
29.000000,3.000000,2317.175149
30.000000,3.000000,2405.602627
31.000000,3.000000,2495.626530
32.000000,3.000000,2587.246859
33.000000,3.000000,2680.463614
34.000000,3.000000,2775.193659
35.000000,3.000000,2871.398976
36.000000,3.000000,2969.143127
37.000000,3.000000,3068.426110
38.000000,3.000000,3169.247927
39.000000,3.000000,3275.251789
40.000000,3.000000,3383.327543
41.000000,3.000000,3492.993020
22.000000,3.500000,1717.205424
23.000000,3.500000,1799.379205
24.000000,3.500000,1883.426089
25.000000,3.500000,1969.346078
26.000000,3.500000,2057.139170
27.000000,3.500000,2146.805366
28.000000,3.500000,2236.818813
29.000000,3.500000,2323.801634
30.000000,3.500000,2412.382536
31.000000,3.500000,2502.561517
32.000000,3.500000,2594.338577
33.000000,3.500000,2687.713717
34.000000,3.500000,2782.626822
35.000000,3.500000,2879.045560
36.000000,3.500000,2977.006171
37.000000,3.500000,3076.508654
38.000000,3.500000,3177.676470
39.000000,3.500000,3284.026180
40.000000,3.500000,3392.206866
41.000000,3.500000,3501.977401
22.000000,4.000000,1722.649081
23.000000,4.000000,1805.080034
24.000000,4.000000,1889.390060
25.000000,4.000000,1975.579160
26.000000,4.000000,2063.647332
27.000000,4.000000,2153.594578
28.000000,4.000000,2243.301904
29.000000,4.000000,2330.436637
30.000000,4.000000,2419.171104
31.000000,4.000000,2509.505303
32.000000,4.000000,2601.439236
33.000000,4.000000,2694.972902
34.000000,4.000000,2790.068728
35.000000,4.000000,2886.701119
36.000000,4.000000,2984.878424
37.000000,4.000000,3084.600643
38.000000,4.000000,3186.114759
39.000000,4.000000,3292.810431
40.000000,4.000000,3401.096078
41.000000,4.000000,3510.971699
22.000000,4.500000,1728.204006
23.000000,4.500000,1810.924384
24.000000,4.500000,1895.531122
25.000000,4.500000,1982.024219
26.000000,4.500000,2070.403677
27.000000,4.500000,2160.669494
28.000000,4.500000,2250.078531
29.000000,4.500000,2337.440921
30.000000,4.500000,2426.406941
31.000000,4.500000,2516.976591
32.000000,4.500000,2609.149872
33.000000,4.500000,2702.926783
34.000000,4.500000,2798.138940
35.000000,4.500000,2894.873081
36.000000,4.500000,2993.151922
37.000000,4.500000,3092.975462
38.000000,4.500000,3194.934836
39.000000,4.500000,3301.720352
40.000000,4.500000,3410.095274
41.000000,4.500000,3520.059599
21.000000,5.000000,1652.650639
22.000000,5.000000,1733.767270
23.000000,5.000000,1816.777563
24.000000,5.000000,1901.681517
25.000000,5.000000,1988.479132
26.000000,5.000000,2077.170408
27.000000,5.000000,2167.755345
28.000000,5.000000,2256.864423
29.000000,5.000000,2344.454774
30.000000,5.000000,2433.652657
31.000000,5.000000,2524.458072
32.000000,5.000000,2616.871020
33.000000,5.000000,2710.891499
34.000000,5.000000,2806.219378
35.000000,5.000000,2903.055273
36.000000,5.000000,3001.435651
37.000000,5.000000,3101.360511
38.000000,5.000000,3203.765307
39.000000,5.000000,3310.640634
40.000000,5.000000,3419.104795
41.000000,5.000000,3529.157790
21.000000,5.500000,1657.980565
22.000000,5.500000,1739.382620
23.000000,5.500000,1822.685715
24.000000,5.500000,1907.889847
25.000000,5.500000,1994.995019
26.000000,5.500000,2084.001229
27.000000,5.500000,2174.908477
28.000000,5.500000,2263.702021
29.000000,5.500000,2351.539851
30.000000,5.500000,2440.989772
31.000000,5.500000,2532.051785
32.000000,5.500000,2624.725889
33.000000,5.500000,2718.987820
34.000000,5.500000,2814.394557
35.000000,5.500000,2911.327122
36.000000,5.500000,3009.803981
37.000000,5.500000,3109.825135
38.000000,5.500000,3212.670015
39.000000,5.500000,3319.647521
40.000000,5.500000,3428.213807
41.000000,5.500000,3538.368875
21.000000,6.000000,1663.318476
22.000000,6.000000,1745.006440
23.000000,6.000000,1828.602835
24.000000,6.000000,1914.107660
25.000000,6.000000,2001.520915
26.000000,6.000000,2090.842601
27.000000,6.000000,2182.072717
28.000000,6.000000,2270.549006
29.000000,6.000000,2358.634671
30.000000,6.000000,2448.336994
31.000000,6.000000,2539.655973
32.000000,6.000000,2632.591610
33.000000,6.000000,2727.095081
34.000000,6.000000,2822.580225
35.000000,6.000000,2919.609472
36.000000,6.000000,3018.182821
37.000000,6.000000,3118.300274
38.000000,6.000000,3221.585449
39.000000,6.000000,3328.665140
40.000000,6.000000,3437.333558
41.000000,6.000000,3547.590702
21.000000,6.500000,1668.821210
22.000000,6.500000,1750.781472
23.000000,6.500000,1834.656748
24.000000,6.500000,1920.447037
25.000000,6.500000,2008.152340
26.000000,6.500000,2097.772656
27.000000,6.500000,2189.307986
28.000000,6.500000,2277.443990
29.000000,6.500000,2365.781053
30.000000,6.500000,2455.739429
31.000000,6.500000,2547.319118
32.000000,6.500000,2640.520119
33.000000,6.500000,2735.185184
34.000000,6.500000,2830.766937
35.000000,6.500000,2927.892595
36.000000,6.500000,3026.562157
37.000000,6.500000,3126.775623
38.000000,6.500000,3230.502392
39.000000,6.500000,3337.684221
40.000000,6.500000,3446.454722
41.000000,6.500000,3556.813893
21.000000,7.000000,1674.332414
22.000000,7.000000,1756.565417
23.000000,7.000000,1840.720028
24.000000,7.000000,1926.796247
25.000000,7.000000,2014.794073
26.000000,7.000000,2104.713507
27.000000,7.000000,2196.554549
28.000000,7.000000,2284.348471
29.000000,7.000000,2372.937298
30.000000,7.000000,2463.152099
31.000000,7.000000,2554.992875
32.000000,7.000000,2648.459626
33.000000,7.000000,2743.285766
34.000000,7.000000,2838.964143
35.000000,7.000000,2936.186222
36.000000,7.000000,3034.952004
37.000000,7.000000,3135.261487
38.000000,7.000000,3239.430062
39.000000,7.000000,3346.714037
40.000000,7.000000,3455.586625
41.000000,7.000000,3566.047827
21.000000,7.500000,1680.119218
22.000000,7.500000,1762.627504
23.000000,7.500000,1847.063807
24.000000,7.500000,1933.428127
25.000000,7.500000,2021.720464
26.000000,7.500000,2111.940818
27.000000,7.500000,2203.880643
28.000000,7.500000,2291.476115
29.000000,7.500000,2380.284590
30.000000,7.500000,2470.722376
31.000000,7.500000,2562.789474
32.000000,7.500000,2656.485883
33.000000,7.500000,2751.387536
34.000000,7.500000,2847.162269
35.000000,7.500000,2944.480494
36.000000,7.500000,3043.342213
37.000000,7.500000,3143.747424
38.000000,7.500000,3248.359226
39.000000,7.500000,3355.745297
40.000000,7.500000,3464.719923
41.000000,7.500000,3575.283105
21.000000,8.000000,1685.915351
22.000000,8.000000,1768.699370
23.000000,8.000000,1853.417826
24.000000,8.000000,1940.070719
25.000000,8.000000,2028.658048
26.000000,8.000000,2119.179814
27.000000,8.000000,2211.218133
28.000000,8.000000,2298.613874
29.000000,8.000000,2387.642266
30.000000,8.000000,2478.303310
31.000000,8.000000,2570.597005
32.000000,8.000000,2664.523352
33.000000,8.000000,2759.499791
34.000000,8.000000,2855.370892
35.000000,8.000000,2952.785274
36.000000,8.000000,3051.742935
37.000000,8.000000,3152.243876
38.000000,8.000000,3257.299118
39.000000,8.000000,3364.787293
40.000000,8.000000,3473.863962
41.000000,8.000000,3584.529126
21.000000,8.500000,1691.785276
22.000000,8.500000,1774.886545
23.000000,8.500000,1859.930509
24.000000,8.500000,1946.917167
25.000000,8.500000,2035.846519
26.000000,8.500000,2126.718566
27.000000,8.500000,2218.427936
28.000000,8.500000,2306.036551
29.000000,8.500000,2395.280980
30.000000,8.500000,2486.161224
31.000000,8.500000,2578.677282
32.000000,8.500000,2672.829155
33.000000,8.500000,2767.821648
34.000000,8.500000,2863.779301
35.000000,8.500000,2961.279309
36.000000,8.500000,3060.321673
37.000000,8.500000,3160.906394
38.000000,8.500000,3266.377490
39.000000,8.500000,3373.930248
40.000000,8.500000,3483.070280
21.000000,9.000000,1697.664740
22.000000,9.000000,1781.083846
23.000000,9.000000,1866.453922
24.000000,9.000000,1953.774967
25.000000,9.000000,2043.046982
26.000000,9.000000,2134.269967
27.000000,9.000000,2225.648434
28.000000,9.000000,2313.470192
29.000000,9.000000,2402.930930
30.000000,9.000000,2494.030648
31.000000,9.000000,2586.769346
32.000000,9.000000,2681.147024
33.000000,9.000000,2776.154701
34.000000,9.000000,2872.198842
35.000000,9.000000,2969.784413
36.000000,9.000000,3068.911416
37.000000,9.000000,3169.579850
38.000000,9.000000,3275.466932
39.000000,9.000000,3383.084181
40.000000,9.000000,3492.287485
21.000000,9.500000,1703.609651
22.000000,9.500000,1787.349417
23.000000,9.500000,1873.048464
24.000000,9.500000,1960.706791
25.000000,9.500000,2050.324401
26.000000,9.500000,2141.901291
27.000000,9.500000,2232.911315
28.000000,9.500000,2320.968286
29.000000,9.500000,2410.668208
30.000000,9.500000,2502.011082
31.000000,9.500000,2594.996907
32.000000,9.500000,2689.625684
33.000000,9.500000,2784.662743
34.000000,9.500000,2880.870721
35.000000,9.500000,2978.621538
36.000000,9.500000,3077.915195
37.000000,9.500000,3179.031074
38.000000,9.500000,3285.076009
39.000000,9.500000,3392.778228
40.000000,9.500000,3502.065657
21.000000,10.000000,1709.564297
22.000000,10.000000,1793.625315
23.000000,10.000000,1879.653944
24.000000,10.000000,1967.650183
25.000000,10.000000,2057.614032
26.000000,10.000000,2149.545492
27.000000,10.000000,2240.185000
28.000000,10.000000,2328.477520
29.000000,10.000000,2418.416968
30.000000,10.000000,2510.003344
31.000000,10.000000,2603.236647
32.000000,10.000000,2698.116877
33.000000,10.000000,2793.182476
34.000000,10.000000,2889.554430
35.000000,10.000000,2987.470631
36.000000,10.000000,3086.931079
37.000000,10.000000,3188.494721
38.000000,10.000000,3294.697481
39.000000,10.000000,3402.484606
40.000000,10.000000,3511.856095
21.000000,10.500000,1715.703944
22.000000,10.500000,1800.069834
23.000000,10.500000,1886.410363
24.000000,10.500000,1974.725532
25.000000,10.500000,2065.015339
26.000000,10.500000,2157.279786
27.000000,10.500000,2247.500240
28.000000,10.500000,2336.029731
29.000000,10.500000,2426.210147
30.000000,10.500000,2518.041489
31.000000,10.500000,2611.523757
32.000000,10.500000,2706.608424
33.000000,10.500000,2801.719892
34.000000,10.500000,2898.257722
35.000000,10.500000,2996.341253
36.000000,10.500000,3095.970483
37.000000,10.500000,3198.036348
38.000000,10.500000,3304.364587
39.000000,10.500000,3412.277520
40.000000,10.500000,3521.775147
21.000000,11.000000,1721.854092
22.000000,11.000000,1806.525362
23.000000,11.000000,1893.178311
24.000000,11.000000,1981.812939
25.000000,11.000000,2072.429245
26.000000,11.000000,2165.027230
27.000000,11.000000,2254.826387
28.000000,11.000000,2343.593189
29.000000,11.000000,2434.014918
30.000000,11.000000,2526.091577
31.000000,11.000000,2619.823163
32.000000,11.000000,2715.112339
33.000000,11.000000,2810.269037
34.000000,11.000000,2906.972886
35.000000,11.000000,3005.223887
36.000000,11.000000,3105.022040
37.000000,11.000000,3207.590443
38.000000,11.000000,3314.044202
39.000000,11.000000,3422.082984
40.000000,11.000000,3531.706787
21.000000,11.500000,1728.081404
22.000000,11.500000,1813.076462
23.000000,11.500000,1900.061171
24.000000,11.500000,1989.035531
25.000000,11.500000,2079.999544
26.000000,11.500000,2172.953208
27.000000,11.500000,2262.301223
28.000000,11.500000,2351.286348
29.000000,11.500000,2441.929336
30.000000,11.500000,2534.230185
31.000000,11.500000,2628.188896
32.000000,11.500000,2723.513698
33.000000,11.500000,2818.836843
34.000000,11.500000,2915.708636
35.000000,11.500000,3014.129077
36.000000,11.500000,3114.098167
37.000000,11.500000,3217.151875
38.000000,11.500000,3323.731092
39.000000,11.500000,3431.895656
40.000000,11.500000,3541.645566
20.000000,12.000000,1650.997667
21.000000,12.000000,1734.319461
22.000000,12.000000,1819.638895
23.000000,12.000000,1906.955969
24.000000,12.000000,1996.270682
25.000000,12.000000,2087.583036
26.000000,12.000000,2180.893029
27.000000,12.000000,2269.787551
28.000000,12.000000,2358.991247
29.000000,12.000000,2449.855740
30.000000,12.000000,2542.381032
31.000000,12.000000,2636.567121
32.000000,12.000000,2731.926680
33.000000,12.000000,2827.416418
34.000000,12.000000,2924.456301
35.000000,12.000000,3023.046328
36.000000,12.000000,3123.186499
37.000000,12.000000,3226.725789
38.000000,12.000000,3333.430506
39.000000,12.000000,3441.720892
40.000000,12.000000,3551.596945
20.000000,12.500000,1656.998341
21.000000,12.500000,1740.645371
22.000000,12.500000,1826.298431
23.000000,12.500000,1913.957519
24.000000,12.500000,2003.622636
25.000000,12.500000,2095.293782
26.000000,12.500000,2188.934183
27.000000,12.500000,2277.390059
28.000000,12.500000,2366.833319
29.000000,12.500000,2457.941074
30.000000,12.500000,2550.713324
31.000000,12.500000,2645.150069
32.000000,12.500000,2740.522294
33.000000,12.500000,2836.147828
34.000000,12.500000,2933.323629
35.000000,12.500000,3032.049698
36.000000,12.500000,3132.326035
37.000000,12.500000,3236.319732
38.000000,12.500000,3343.145987
39.000000,12.500000,3451.558080
40.000000,12.500000,3561.556013
20.000000,13.000000,1663.009420
21.000000,13.000000,1746.982298
22.000000,13.000000,1832.969610
23.000000,13.000000,1920.971358
24.000000,13.000000,2010.987541
25.000000,13.000000,2103.018158
26.000000,13.000000,2196.989518
27.000000,13.000000,2285.004463
28.000000,13.000000,2374.687604
29.000000,13.000000,2466.038941
30.000000,13.000000,2559.058476
31.000000,13.000000,2653.746206
32.000000,13.000000,2749.130188
33.000000,13.000000,2844.891533
34.000000,13.000000,2942.203269
35.000000,13.000000,3041.065396
36.000000,13.000000,3141.477915
37.000000,13.000000,3245.926214
38.000000,13.000000,3352.874033
39.000000,13.000000,3461.407860
40.000000,13.000000,3571.527694
20.000000,13.500000,1669.437427
21.000000,13.500000,1753.684953
22.000000,13.500000,1839.952624
23.000000,13.500000,1928.240441
24.000000,13.500000,2018.548403
25.000000,13.500000,2110.876510
26.000000,13.500000,2204.411569
27.000000,13.500000,2292.681574
28.000000,13.500000,2382.624244
29.000000,13.500000,2474.239579
30.000000,13.500000,2567.527578
31.000000,13.500000,2662.488242
32.000000,13.500000,2757.876212
33.000000,13.500000,2853.817376
34.000000,13.500000,2951.310514
35.000000,13.500000,3050.355626
36.000000,13.500000,3150.952711
37.000000,13.500000,3255.806386
38.000000,13.500000,3362.819557
39.000000,13.500000,3471.416809
20.000000,14.000000,1675.877186
21.000000,14.000000,1760.399802
22.000000,14.000000,1846.948281
23.000000,14.000000,1935.522624
24.000000,14.000000,2026.122830
25.000000,14.000000,2118.748900
26.000000,14.000000,2211.845308
27.000000,14.000000,2300.370757
28.000000,14.000000,2390.573344
29.000000,14.000000,2482.453070
30.000000,14.000000,2576.009935
31.000000,14.000000,2671.243938
32.000000,14.000000,2766.634979
33.000000,14.000000,2862.756114
34.000000,14.000000,2960.430805
35.000000,14.000000,3059.659052
36.000000,14.000000,3160.440857
37.000000,14.000000,3265.699992
38.000000,14.000000,3372.778343
39.000000,14.000000,3481.438849
20.000000,14.500000,1682.541472
21.000000,14.500000,1767.316219
22.000000,14.500000,1854.121354
23.000000,14.500000,1942.956880
24.000000,14.500000,2033.822794
25.000000,14.500000,2126.719098
26.000000,14.500000,2219.350409
27.000000,14.500000,2308.128945
28.000000,14.500000,2398.588900
29.000000,14.500000,2490.730275
30.000000,14.500000,2584.553069
31.000000,14.500000,2680.057282
32.000000,14.500000,2775.427294
33.000000,14.500000,2871.742624
34.000000,14.500000,2969.613579
35.000000,14.500000,3069.040158
36.000000,14.500000,3170.198058
37.000000,14.500000,3275.672909
38.000000,14.500000,3382.848001
39.000000,14.500000,3491.604781
20.000000,15.000000,1689.218248
21.000000,15.000000,1774.245489
22.000000,15.000000,1861.307650
23.000000,15.000000,1950.404731
24.000000,15.000000,2041.536732
25.000000,15.000000,2134.703653
26.000000,15.000000,2226.867426
27.000000,15.000000,2315.899417
28.000000,15.000000,2406.617112
29.000000,15.000000,2499.020513
30.000000,15.000000,2593.109619
31.000000,15.000000,2688.884430
32.000000,15.000000,2784.232432
33.000000,15.000000,2880.742154
34.000000,15.000000,2978.809570
35.000000,15.000000,3078.434680
36.000000,15.000000,3179.968979
37.000000,15.000000,3285.659559
38.000000,15.000000,3392.931355
39.000000,15.000000,3501.784366
20.000000,15.500000,1695.942201
21.000000,15.500000,1781.241498
22.000000,15.500000,1868.581273
23.000000,15.500000,1957.961526
24.000000,15.500000,2049.382258
25.000000,15.500000,2142.843469
26.000000,15.500000,2234.550601
27.000000,15.500000,2323.815982
28.000000,15.500000,2414.770222
29.000000,15.500000,2507.413321
30.000000,15.500000,2601.745280
31.000000,15.500000,2697.721925
32.000000,15.500000,2793.066455
33.000000,15.500000,2889.772279
34.000000,15.500000,2988.037902
35.000000,15.500000,3087.863324
36.000000,15.500000,3189.852765
37.000000,15.500000,3295.640511
38.000000,15.500000,3403.009002
39.000000,15.500000,3511.958239
20.000000,16.000000,1702.678813
21.000000,16.000000,1788.250618
22.000000,16.000000,1875.868467
23.000000,16.000000,1965.532360
24.000000,16.000000,2057.242296
25.000000,16.000000,2150.998277
26.000000,16.000000,2242.246330
27.000000,16.000000,2331.745372
28.000000,16.000000,2422.936431
29.000000,16.000000,2515.819505
30.000000,16.000000,2610.394595
31.000000,16.000000,2706.573141
32.000000,16.000000,2801.913364
33.000000,16.000000,2898.815491
34.000000,16.000000,2997.279522
35.000000,16.000000,3097.305457
36.000000,16.000000,3199.750304
37.000000,16.000000,3305.635182
38.000000,16.000000,3413.100329
39.000000,16.000000,3522.145747
20.000000,16.500000,1709.458901
21.000000,16.500000,1795.311331
22.000000,16.500000,1883.215496
23.000000,16.500000,1973.171394
24.000000,16.500000,2065.179026
25.000000,16.500000,2159.238392
26.000000,16.500000,2250.032748
27.000000,16.500000,2339.789537
28.000000,16.500000,2431.242440
29.000000,16.500000,2524.391458
30.000000,16.500000,2619.236591
31.000000,16.500000,2715.415673
32.000000,16.500000,2810.918274
33.000000,16.500000,2907.983472
34.000000,16.500000,3006.611270
35.000000,16.500000,3106.801666
36.000000,16.500000,3209.642192
37.000000,16.500000,3315.624189
38.000000,16.500000,3423.185984
39.000000,16.500000,3532.327575
20.000000,17.000000,1716.251909
21.000000,17.000000,1802.385423
22.000000,17.000000,1890.576370
23.000000,17.000000,1980.824748
24.000000,17.000000,2073.130558
25.000000,17.000000,2167.493800
26.000000,17.000000,2257.832013
27.000000,17.000000,2347.846908
28.000000,17.000000,2439.562021
29.000000,17.000000,2532.977351
30.000000,17.000000,2628.092900
31.000000,17.000000,2724.271572
32.000000,17.000000,2819.936616
33.000000,17.000000,2917.164953
34.000000,17.000000,3015.956583
35.000000,17.000000,3116.311507
36.000000,17.000000,3219.547818
37.000000,17.000000,3325.626899
38.000000,17.000000,3433.285300
39.000000,17.000000,3542.523021
20.000000,17.500000,1723.063555
21.000000,17.500000,1809.486186
22.000000,17.500000,1897.971874
23.000000,17.500000,1988.520618
24.000000,17.500000,2081.132418
25.000000,17.500000,2175.807275
26.000000,17.500000,2265.697532
27.000000,17.500000,2355.991384
28.000000,17.500000,2447.990383
29.000000,17.500000,2541.694527
30.000000,17.500000,2637.103819
31.000000,17.500000,2733.264406
32.000000,17.500000,2829.113826
33.000000,17.500000,2926.527895
34.000000,17.500000,3025.506614
35.000000,17.500000,3126.049982
36.000000,17.500000,3229.634017
37.000000,17.500000,3335.765766
38.000000,17.500000,3443.474693
39.000000,17.500000,3552.760796
19.000000,18.000000,1645.244818
20.000000,18.000000,1729.888331
21.000000,18.000000,1816.600530
22.000000,18.000000,1905.381418
23.000000,18.000000,1996.230993
24.000000,18.000000,2089.149257
25.000000,18.000000,2184.136208
26.000000,18.000000,2273.576085
27.000000,18.000000,2364.149330
28.000000,18.000000,2456.432657
29.000000,18.000000,2550.426066
30.000000,18.000000,2646.129558
31.000000,18.000000,2742.271066
32.000000,18.000000,2838.304992
33.000000,18.000000,2935.904924
34.000000,18.000000,3035.070861
35.000000,18.000000,3135.802805
36.000000,18.000000,3239.734565
37.000000,18.000000,3345.918782
38.000000,18.000000,3453.678033
39.000000,18.000000,3563.012316
19.000000,18.500000,1651.845045
20.000000,18.500000,1736.801747
21.000000,18.500000,1823.834109
22.000000,18.500000,1912.942131
23.000000,18.500000,2004.125815
24.000000,18.500000,2097.385159
25.000000,18.500000,2192.253808
26.000000,18.500000,2281.655154
27.000000,18.500000,2372.481475
28.000000,18.500000,2465.021694
29.000000,18.500000,2559.275813
30.000000,18.500000,2655.243832
31.000000,18.500000,2751.338494
32.000000,18.500000,2847.598418
33.000000,18.500000,2945.427157
34.000000,18.500000,3044.824712
35.000000,18.500000,3145.791081
36.000000,18.500000,3250.067034
37.000000,18.500000,3356.352761
38.000000,18.500000,3464.212510
39.000000,18.500000,3573.646282
19.000000,19.000000,1658.458131
20.000000,19.000000,1743.728577
21.000000,19.000000,1831.081667
22.000000,19.000000,1920.517402
23.000000,19.000000,2012.035781
24.000000,19.000000,2105.636804
25.000000,19.000000,2200.385869
26.000000,19.000000,2289.747890
27.000000,19.000000,2380.827631
28.000000,19.000000,2473.625093
29.000000,19.000000,2568.140274
30.000000,19.000000,2664.373176
31.000000,19.000000,2760.419917
32.000000,19.000000,2856.906108
33.000000,19.000000,2954.963926
34.000000,19.000000,3054.593371
35.000000,19.000000,3155.794443
36.000000,19.000000,3260.414595
37.000000,19.000000,3366.801733
38.000000,19.000000,3474.761881
39.000000,19.000000,3584.295040
19.000000,19.500000,1665.224457
20.000000,19.500000,1750.843103
21.000000,19.500000,1838.552857
22.000000,19.500000,1928.353717
23.000000,19.500000,2020.245685
24.000000,19.500000,2114.228759
25.000000,19.500000,2208.530849
26.000000,19.500000,2298.098516
27.000000,19.500000,2389.385831
28.000000,19.500000,2482.392792
29.000000,19.500000,2577.119401
30.000000,19.500000,2673.565657
31.000000,19.500000,2769.542721
32.000000,19.500000,2866.256722
33.000000,19.500000,2964.545188
34.000000,19.500000,3064.408119
35.000000,19.500000,3165.946040
36.000000,19.500000,3270.853466
37.000000,19.500000,3377.432487
38.000000,19.500000,3485.586126
19.000000,20.000000,1672.004185
20.000000,20.000000,1757.971719
21.000000,20.000000,1846.038838
22.000000,20.000000,1936.205543
23.000000,20.000000,2028.471835
24.000000,20.000000,2122.837712
25.000000,20.000000,2216.690163
26.000000,20.000000,2306.463654
27.000000,20.000000,2397.958720
28.000000,20.000000,2491.175362
29.000000,20.000000,2586.113578
30.000000,20.000000,2682.773371
31.000000,20.000000,2778.679616
32.000000,20.000000,2875.621699
33.000000,20.000000,2974.141088
34.000000,20.000000,3074.237783
35.000000,20.000000,3176.112839
36.000000,20.000000,3281.307673
37.000000,20.000000,3388.078735
38.000000,20.000000,3496.426025
19.000000,20.500000,1679.153028
20.000000,20.500000,1765.435601
21.000000,20.500000,1853.824165
22.000000,20.500000,1944.318720
23.000000,20.500000,2036.919265
24.000000,20.500000,2131.625800
25.000000,20.500000,2224.949149
26.000000,20.500000,2314.949496
27.000000,20.500000,2406.674229
28.000000,20.500000,2500.123347
29.000000,20.500000,2595.296849
30.000000,20.500000,2692.175735
31.000000,20.500000,2788.003130
32.000000,20.500000,2885.137799
33.000000,20.500000,2983.851124
34.000000,20.500000,3084.143104
35.000000,20.500000,3186.405614
36.000000,20.500000,3291.791516
37.000000,20.500000,3398.755261
38.000000,20.500000,3507.296848
19.000000,21.000000,1686.316706
20.000000,21.000000,1772.914860
21.000000,21.000000,1861.625420
22.000000,21.000000,1952.448383
23.000000,21.000000,2045.383751
24.000000,21.000000,2140.431524
25.000000,21.000000,2233.222782
26.000000,21.000000,2323.450250
27.000000,21.000000,2415.404915
28.000000,21.000000,2509.086776
29.000000,21.000000,2604.495834
30.000000,21.000000,2701.593997
31.000000,21.000000,2797.341377
32.000000,21.000000,2894.668763
33.000000,21.000000,2993.576155
34.000000,21.000000,3094.063554
35.000000,21.000000,3196.713629
36.000000,21.000000,3302.290758
37.000000,21.000000,3409.447345
38.000000,21.000000,3518.183389
19.000000,21.500000,1693.555817
20.000000,21.500000,1780.469188
21.000000,21.500000,1869.501269
22.000000,21.500000,1960.652062
23.000000,21.500000,2053.921566
24.000000,21.500000,2149.309781
25.000000,21.500000,2241.546075
26.000000,21.500000,2332.021560
27.000000,21.500000,2424.227896
28.000000,21.500000,2518.165084
29.000000,21.500000,2613.833124
30.000000,21.500000,2710.881549
31.000000,21.500000,2806.813361
32.000000,21.500000,2904.326149
33.000000,21.500000,3003.419910
34.000000,21.500000,3104.094647
35.000000,21.500000,3207.117183
36.000000,21.500000,3312.867787
37.000000,21.500000,3420.198787
38.000000,21.500000,3529.110181
19.000000,22.000000,1700.810006
20.000000,22.000000,1788.039129
21.000000,22.000000,1877.393277
22.000000,22.000000,1968.872453
23.000000,22.000000,2062.476655
24.000000,22.000000,2158.205884
25.000000,22.000000,2249.884156
26.000000,22.000000,2340.608002
27.000000,22.000000,2433.066358
28.000000,22.000000,2527.259223
29.000000,22.000000,2623.186598
30.000000,22.000000,2720.184174
31.000000,22.000000,2816.300514
32.000000,22.000000,2913.998798
33.000000,22.000000,3013.279024
34.000000,22.000000,3114.141194
35.000000,22.000000,3217.536272
36.000000,22.000000,3323.460445
37.000000,22.000000,3430.965950
38.000000,22.000000,3540.052787
19.000000,22.500000,1708.131866
20.000000,22.500000,1795.664628
21.000000,22.500000,1885.328321
22.000000,22.500000,1977.122947
23.000000,22.500000,2071.048506
24.000000,22.500000,2167.104997
25.000000,22.500000,2258.251611
26.000000,22.500000,2349.236368
27.000000,22.500000,2441.959336
28.000000,22.500000,2536.420516
29.000000,22.500000,2632.619906
30.000000,22.500000,2729.570109
31.000000,22.500000,2825.929868
32.000000,22.500000,2923.874650
33.000000,22.500000,3023.404457
34.000000,22.500000,3124.519288
35.000000,22.500000,3228.262343
36.000000,22.500000,3334.300801
37.000000,22.500000,3441.919268
38.000000,22.500000,3551.117745
19.000000,23.000000,1715.469068
20.000000,23.000000,1803.305974
21.000000,23.000000,1893.279726
22.000000,23.000000,1985.390324
23.000000,23.000000,2079.637769
24.000000,23.000000,2176.022061
25.000000,23.000000,2266.634104
26.000000,23.000000,2357.880119
27.000000,23.000000,2450.868051
28.000000,23.000000,2545.597899
29.000000,23.000000,2642.069664
30.000000,23.000000,2738.971364
31.000000,23.000000,2835.574846
32.000000,23.000000,2933.766434
33.000000,23.000000,3033.546131
34.000000,23.000000,3134.913935
35.000000,23.000000,3239.004994
36.000000,23.000000,3345.157603
37.000000,23.000000,3452.888897
38.000000,23.000000,3562.198879
19.000000,23.500000,1722.952636
20.000000,23.500000,1811.087883
21.000000,23.500000,1901.365362
22.000000,23.500000,1993.785072
23.000000,23.500000,2088.347012
24.000000,23.500000,2184.805852
25.000000,23.500000,2275.114959
26.000000,23.500000,2366.614037
27.000000,23.500000,2459.858184
28.000000,23.500000,2554.847401
29.000000,23.500000,2651.581687
30.000000,23.500000,2748.422981
31.000000,23.500000,2845.273028
32.000000,23.500000,2943.714340
33.000000,23.500000,3043.746916
34.000000,23.500000,3145.370757
35.000000,23.500000,3249.789332
36.000000,23.500000,3356.096719
37.000000,23.500000,3463.983260
38.000000,23.500000,3573.448955
18.000000,24.000000,1644.165744
19.000000,24.000000,1730.452180
20.000000,24.000000,1818.886239
21.000000,24.000000,1909.467921
22.000000,24.000000,2002.197225
23.000000,24.000000,2097.074151
24.000000,24.000000,2193.606998
25.000000,24.000000,2283.611213
26.000000,24.000000,2375.363653
27.000000,24.000000,2468.864318
28.000000,24.000000,2564.113208
29.000000,24.000000,2661.110323
30.000000,24.000000,2757.890042
31.000000,24.000000,2854.986967
32.000000,24.000000,2953.678316
33.000000,24.000000,3053.964090
34.000000,24.000000,3155.844289
35.000000,24.000000,3260.590390
36.000000,24.000000,3367.052598
37.000000,24.000000,3475.094424
38.000000,24.000000,3584.715870
18.000000,24.500000,1651.486862
19.000000,24.500000,1738.063364
20.000000,24.500000,1826.792462
21.000000,24.500000,1917.674157
22.000000,24.500000,2010.708449
23.000000,24.500000,2105.895338
24.000000,24.500000,2201.937959
25.000000,24.500000,2292.245946
26.000000,24.500000,2384.307288
27.000000,24.500000,2478.121984
28.000000,24.500000,2573.690033
29.000000,24.500000,2671.011436
30.000000,24.500000,2767.676572
31.000000,24.500000,2864.955819
32.000000,24.500000,2963.830380
33.000000,24.500000,3064.300253
34.000000,24.500000,3166.437031
35.000000,24.500000,3271.411801
36.000000,24.500000,3378.035134
37.000000,24.500000,3486.238823
18.000000,25.000000,1658.823969
19.000000,25.000000,1745.690971
20.000000,25.000000,1834.715549
21.000000,25.000000,1925.897704
22.000000,25.000000,2019.237435
23.000000,25.000000,2114.734743
24.000000,25.000000,2210.284280
25.000000,25.000000,2300.896527
26.000000,25.000000,2393.267264
27.000000,25.000000,2487.396491
28.000000,25.000000,2583.284208
29.000000,25.000000,2680.930414
30.000000,25.000000,2777.479560
31.000000,25.000000,2874.941220
32.000000,25.000000,2973.999081
33.000000,25.000000,3074.653144
34.000000,25.000000,3177.046549
35.000000,25.000000,3282.249982
36.000000,25.000000,3389.034506
37.000000,25.000000,3497.400122
18.000000,25.500000,1666.259155
19.000000,25.500000,1753.419286
20.000000,25.500000,1842.741984
21.000000,25.500000,1934.227249
22.000000,25.500000,2027.875081
23.000000,25.500000,2123.685479
24.000000,25.500000,2218.751960
25.000000,25.500000,2309.691800
26.000000,25.500000,2402.396102
27.000000,25.500000,2496.864866
28.000000,25.500000,2593.098091
29.000000,25.500000,2691.079003
30.000000,25.500000,2787.438055
31.000000,25.500000,2885.050440
32.000000,25.500000,2984.258824
33.000000,25.500000,3085.063206
34.000000,25.500000,3187.746507
35.000000,25.500000,3293.108836
36.000000,25.500000,3400.052840
37.000000,25.500000,3508.578518
18.000000,26.000000,1673.710682
19.000000,26.000000,1761.164383
20.000000,26.000000,1850.785646
21.000000,26.000000,1942.574473
22.000000,26.000000,2036.530861
23.000000,26.000000,2132.654813
24.000000,26.000000,2227.235382
25.000000,26.000000,2318.503387
26.000000,26.000000,2411.541836
27.000000,26.000000,2506.350728
28.000000,26.000000,2602.930064
29.000000,26.000000,2701.246215
30.000000,26.000000,2797.413509
31.000000,26.000000,2895.176597
32.000000,26.000000,2994.535481
33.000000,26.000000,3095.490161
34.000000,26.000000,3198.463248
35.000000,26.000000,3303.984527
36.000000,26.000000,3411.088062
37.000000,26.000000,3519.773851
18.000000,26.500000,1681.292589
19.000000,26.500000,1769.086162
20.000000,26.500000,1859.054307
21.000000,26.500000,1951.197023
22.000000,26.500000,2045.514311
23.000000,26.500000,2142.006170
24.000000,26.500000,2236.074421
25.000000,26.500000,2327.620886
26.000000,26.500000,2420.941680
27.000000,26.500000,2516.036804
28.000000,26.500000,2612.906259
29.000000,26.500000,2711.102097
30.000000,26.500000,2807.457561
31.000000,26.500000,2905.409997
32.000000,26.500000,3004.959405
33.000000,26.500000,3106.105784
34.000000,26.500000,3209.375099
35.000000,26.500000,3315.018635
36.000000,26.500000,3422.243397
37.000000,26.500000,3531.049386
18.000000,27.000000,1688.891365
19.000000,27.000000,1777.025439
20.000000,27.000000,1867.341105
21.000000,27.000000,1959.838362
22.000000,27.000000,2054.517210
23.000000,27.000000,2151.377651
24.000000,27.000000,2244.930478
25.000000,27.000000,2336.755786
26.000000,27.000000,2430.359314
27.000000,27.000000,2525.741063
28.000000,27.000000,2622.901032
29.000000,27.000000,2720.975077
30.000000,27.000000,2817.518832
31.000000,27.000000,2915.660734
32.000000,27.000000,3015.400783
33.000000,27.000000,3116.738980
34.000000,27.000000,3220.304473
35.000000,27.000000,3326.070151
36.000000,27.000000,3433.416028
37.000000,27.000000,3542.342103
18.000000,27.500000,1696.634871
19.000000,27.500000,1785.095127
20.000000,27.500000,1875.742995
21.000000,27.500000,1968.578477
22.000000,27.500000,2063.601572
23.000000,27.500000,2160.812281
24.000000,27.500000,2253.839438
25.000000,27.500000,2345.946300
26.000000,27.500000,2439.835150
27.000000,27.500000,2535.505988
28.000000,27.500000,2632.958815
29.000000,27.500000,2730.886074
30.000000,27.500000,2827.647836
31.000000,27.500000,2926.009972
32.000000,27.500000,3025.972483
33.000000,27.500000,3127.535368
34.000000,27.500000,3231.390344
35.000000,27.500000,3337.292831
36.000000,27.500000,3444.774735
37.000000,27.500000,3553.836056
18.000000,28.000000,1704.395892
19.000000,28.000000,1793.182884
20.000000,28.000000,1884.163518
21.000000,28.000000,1977.337794
22.000000,28.000000,2072.705714
23.000000,28.000000,2170.267275
24.000000,28.000000,2262.765617
25.000000,28.000000,2355.154410
26.000000,28.000000,2449.328963
27.000000,28.000000,2545.289275
28.000000,28.000000,2643.035346
29.000000,28.000000,2740.814264
30.000000,28.000000,2837.794261
31.000000,28.000000,2936.376859
32.000000,28.000000,3036.562059
33.000000,28.000000,3138.349861
34.000000,28.000000,3242.494239
35.000000,28.000000,3348.533449
36.000000,28.000000,3456.151293
37.000000,28.000000,3565.347773
18.000000,28.500000,1712.229274
19.000000,28.500000,1801.343083
20.000000,28.500000,1892.656464
21.000000,28.500000,1986.169416
22.000000,28.500000,2081.881941
23.000000,28.500000,2179.794037
24.000000,28.500000,2271.750311
25.000000,28.500000,2364.423382
26.000000,28.500000,2458.886272
27.000000,28.500000,2555.138980
28.000000,28.500000,2653.181507
29.000000,28.500000,2750.797981
30.000000,28.500000,2847.994848
31.000000,28.500000,2946.796045
32.000000,28.500000,3047.201574
33.000000,28.500000,3149.211435
34.000000,28.500000,3253.730537
35.000000,28.500000,3360.043238
36.000000,28.500000,3467.937787
37.000000,28.500000,3577.414183
18.000000,29.000000,1720.080422
19.000000,29.000000,1809.521598
20.000000,29.000000,1901.168283
21.000000,29.000000,1995.020475
22.000000,29.000000,2091.078176
23.000000,29.000000,2189.341385
24.000000,29.000000,2280.752406
25.000000,29.000000,2373.710159
26.000000,29.000000,2468.461795
27.000000,29.000000,2565.007313
28.000000,29.000000,2663.346713
29.000000,29.000000,2760.799196
30.000000,29.000000,2858.213111
31.000000,29.000000,2957.233088
32.000000,29.000000,3057.859128
33.000000,29.000000,3160.091229
34.000000,29.000000,3264.985235
35.000000,29.000000,3371.571772
36.000000,29.000000,3479.743373
37.000000,29.000000,3589.500038
18.000000,29.500000,1728.009379
19.000000,29.500000,1817.787379
20.000000,29.500000,1909.777247
21.000000,29.500000,2003.978983
22.000000,29.500000,2100.392587
23.000000,29.500000,2198.300160
24.000000,29.500000,2289.860106
25.000000,29.500000,2383.093810
26.000000,29.500000,2478.125110
27.000000,29.500000,2574.954003
28.000000,29.500000,2673.580492
29.000000,29.500000,2770.847325
30.000000,29.500000,2868.478293
31.000000,29.500000,2967.716765
32.000000,29.500000,3068.562743
33.000000,29.500000,3171.086122
34.000000,29.500000,3276.305433
35.000000,29.500000,3383.166725
36.000000,29.500000,3491.616302
17.000000,30.000000,1648.059199
18.000000,30.000000,1735.956378
19.000000,30.000000,1826.071793
20.000000,30.000000,1918.405444
21.000000,30.000000,2012.957331
22.000000,30.000000,2109.727455
23.000000,30.000000,2207.276879
24.000000,30.000000,2298.985596
25.000000,30.000000,2392.495623
26.000000,30.000000,2487.806961
27.000000,30.000000,2584.919610
28.000000,30.000000,2683.833570
29.000000,30.000000,2780.913142
30.000000,30.000000,2878.761317
31.000000,30.000000,2978.218440
32.000000,30.000000,3079.284512
33.000000,30.000000,3182.099305
34.000000,30.000000,3287.644190
35.000000,30.000000,3394.780584
36.000000,30.000000,3503.508487
17.000000,30.500000,1656.088198
18.000000,30.500000,1744.275443
19.000000,30.500000,1834.684850
20.000000,30.500000,1927.316419
21.000000,30.500000,2022.170149
22.000000,30.500000,2119.246041
23.000000,30.500000,2216.266655
24.000000,30.500000,2308.264973
25.000000,30.500000,2402.068717
26.000000,30.500000,2497.677887
27.000000,30.500000,2595.092482
28.000000,30.500000,2694.297718
29.000000,30.500000,2791.197904
30.000000,30.500000,2889.288114
31.000000,30.500000,2988.989447
32.000000,30.500000,3090.301904
33.000000,30.500000,3193.483769
34.000000,30.500000,3299.237785
35.000000,30.500000,3406.584468
36.000000,30.500000,3515.523818
17.000000,31.000000,1664.136492
18.000000,31.000000,1752.614179
19.000000,31.000000,1843.317957
20.000000,31.000000,1936.247825
21.000000,31.000000,2031.403784
22.000000,31.000000,2128.785833
23.000000,31.000000,2225.274375
24.000000,31.000000,2317.562713
25.000000,31.000000,2411.660596
26.000000,31.000000,2507.568024
27.000000,31.000000,2605.284997
28.000000,31.000000,2704.781880
29.000000,31.000000,2801.501060
30.000000,31.000000,2899.833539
31.000000,31.000000,2999.779320
32.000000,31.000000,3101.338401
33.000000,31.000000,3204.887460
34.000000,31.000000,3310.850732
35.000000,31.000000,3418.407829
36.000000,31.000000,3527.558753
17.000000,31.500000,1672.289205
18.000000,31.500000,1761.083303
19.000000,31.500000,1852.108572
20.000000,31.500000,1945.365013
21.000000,31.500000,2040.852625
22.000000,31.500000,2138.571409
23.000000,31.500000,2234.511385
24.000000,31.500000,2327.061167
25.000000,31.500000,2421.423331
26.000000,31.500000,2517.597878
27.000000,31.500000,2615.584807
28.000000,31.500000,2714.914902
29.000000,31.500000,2811.932777
30.000000,31.500000,2910.568241
31.000000,31.500000,3010.821294
32.000000,31.500000,3112.691935
33.000000,31.500000,3216.594856
34.000000,31.500000,3322.708636
35.000000,31.500000,3430.415221
36.000000,31.500000,3539.714614
17.000000,32.000000,1680.461620
18.000000,32.000000,1769.572618
19.000000,32.000000,1860.919873
20.000000,32.000000,1954.503387
21.000000,32.000000,2050.323158
22.000000,32.000000,2148.379187
23.000000,32.000000,2243.767179
24.000000,32.000000,2336.578699
25.000000,32.000000,2431.205441
26.000000,32.000000,2527.647405
27.000000,32.000000,2625.904591
28.000000,32.000000,2725.066266
29.000000,32.000000,2822.383295
30.000000,32.000000,2921.322207
31.000000,32.000000,3021.883001
32.000000,32.000000,3124.065678
33.000000,32.000000,3228.322551
34.000000,32.000000,3334.586726
35.000000,32.000000,3442.442689
36.000000,32.000000,3551.890439
17.000000,32.500000,1688.706486
18.000000,32.500000,1778.136015
19.000000,32.500000,1869.806869
20.000000,32.500000,1963.719048
21.000000,32.500000,2059.872552
22.000000,32.500000,2158.267381
23.000000,32.500000,2253.114506
24.000000,32.500000,2346.234315
25.000000,32.500000,2441.173923
26.000000,32.500000,2537.933329
27.000000,32.500000,2636.512533
28.000000,32.500000,2735.520589
29.000000,32.500000,2833.087318
30.000000,32.500000,2932.278430
31.000000,32.500000,3033.093925
32.000000,32.500000,3135.533802
33.000000,32.500000,3240.088623
34.000000,32.500000,3346.541199
35.000000,32.500000,3454.586126
36.000000,32.500000,3564.223403
17.000000,33.000000,1696.971306
18.000000,33.000000,1786.719858
19.000000,33.000000,1878.714806
20.000000,33.000000,1972.956152
21.000000,33.000000,2069.443894
22.000000,33.000000,2168.178034
23.000000,33.000000,2262.480905
24.000000,33.000000,2355.909481
25.000000,33.000000,2451.162437
26.000000,33.000000,2548.239772
27.000000,33.000000,2647.141488
28.000000,33.000000,2745.994288
29.000000,33.000000,2843.810990
30.000000,33.000000,2943.254575
31.000000,33.000000,3044.325046
32.000000,33.000000,3147.022401
33.000000,33.000000,3251.875084
34.000000,33.000000,3358.516116
35.000000,33.000000,3466.750062
36.000000,33.000000,3576.576921
17.000000,33.500000,1705.389567
18.000000,33.500000,1795.460072
19.000000,33.500000,1887.781915
20.000000,33.500000,1982.355097
21.000000,33.500000,2079.179616
22.000000,33.500000,2178.255473
23.000000,33.500000,2272.034221
24.000000,33.500000,2365.791816
25.000000,33.500000,2461.378832
26.000000,33.500000,2558.795267
27.000000,33.500000,2658.041121
28.000000,33.500000,2756.688360
29.000000,33.500000,2854.716524
30.000000,33.500000,2954.372694
31.000000,33.500000,3055.656871
32.000000,33.500000,3158.569054
33.000000,33.500000,3263.711127
34.000000,33.500000,3370.565938
35.000000,33.500000,3479.015260
36.000000,33.500000,3589.059094
17.000000,34.000000,1713.828485
18.000000,34.000000,1804.221434
19.000000,34.000000,1896.870668
20.000000,34.000000,1991.776185
21.000000,34.000000,2088.937985
22.000000,34.000000,2188.356070
23.000000,34.000000,2281.607342
24.000000,34.000000,2375.694497
25.000000,34.000000,2471.616118
26.000000,34.000000,2569.372205
27.000000,34.000000,2668.962757
28.000000,34.000000,2767.402555
29.000000,34.000000,2865.642303
30.000000,34.000000,2965.511181
31.000000,34.000000,3067.009186
32.000000,34.000000,3170.136320
33.000000,34.000000,3275.567700
34.000000,34.000000,3382.636453
35.000000,34.000000,3491.301315
36.000000,34.000000,3601.562285
17.000000,34.500000,1722.404888
18.000000,34.500000,1813.118076
19.000000,34.500000,1906.092106
20.000000,34.500000,2001.326978
21.000000,34.500000,2098.822691
22.000000,34.500000,2198.229877
23.000000,34.500000,2291.311242
24.000000,34.500000,2385.731720
25.000000,34.500000,2481.991728
26.000000,34.500000,2580.091267
27.000000,34.500000,2680.030336
28.000000,34.500000,2778.212981
29.000000,34.500000,2876.665548
30.000000,34.500000,2976.748351
31.000000,34.500000,3078.461390
32.000000,34.500000,3181.857918
33.000000,34.500000,3287.507142
34.000000,34.500000,3394.774073
35.000000,34.500000,3503.638120
17.000000,35.000000,1731.002553
18.000000,35.000000,1822.036445
19.000000,35.000000,1915.335741
20.000000,35.000000,2010.900440
21.000000,35.000000,2108.730543
22.000000,35.000000,2208.125673
23.000000,35.000000,2301.035421
24.000000,35.000000,2395.789770
25.000000,35.000000,2492.388721
26.000000,35.000000,2590.832273
27.000000,35.000000,2691.120426
28.000000,35.000000,2789.043848
29.000000,35.000000,2887.709355
30.000000,35.000000,2988.006205
31.000000,35.000000,3089.934398
32.000000,35.000000,3193.600288
33.000000,35.000000,3299.467378
34.000000,35.000000,3406.932586
35.000000,35.000000,3515.995915
17.000000,35.500000,1739.692340
18.000000,35.500000,1831.062129
19.000000,35.500000,1924.702620
20.000000,35.500000,2020.613815
21.000000,35.500000,2118.795713
22.000000,35.500000,2217.695210
23.000000,35.500000,2310.923557
24.000000,35.500000,2406.000934
25.000000,35.500000,2502.927340
26.000000,35.500000,2601.702776
27.000000,35.500000,2702.249706
28.000000,35.500000,2799.988802
29.000000,35.500000,2898.916440
30.000000,35.500000,2999.478261
31.000000,35.500000,3101.674265
32.000000,35.500000,3205.637101
33.000000,35.500000,3311.643474
34.000000,35.500000,3419.246796
35.000000,35.500000,3528.447070
16.000000,36.000000,1658.973523
17.000000,36.000000,1748.403736
18.000000,36.000000,1840.109958
19.000000,36.000000,1934.092188
20.000000,36.000000,2030.350426
21.000000,36.000000,2128.884673
22.000000,36.000000,2227.285159
23.000000,36.000000,2320.832593
24.000000,36.000000,2416.233489
25.000000,36.000000,2513.487847
26.000000,36.000000,2612.595667
27.000000,36.000000,2713.401525
28.000000,36.000000,2810.954583
29.000000,36.000000,2910.144666
30.000000,36.000000,3010.971773
31.000000,36.000000,3113.435905
32.000000,36.000000,3217.695626
33.000000,36.000000,3323.841137
34.000000,36.000000,3431.582429
35.000000,36.000000,3540.919504
16.000000,36.500000,1667.377999
17.000000,36.500000,1757.150701
18.000000,36.500000,1849.205193
19.000000,36.500000,1943.541474
20.000000,36.500000,2040.159546
21.000000,36.500000,2139.059407
22.000000,36.500000,2236.961159
23.000000,36.500000,2330.826250
24.000000,36.500000,2426.549339
25.000000,36.500000,2524.130428
26.000000,36.500000,2623.569515
27.000000,36.500000,2724.176733
28.000000,36.500000,2822.005470
29.000000,36.500000,2921.474313
30.000000,36.500000,3022.583263
31.000000,36.500000,3125.332318
32.000000,36.500000,3229.830024
33.000000,36.500000,3336.093313
34.000000,36.500000,3443.950461
35.000000,36.500000,3553.401467
16.000000,37.000000,1675.803580
17.000000,37.000000,1765.919352
18.000000,37.000000,1858.322702
19.000000,37.000000,1953.013630
20.000000,37.000000,2049.992136
21.000000,37.000000,2149.258220
22.000000,37.000000,2246.657844
23.000000,37.000000,2340.841085
24.000000,37.000000,2436.886866
25.000000,37.000000,2534.795188
26.000000,37.000000,2634.566050
27.000000,37.000000,2734.972766
28.000000,37.000000,2833.077529
29.000000,37.000000,2932.825482
30.000000,37.000000,3034.216626
31.000000,37.000000,3137.250961
32.000000,37.000000,3241.986368
33.000000,37.000000,3348.367205
34.000000,37.000000,3456.339977
35.000000,37.000000,3565.904685
16.000000,37.500000,1684.330655
17.000000,37.500000,1774.808128
18.000000,37.500000,1867.579654
19.000000,37.500000,1962.645234
20.000000,37.500000,2060.004867
21.000000,37.500000,2159.658553
22.000000,37.500000,2256.546447
23.000000,37.500000,2351.025479
24.000000,37.500000,2447.370554
25.000000,37.500000,2545.581670
26.000000,37.500000,2645.658829
27.000000,37.500000,2745.841962
28.000000,37.500000,2844.222328
29.000000,37.500000,2944.248614
30.000000,37.500000,3045.920819
31.000000,37.500000,3149.238944
32.000000,37.500000,3254.188743
33.000000,37.500000,3360.748963
34.000000,37.500000,3468.901833
35.000000,37.500000,3578.647355
16.000000,38.000000,1692.879288
17.000000,38.000000,1783.719127
18.000000,38.000000,1876.859503
19.000000,38.000000,1972.300415
20.000000,38.000000,2070.041863
21.000000,38.000000,2170.083848
22.000000,38.000000,2266.456528
23.000000,38.000000,2361.231743
24.000000,38.000000,2457.876503
25.000000,38.000000,2556.390810
26.000000,38.000000,2656.774663
27.000000,38.000000,2756.732277
28.000000,38.000000,2855.388567
29.000000,38.000000,2955.693508
30.000000,38.000000,3057.647099
31.000000,38.000000,3161.249340
32.000000,38.000000,3266.413214
33.000000,38.000000,3373.152861
34.000000,38.000000,3481.485871
35.000000,38.000000,3591.412244
16.000000,38.500000,1701.514098
17.000000,38.500000,1792.715999
18.000000,38.500000,1886.224862
19.000000,38.500000,1982.040685
20.000000,38.500000,2080.163469
21.000000,38.500000,2180.593215
22.000000,38.500000,2276.432408
23.000000,38.500000,2371.507056
24.000000,38.500000,2468.454832
25.000000,38.500000,2567.275735
26.000000,38.500000,2667.969766
27.000000,38.500000,2767.697340
28.000000,38.500000,2866.629126
29.000000,38.500000,2967.212215
30.000000,38.500000,3069.446605
31.000000,38.500000,3173.332297
32.000000,38.500000,3278.664596
33.000000,38.500000,3385.581613
34.000000,38.500000,3494.092584
35.000000,38.500000,3604.197510
16.000000,39.000000,1710.170784
17.000000,39.000000,1801.735406
18.000000,39.000000,1895.613421
19.000000,39.000000,1991.804831
20.000000,39.000000,2090.309633
21.000000,39.000000,2191.127830
22.000000,39.000000,2286.429970
23.000000,39.000000,2381.804453
24.000000,39.000000,2479.055647
25.000000,39.000000,2578.183554
26.000000,39.000000,2679.188172
27.000000,39.000000,2778.683749
28.000000,39.000000,2877.891346
29.000000,39.000000,2978.752898
30.000000,39.000000,3081.268405
31.000000,39.000000,3185.437868
32.000000,39.000000,3290.938151
33.000000,39.000000,3398.032569
34.000000,39.000000,3506.721528
35.000000,39.000000,3617.005029
16.000000,39.500000,1718.902979
17.000000,39.500000,1810.825262
18.000000,39.500000,1905.067199
19.000000,39.500000,2001.628791
20.000000,39.500000,2100.510036
21.000000,39.500000,2201.710936
22.000000,39.500000,2296.483523
23.000000,39.500000,2392.164790
24.000000,39.500000,2489.726419
25.000000,39.500000,2589.168410
26.000000,39.500000,2690.490762
27.000000,39.500000,2789.756630
28.000000,39.500000,2889.247424
29.000000,39.500000,2990.395137
30.000000,39.500000,3093.199768
16.000000,40.000000,1727.657326
17.000000,40.000000,1819.937904
18.000000,40.000000,1914.544406
19.000000,40.000000,2011.476830
20.000000,40.000000,2110.735176
21.000000,40.000000,2212.319445
22.000000,40.000000,2306.558964
23.000000,40.000000,2402.547435
24.000000,40.000000,2500.419921
25.000000,40.000000,2600.176421
26.000000,40.000000,2701.816935
27.000000,40.000000,2800.851154
28.000000,40.000000,2900.625493
29.000000,40.000000,3002.059716
30.000000,40.000000,3105.153824
16.000000,40.500000,1736.568018
17.000000,40.500000,1829.199000
18.000000,40.500000,1924.161264
19.000000,40.500000,2021.454810
20.000000,40.500000,2121.079638
21.000000,40.500000,2222.254695
22.000000,40.500000,2316.740630
23.000000,40.500000,2413.046893
24.000000,40.500000,2511.241170
25.000000,40.500000,2611.323459
26.000000,40.500000,2713.231466
27.000000,40.500000,2812.090323
28.000000,40.500000,2912.151390
29.000000,40.500000,3013.875572
30.000000,40.500000,3117.262868
16.000000,41.000000,1745.501588
17.000000,41.000000,1838.483550
18.000000,41.000000,1933.802158
19.000000,41.000000,2031.457411
20.000000,41.000000,2131.449310
21.000000,41.000000,2232.212062
22.000000,41.000000,2326.944562
23.000000,41.000000,2423.569078
24.000000,41.000000,2522.085609
25.000000,41.000000,2622.494157
26.000000,41.000000,2724.669847
27.000000,41.000000,2823.351664
28.000000,41.000000,2923.699828
29.000000,41.000000,3025.714340
30.000000,41.000000,3129.395199
16.000000,41.500000,1754.524454
17.000000,41.500000,1847.863655
18.000000,41.500000,1943.545147
19.000000,41.500000,2041.568929
20.000000,41.500000,2141.935001
21.000000,41.500000,2242.221332
22.000000,41.500000,2337.277010
23.000000,41.500000,2434.228931
24.000000,41.500000,2533.077095
25.000000,41.500000,2633.821503
26.000000,41.500000,2735.796342
27.000000,41.500000,2834.746843
28.000000,41.500000,2935.366186
29.000000,41.500000,3037.654369
30.000000,41.500000,3141.611395
16.000000,42.000000,1763.570539
17.000000,42.000000,1857.267582
18.000000,42.000000,1953.312565
19.000000,42.000000,2051.705490
20.000000,42.000000,2152.446356
21.000000,42.000000,2252.252864
22.000000,42.000000,2347.632209
23.000000,42.000000,2444.912028
24.000000,42.000000,2544.092323
25.000000,42.000000,2645.173093
26.000000,42.000000,2746.945189
27.000000,42.000000,2846.164665
28.000000,42.000000,2947.055479
29.000000,42.000000,3049.617629
30.000000,42.000000,3153.851118
16.000000,42.500000,1772.759561
17.000000,42.500000,1866.825638
18.000000,42.500000,1963.245690
19.000000,42.500000,2062.019717
20.000000,42.500000,2163.147720
21.000000,42.500000,2262.451409
22.000000,42.500000,2358.140486
23.000000,42.500000,2455.733606
24.000000,42.500000,2555.230768
25.000000,42.500000,2656.631973
26.000000,42.500000,2758.168626
27.000000,42.500000,2857.657114
28.000000,42.500000,2958.819402
29.000000,42.500000,3061.655488
30.000000,42.500000,3166.165374
15.000000,43.000000,1689.896666
16.000000,43.000000,1781.972410
17.000000,43.000000,1876.408170
18.000000,43.000000,1973.203945
19.000000,43.000000,2072.359736
20.000000,43.000000,2173.875543
21.000000,43.000000,2272.672848
22.000000,43.000000,2368.672079
23.000000,43.000000,2466.578921
24.000000,43.000000,2566.393376
25.000000,43.000000,2668.115443
26.000000,43.000000,2769.414625
27.000000,43.000000,2869.172413
28.000000,43.000000,2970.606465
29.000000,43.000000,3073.716780
30.000000,43.000000,3178.503357
15.000000,43.500000,1698.996175
16.000000,43.500000,1791.445990
17.000000,43.500000,1886.262074
18.000000,43.500000,1983.444427
19.000000,43.500000,2082.993047
20.000000,43.500000,2184.907936
21.000000,43.500000,2283.152501
22.000000,43.500000,2379.449455
23.000000,43.500000,2477.657020
24.000000,43.500000,2577.775196
25.000000,43.500000,2679.803983
26.000000,43.500000,2780.832715
27.000000,43.500000,2880.842542
28.000000,43.500000,2982.530319
29.000000,43.500000,3085.896043
15.000000,44.000000,1708.120057
16.000000,44.000000,1800.944621
17.000000,44.000000,1896.141713
18.000000,44.000000,1993.711334
19.000000,44.000000,2093.653483
20.000000,44.000000,2195.968159
21.000000,44.000000,2293.656098
22.000000,44.000000,2390.251130
23.000000,44.000000,2488.759775
24.000000,44.000000,2589.182033
25.000000,44.000000,2691.517903
26.000000,44.000000,2792.273998
27.000000,44.000000,2892.536070
28.000000,44.000000,2994.477777
29.000000,44.000000,3098.099119
15.000000,44.500000,1717.434888
16.000000,44.500000,1810.628263
17.000000,44.500000,1906.199980
18.000000,44.500000,2004.150040
19.000000,44.500000,2104.478441
20.000000,44.500000,2207.185184
21.000000,44.500000,2304.290864
22.000000,44.500000,2401.186342
23.000000,44.500000,2499.998408
24.000000,44.500000,2600.727062
25.000000,44.500000,2703.372304
26.000000,44.500000,2803.877014
27.000000,44.500000,2904.438856
28.000000,44.500000,3006.683698
29.000000,44.500000,3110.611540
15.000000,45.000000,1726.774978
16.000000,45.000000,1820.337797
17.000000,45.000000,1916.284778
18.000000,45.000000,2014.615922
19.000000,45.000000,2115.331228
20.000000,45.000000,2218.430696
21.000000,45.000000,2314.950078
22.000000,45.000000,2412.146360
23.000000,45.000000,2511.262207
24.000000,45.000000,2612.297619
25.000000,45.000000,2715.252596
26.000000,45.000000,2815.503814
27.000000,45.000000,2916.365824
28.000000,45.000000,3018.914203
29.000000,45.000000,3123.148949
15.000000,45.500000,1736.213071
16.000000,45.500000,1830.152301
17.000000,45.500000,1926.481751
18.000000,45.500000,2025.201421
19.000000,45.500000,2126.311310
20.000000,45.500000,2229.521059
21.000000,45.500000,2325.729074
22.000000,45.500000,2423.237192
23.000000,45.500000,2522.668273
24.000000,45.500000,2624.022318
25.000000,45.500000,2727.286381
26.000000,45.500000,2827.284880
27.000000,45.500000,2928.433446
28.000000,45.500000,3031.271090
29.000000,45.500000,3135.797813
15.000000,46.000000,1745.676814
16.000000,46.000000,1839.993117
17.000000,46.000000,1936.705704
18.000000,46.000000,2035.814575
19.000000,46.000000,2137.319730
20.000000,46.000000,2240.638967
21.000000,46.000000,2336.532960
22.000000,46.000000,2434.353317
23.000000,46.000000,2534.100040
24.000000,46.000000,2635.773127
25.000000,46.000000,2739.346629
26.000000,46.000000,2839.090291
27.000000,46.000000,2940.525744
28.000000,46.000000,3043.652987
29.000000,46.000000,3148.472020
15.000000,46.500000,1755.231059
16.000000,46.500000,1849.918257
17.000000,46.500000,1947.007315
18.000000,46.500000,2046.498234
19.000000,46.500000,2148.391012
20.000000,46.500000,2251.190462
21.000000,46.500000,2347.398152
22.000000,46.500000,2445.535499
23.000000,46.500000,2545.602503
24.000000,46.500000,2647.599165
25.000000,46.500000,2750.936864
26.000000,46.500000,2850.966496
27.000000,46.500000,2952.690679
28.000000,46.500000,3056.109412
29.000000,46.500000,3161.222695
15.000000,47.000000,1764.811335
16.000000,47.000000,1859.870048
17.000000,47.000000,1957.336203
18.000000,47.000000,2057.209799
19.000000,47.000000,2159.490837
20.000000,47.000000,2261.766634
21.000000,47.000000,2358.288431
22.000000,47.000000,2456.743180
23.000000,47.000000,2557.130881
24.000000,47.000000,2659.451532
25.000000,47.000000,2762.551300
26.000000,47.000000,2862.867236
27.000000,47.000000,2964.880484
28.000000,47.000000,3068.591045
29.000000,47.000000,3173.998918
15.000000,47.500000,1774.409305
16.000000,47.500000,1869.845633
17.000000,47.500000,1967.694988
18.000000,47.500000,2067.957368
19.000000,47.500000,2170.632774
20.000000,47.500000,2272.409380
21.000000,47.500000,2369.276433
22.000000,47.500000,2468.080744
23.000000,47.500000,2568.822316
24.000000,47.500000,2671.501147
25.000000,47.500000,2774.362183
26.000000,47.500000,2874.938049
27.000000,47.500000,2977.212830
28.000000,47.500000,3081.186525
29.000000,47.500000,3186.859136
15.000000,48.000000,1784.033297
16.000000,48.000000,1879.847889
17.000000,48.000000,1978.081096
18.000000,48.000000,2078.732918
19.000000,48.000000,2181.803355
20.000000,48.000000,2283.077037
21.000000,48.000000,2380.289890
22.000000,48.000000,2479.444314
23.000000,48.000000,2580.540308
24.000000,48.000000,2683.577872
25.000000,48.000000,2786.198018
26.000000,48.000000,2887.034021
27.000000,48.000000,2989.570542
28.000000,48.000000,3093.807581
29.000000,48.000000,3199.745138
15.000000,48.500000,1793.777825
16.000000,48.500000,1889.974064
17.000000,48.500000,1988.594696
18.000000,48.500000,2089.639721
19.000000,48.500000,2193.109139
20.000000,48.500000,2293.875929
21.000000,48.500000,2391.431698
22.000000,48.500000,2490.933139
23.000000,48.500000,2592.380251
24.000000,48.500000,2695.773035
25.000000,48.500000,2798.142884
26.000000,48.500000,2899.274292
27.000000,48.500000,3002.108689
28.000000,48.500000,3106.646074
14.000000,49.000000,1709.400515
15.000000,49.000000,1803.548882
16.000000,49.000000,1900.127425
17.000000,49.000000,1999.136146
18.000000,49.000000,2100.575043
19.000000,49.000000,2204.444117
20.000000,49.000000,2304.700238
21.000000,49.000000,2402.599450
22.000000,49.000000,2502.448437
23.000000,49.000000,2604.247199
24.000000,49.000000,2707.995736
25.000000,49.000000,2810.113084
26.000000,49.000000,2911.540232
27.000000,49.000000,3014.672840
28.000000,49.000000,3119.510908
14.000000,49.500000,1718.874904
15.000000,49.500000,1813.404833
16.000000,49.500000,1910.370589
17.000000,49.500000,2009.772171
18.000000,49.500000,2111.609580
19.000000,49.500000,2215.882814
20.000000,49.500000,2315.613370
21.000000,49.500000,2413.852893
22.000000,49.500000,2514.046306
23.000000,49.500000,2616.193608
24.000000,49.500000,2720.294799
25.000000,49.500000,2822.178875
26.000000,49.500000,2923.938733
27.000000,49.500000,3027.407533
28.000000,49.500000,3132.585275
14.000000,50.000000,1728.375474
15.000000,50.000000,1823.287637
16.000000,50.000000,1920.641280
17.000000,50.000000,2020.436403
18.000000,50.000000,2122.673005
19.000000,50.000000,2227.351086
20.000000,50.000000,2326.552212
21.000000,50.000000,2425.132559
22.000000,50.000000,2525.670914
23.000000,50.000000,2628.167275
24.000000,50.000000,2732.621644
25.000000,50.000000,2834.270333
26.000000,50.000000,2936.363379
27.000000,50.000000,3040.168850
28.000000,50.000000,3145.686746
14.000000,50.500000,1738.107171
15.000000,50.500000,1833.392711
16.000000,50.500000,1931.124651
17.000000,50.500000,2031.302992
18.000000,50.500000,2133.927734
19.000000,50.500000,2238.998877
20.000000,50.500000,2337.654133
21.000000,50.500000,2436.565740
22.000000,50.500000,2537.438723
23.000000,50.500000,2640.273082
24.000000,50.500000,2745.068817
25.000000,50.500000,2846.467696
26.000000,50.500000,2948.886595
27.000000,50.500000,3053.021152
28.000000,50.500000,3158.871367
14.000000,51.000000,1747.866187
15.000000,51.000000,1843.525706
16.000000,51.000000,1941.636549
17.000000,51.000000,2042.198717
18.000000,51.000000,2145.212209
19.000000,51.000000,2250.677025
20.000000,51.000000,2348.782424
21.000000,51.000000,2448.025743
22.000000,51.000000,2549.233809
23.000000,51.000000,2652.406619
24.000000,51.000000,2757.544176
25.000000,51.000000,2858.691047
26.000000,51.000000,2961.436244
27.000000,51.000000,3065.900332
28.000000,51.000000,3172.083312
14.000000,51.500000,1757.731501
15.000000,51.500000,1853.775207
16.000000,51.500000,1952.275661
17.000000,51.500000,2053.232861
18.000000,51.500000,2156.646808
19.000000,51.500000,2262.042276
20.000000,51.500000,2360.051628
21.000000,51.500000,2459.614079
22.000000,51.500000,2561.144072
23.000000,51.500000,2664.641605
24.000000,51.500000,2769.601691
25.000000,51.500000,2871.009871
26.000000,51.500000,2974.079432
27.000000,51.500000,3078.870796
28.000000,51.500000,3185.383962
14.000000,52.000000,1767.624575
15.000000,52.000000,1864.053119
16.000000,52.000000,1962.943837
17.000000,52.000000,2064.296728
18.000000,52.000000,2168.111792
19.000000,52.000000,2273.436127
20.000000,52.000000,2371.347759
21.000000,52.000000,2471.229729
22.000000,52.000000,2573.082036
23.000000,52.000000,2676.904680
24.000000,52.000000,2781.685368
25.000000,52.000000,2883.355007
26.000000,52.000000,2986.749357
27.000000,52.000000,3091.868420
28.000000,52.000000,3198.712194
14.000000,52.500000,1777.638233
15.000000,52.500000,1874.452331
16.000000,52.500000,1973.733929
17.000000,52.500000,2075.483029
18.000000,52.500000,2179.699631
19.000000,52.500000,2284.520077
20.000000,52.500000,2382.754390
21.000000,52.500000,2482.962140
22.000000,52.500000,2585.143329
23.000000,52.500000,2689.297955
24.000000,52.500000,2793.848342
25.000000,52.500000,2895.827396
26.000000,52.500000,2999.533419
27.000000,52.500000,3104.966412
28.000000,52.500000,3212.126373
14.000000,53.000000,1787.680173
15.000000,53.000000,1884.880465
16.000000,53.000000,1984.553591
17.000000,53.000000,2086.699550
18.000000,53.000000,2191.318343
19.000000,53.000000,2295.630944
20.000000,53.000000,2394.188348
21.000000,53.000000,2494.722293
22.000000,53.000000,2597.232777
23.000000,53.000000,2701.719802
24.000000,53.000000,2806.037721
25.000000,53.000000,2908.326551
26.000000,53.000000,3012.344605
27.000000,53.000000,3118.091883
28.000000,53.000000,3225.568386
14.000000,53.500000,1797.952922
15.000000,53.500000,1895.516216
16.000000,53.500000,1995.556077
17.000000,53.500000,2098.072504
18.000000,53.500000,2203.065498
19.000000,53.500000,2306.840868
20.000000,53.500000,2405.744465
21.000000,53.500000,2506.628577
22.000000,53.500000,2609.493203
23.000000,53.500000,2714.338345
24.000000,53.500000,2818.413584
25.000000,53.500000,2920.991397
26.000000,53.500000,3025.300461
27.000000,53.500000,3131.340777
14.000000,54.000000,1808.255101
15.000000,54.000000,1906.181886
16.000000,54.000000,2006.588971
17.000000,54.000000,2109.476356
18.000000,54.000000,2214.844041
19.000000,54.000000,2318.078051
20.000000,54.000000,2417.328356
21.000000,54.000000,2518.563154
22.000000,54.000000,2621.782444
23.000000,54.000000,2726.986228
24.000000,54.000000,2830.816542
25.000000,54.000000,2933.683622
26.000000,54.000000,3038.283982
27.000000,54.000000,3144.617621
14.000000,54.500000,1818.684717
15.000000,54.500000,1916.996023
16.000000,54.500000,2017.792457
17.000000,54.500000,2121.074021
18.000000,54.500000,2226.840714
19.000000,54.500000,2329.535140
20.000000,54.500000,2429.103729
21.000000,54.500000,2530.659159
22.000000,54.500000,2634.201430
23.000000,54.500000,2739.730541
24.000000,54.500000,2843.284902
25.000000,54.500000,2946.440131
26.000000,54.500000,3051.330592
27.000000,54.500000,3157.956283
14.000000,55.000000,1829.144322
15.000000,55.000000,1927.840745
16.000000,55.000000,2029.027130
17.000000,55.000000,2132.703476
18.000000,55.000000,2238.869783
19.000000,55.000000,2341.020446
20.000000,55.000000,2440.907679
21.000000,55.000000,2542.784100
22.000000,55.000000,2646.649708
23.000000,55.000000,2752.504503
24.000000,55.000000,2855.780520
25.000000,55.000000,2959.224174
26.000000,55.000000,3064.405012
27.000000,55.000000,3171.323034
14.000000,55.500000,1839.708758
15.000000,55.500000,1938.783034
16.000000,55.500000,2040.351688
17.000000,55.500000,2144.414717
18.000000,55.500000,2250.972124
19.000000,55.500000,2352.573156
20.000000,55.500000,2452.792288
21.000000,55.500000,2555.003467
22.000000,55.500000,2659.206692
23.000000,55.500000,2765.401962
24.000000,55.500000,2868.389017
25.000000,55.500000,2972.116693
26.000000,55.500000,3077.583232
27.000000,55.500000,3184.788632
13.000000,56.000000,1753.349729
14.000000,56.000000,1850.303610
15.000000,56.000000,1949.756285
16.000000,56.000000,2051.707756
17.000000,56.000000,2156.158021
18.000000,56.000000,2263.107080
19.000000,56.000000,2364.154274
20.000000,56.000000,2464.705725
21.000000,56.000000,2567.252081
22.000000,56.000000,2671.793342
23.000000,56.000000,2778.329508
24.000000,56.000000,2881.025153
25.000000,56.000000,2985.037100
26.000000,56.000000,3090.789588
27.000000,56.000000,3198.282617
13.000000,56.500000,1763.728826
14.000000,56.500000,1861.020554
15.000000,56.500000,1960.812965
16.000000,56.500000,2063.106060
17.000000,56.500000,2167.899838
18.000000,56.500000,2275.194299
19.000000,56.500000,2375.722488
20.000000,56.500000,2476.661790
21.000000,56.500000,2579.601551
22.000000,56.500000,2684.541771
23.000000,56.500000,2791.099620
24.000000,56.500000,2893.846808
25.000000,56.500000,2998.122503
26.000000,56.500000,3104.139318
27.000000,56.500000,3211.897253
13.000000,57.000000,1774.138552
14.000000,57.000000,1871.768444
15.000000,57.000000,1971.900904
16.000000,57.000000,2074.535933
17.000000,57.000000,2179.673530
18.000000,57.000000,2287.313697
19.000000,57.000000,2387.318898
20.000000,57.000000,2488.646746
21.000000,57.000000,2591.980614
22.000000,57.000000,2697.320503
23.000000,57.000000,2803.898940
24.000000,57.000000,2906.696825
25.000000,57.000000,3011.236408
26.000000,57.000000,3117.517689
27.000000,57.000000,3225.540668
13.000000,57.500000,1784.684349
14.000000,57.500000,1882.640994
15.000000,57.500000,1983.101197
16.000000,57.500000,2086.064958
17.000000,57.500000,2191.532277
18.000000,57.500000,2298.966240
19.000000,57.500000,2399.010276
20.000000,57.500000,2500.723222
21.000000,57.500000,2604.447625
22.000000,57.500000,2710.183485
23.000000,57.500000,2816.528417
24.000000,57.500000,2919.588106
25.000000,57.500000,3024.390217
26.000000,57.500000,3130.934751
27.000000,57.500000,3239.221706
13.000000,58.000000,1795.261396
14.000000,58.000000,1893.545031
15.000000,58.000000,1994.333208
16.000000,58.000000,2097.625927
17.000000,58.000000,2203.423188
18.000000,58.000000,2310.648364
19.000000,58.000000,2410.730180
20.000000,58.000000,2512.828898
21.000000,58.000000,2616.944517
22.000000,58.000000,2723.077038
23.000000,58.000000,2829.186197
24.000000,58.000000,2932.507832
25.000000,58.000000,3037.572613
26.000000,58.000000,3144.380540
27.000000,58.000000,3252.931612
13.000000,58.500000,1805.947963
14.000000,58.500000,1904.558318
15.000000,58.500000,2005.674455
16.000000,58.500000,2109.296375
17.000000,58.500000,2215.424076
18.000000,58.500000,2322.146973
19.000000,58.500000,2422.610434
20.000000,58.500000,2525.095678
21.000000,58.500000,2629.602705
22.000000,58.500000,2736.131516
23.000000,58.500000,2841.947679
24.000000,58.500000,2945.521421
25.000000,58.500000,3050.838868
26.000000,58.500000,3157.900021
13.000000,59.000000,1816.666243
14.000000,59.000000,1915.603540
15.000000,59.000000,2017.047858
16.000000,59.000000,2120.999196
17.000000,59.000000,2227.457555
18.000000,59.000000,2333.674109
19.000000,59.000000,2434.519873
20.000000,59.000000,2537.392306
21.000000,59.000000,2642.291407
22.000000,59.000000,2749.217178
23.000000,59.000000,2854.737787
24.000000,59.000000,2958.563735
25.000000,59.000000,3064.133948
26.000000,59.000000,3171.448427
13.000000,59.500000,1827.470869
14.000000,59.500000,1926.733204
15.000000,59.500000,2028.503642
16.000000,59.500000,2132.782186
17.000000,59.500000,2239.568834
18.000000,59.500000,2345.311493
19.000000,59.500000,2446.550579
20.000000,59.500000,2549.821421
21.000000,59.500000,2655.124021
22.000000,59.500000,2762.458377
23.000000,59.500000,2867.627342
24.000000,59.500000,2971.699019
25.000000,59.500000,3077.515314
26.000000,59.500000,3185.076226
13.000000,60.000000,1838.307530
14.000000,60.000000,1937.895104
15.000000,60.000000,2039.991866
16.000000,60.000000,2144.597814
17.000000,60.000000,2251.712948
18.000000,60.000000,2356.977809
19.000000,60.000000,2458.610918
20.000000,60.000000,2562.280877
21.000000,60.000000,2667.987685
22.000000,60.000000,2775.731343
23.000000,60.000000,2880.545826
24.000000,60.000000,2984.863301
25.000000,60.000000,3090.925745
26.000000,60.000000,3198.733157
13.000000,60.500000,1848.964567
14.000000,60.500000,1948.933258
15.000000,60.500000,2051.415045
16.000000,60.500000,2156.409927
17.000000,60.500000,2263.917906
18.000000,60.500000,2368.756408
19.000000,60.500000,2470.777163
20.000000,60.500000,2574.840202
21.000000,60.500000,2680.945526
22.000000,60.500000,2789.093135
23.000000,60.500000,2893.539256
24.000000,60.500000,2998.108888
25.000000,60.500000,3104.423364
26.000000,60.500000,3212.482682
13.000000,61.000000,1859.652402
14.000000,61.000000,1960.002758
15.000000,61.000000,2062.870117
16.000000,61.000000,2168.254481
17.000000,61.000000,2276.155849
18.000000,61.000000,2380.564353
19.000000,61.000000,2482.973426
20.000000,61.000000,2587.430225
21.000000,61.000000,2693.934752
22.000000,61.000000,2802.487006
23.000000,61.000000,2906.561893
24.000000,61.000000,3011.383761
25.000000,61.000000,3117.950343
26.000000,61.000000,3226.261638
13.000000,61.500000,1870.480229
14.000000,61.500000,1971.227295
15.000000,61.500000,2074.495905
16.000000,61.500000,2180.286059
17.000000,61.500000,2288.597757
18.000000,61.500000,2392.529273
19.000000,61.500000,2495.263044
20.000000,61.500000,2600.047197
21.000000,61.500000,2706.881731
22.000000,61.500000,2815.606571
23.000000,61.500000,2919.509552
24.000000,61.500000,3024.659899
25.000000,61.500000,3131.557634
26.000000,61.500000,3240.202756
13.000000,62.000000,1881.339487
14.000000,62.000000,1982.483882
15.000000,62.000000,2086.154361
16.000000,62.000000,2192.350924
17.000000,62.000000,2301.073572
18.000000,62.000000,2404.524171
19.000000,62.000000,2507.582989
20.000000,62.000000,2612.694845
21.000000,62.000000,2719.859740
22.000000,62.000000,2828.756761
23.000000,62.000000,2932.485944
24.000000,62.000000,3037.965190
25.000000,62.000000,3145.194498
26.000000,62.000000,3254.173868
13.000000,62.500000,1892.294896
14.000000,62.500000,1993.806476
15.000000,62.500000,2097.847673
16.000000,62.500000,2204.418487
17.000000,62.500000,2313.518919
18.000000,62.500000,2416.523039
19.000000,62.500000,2519.911541
20.000000,62.500000,2625.355143
21.000000,62.500000,2732.853845
22.000000,62.500000,2841.442813
23.000000,62.500000,2945.562176
24.000000,62.500000,3051.436543
25.000000,62.500000,3159.065914
26.000000,62.500000,3268.450288
12.000000,63.000000,1803.936061
13.000000,63.000000,1903.282110
14.000000,63.000000,2005.161310
15.000000,63.000000,2109.573663
16.000000,63.000000,2216.519168
17.000000,63.000000,2325.997825
18.000000,63.000000,2428.551771
19.000000,63.000000,2532.270325
20.000000,63.000000,2638.046038
21.000000,63.000000,2745.878909
22.000000,63.000000,2854.157202
23.000000,63.000000,2958.667444
24.000000,63.000000,3064.937638
25.000000,63.000000,3172.967783
26.000000,63.000000,3282.757880
12.000000,63.500000,1814.519716
13.000000,63.500000,1914.268852
14.000000,63.500000,2016.555781
15.000000,63.500000,2121.380503
16.000000,63.500000,2228.743018
17.000000,63.500000,2338.287571
18.000000,63.500000,2440.723782
19.000000,63.500000,2544.771702
20.000000,63.500000,2650.878765
21.000000,63.500000,2759.044969
22.000000,63.500000,2867.026884
23.000000,63.500000,2971.913524
24.000000,63.500000,3078.564549
25.000000,63.500000,3186.979960
12.000000,64.000000,1825.134294
13.000000,64.000000,1925.287190
14.000000,64.000000,2027.982520
15.000000,64.000000,2133.220282
16.000000,64.000000,2241.000478
17.000000,64.000000,2350.609700
18.000000,64.000000,2452.926218
19.000000,64.000000,2557.303858
20.000000,64.000000,2663.742620
21.000000,64.000000,2772.242505
22.000000,64.000000,2879.925458
23.000000,64.000000,2985.189128
24.000000,64.000000,3092.221620
25.000000,64.000000,3201.022935
12.000000,64.500000,1835.831346
13.000000,64.500000,1936.405635
14.000000,64.500000,2039.527425
15.000000,64.500000,2145.196716
16.000000,64.500000,2253.413509
17.000000,64.500000,2362.628702
18.000000,64.500000,2465.293809
19.000000,64.500000,2570.022994
20.000000,64.500000,2676.816259
21.000000,64.500000,2785.673603
22.000000,64.500000,2893.070778
23.000000,64.500000,2998.681832
24.000000,64.500000,3106.064840
25.000000,64.500000,3215.219803
12.000000,65.000000,1846.559604
13.000000,65.000000,1947.556059
14.000000,65.000000,2051.105080
15.000000,65.000000,2157.206668
16.000000,65.000000,2265.860821
17.000000,65.000000,2374.678350
18.000000,65.000000,2477.692496
19.000000,65.000000,2582.773677
20.000000,65.000000,2689.921894
21.000000,65.000000,2799.137148
22.000000,65.000000,2906.245982
23.000000,65.000000,3012.204905
24.000000,65.000000,3119.938916
25.000000,65.000000,3229.448014
12.000000,65.500000,1857.440686
13.000000,65.500000,1958.852257
14.000000,65.500000,2062.821317
15.000000,65.500000,2169.347866
16.000000,65.500000,2278.431904
17.000000,65.500000,2386.853586
18.000000,65.500000,2490.231098
19.000000,65.500000,2595.678711
20.000000,65.500000,2703.196426
21.000000,65.500000,2812.784243
22.000000,65.500000,2919.615476
23.000000,65.500000,3025.935253
24.000000,65.500000,3134.033745
25.000000,65.500000,3243.910953
12.000000,66.000000,1868.353698
13.000000,66.000000,1970.181094
14.000000,66.000000,2074.570902
15.000000,66.000000,2181.523122
16.000000,66.000000,2291.037755
17.000000,66.000000,2399.059954
18.000000,66.000000,2502.801345
19.000000,66.000000,2608.615903
20.000000,66.000000,2716.503626
21.000000,66.000000,2826.464514
22.000000,66.000000,2933.015601
23.000000,66.000000,3039.696768
24.000000,66.000000,3148.160283
25.000000,66.000000,3258.406145
12.000000,66.500000,1879.514630
13.000000,66.500000,1981.773809
14.000000,66.500000,2086.600889
15.000000,66.500000,2193.995869
16.000000,66.500000,2303.958749
17.000000,66.500000,2411.529669
18.000000,66.500000,2515.583823
19.000000,66.500000,2621.712182
20.000000,66.500000,2729.914748
21.000000,66.500000,2840.191521
22.000000,66.500000,2946.457610
23.000000,66.500000,3053.483445
24.000000,66.500000,3162.294887
25.000000,66.500000,3272.891938
12.000000,67.000000,1890.708778
13.000000,67.000000,1993.400517
14.000000,67.000000,2098.665646
15.000000,67.000000,2206.504165
16.000000,67.000000,2316.916074
17.000000,67.000000,2424.031708
18.000000,67.000000,2528.398857
19.000000,67.000000,2634.841252
20.000000,67.000000,2743.358891
21.000000,67.000000,2853.951775
22.000000,67.000000,2959.930322
23.000000,67.000000,3067.301289
24.000000,67.000000,3176.461127
25.000000,67.000000,3287.409835
12.000000,67.500000,1902.253560
13.000000,67.500000,2005.329764
14.000000,67.500000,2110.982114
15.000000,67.500000,2219.210611
16.000000,67.500000,2330.015256
17.000000,67.500000,2436.620159
18.000000,67.500000,2541.296939
19.000000,67.500000,2648.049882
20.000000,67.500000,2756.878988
21.000000,67.500000,2867.373108
22.000000,67.500000,2973.503292
23.000000,67.500000,3081.227022
24.000000,67.500000,3190.742989
25.000000,67.500000,3302.051194
12.000000,68.000000,1913.833475
13.000000,68.000000,2017.294594
14.000000,68.000000,2123.334614
15.000000,68.000000,2231.953537
16.000000,68.000000,2343.151361
17.000000,68.000000,2449.241212
18.000000,68.000000,2554.227833
19.000000,68.000000,2661.291534
20.000000,68.000000,2770.432314
21.000000,68.000000,2880.825907
22.000000,68.000000,2987.107285
23.000000,68.000000,3095.184269
24.000000,68.000000,3205.056861
25.000000,68.000000,3316.725059
12.000000,68.500000,1925.561874
13.000000,68.500000,2029.399143
14.000000,68.500000,2135.817572
15.000000,68.500000,2244.817161
16.000000,68.500000,2356.397910
17.000000,68.500000,2461.944876
18.000000,68.500000,2567.230292
19.000000,68.500000,2674.593460
20.000000,68.500000,2784.034380
21.000000,68.500000,2894.157681
22.000000,68.500000,3000.805442
23.000000,68.500000,3109.252293
24.000000,68.500000,3219.498233
12.000000,69.000000,1937.326098
13.000000,69.000000,2041.539898
14.000000,69.000000,2148.337115
15.000000,69.000000,2257.717747
16.000000,69.000000,2369.681796
17.000000,69.000000,2474.681399
18.000000,69.000000,2580.265762
19.000000,69.000000,2687.928547
20.000000,69.000000,2797.669755
21.000000,69.000000,2907.520218
22.000000,69.000000,3014.534919
23.000000,69.000000,3123.352194
24.000000,69.000000,3233.972041
12.000000,69.500000,1949.236204
13.000000,69.500000,2053.819269
14.000000,69.500000,2160.987998
15.000000,69.500000,2270.742391
16.000000,69.500000,2382.990115
17.000000,69.500000,2487.523653
18.000000,69.500000,2593.386388
19.000000,69.500000,2701.327183
20.000000,69.500000,2811.346038
21.000000,69.500000,2920.960559
22.000000,69.500000,3028.354588
23.000000,69.500000,3137.554968
24.000000,69.500000,3248.561700
12.000000,70.000000,1961.182808
13.000000,70.000000,2066.135456
14.000000,70.000000,2173.676017
15.000000,70.000000,2283.804490
16.000000,70.000000,2396.335692
17.000000,70.000000,2500.399141
18.000000,70.000000,2606.540286
19.000000,70.000000,2714.759128
20.000000,70.000000,2825.055665
21.000000,70.000000,2934.431891
22.000000,70.000000,3042.205855
23.000000,70.000000,3151.789953
24.000000,70.000000,3263.184183
12.000000,70.500000,1973.153606
13.000000,70.500000,2078.481604
14.000000,70.500000,2186.399398
15.000000,70.500000,2296.906989
16.000000,70.500000,2408.978534
17.000000,70.500000,2513.339254
18.000000,70.500000,2619.777810
19.000000,70.500000,2728.294203
20.000000,70.500000,2838.888432
21.000000,70.500000,2948.069314
22.000000,70.500000,3056.219046
23.000000,70.500000,3166.182700
24.000000,70.500000,3277.960275
11.000000,71.000000,1882.048773
12.000000,71.000000,1985.160798
13.000000,71.000000,2090.864501
14.000000,71.000000,2199.159884
15.000000,71.000000,2310.046945
16.000000,71.000000,2421.654630
17.000000,71.000000,2526.312758
18.000000,71.000000,2633.048858
19.000000,71.000000,2741.862932
20.000000,71.000000,2852.754979
21.000000,71.000000,2961.738349
22.000000,71.000000,3070.264432
23.000000,71.000000,3180.608230
24.000000,71.000000,3292.769740
11.000000,71.500000,1893.801376
12.000000,71.500000,1997.305152
13.000000,71.500000,2103.402776
14.000000,71.500000,2212.094250
15.000000,71.500000,2323.379571
16.000000,71.500000,2434.499358
17.000000,71.500000,2539.451317
18.000000,71.500000,2646.481385
19.000000,71.500000,2755.589561
20.000000,71.500000,2866.775846
21.000000,71.500000,2975.585638
22.000000,71.500000,3084.480831
23.000000,71.500000,3195.197094
24.000000,71.500000,3307.734428
11.000000,72.000000,1905.590514
12.000000,72.000000,2009.486503
13.000000,72.000000,2115.978506
14.000000,72.000000,2225.066522
15.000000,72.000000,2336.750551
16.000000,72.000000,2447.378059
17.000000,72.000000,2552.623951
18.000000,72.000000,2659.948085
19.000000,72.000000,2769.350462
20.000000,72.000000,2880.831081
21.000000,72.000000,2989.465220
22.000000,72.000000,3098.730063
23.000000,72.000000,3209.819335
24.000000,72.000000,3322.733037
11.000000,72.500000,1917.565543
12.000000,72.500000,2021.858935
13.000000,72.500000,2128.750497
14.000000,72.500000,2238.240230
15.000000,72.500000,2350.328133
16.000000,72.500000,2460.417274
17.000000,72.500000,2565.944498
18.000000,72.500000,2673.549703
19.000000,72.500000,2783.232888
20.000000,72.500000,2894.994053
21.000000,72.500000,3003.480648
22.000000,72.500000,3113.113831
23.000000,72.500000,3224.574607
24.000000,72.500000,3337.862976
11.000000,73.000000,1929.578054
12.000000,73.000000,2034.269319
13.000000,73.000000,2141.560906
14.000000,73.000000,2251.452814
15.000000,73.000000,2363.945044
16.000000,73.000000,2473.491132
17.000000,73.000000,2579.299711
18.000000,73.000000,2687.186007
19.000000,73.000000,2797.150021
20.000000,73.000000,2909.191752
21.000000,73.000000,3017.528850
22.000000,73.000000,3127.530900
23.000000,73.000000,3239.363708
24.000000,73.000000,3353.027274
11.000000,73.500000,1941.642464
12.000000,73.500000,2046.659578
13.000000,73.500000,2154.276482
14.000000,73.500000,2264.493176
15.000000,73.500000,2377.309661
16.000000,73.500000,2486.378390
17.000000,73.500000,2592.527055
18.000000,73.500000,2700.754980
19.000000,73.500000,2811.062165
11.000000,74.000000,1953.744449
12.000000,74.000000,2059.087427
13.000000,74.000000,2167.029662
14.000000,74.000000,2277.571155
15.000000,74.000000,2390.711907
16.000000,74.000000,2499.299102
17.000000,74.000000,2605.788206
18.000000,74.000000,2714.358108
19.000000,74.000000,2825.008808
11.000000,74.500000,1965.413042
12.000000,74.500000,2071.134776
13.000000,74.500000,2179.457770
14.000000,74.500000,2290.382024
15.000000,74.500000,2403.907538
16.000000,74.500000,2512.109697
17.000000,74.500000,2619.012822
18.000000,74.500000,2728.001342
19.000000,74.500000,2839.075259
11.000000,75.000000,1977.116304
12.000000,75.000000,2083.217201
13.000000,75.000000,2191.921357
14.000000,75.000000,2303.228772
15.000000,75.000000,2417.139445
16.000000,75.000000,2524.953017
17.000000,75.000000,2632.270895
18.000000,75.000000,2741.678769
19.000000,75.000000,2853.176637
11.000000,75.500000,1989.004257
12.000000,75.500000,2095.475747
13.000000,75.500000,2204.551951
14.000000,75.500000,2316.232868
15.000000,75.500000,2430.518500
16.000000,75.500000,2537.983155
17.000000,75.500000,2645.752505
18.000000,75.500000,2755.617964
19.000000,75.500000,2867.579535
11.000000,76.000000,2000.927792
12.000000,76.000000,2107.770208
13.000000,76.000000,2217.218789
14.000000,76.000000,2329.273536
15.000000,76.000000,2443.934449
16.000000,76.000000,2551.046811
17.000000,76.000000,2659.268538
18.000000,76.000000,2769.592496
19.000000,76.000000,2882.018687
11.000000,76.500000,2013.032892
12.000000,76.500000,2120.237448
13.000000,76.500000,2230.049084
14.000000,76.500000,2342.467799
15.000000,76.500000,2457.213141
16.000000,76.500000,2564.291511
17.000000,76.500000,2672.980893
18.000000,76.500000,2783.779041
19.000000,76.500000,2896.685954
11.000000,77.000000,2025.174463
12.000000,77.000000,2132.741419
13.000000,77.000000,2242.916365
14.000000,77.000000,2355.699300
15.000000,77.000000,2470.527789
16.000000,77.000000,2577.570494
17.000000,77.000000,2686.728505
18.000000,77.000000,2798.001822
19.000000,77.000000,2911.390446
11.000000,77.500000,2037.408632
12.000000,77.500000,2145.357502
13.000000,77.500000,2255.916109
14.000000,77.500000,2369.084453
15.000000,77.500000,2483.569219
16.000000,77.500000,2591.080342
17.000000,77.500000,2700.712829
18.000000,77.500000,2812.466681
19.000000,77.500000,2926.341898
11.000000,78.000000,2049.679583
12.000000,78.000000,2158.010732
13.000000,78.000000,2268.953364
14.000000,78.000000,2382.507477
15.000000,78.000000,2496.644949
16.000000,78.000000,2604.625483
17.000000,78.000000,2714.733444
18.000000,78.000000,2826.968830
19.000000,78.000000,2941.331642
11.000000,78.500000,2062.010670
12.000000,78.500000,2170.753878
13.000000,78.500000,2282.110939
14.000000,78.500000,2396.081851
15.000000,78.500000,2509.919750
16.000000,78.500000,2618.377835
17.000000,78.500000,2728.969412
18.000000,78.500000,2841.694479
11.000000,79.000000,2074.378627
12.000000,79.000000,2183.534449
13.000000,79.000000,2295.306486
14.000000,79.000000,2409.694737
15.000000,79.000000,2523.229727
16.000000,79.000000,2632.166387
17.000000,79.000000,2743.242605
18.000000,79.000000,2856.458382
11.000000,79.500000,2086.956187
12.000000,79.500000,2196.516215
13.000000,79.500000,2308.694286
14.000000,79.500000,2423.490400
15.000000,79.500000,2536.665057
16.000000,79.500000,2645.934260
17.000000,79.500000,2757.343936
18.000000,79.500000,2870.894086
10.000000,80.000000,1992.226834
11.000000,80.000000,2099.571683
12.000000,80.000000,2209.536395
13.000000,80.000000,2322.120970
14.000000,80.000000,2437.325408
15.000000,80.000000,2550.136044
16.000000,80.000000,2659.738030
17.000000,80.000000,2771.481402
18.000000,80.000000,2885.366161
10.000000,80.500000,2004.654251
11.000000,80.500000,2112.393895
12.000000,80.500000,2222.754697
13.000000,80.500000,2335.736656
14.000000,80.500000,2451.339771
15.000000,80.500000,2563.719249
16.000000,80.500000,2673.585532
17.000000,80.500000,2785.591661
18.000000,80.500000,2899.737636
10.000000,81.000000,2017.120243
11.000000,81.000000,2125.255089
12.000000,81.000000,2236.012378
13.000000,81.000000,2349.392111
14.000000,81.000000,2465.394288
15.000000,81.000000,2577.338519
16.000000,81.000000,2687.468970
17.000000,81.000000,2799.737726
18.000000,81.000000,2914.144787
10.000000,81.500000,2029.838987
11.000000,81.500000,2138.335910
12.000000,81.500000,2249.455073
13.000000,81.500000,2363.196477
14.000000,81.500000,2479.560122
15.000000,81.500000,2591.070412
16.000000,81.500000,2701.481087
17.000000,81.500000,2814.028366
18.000000,81.500000,2928.712247
10.000000,82.000000,2042.597642
11.000000,82.000000,2151.456804
12.000000,82.000000,2262.937999
13.000000,82.000000,2377.041228
14.000000,82.000000,2493.766490
15.000000,82.000000,2604.838754
16.000000,82.000000,2715.529608
17.000000,82.000000,2828.355359
18.000000,82.000000,2943.316007
10.000000,82.500000,2055.569059
11.000000,82.500000,2164.797370
12.000000,82.500000,2276.647500
13.000000,82.500000,2391.119450
14.000000,82.500000,2508.213220
15.000000,82.500000,2618.815784
16.000000,82.500000,2729.776854
17.000000,82.500000,2842.870421
18.000000,82.500000,2958.096485
10.000000,83.000000,2068.581474
11.000000,83.000000,2178.179113
12.000000,83.000000,2290.398353
13.000000,83.000000,2405.239194
14.000000,83.000000,2522.701635
15.000000,83.000000,2632.830186
16.000000,83.000000,2744.061357
17.000000,83.000000,2857.422618
18.000000,83.000000,2972.913970
10.000000,83.500000,2081.780193
11.000000,83.500000,2191.759146
12.000000,83.500000,2304.359726
13.000000,83.500000,2419.581933
14.000000,83.500000,2537.151983
15.000000,83.500000,2647.029189
16.000000,83.500000,2758.518701
17.000000,83.500000,2872.135695
18.000000,83.500000,2987.880172
10.000000,84.000000,2095.020842
11.000000,84.000000,2205.381342
12.000000,84.000000,2318.363489
13.000000,84.000000,2433.967282
14.000000,84.000000,2551.643580
15.000000,84.000000,2661.266362
16.000000,84.000000,2773.014015
17.000000,84.000000,2886.886541
18.000000,84.000000,3002.883938
10.000000,84.500000,2108.354093
11.000000,84.500000,2219.132065
12.000000,84.500000,2332.533271
13.000000,84.500000,2448.557713
14.000000,84.500000,2565.810604
15.000000,84.500000,2675.688757
16.000000,84.500000,2787.689309
17.000000,84.500000,2901.812259
18.000000,84.500000,3018.057606
10.000000,85.000000,2121.729607
11.000000,85.000000,2232.925498
12.000000,85.000000,2346.746206
13.000000,85.000000,2463.191732
14.000000,85.000000,2580.016840
15.000000,85.000000,2690.150118
16.000000,85.000000,2802.403321
17.000000,85.000000,2916.776446
18.000000,85.000000,3033.269495
10.000000,85.500000,2134.764263
11.000000,85.500000,2246.496010
12.000000,85.500000,2360.860317
13.000000,85.500000,2477.857186
14.000000,85.500000,2594.319789
15.000000,85.500000,2704.717689
16.000000,85.500000,2817.233005
17.000000,85.500000,2931.865735
10.000000,86.000000,2147.838783
11.000000,86.000000,2260.107594
12.000000,86.000000,2375.016716
13.000000,86.000000,2492.566148
14.000000,86.000000,2608.662261
15.000000,86.000000,2719.324583
16.000000,86.000000,2832.101810
17.000000,86.000000,2946.993940
10.000000,86.500000,2160.970228
11.000000,86.500000,2273.597951
12.000000,86.500000,2388.866212
13.000000,86.500000,2506.775010
14.000000,86.500000,2622.526406
15.000000,86.500000,2733.611535
16.000000,86.500000,2846.814227
17.000000,86.500000,2962.134482
10.000000,87.000000,2174.141617
11.000000,87.000000,2287.128363
12.000000,87.000000,2402.755871
13.000000,87.000000,2521.024141
14.000000,87.000000,2636.427194
15.000000,87.000000,2747.935852
16.000000,87.000000,2861.564721
17.000000,87.000000,2977.313799
10.000000,87.500000,2187.406507
11.000000,87.500000,2300.665508
12.000000,87.500000,2416.561096
13.000000,87.500000,2535.093271
14.000000,87.500000,2650.191514
15.000000,87.500000,2762.209857
16.000000,87.500000,2876.354782
17.000000,87.500000,2992.626290
9.000000,88.000000,2089.813247
10.000000,88.000000,2200.711679
11.000000,88.000000,2314.242523
12.000000,88.000000,2430.405781
13.000000,88.000000,2549.201452
14.000000,88.000000,2663.991597
15.000000,88.000000,2776.520792
16.000000,88.000000,2891.182941
17.000000,88.000000,3007.978046
9.000000,88.500000,2103.004967
10.000000,88.500000,2214.196604
11.000000,88.500000,2328.017100
12.000000,88.500000,2444.466455
13.000000,88.500000,2563.544670
14.000000,88.500000,2678.057682
15.000000,88.500000,2791.065755
16.000000,88.500000,2906.212620
17.000000,88.500000,3023.498277
9.000000,89.000000,2116.238153
10.000000,89.000000,2227.722670
11.000000,89.000000,2341.832492
12.000000,89.000000,2458.567619
13.000000,89.000000,2577.928051
14.000000,89.000000,2692.160747
15.000000,89.000000,2805.648670
16.000000,89.000000,2921.281225
17.000000,89.000000,3039.058413
9.000000,89.500000,2129.511692
10.000000,89.500000,2241.336614
11.000000,89.500000,2355.784429
12.000000,89.500000,2472.855136
13.000000,89.500000,2592.548737
14.000000,89.500000,2706.529003
15.000000,89.500000,2820.475372
16.000000,89.500000,2936.571378
17.000000,89.500000,3054.817021
9.000000,90.000000,2142.826630
10.000000,90.000000,2254.991940
11.000000,90.000000,2369.777724
12.000000,90.000000,2487.183981
13.000000,90.000000,2607.210711
14.000000,90.000000,2720.935460
15.000000,90.000000,2835.341114
16.000000,90.000000,2951.901413
17.000000,90.000000,3070.616356
9.000000,90.500000,2156.388162
10.000000,90.500000,2268.903318
11.000000,90.500000,2384.036959
12.000000,90.500000,2501.789087
13.000000,90.500000,2622.159699
14.000000,90.500000,2735.631658
15.000000,90.500000,2850.463761
16.000000,90.500000,2967.453818
17.000000,90.500000,3086.601828
9.000000,91.000000,2169.992394
10.000000,91.000000,2282.857400
11.000000,91.000000,2398.338898
12.000000,91.000000,2516.436886
13.000000,91.000000,2637.151367
14.000000,91.000000,2750.367400
15.000000,91.000000,2865.626599
16.000000,91.000000,2983.047059
17.000000,91.000000,3102.628782
9.000000,91.500000,2183.869416
10.000000,91.500000,2297.080790
11.000000,91.500000,2412.906233
12.000000,91.500000,2531.345744
13.000000,91.500000,2651.783223
14.000000,91.500000,2765.342661
15.000000,91.500000,2881.006719
16.000000,91.500000,2998.834610
9.000000,92.000000,2197.790622
10.000000,92.000000,2311.348310
11.000000,92.000000,2427.517636
12.000000,92.000000,2546.298602
13.000000,92.000000,2666.455538
14.000000,92.000000,2780.358560
15.000000,92.000000,2896.427984
16.000000,92.000000,3014.663809
9.000000,92.500000,2211.964330
10.000000,92.500000,2325.832900
11.000000,92.500000,2442.309306
12.000000,92.500000,2561.393549
9.000000,93.000000,2226.183570
10.000000,93.000000,2340.362706
11.000000,93.000000,2457.145873
12.000000,93.000000,2576.533071
9.000000,93.500000,2240.466668
10.000000,93.500000,2354.944342
11.000000,93.500000,2472.021352
12.000000,93.500000,2591.697697
9.000000,94.000000,2254.795371
10.000000,94.000000,2369.571192
11.000000,94.000000,2486.941650
12.000000,94.000000,2606.906745
9.000000,94.500000,2268.916635
10.000000,94.500000,2384.086791
11.000000,94.500000,2501.851588
12.000000,94.500000,2622.211027
9.000000,95.000000,2283.081889
10.000000,95.000000,2398.646626
11.000000,95.000000,2516.806003
12.000000,95.000000,2637.560022
9.000000,95.500000,2296.997702
10.000000,95.500000,2413.081048
11.000000,95.500000,2531.765305
12.000000,95.500000,2653.050473
9.000000,96.000000,2310.955709
10.000000,96.000000,2427.558689
11.000000,96.000000,2546.768855
12.000000,96.000000,2668.586209
9.000000,96.500000,2325.196739
10.000000,96.500000,2442.305007
11.000000,96.500000,2562.025946
12.000000,96.500000,2684.359557
9.000000,97.000000,2339.481451
10.000000,97.000000,2457.095916
11.000000,97.000000,2577.328540
12.000000,97.000000,2700.179325
9.000000,97.500000,2353.807423
10.000000,97.500000,2471.820180
11.000000,97.500000,2592.451102
12.000000,97.500000,2715.700188
8.000000,98.000000,2252.383885
9.000000,98.000000,2368.177034
10.000000,98.000000,2486.588345
11.000000,98.000000,2607.617819
12.000000,98.000000,2731.265457
8.000000,98.500000,2266.526328
9.000000,98.500000,2382.665195
10.000000,98.500000,2501.418824
11.000000,98.500000,2622.787214
8.000000,99.000000,2280.712928
9.000000,99.000000,2397.197452
10.000000,99.000000,2516.293323
11.000000,99.000000,2638.000543
8.000000,99.500000,2295.024491
9.000000,99.500000,2411.887149
10.000000,99.500000,2531.358326
11.000000,99.500000,2653.438022
8.000000,100.000000,2309.380685
9.000000,100.000000,2426.621618
10.000000,100.000000,2546.468221
11.000000,100.000000,2668.920493
8.000000,100.500000,2323.988504
9.000000,100.500000,2441.610983
10.000000,100.500000,2561.836000
11.000000,100.500000,2684.663558
8.000000,101.000000,2338.642276
9.000000,101.000000,2456.646427
10.000000,101.000000,2577.249966
11.000000,101.000000,2700.452892
8.000000,101.500000,2353.521769
9.000000,101.500000,2471.876914
10.000000,101.500000,2592.827112
11.000000,101.500000,2716.372363
8.000000,102.000000,2368.448359
9.000000,102.000000,2487.154399
10.000000,102.000000,2608.451141
11.000000,102.000000,2732.338586
8.000000,102.500000,2383.645585
9.000000,102.500000,2502.664400
10.000000,102.500000,2624.268326
11.000000,102.500000,2748.457361
8.000000,103.000000,2398.891349
9.000000,103.000000,2518.222555
10.000000,103.000000,2640.133271
11.000000,103.000000,2764.623497
8.000000,103.500000,2413.900467
9.000000,103.500000,2533.691045
10.000000,103.500000,2656.063160
11.000000,103.500000,2781.016812
8.000000,104.000000,2428.956362
9.000000,104.000000,2549.206869
10.000000,104.000000,2672.040937
11.000000,104.000000,2797.458565
8.000000,104.500000,2444.082218
9.000000,104.500000,2564.869133
10.000000,104.500000,2688.245054
11.000000,104.500000,2814.209981
8.000000,105.000000,2459.255006
9.000000,105.000000,2580.579349
10.000000,105.000000,2704.498145
11.000000,105.000000,2831.011394
8.000000,105.500000,2474.719309
9.000000,105.500000,2596.599900
10.000000,105.500000,2721.080753
11.000000,105.500000,2848.161868
8.000000,106.000000,2490.232072
9.000000,106.000000,2612.670021
10.000000,106.000000,2737.714041
11.000000,106.000000,2865.364134
8.000000,106.500000,2506.052495
9.000000,106.500000,2629.067332
10.000000,106.500000,2754.694482
8.000000,107.000000,2521.923005
9.000000,107.000000,2645.515933
10.000000,107.000000,2771.727418
