weight_g,305.000000
thrust_N,velocity_m_s,power_W
19.000000,0.000000,1180.147683
20.000000,0.000000,1257.205611
21.000000,0.000000,1336.470304
22.000000,0.000000,1417.941763
23.000000,0.000000,1501.619989
24.000000,0.000000,1590.903363
25.000000,0.000000,1690.424487
26.000000,0.000000,1792.449503
27.000000,0.000000,1896.978409
28.000000,0.000000,2019.180316
29.000000,0.000000,2145.179703
30.000000,0.000000,2279.060579
31.000000,0.000000,2423.636141
19.000000,0.500000,1184.111755
20.000000,0.500000,1261.264603
21.000000,0.500000,1340.624657
22.000000,0.500000,1422.191916
23.000000,0.500000,1505.966381
24.000000,0.500000,1595.949077
25.000000,0.500000,1695.641728
26.000000,0.500000,1797.840587
27.000000,0.500000,1902.972035
28.000000,0.500000,2025.531125
29.000000,0.500000,2151.494941
30.000000,0.500000,2286.008800
31.000000,0.500000,2430.742678
19.000000,1.000000,1188.081419
20.000000,1.000000,1265.329232
21.000000,1.000000,1344.784684
22.000000,1.000000,1426.447777
23.000000,1.000000,1510.318509
24.000000,1.000000,1601.001357
25.000000,1.000000,1700.865654
26.000000,1.000000,1803.238477
27.000000,1.000000,1908.973330
28.000000,1.000000,2031.889916
29.000000,1.000000,2157.817806
30.000000,1.000000,2292.965648
31.000000,1.000000,2437.857728
19.000000,1.500000,1192.050140
20.000000,1.500000,1269.393708
21.000000,1.500000,1348.945384
22.000000,1.500000,1430.705167
23.000000,1.500000,1514.673058
24.000000,1.500000,1606.069325
25.000000,1.500000,1706.105550
26.000000,1.500000,1808.652617
27.000000,1.500000,1915.330862
28.000000,1.500000,2038.218116
29.000000,1.500000,2164.109840
30.000000,1.500000,2299.927016
31.000000,1.500000,2444.977965
19.000000,2.000000,1196.024456
20.000000,2.000000,1273.463823
21.000000,2.000000,1353.111761
22.000000,2.000000,1434.968270
23.000000,2.000000,1519.033349
24.000000,2.000000,1611.143885
25.000000,2.000000,1711.352156
26.000000,2.000000,1814.073590
27.000000,2.000000,1921.696658
28.000000,2.000000,2044.554225
29.000000,2.000000,2170.409429
30.000000,2.000000,2306.896987
31.000000,2.000000,2452.106692
19.000000,2.500000,1199.998090
20.000000,2.500000,1277.534052
21.000000,2.500000,1357.279082
22.000000,2.500000,1439.233178
23.000000,2.500000,1523.396342
24.000000,2.500000,1616.234170
25.000000,2.500000,1716.614765
26.000000,2.500000,1819.510841
27.000000,2.500000,1928.032231
28.000000,2.500000,2050.859848
29.000000,2.500000,2176.678296
30.000000,2.500000,2313.871724
31.000000,2.500000,2459.240858
19.000000,3.000000,1203.977322
20.000000,3.000000,1281.609923
21.000000,3.000000,1361.452083
22.000000,3.000000,1443.503803
23.000000,3.000000,1527.765082
24.000000,3.000000,1621.331072
25.000000,3.000000,1721.884110
26.000000,3.000000,1824.954949
27.000000,3.000000,1934.375995
28.000000,3.000000,2057.173307
29.000000,3.000000,2182.954646
30.000000,3.000000,2320.855038
31.000000,3.000000,2466.383491
19.000000,3.500000,1208.037479
20.000000,3.500000,1285.750211
21.000000,3.500000,1365.671931
22.000000,3.500000,1447.802640
23.000000,3.500000,1532.142337
24.000000,3.500000,1626.443083
25.000000,3.500000,1727.169085
26.000000,3.500000,1830.415207
27.000000,3.500000,1940.689636
28.000000,3.500000,2063.456384
29.000000,3.500000,2189.200383
30.000000,3.500000,2327.843363
31.000000,3.500000,2473.531815
19.000000,4.000000,1212.103474
20.000000,4.000000,1289.896326
21.000000,4.000000,1369.897591
22.000000,4.000000,1452.107269
23.000000,4.000000,1536.525359
24.000000,4.000000,1631.561737
25.000000,4.000000,1732.460822
26.000000,4.000000,1835.882347
27.000000,4.000000,1947.011393
28.000000,4.000000,2069.747224
29.000000,4.000000,2195.453534
30.000000,4.000000,2334.840242
31.000000,4.000000,2480.688584
19.000000,4.500000,1216.356032
20.000000,4.500000,1294.255129
21.000000,4.500000,1374.363279
22.000000,4.500000,1456.680483
23.000000,4.500000,1541.206739
24.000000,4.500000,1636.933853
25.000000,4.500000,1737.871540
26.000000,4.500000,1841.328549
27.000000,4.500000,1953.206414
28.000000,4.500000,2076.027104
29.000000,4.500000,2201.814882
30.000000,4.500000,2342.001621
31.000000,4.500000,2488.003006
19.000000,5.000000,1220.615001
20.000000,5.000000,1298.620396
21.000000,5.000000,1378.835481
22.000000,5.000000,1461.260253
23.000000,5.000000,1545.894714
24.000000,5.000000,1642.313368
25.000000,5.000000,1743.289485
26.000000,5.000000,1846.781805
27.000000,5.000000,1959.409561
28.000000,5.000000,2082.314933
29.000000,5.000000,2208.184005
30.000000,5.000000,2349.171999
31.000000,5.000000,2495.326256
19.000000,5.500000,1224.877271
20.000000,5.500000,1302.993655
21.000000,5.500000,1383.320607
22.000000,5.500000,1465.858129
23.000000,5.500000,1550.606219
24.000000,5.500000,1647.674082
25.000000,5.500000,1748.657829
26.000000,5.500000,1852.154026
27.000000,5.500000,1965.568580
28.000000,5.500000,2088.678721
29.000000,5.500000,2214.754001
30.000000,5.500000,2356.631705
31.000000,5.500000,2502.998968
19.000000,6.000000,1229.145965
20.000000,6.000000,1307.373403
21.000000,6.000000,1387.812285
22.000000,6.000000,1470.462611
23.000000,6.000000,1555.324382
24.000000,6.000000,1653.042187
25.000000,6.000000,1754.033351
26.000000,6.000000,1857.533205
27.000000,6.000000,1971.735751
28.000000,6.000000,2095.050745
29.000000,6.000000,2221.332318
30.000000,6.000000,2364.101197
31.000000,6.000000,2510.681431
19.000000,6.500000,1233.416200
20.000000,6.500000,1311.755536
21.000000,6.500000,1392.307225
22.000000,6.500000,1475.071267
23.000000,6.500000,1560.279204
24.000000,6.500000,1658.386663
25.000000,6.500000,1759.381528
26.000000,6.500000,1862.881209
27.000000,6.500000,1977.908655
28.000000,6.500000,2101.436682
29.000000,6.500000,2228.457690
30.000000,6.500000,2371.586947
31.000000,6.500000,2518.377048
19.000000,7.000000,1237.692866
20.000000,7.000000,1316.144168
21.000000,7.000000,1396.808725
22.000000,7.000000,1479.686539
23.000000,7.000000,1565.241071
24.000000,7.000000,1663.738477
25.000000,7.000000,1764.736822
26.000000,7.000000,1868.236104
27.000000,7.000000,1984.089707
28.000000,7.000000,2107.830863
29.000000,7.000000,2235.592541
30.000000,7.000000,2379.082476
31.000000,7.000000,2526.082402
19.000000,7.500000,1242.107661
20.000000,7.500000,1320.640074
21.000000,7.500000,1401.384697
22.000000,7.500000,1484.341530
23.000000,7.500000,1570.568166
24.000000,7.500000,1669.068148
25.000000,7.500000,1770.065014
26.000000,7.500000,1873.558762
27.000000,7.500000,1990.278329
28.000000,7.500000,2114.241142
29.000000,7.500000,2242.895628
30.000000,7.500000,2386.593334
18.000000,8.000000,1170.127002
19.000000,8.000000,1246.529324
20.000000,8.000000,1325.142806
21.000000,8.000000,1405.967448
22.000000,8.000000,1489.003250
23.000000,8.000000,1575.902778
24.000000,8.000000,1674.405110
25.000000,8.000000,1775.400264
26.000000,8.000000,1878.888242
27.000000,8.000000,1996.475096
28.000000,8.000000,2120.659678
29.000000,8.000000,2250.208528
30.000000,8.000000,2394.113962
18.000000,8.500000,1174.537125
19.000000,8.500000,1251.061096
20.000000,8.500000,1329.797304
21.000000,8.500000,1410.745749
22.000000,8.500000,1493.906430
23.000000,8.500000,1581.526284
24.000000,8.500000,1680.016082
25.000000,8.500000,1780.993213
26.000000,8.500000,1884.457677
27.000000,8.500000,2002.907778
28.000000,8.500000,2127.212014
29.000000,8.500000,2257.570086
30.000000,8.500000,2401.663956
18.000000,9.000000,1178.954389
19.000000,9.000000,1255.600093
20.000000,9.000000,1334.459105
21.000000,9.000000,1415.531425
22.000000,9.000000,1498.817054
23.000000,9.000000,1587.158149
24.000000,9.000000,1685.635094
25.000000,9.000000,1786.593880
26.000000,9.000000,1890.034509
27.000000,9.000000,2009.349139
28.000000,9.000000,2133.772891
29.000000,9.000000,2264.941533
30.000000,9.000000,2409.223746
18.000000,9.500000,1183.375557
19.000000,9.500000,1260.150485
20.000000,9.500000,1339.140202
21.000000,9.500000,1420.344707
22.000000,9.500000,1503.764002
23.000000,9.500000,1592.850620
24.000000,9.500000,1691.444894
25.000000,9.500000,1792.521127
26.000000,9.500000,1896.079320
27.000000,9.500000,2016.291160
28.000000,9.500000,2140.745058
29.000000,9.500000,2272.661274
30.000000,9.500000,2416.998430
18.000000,10.000000,1187.803881
19.000000,10.000000,1264.708138
20.000000,10.000000,1343.828660
21.000000,10.000000,1425.165447
22.000000,10.000000,1508.718499
23.000000,10.000000,1598.551620
24.000000,10.000000,1697.263227
25.000000,10.000000,1798.456908
26.000000,10.000000,1902.132664
27.000000,10.000000,2023.243109
28.000000,10.000000,2147.726846
29.000000,10.000000,2280.391931
30.000000,10.000000,2424.783608
18.000000,10.500000,1192.222876
19.000000,10.500000,1269.260354
20.000000,10.500000,1348.515666
21.000000,10.500000,1429.988812
22.000000,10.500000,1513.679791
23.000000,10.500000,1604.254803
24.000000,10.500000,1703.084312
25.000000,10.500000,1804.396030
26.000000,10.500000,1908.823247
27.000000,10.500000,2030.168754
28.000000,10.500000,2154.675412
29.000000,10.500000,2288.110352
30.000000,10.500000,2432.612890
18.000000,11.000000,1196.649035
19.000000,11.000000,1273.819840
20.000000,11.000000,1353.210044
21.000000,11.000000,1434.819648
22.000000,11.000000,1518.648651
23.000000,11.000000,1609.966517
24.000000,11.000000,1708.913933
25.000000,11.000000,1810.343688
26.000000,11.000000,1915.523604
27.000000,11.000000,2037.104272
28.000000,11.000000,2161.633551
29.000000,11.000000,2295.839709
30.000000,11.000000,2440.452875
18.000000,11.500000,1200.961541
19.000000,11.500000,1278.294148
20.000000,11.500000,1357.848229
21.000000,11.500000,1439.623781
22.000000,11.500000,1523.620807
23.000000,11.500000,1615.685239
24.000000,11.500000,1714.749555
25.000000,11.500000,1816.296277
26.000000,11.500000,1922.410775
27.000000,11.500000,2044.014819
28.000000,11.500000,2168.562465
29.000000,11.500000,2303.555532
30.000000,11.500000,2448.284493
18.000000,12.000000,1205.281163
19.000000,12.000000,1282.775691
20.000000,12.000000,1362.493765
21.000000,12.000000,1444.435387
22.000000,12.000000,1528.600555
23.000000,12.000000,1621.412508
24.000000,12.000000,1720.593724
25.000000,12.000000,1822.257409
26.000000,12.000000,1929.308055
27.000000,12.000000,2050.935168
28.000000,12.000000,2175.500873
29.000000,12.000000,2311.282225
30.000000,12.000000,2456.126761
18.000000,12.500000,1209.613612
19.000000,12.500000,1287.272436
20.000000,12.500000,1367.157568
21.000000,12.500000,1449.269010
22.000000,12.500000,1533.606761
23.000000,12.500000,1627.141364
24.000000,12.500000,1726.448916
25.000000,12.500000,1828.237815
26.000000,12.500000,1936.203646
27.000000,12.500000,2057.841157
28.000000,12.500000,2182.411639
29.000000,12.500000,2318.997020
30.000000,12.500000,2463.962355
18.000000,13.000000,1213.953225
19.000000,13.000000,1291.776501
20.000000,13.000000,1371.828849
21.000000,13.000000,1454.110268
22.000000,13.000000,1538.620759
23.000000,13.000000,1632.879004
24.000000,13.000000,1732.312826
25.000000,13.000000,1834.226872
26.000000,13.000000,1943.109344
27.000000,13.000000,2064.756910
28.000000,13.000000,2189.331827
29.000000,13.000000,2326.722623
30.000000,13.000000,2471.808547
18.000000,13.500000,1218.307363
19.000000,13.500000,1296.294370
20.000000,13.500000,1376.513298
21.000000,13.500000,1458.964146
22.000000,13.500000,1543.646916
23.000000,13.500000,1638.639629
24.000000,13.500000,1738.237539
25.000000,13.500000,1840.317275
26.000000,13.500000,1950.127910
27.000000,13.500000,2071.831014
28.000000,13.500000,2196.455376
29.000000,13.500000,2334.614078
30.000000,13.500000,2479.698147
18.000000,14.000000,1222.668703
19.000000,14.000000,1300.819602
20.000000,14.000000,1381.205271
21.000000,14.000000,1463.825710
22.000000,14.000000,1548.680920
23.000000,14.000000,1644.409194
24.000000,14.000000,1744.171279
25.000000,14.000000,1846.416793
26.000000,14.000000,1957.157186
27.000000,14.000000,2078.915465
28.000000,14.000000,2203.588914
29.000000,14.000000,2342.516762
30.000000,14.000000,2487.598424
18.000000,14.500000,1227.217318
19.000000,14.500000,1305.492489
20.000000,14.500000,1386.003064
21.000000,14.500000,1468.749043
22.000000,14.500000,1553.730425
23.000000,14.500000,1650.186124
24.000000,14.500000,1750.112409
25.000000,14.500000,1852.523713
26.000000,14.500000,1964.269824
27.000000,14.500000,2086.287538
28.000000,14.500000,2211.223158
29.000000,14.500000,2351.064070
30.000000,14.500000,2496.229181
18.000000,15.000000,1231.773684
19.000000,15.000000,1310.173164
20.000000,15.000000,1390.808678
21.000000,15.000000,1473.680227
22.000000,15.000000,1558.787810
23.000000,15.000000,1655.972005
24.000000,15.000000,1756.062578
25.000000,15.000000,1858.639758
26.000000,15.000000,1971.393371
27.000000,15.000000,2093.670699
28.000000,15.000000,2218.868671
29.000000,15.000000,2359.624296
30.000000,15.000000,2504.872470
18.000000,15.500000,1236.486473
19.000000,15.500000,1314.975191
20.000000,15.500000,1395.698473
21.000000,15.500000,1478.656319
22.000000,15.500000,1564.212643
23.000000,15.500000,1661.768122
24.000000,15.500000,1762.021766
25.000000,15.500000,1864.763531
26.000000,15.500000,1978.544369
27.000000,15.500000,2101.090624
28.000000,15.500000,2226.813935
29.000000,15.500000,2368.240648
30.000000,15.500000,2513.626398
18.000000,16.000000,1241.207518
19.000000,16.000000,1319.785385
20.000000,16.000000,1400.596342
21.000000,16.000000,1483.640389
22.000000,16.000000,1569.646047
23.000000,16.000000,1667.573210
24.000000,16.000000,1767.990008
25.000000,16.000000,1870.896439
26.000000,16.000000,1985.706317
27.000000,16.000000,2108.521700
28.000000,16.000000,2234.771161
29.000000,16.000000,2376.870035
30.000000,16.000000,2522.393126
18.000000,16.500000,1246.041024
19.000000,16.500000,1324.814139
20.000000,16.500000,1405.824093
21.000000,16.500000,1489.070886
22.000000,16.500000,1575.899047
23.000000,16.500000,1673.810997
24.000000,16.500000,1774.206145
25.000000,16.500000,1877.084492
26.000000,16.500000,1992.894320
27.000000,16.500000,2115.982043
28.000000,16.500000,2243.254982
29.000000,16.500000,2385.492322
30.000000,16.500000,2531.149912
17.000000,17.000000,1174.155118
18.000000,17.000000,1250.883127
19.000000,17.000000,1329.851726
20.000000,17.000000,1411.060915
21.000000,17.000000,1494.510694
22.000000,17.000000,1582.162592
23.000000,17.000000,1680.058902
24.000000,17.000000,1780.431976
25.000000,17.000000,1883.281814
26.000000,17.000000,2000.093313
27.000000,17.000000,2123.453580
28.000000,17.000000,2251.752016
29.000000,17.000000,2394.127579
30.000000,17.000000,2539.919429
17.000000,17.500000,1178.827091
18.000000,17.500000,1255.783166
19.000000,17.500000,1334.985363
20.000000,17.500000,1416.433684
21.000000,17.500000,1500.128128
22.000000,17.500000,1588.583247
23.000000,17.500000,1686.417117
24.000000,17.500000,1786.720372
25.000000,17.500000,1889.493012
26.000000,17.500000,2007.339949
27.000000,17.500000,2130.958452
28.000000,17.500000,2260.231173
29.000000,17.500000,2402.748955
17.000000,18.000000,1183.507504
18.000000,18.000000,1260.691988
19.000000,18.000000,1340.128135
20.000000,18.000000,1421.815944
21.000000,18.000000,1505.755417
22.000000,18.000000,1595.014901
23.000000,18.000000,1692.785828
24.000000,18.000000,1793.018751
25.000000,18.000000,1895.713670
26.000000,18.000000,2014.597859
27.000000,18.000000,2138.474676
28.000000,18.000000,2268.723496
29.000000,18.000000,2411.383242
17.000000,18.500000,1188.282056
18.000000,18.500000,1265.684373
19.000000,18.500000,1345.342753
20.000000,18.500000,1427.257196
21.000000,18.500000,1511.427702
22.000000,18.500000,1601.399884
23.000000,18.500000,1699.112374
24.000000,18.500000,1799.280152
25.000000,18.500000,1901.903220
26.000000,18.500000,2021.861211
27.000000,18.500000,2145.968909
28.000000,18.500000,2277.139390
29.000000,18.500000,2419.979628
17.000000,19.000000,1193.065465
18.000000,19.000000,1270.685893
19.000000,19.000000,1350.566788
20.000000,19.000000,1432.708151
21.000000,19.000000,1517.109981
22.000000,19.000000,1607.795754
23.000000,19.000000,1705.449340
24.000000,19.000000,1805.551492
25.000000,19.000000,1908.102209
26.000000,19.000000,2029.135977
27.000000,19.000000,2153.474633
28.000000,19.000000,2285.568503
29.000000,19.000000,2428.588942
17.000000,19.500000,1197.941558
18.000000,19.500000,1275.768962
19.000000,19.500000,1355.860447
20.000000,19.500000,1438.216010
21.000000,19.500000,1522.835654
22.000000,19.500000,1614.159993
23.000000,19.500000,1711.771831
24.000000,19.500000,1811.826080
25.000000,19.500000,1915.056205
26.000000,19.500000,2036.471416
27.000000,19.500000,2161.008222
28.000000,19.500000,2294.054834
29.000000,19.500000,2437.400494
17.000000,20.000000,1202.826819
18.000000,20.000000,1280.861432
19.000000,20.000000,1361.163739
20.000000,20.000000,1443.733742
21.000000,20.000000,1528.571438
22.000000,20.000000,1620.535037
23.000000,20.000000,1718.104698
24.000000,20.000000,1818.110601
25.000000,20.000000,1922.021320
26.000000,20.000000,2043.818428
27.000000,20.000000,2168.553439
28.000000,20.000000,2302.554682
29.000000,20.000000,2446.225766
17.000000,20.500000,1207.702825
18.000000,20.500000,1285.889433
19.000000,20.500000,1366.345293
20.000000,20.500000,1449.070404
21.000000,20.500000,1534.064767
22.000000,20.500000,1626.608259
23.000000,20.500000,1724.250285
24.000000,20.500000,1824.325280
25.000000,20.500000,1929.258544
26.000000,20.500000,2051.223736
27.000000,20.500000,2176.126924
28.000000,20.500000,2311.095680
29.000000,20.500000,2455.094853
17.000000,21.000000,1212.587975
18.000000,21.000000,1290.926674
19.000000,21.000000,1371.536178
20.000000,21.000000,1454.416487
21.000000,21.000000,1539.567602
22.000000,21.000000,1632.691728
23.000000,21.000000,1730.405892
24.000000,21.000000,1830.549754
25.000000,21.000000,1936.507460
26.000000,21.000000,2058.640727
27.000000,21.000000,2183.712080
28.000000,21.000000,2319.650247
29.000000,21.000000,2463.977715
17.000000,21.500000,1217.431533
18.000000,21.500000,1295.900040
19.000000,21.500000,1376.639945
20.000000,21.500000,1459.651249
21.000000,21.500000,1544.933950
22.000000,21.500000,1638.693831
23.000000,21.500000,1736.613936
24.000000,21.500000,1836.965381
25.000000,21.500000,1944.077831
26.000000,21.500000,2066.245924
27.000000,21.500000,2191.346340
28.000000,21.500000,2328.245827
29.000000,21.500000,2472.902873
17.000000,22.000000,1222.284152
18.000000,22.000000,1300.882493
19.000000,22.000000,1381.752818
20.000000,22.000000,1464.895129
21.000000,22.000000,1550.309424
22.000000,22.000000,1644.706050
23.000000,22.000000,1742.832216
24.000000,22.000000,1843.391364
25.000000,22.000000,1951.660784
26.000000,22.000000,2073.863301
27.000000,22.000000,2198.992380
28.000000,22.000000,2336.855028
29.000000,22.000000,2481.841854
17.000000,22.500000,1227.291143
18.000000,22.500000,1305.987812
19.000000,22.500000,1386.954796
20.000000,22.500000,1470.192097
21.000000,22.500000,1555.699713
22.000000,22.500000,1650.882640
23.000000,22.500000,1749.363423
24.000000,22.500000,1850.285328
25.000000,22.500000,1959.803297
26.000000,22.500000,2081.936652
27.000000,22.500000,2206.986098
28.000000,22.500000,2345.752155
29.000000,22.500000,2490.884567
17.000000,23.000000,1232.307789
18.000000,23.000000,1311.102664
19.000000,23.000000,1392.166184
20.000000,23.000000,1475.498346
21.000000,23.000000,1561.099151
22.000000,23.000000,1657.069795
23.000000,23.000000,1755.905763
24.000000,23.000000,1857.191005
25.000000,23.000000,1967.960019
26.000000,23.000000,2090.023456
27.000000,23.000000,2214.992529
28.000000,23.000000,2354.663638
29.000000,23.000000,2499.941315
17.000000,23.500000,1237.343922
18.000000,23.500000,1316.241038
19.000000,23.500000,1397.405212
20.000000,23.500000,1480.836445
21.000000,23.500000,1566.829762
22.000000,23.500000,1663.347326
23.000000,23.500000,1762.530362
24.000000,23.500000,1864.170665
25.000000,23.500000,1976.118008
26.000000,23.500000,2098.200968
27.000000,23.500000,2223.183646
28.000000,23.500000,2363.758305
29.000000,23.500000,2509.093502
16.000000,24.000000,1165.655983
17.000000,24.000000,1242.389754
18.000000,24.000000,1321.388996
19.000000,24.000000,1402.653709
20.000000,24.000000,1486.183892
21.000000,24.000000,1572.570248
22.000000,24.000000,1669.635632
23.000000,24.000000,1769.166290
24.000000,24.000000,1871.162221
25.000000,24.000000,1984.290214
26.000000,24.000000,2106.392247
27.000000,24.000000,2231.388081
28.000000,24.000000,2372.867928
29.000000,24.000000,2518.260079
16.000000,24.500000,1170.618074
17.000000,24.500000,1247.540504
18.000000,24.500000,1326.731308
19.000000,24.500000,1408.190485
20.000000,24.500000,1491.918036
21.000000,24.500000,1579.077669
22.000000,24.500000,1676.337719
23.000000,24.500000,1776.064293
24.000000,24.500000,1878.257390
25.000000,24.500000,1992.437883
26.000000,24.500000,2114.579836
27.000000,24.500000,2240.195835
28.000000,24.500000,2382.012360
29.000000,24.500000,2527.471456
16.000000,25.000000,1175.590027
17.000000,25.000000,1252.701303
18.000000,25.000000,1332.083857
19.000000,25.000000,1413.737689
20.000000,25.000000,1497.662798
21.000000,25.000000,1585.597006
22.000000,25.000000,1683.051807
23.000000,25.000000,1782.974383
24.000000,25.000000,1885.364734
25.000000,25.000000,2000.599706
26.000000,25.000000,2122.781224
27.000000,25.000000,2249.018546
28.000000,25.000000,2391.172017
29.000000,25.000000,2536.697630
16.000000,25.500000,1180.648267
17.000000,25.500000,1257.991538
18.000000,25.500000,1337.610854
19.000000,25.500000,1419.506215
20.000000,25.500000,1503.677620
21.000000,25.500000,1592.421433
22.000000,25.500000,1689.979657
23.000000,25.500000,1790.002782
24.000000,25.500000,1892.490810
25.000000,25.500000,2008.713474
26.000000,25.500000,2130.933576
27.000000,25.500000,2258.058113
28.000000,25.500000,2400.290430
16.000000,26.000000,1185.716741
17.000000,26.000000,1263.292327
18.000000,26.000000,1343.148731
19.000000,26.000000,1425.285952
20.000000,26.000000,1509.703989
21.000000,26.000000,1599.258725
22.000000,26.000000,1696.920154
23.000000,26.000000,1797.043614
24.000000,26.000000,1899.629106
25.000000,26.000000,2016.841270
26.000000,26.000000,2139.099590
27.000000,26.000000,2267.113171
28.000000,26.000000,2409.423917
16.000000,26.500000,1190.754627
17.000000,26.500000,1268.576741
18.000000,26.500000,1348.684635
19.000000,26.500000,1431.078306
20.000000,26.500000,1515.757757
21.000000,26.500000,1606.060210
22.000000,26.500000,1703.765886
23.000000,26.500000,1803.930020
24.000000,26.500000,1906.552613
25.000000,26.500000,2024.755066
26.000000,26.500000,2147.140878
27.000000,26.500000,2276.107274
28.000000,26.500000,2418.511509
16.000000,27.000000,1195.802741
17.000000,27.000000,1273.871727
18.000000,27.000000,1354.231458
19.000000,27.000000,1436.881933
20.000000,27.000000,1521.823154
21.000000,27.000000,1612.874468
22.000000,27.000000,1710.624092
23.000000,27.000000,1810.828593
24.000000,27.000000,1913.487969
25.000000,27.000000,2032.682578
26.000000,27.000000,2155.195615
27.000000,27.000000,2285.116711
28.000000,27.000000,2427.614031
16.000000,27.500000,1200.888758
17.000000,27.500000,1279.204528
18.000000,27.500000,1359.815954
19.000000,27.500000,1442.723038
20.000000,27.500000,1527.925778
21.000000,27.500000,1619.660251
22.000000,27.500000,1717.450361
23.000000,27.500000,1817.691768
24.000000,27.500000,1921.031668
25.000000,27.500000,2040.564243
26.000000,27.500000,2163.186188
27.000000,27.500000,2294.038095
28.000000,27.500000,2436.662510
16.000000,28.000000,1205.985108
17.000000,28.000000,1284.548002
18.000000,28.000000,1365.411470
19.000000,28.000000,1448.575511
20.000000,28.000000,1534.040126
21.000000,28.000000,1626.458718
22.000000,28.000000,1724.289013
23.000000,28.000000,1824.567012
24.000000,28.000000,1928.588721
25.000000,28.000000,2048.459523
26.000000,28.000000,2171.190100
27.000000,28.000000,2302.974656
28.000000,28.000000,2445.725777
16.000000,28.500000,1211.144690
17.000000,28.500000,1289.944852
18.000000,28.500000,1371.050228
19.000000,28.500000,1454.460818
20.000000,28.500000,1540.176622
21.000000,28.500000,1633.208203
22.000000,28.500000,1731.086558
23.000000,28.500000,1831.408461
24.000000,28.500000,1936.386054
25.000000,28.500000,2056.515169
26.000000,28.500000,2179.506923
27.000000,28.500000,2312.348719
28.000000,28.500000,2455.248855
16.000000,29.000000,1216.314823
17.000000,29.000000,1295.352572
18.000000,29.000000,1376.700180
19.000000,29.000000,1460.357645
20.000000,29.000000,1546.324969
21.000000,29.000000,1639.970361
22.000000,29.000000,1737.896435
23.000000,29.000000,1838.261900
24.000000,29.000000,1944.197299
25.000000,29.000000,2064.584925
26.000000,29.000000,2187.838055
27.000000,29.000000,2321.739325
28.000000,29.000000,2464.788112
16.000000,29.500000,1221.651499
17.000000,29.500000,1300.894312
18.000000,29.500000,1382.449809
19.000000,29.500000,1466.317990
20.000000,29.500000,1552.498855
21.000000,29.500000,1646.693007
22.000000,29.500000,1744.672020
23.000000,29.500000,1845.085763
24.000000,29.500000,1952.033926
25.000000,29.500000,2072.700561
26.000000,29.500000,2196.236386
27.000000,29.500000,2331.278761
28.000000,29.500000,2474.630938
16.000000,30.000000,1226.999376
17.000000,30.000000,1306.447444
18.000000,30.000000,1388.211025
19.000000,30.000000,1472.290116
20.000000,30.000000,1558.684718
21.000000,30.000000,1653.428288
22.000000,30.000000,1751.459873
23.000000,30.000000,1851.921530
24.000000,30.000000,1959.884515
25.000000,30.000000,2080.830419
26.000000,30.000000,2204.649200
27.000000,30.000000,2340.835162
28.000000,30.000000,2484.490863
16.000000,30.500000,1232.448097
17.000000,30.500000,1312.083518
18.000000,30.500000,1394.036129
19.000000,30.500000,1478.305931
20.000000,30.500000,1564.912926
21.000000,30.500000,1660.220162
22.000000,30.500000,1758.386091
23.000000,30.500000,1858.981324
24.000000,30.500000,1968.048609
25.000000,30.500000,2089.154171
26.000000,30.500000,2213.130207
27.000000,30.500000,2350.428493
28.000000,30.500000,2494.378788
16.000000,31.000000,1237.908396
17.000000,31.000000,1317.731282
18.000000,31.000000,1399.873037
19.000000,31.000000,1484.333661
20.000000,31.000000,1571.153214
21.000000,31.000000,1667.024865
22.000000,31.000000,1765.325051
23.000000,31.000000,1866.053773
24.000000,31.000000,1976.227709
25.000000,31.000000,2097.492756
26.000000,31.000000,2221.625874
27.000000,31.000000,2360.038834
28.000000,31.000000,2504.283827
16.000000,31.500000,1243.390567
17.000000,31.500000,1323.399388
18.000000,31.500000,1405.728669
19.000000,31.500000,1490.378409
20.000000,31.500000,1577.827153
21.000000,31.500000,1673.883535
22.000000,31.500000,1772.370154
23.000000,31.500000,1873.287012
24.000000,31.500000,1984.610068
25.000000,31.500000,2106.019917
26.000000,31.500000,2230.294423
27.000000,31.500000,2369.785317
28.000000,31.500000,2514.232701
15.000000,32.000000,1171.011553
16.000000,32.000000,1248.884365
17.000000,32.000000,1329.079227
18.000000,32.000000,1411.596139
19.000000,32.000000,1496.435100
20.000000,32.000000,1584.514005
21.000000,32.000000,1680.755214
22.000000,32.000000,1779.428362
23.000000,32.000000,1880.533448
24.000000,32.000000,1993.008108
25.000000,32.000000,2114.562509
26.000000,32.000000,2238.978155
27.000000,32.000000,2379.549193
28.000000,32.000000,2524.198758
15.000000,32.500000,1176.383701
16.000000,32.500000,1254.430905
17.000000,32.500000,1334.801412
18.000000,32.500000,1417.495224
19.000000,32.500000,1502.512339
20.000000,32.500000,1591.203930
21.000000,32.500000,1687.640734
22.000000,32.500000,1786.510863
23.000000,32.500000,1887.814318
24.000000,32.500000,2001.445891
25.000000,32.500000,2123.170083
26.000000,32.500000,2248.264980
27.000000,32.500000,2389.372164
28.000000,32.500000,2534.175063
15.000000,33.000000,1181.767599
16.000000,33.000000,1259.989269
17.000000,33.000000,1340.535496
18.000000,33.000000,1423.406280
19.000000,33.000000,1508.601621
20.000000,33.000000,1597.906897
21.000000,33.000000,1694.539383
22.000000,33.000000,1793.606582
23.000000,33.000000,1895.108493
24.000000,33.000000,2009.899461
25.000000,33.000000,2131.793289
26.000000,33.000000,2257.568691
27.000000,33.000000,2399.212678
28.000000,33.000000,2544.168515
15.000000,33.500000,1187.090605
16.000000,33.500000,1265.507570
17.000000,33.500000,1346.250948
18.000000,33.500000,1429.320738
19.000000,33.500000,1514.716940
20.000000,33.500000,1604.644512
21.000000,33.500000,1701.466990
22.000000,33.500000,1800.724462
23.000000,33.500000,1902.416929
24.000000,33.500000,2018.409319
25.000000,33.500000,2140.545711
26.000000,33.500000,2267.460732
27.000000,33.500000,2409.339980
15.000000,34.000000,1192.425270
16.000000,34.000000,1271.037658
17.000000,34.000000,1351.978315
18.000000,34.000000,1435.247241
19.000000,34.000000,1520.844436
20.000000,34.000000,1611.395381
21.000000,34.000000,1708.407875
22.000000,34.000000,1807.855646
23.000000,34.000000,1909.738693
24.000000,34.000000,2026.935168
25.000000,34.000000,2149.314270
26.000000,34.000000,2277.371569
27.000000,34.000000,2419.485933
15.000000,34.500000,1197.767925
16.000000,34.500000,1276.588327
17.000000,34.500000,1357.739410
18.000000,34.500000,1441.221172
19.000000,34.500000,1527.033615
20.000000,34.500000,1618.223854
21.000000,34.500000,1715.447230
22.000000,34.500000,1815.107170
23.000000,34.500000,1917.203676
24.000000,34.500000,2035.575905
25.000000,34.500000,2158.140656
26.000000,34.500000,2287.309112
27.000000,34.500000,2429.714803
15.000000,35.000000,1203.122252
16.000000,35.000000,1282.150841
17.000000,35.000000,1363.512524
18.000000,35.000000,1447.207299
19.000000,35.000000,1533.235167
20.000000,35.000000,1625.065823
21.000000,35.000000,1722.500179
22.000000,35.000000,1822.372389
23.000000,35.000000,1924.682454
24.000000,35.000000,2044.233015
25.000000,35.000000,2166.983349
26.000000,35.000000,2297.265480
27.000000,35.000000,2439.962575
15.000000,35.500000,1208.486365
16.000000,35.500000,1287.729735
17.000000,35.500000,1369.308857
18.000000,35.500000,1453.223728
19.000000,35.500000,1539.474351
20.000000,35.500000,1631.975793
21.000000,35.500000,1729.670071
22.000000,35.500000,1829.806002
23.000000,35.500000,1933.203098
24.000000,35.500000,2053.032660
25.000000,35.500000,2175.888217
15.000000,36.000000,1213.862159
16.000000,36.000000,1293.320507
17.000000,36.000000,1375.117264
18.000000,36.000000,1459.252431
19.000000,36.000000,1545.726007
20.000000,36.000000,1638.899470
21.000000,36.000000,1736.853955
22.000000,36.000000,1837.253898
23.000000,36.000000,1941.740556
24.000000,36.000000,2061.849189
25.000000,36.000000,2184.809598
15.000000,36.500000,1219.328184
16.000000,36.500000,1299.045152
17.000000,36.500000,1381.105213
18.000000,36.500000,1465.508368
19.000000,36.500000,1552.254616
20.000000,36.500000,1646.085737
21.000000,36.500000,1744.225457
22.000000,36.500000,1844.811418
23.000000,36.500000,1950.444192
24.000000,36.500000,2070.666652
25.000000,36.500000,2193.736199
15.000000,37.000000,1224.806235
16.000000,37.000000,1304.782181
17.000000,37.000000,1387.105909
18.000000,37.000000,1471.777419
19.000000,37.000000,1558.796709
20.000000,37.000000,1653.286605
21.000000,37.000000,1751.611593
22.000000,37.000000,1852.383604
23.000000,37.000000,1959.165120
24.000000,37.000000,2079.501027
25.000000,37.000000,2202.679335
15.000000,37.500000,1230.516406
16.000000,37.500000,1310.777874
17.000000,37.500000,1393.392714
18.000000,37.500000,1478.360927
19.000000,37.500000,1565.682514
20.000000,37.500000,1660.745396
21.000000,37.500000,1759.157186
22.000000,37.500000,1860.012367
23.000000,37.500000,1967.868385
24.000000,37.500000,2088.378371
25.000000,37.500000,2211.729572
15.000000,38.000000,1236.239553
16.000000,38.000000,1316.786989
17.000000,38.000000,1399.693394
18.000000,38.000000,1484.958769
19.000000,38.000000,1572.583113
20.000000,38.000000,1668.219693
21.000000,38.000000,1766.717953
22.000000,38.000000,1867.655966
23.000000,38.000000,1976.588865
24.000000,38.000000,2097.272806
25.000000,38.000000,2220.796774
15.000000,38.500000,1242.013667
16.000000,38.500000,1322.841483
17.000000,38.500000,1406.033658
18.000000,38.500000,1491.590191
19.000000,38.500000,1579.715866
20.000000,38.500000,1675.655536
21.000000,38.500000,1774.242329
22.000000,38.500000,1875.265096
23.000000,38.500000,1985.316249
24.000000,38.500000,2106.228994
25.000000,38.500000,2229.983551
15.000000,39.000000,1247.800923
16.000000,39.000000,1328.909547
17.000000,39.000000,1412.387923
18.000000,39.000000,1498.236052
19.000000,39.000000,1586.863980
20.000000,39.000000,1683.106770
21.000000,39.000000,1781.781755
22.000000,39.000000,1882.888935
23.000000,39.000000,1994.060889
24.000000,39.000000,2115.202533
25.000000,39.000000,2239.187772
15.000000,39.500000,1253.610949
16.000000,39.500000,1335.000856
17.000000,39.500000,1418.766086
18.000000,39.500000,1504.906639
19.000000,39.500000,1594.189486
20.000000,39.500000,1690.539863
21.000000,39.500000,1789.320127
22.000000,39.500000,1890.530277
23.000000,39.500000,2002.847246
24.000000,39.500000,2124.207407
25.000000,39.500000,2248.410821
14.000000,40.000000,1180.143419
15.000000,40.000000,1259.434142
16.000000,40.000000,1341.105765
17.000000,40.000000,1425.158288
18.000000,40.000000,1511.591712
19.000000,40.000000,1601.530585
20.000000,40.000000,1697.988306
21.000000,40.000000,1796.873600
22.000000,40.000000,1898.186468
23.000000,40.000000,2011.651139
24.000000,40.000000,2133.229790
25.000000,40.000000,2257.651351
14.000000,40.500000,1185.656678
15.000000,40.500000,1265.211707
16.000000,40.500000,1347.152366
17.000000,40.500000,1431.478656
18.000000,40.500000,1518.190576
19.000000,40.500000,1608.735097
20.000000,40.500000,1705.388253
21.000000,40.500000,1804.470109
22.000000,40.500000,1905.980667
23.000000,40.500000,2020.616670
24.000000,40.500000,2142.352631
14.000000,41.000000,1191.182574
15.000000,41.000000,1271.002281
16.000000,41.000000,1353.212352
17.000000,41.000000,1437.812789
18.000000,41.000000,1524.803591
19.000000,41.000000,1615.954801
20.000000,41.000000,1712.803447
21.000000,41.000000,1812.081921
22.000000,41.000000,1913.790221
23.000000,41.000000,2029.600302
24.000000,41.000000,2151.493300
14.000000,41.500000,1196.704862
15.000000,41.500000,1276.759006
16.000000,41.500000,1359.206678
17.000000,41.500000,1444.047878
18.000000,41.500000,1531.282606
19.000000,41.500000,1623.006876
20.000000,41.500000,1720.119542
21.000000,41.500000,1819.665175
22.000000,41.500000,1921.643775
23.000000,41.500000,2038.597524
24.000000,41.500000,2160.620722
14.000000,42.000000,1202.239777
15.000000,42.000000,1282.528605
16.000000,42.000000,1365.214126
17.000000,42.000000,1450.296339
18.000000,42.000000,1537.775246
19.000000,42.000000,1630.073640
20.000000,42.000000,1727.450592
21.000000,42.000000,1827.263651
22.000000,42.000000,1929.512819
23.000000,42.000000,2047.612846
24.000000,42.000000,2169.765870
14.000000,42.500000,1207.826390
15.000000,42.500000,1288.373472
16.000000,42.500000,1371.321651
17.000000,42.500000,1456.670927
18.000000,42.500000,1544.421302
19.000000,42.500000,1637.292669
20.000000,42.500000,1734.895622
21.000000,42.500000,1834.935844
22.000000,42.500000,1937.775951
23.000000,42.500000,2056.739778
24.000000,42.500000,2179.146501
14.000000,43.000000,1213.425809
15.000000,43.000000,1294.231489
16.000000,43.000000,1377.442674
17.000000,43.000000,1463.059365
18.000000,43.000000,1551.081563
19.000000,43.000000,1644.526934
20.000000,43.000000,1742.355995
21.000000,43.000000,1842.623487
22.000000,43.000000,1946.055736
23.000000,43.000000,2065.885248
24.000000,43.000000,2188.545802
14.000000,43.500000,1219.081501
15.000000,43.500000,1300.147153
16.000000,43.500000,1383.622710
17.000000,43.500000,1469.508173
18.000000,43.500000,1557.803542
19.000000,43.500000,1651.831008
20.000000,43.500000,1749.915435
21.000000,43.500000,1850.440902
22.000000,43.500000,1955.126541
23.000000,43.500000,2075.234208
24.000000,43.500000,2198.175243
14.000000,44.000000,1224.750192
15.000000,44.000000,1306.076160
16.000000,44.000000,1389.816438
17.000000,44.000000,1475.971026
18.000000,44.000000,1564.539923
19.000000,44.000000,1659.150537
20.000000,44.000000,1757.490551
21.000000,44.000000,1858.274216
22.000000,44.000000,1964.216404
23.000000,44.000000,2084.602408
24.000000,44.000000,2207.824108
14.000000,44.500000,1230.618112
15.000000,44.500000,1312.186273
16.000000,44.500000,1396.171757
17.000000,44.500000,1482.574565
18.000000,44.500000,1571.394696
19.000000,44.500000,1666.593262
20.000000,44.500000,1765.202066
21.000000,44.500000,1866.257724
22.000000,44.500000,1973.463223
23.000000,44.500000,2094.075257
24.000000,44.500000,2217.522556
14.000000,45.000000,1236.499875
15.000000,45.000000,1318.310475
16.000000,45.000000,1402.541414
17.000000,45.000000,1489.192691
18.000000,45.000000,1578.264306
19.000000,45.000000,1674.051880
20.000000,45.000000,1772.929744
21.000000,45.000000,1874.257666
22.000000,45.000000,1982.729673
23.000000,45.000000,2103.567694
24.000000,45.000000,2227.240548
14.000000,45.500000,1242.470276
15.000000,45.500000,1324.538504
16.000000,45.500000,1409.030830
17.000000,45.500000,1495.947255
18.000000,45.500000,1585.299836
19.000000,45.500000,1681.684922
20.000000,45.500000,1780.844262
21.000000,45.500000,1882.457354
22.000000,45.500000,1992.171635
23.000000,45.500000,2113.164288
24.000000,45.500000,2236.987701
14.000000,46.000000,1248.454861
15.000000,46.000000,1330.781025
16.000000,46.000000,1415.535049
17.000000,46.000000,1502.716934
18.000000,46.000000,1592.350833
19.000000,46.000000,1689.334511
20.000000,46.000000,1788.775639
21.000000,46.000000,1890.674218
22.000000,46.000000,2001.633878
23.000000,46.000000,2122.780813
24.000000,46.000000,2246.754438
14.000000,46.500000,1254.527057
15.000000,46.500000,1337.096222
16.000000,46.500000,1422.096415
17.000000,46.500000,1509.527636
18.000000,46.500000,1599.743578
19.000000,46.500000,1697.012147
20.000000,46.500000,1796.741289
21.000000,46.500000,1898.931002
22.000000,46.500000,2011.103012
23.000000,46.500000,2132.421817
24.000000,46.500000,2256.564203
14.000000,47.000000,1260.613787
15.000000,47.000000,1343.426197
16.000000,47.000000,1428.672805
17.000000,47.000000,1516.353609
18.000000,47.000000,1607.152716
19.000000,47.000000,1704.706476
20.000000,47.000000,1804.723929
21.000000,47.000000,1907.205077
22.000000,47.000000,2020.592398
23.000000,47.000000,2142.082802
24.000000,47.000000,2266.393677
14.000000,47.500000,1266.778356
15.000000,47.500000,1349.821957
16.000000,47.500000,1435.302227
17.000000,47.500000,1523.219166
18.000000,47.500000,1614.597160
19.000000,47.500000,1712.440945
20.000000,47.500000,1812.751724
21.000000,47.500000,1915.529499
22.000000,47.500000,2030.142315
23.000000,47.500000,2151.877398
14.000000,48.000000,1272.957759
15.000000,48.000000,1356.232735
16.000000,48.000000,1441.946853
17.000000,48.000000,1530.100112
18.000000,48.000000,1622.058104
19.000000,48.000000,1720.192230
20.000000,48.000000,1820.796652
21.000000,48.000000,1923.871372
22.000000,48.000000,2039.712758
23.000000,48.000000,2161.692577
14.000000,48.500000,1279.279622
15.000000,48.500000,1362.763829
16.000000,48.500000,1448.688213
17.000000,48.500000,1537.052776
18.000000,48.500000,1629.585585
19.000000,48.500000,1728.005738
20.000000,48.500000,1828.899297
21.000000,48.500000,1932.266261
22.000000,48.500000,2049.301962
23.000000,48.500000,2171.516539
13.000000,49.000000,1204.364639
14.000000,49.000000,1285.616928
15.000000,49.000000,1369.310432
16.000000,49.000000,1455.445151
17.000000,49.000000,1544.021085
18.000000,49.000000,1637.129790
19.000000,49.000000,1735.836269
20.000000,49.000000,1837.019262
21.000000,49.000000,1940.678768
22.000000,49.000000,2058.911763
23.000000,49.000000,2181.361107
13.000000,49.500000,1210.490107
14.000000,49.500000,1291.969178
15.000000,49.500000,1375.891375
16.000000,49.500000,1462.256701
17.000000,49.500000,1551.065153
18.000000,49.500000,1644.735765
19.000000,49.500000,1743.643298
20.000000,49.500000,1845.027876
21.000000,49.500000,1949.079127
22.000000,49.500000,2068.345451
23.000000,49.500000,2191.134923
13.000000,50.000000,1216.630902
14.000000,50.000000,1298.336902
15.000000,50.000000,1382.487942
16.000000,50.000000,1469.084023
17.000000,50.000000,1558.125144
18.000000,50.000000,1652.358706
19.000000,50.000000,1751.467295
20.000000,50.000000,1853.053456
21.000000,50.000000,1957.497089
22.000000,50.000000,2077.799245
23.000000,50.000000,2200.929115
13.000000,50.500000,1222.775266
14.000000,50.500000,1304.743165
15.000000,50.500000,1389.159796
16.000000,50.500000,1476.025158
17.000000,50.500000,1565.339251
18.000000,50.500000,1660.109835
19.000000,50.500000,1759.363074
20.000000,50.500000,1861.091701
21.000000,50.500000,1966.592102
22.000000,50.500000,2087.250827
23.000000,50.500000,2210.739374
13.000000,51.000000,1228.934943
14.000000,51.000000,1311.165047
15.000000,51.000000,1395.847576
16.000000,51.000000,1482.982530
17.000000,51.000000,1572.569909
18.000000,51.000000,1667.878447
19.000000,51.000000,1767.276092
20.000000,51.000000,1869.146941
21.000000,51.000000,1975.706837
22.000000,51.000000,2096.722451
23.000000,51.000000,2220.569989
13.000000,51.500000,1235.094027
14.000000,51.500000,1317.610965
15.000000,51.500000,1402.585045
16.000000,51.500000,1490.016268
17.000000,51.500000,1579.904634
18.000000,51.500000,1675.699845
19.000000,51.500000,1775.211660
20.000000,51.500000,1877.193032
21.000000,51.500000,1984.854270
22.000000,51.500000,2106.311045
23.000000,51.500000,2230.605327
13.000000,52.000000,1241.268395
14.000000,52.000000,1324.072579
15.000000,52.000000,1409.338627
16.000000,52.000000,1497.066539
17.000000,52.000000,1587.256316
18.000000,52.000000,1683.538915
19.000000,52.000000,1783.164524
20.000000,52.000000,1885.256043
21.000000,52.000000,1994.021490
22.000000,52.000000,2115.920067
23.000000,52.000000,2240.661727
13.000000,52.500000,1247.456386
14.000000,52.500000,1330.554390
15.000000,52.500000,1416.119100
16.000000,52.500000,1504.150514
17.000000,52.500000,1594.648634
18.000000,52.500000,1691.362132
19.000000,52.500000,1791.097438
20.000000,52.500000,1893.294850
21.000000,52.500000,2003.289161
22.000000,52.500000,2125.765903
23.000000,52.500000,2251.097043
13.000000,53.000000,1253.659679
14.000000,53.000000,1337.051941
15.000000,53.000000,1422.915752
16.000000,53.000000,1511.251114
17.000000,53.000000,1602.058025
18.000000,53.000000,1699.202917
19.000000,53.000000,1799.047530
20.000000,53.000000,1901.350444
21.000000,53.000000,2012.576955
22.000000,53.000000,2135.633030
23.000000,53.000000,2261.554830
13.000000,53.500000,1259.855546
14.000000,53.500000,1343.553025
15.000000,53.500000,1429.727053
16.000000,53.500000,1518.377628
17.000000,53.500000,1609.651730
18.000000,53.500000,1707.116313
19.000000,53.500000,1807.159840
20.000000,53.500000,1909.661468
21.000000,53.500000,2022.269681
22.000000,53.500000,2145.789185
23.000000,53.500000,2272.180812
13.000000,54.000000,1266.066644
14.000000,54.000000,1350.069824
15.000000,54.000000,1436.554553
16.000000,54.000000,1525.520830
17.000000,54.000000,1617.263049
18.000000,54.000000,1715.047544
19.000000,54.000000,1815.289940
20.000000,54.000000,1917.990236
21.000000,54.000000,2031.984009
22.000000,54.000000,2155.967652
23.000000,54.000000,2282.829816
13.000000,54.500000,1272.291489
14.000000,54.500000,1356.601399
15.000000,54.500000,1443.397905
16.000000,54.500000,1532.681008
17.000000,54.500000,1625.011191
18.000000,54.500000,1723.178712
19.000000,54.500000,1823.810619
20.000000,54.500000,1926.906912
21.000000,54.500000,2042.335731
22.000000,54.500000,2166.485940
13.000000,55.000000,1278.531575
14.000000,55.000000,1363.148703
15.000000,55.000000,1450.257479
16.000000,55.000000,1539.857902
17.000000,55.000000,1632.777309
18.000000,55.000000,1731.328523
19.000000,55.000000,1832.350613
20.000000,55.000000,1935.843579
21.000000,55.000000,2052.711336
22.000000,55.000000,2177.027690
13.000000,55.500000,1284.767547
14.000000,55.500000,1369.695634
15.000000,55.500000,1457.120658
16.000000,55.500000,1547.042619
17.000000,55.500000,1640.574012
18.000000,55.500000,1739.548589
19.000000,55.500000,1841.000821
20.000000,55.500000,1944.930706
21.000000,55.500000,2063.145202
22.000000,55.500000,2187.579097
13.000000,56.000000,1291.018681
14.000000,56.000000,1376.258237
15.000000,56.000000,1464.000022
16.000000,56.000000,1554.244037
17.000000,56.000000,1648.388837
18.000000,56.000000,1747.787567
19.000000,56.000000,1849.670721
20.000000,56.000000,1954.038299
21.000000,56.000000,2073.603008
22.000000,56.000000,2198.153884
13.000000,56.500000,1297.336594
14.000000,56.500000,1382.899426
15.000000,56.500000,1470.969980
16.000000,56.500000,1561.548256
17.000000,56.500000,1656.330476
18.000000,56.500000,1756.127775
19.000000,56.500000,1858.415806
20.000000,56.500000,1963.245855
21.000000,56.500000,2084.038642
22.000000,56.500000,2208.752395
12.000000,57.000000,1220.296464
13.000000,57.000000,1303.669914
14.000000,57.000000,1389.556578
15.000000,57.000000,1477.956457
16.000000,57.000000,1568.869550
17.000000,57.000000,1664.290624
18.000000,57.000000,1764.487183
19.000000,57.000000,1867.180783
20.000000,57.000000,1972.474168
21.000000,57.000000,2094.498134
22.000000,57.000000,2219.374413
12.000000,57.500000,1226.562027
13.000000,57.500000,1310.224486
14.000000,57.500000,1396.403223
15.000000,57.500000,1485.098237
16.000000,57.500000,1576.309529
17.000000,57.500000,1672.358660
18.000000,57.500000,1772.930552
19.000000,57.500000,1876.005322
20.000000,57.500000,1982.726971
21.000000,57.500000,2104.998971
22.000000,57.500000,2230.124813
12.000000,58.000000,1232.843612
13.000000,58.000000,1316.795462
14.000000,58.000000,1403.266648
15.000000,58.000000,1492.257170
16.000000,58.000000,1583.767027
17.000000,58.000000,1680.445523
18.000000,58.000000,1781.393353
19.000000,58.000000,1884.849905
20.000000,58.000000,1993.003807
21.000000,58.000000,2115.523888
22.000000,58.000000,2240.899334
12.000000,58.500000,1239.231372
13.000000,58.500000,1323.477209
14.000000,58.500000,1410.245626
15.000000,58.500000,1499.536623
16.000000,58.500000,1591.350199
17.000000,58.500000,1688.600634
18.000000,58.500000,1789.813413
19.000000,58.500000,1893.537381
20.000000,58.500000,2002.957601
21.000000,58.500000,2125.869115
22.000000,58.500000,2251.639766
12.000000,59.000000,1245.635605
13.000000,59.000000,1330.175822
14.000000,59.000000,1417.241858
15.000000,59.000000,1506.833714
16.000000,59.000000,1598.951389
17.000000,59.000000,1696.774858
18.000000,59.000000,1798.252779
19.000000,59.000000,1902.244360
20.000000,59.000000,2012.934492
21.000000,59.000000,2136.237889
22.000000,59.000000,2262.404191
12.000000,59.500000,1252.079462
13.000000,59.500000,1336.950377
14.000000,59.500000,1424.352998
15.000000,59.500000,1514.287324
16.000000,59.500000,1606.753357
17.000000,59.500000,1705.104347
18.000000,59.500000,1806.793204
19.000000,59.500000,1910.995309
20.000000,59.500000,2022.946269
21.000000,59.500000,2146.647996
22.000000,59.500000,2273.216616
12.000000,60.000000,1258.539877
13.000000,60.000000,1343.742063
14.000000,60.000000,1431.481846
15.000000,60.000000,1521.759224
16.000000,60.000000,1614.574198
17.000000,60.000000,1713.453585
18.000000,60.000000,1815.353314
19.000000,60.000000,1919.765881
20.000000,60.000000,2032.981189
21.000000,60.000000,2157.081719
22.000000,60.000000,2284.053127
12.000000,60.500000,1265.056960
13.000000,60.500000,1350.582442
14.000000,60.500000,1438.651022
15.000000,60.500000,1529.262701
16.000000,60.500000,1622.438788
17.000000,60.500000,1721.793406
18.000000,60.500000,1823.914822
19.000000,60.500000,1928.548932
20.000000,60.500000,2043.079528
21.000000,60.500000,2167.583956
12.000000,61.000000,1271.590798
13.000000,61.000000,1357.440107
14.000000,61.000000,1445.838019
15.000000,61.000000,1536.784537
16.000000,61.000000,1630.322355
17.000000,61.000000,1730.152883
18.000000,61.000000,1832.495963
19.000000,61.000000,1937.351593
20.000000,61.000000,2053.201175
21.000000,61.000000,2178.109988
12.000000,61.500000,1278.313673
13.000000,61.500000,1364.444205
14.000000,61.500000,1453.126120
15.000000,61.500000,1544.359418
16.000000,61.500000,1638.439153
17.000000,61.500000,1738.540192
18.000000,61.500000,1841.155587
19.000000,61.500000,1946.285336
20.000000,61.500000,2063.525943
21.000000,61.500000,2188.836366
12.000000,62.000000,1285.054191
13.000000,62.000000,1371.466247
14.000000,62.000000,1460.432463
15.000000,62.000000,1551.952841
16.000000,62.000000,1646.575513
17.000000,62.000000,1746.947244
18.000000,62.000000,1849.835133
19.000000,62.000000,1955.239183
20.000000,62.000000,2073.874805
21.000000,62.000000,2199.587315
12.000000,62.500000,1291.801752
13.000000,62.500000,1378.492183
14.000000,62.500000,1467.739465
15.000000,62.500000,1559.543598
16.000000,62.500000,1654.712564
17.000000,62.500000,1755.414817
18.000000,62.500000,1858.637506
19.000000,62.500000,1964.380632
20.000000,62.500000,2084.439859
21.000000,62.500000,2210.520624
12.000000,63.000000,1298.566912
13.000000,63.000000,1385.536003
14.000000,63.000000,1475.064636
15.000000,63.000000,1567.152811
16.000000,63.000000,1662.869146
17.000000,63.000000,1763.902356
18.000000,63.000000,1867.460283
19.000000,63.000000,1973.542924
20.000000,63.000000,2095.029902
21.000000,63.000000,2221.479302
12.000000,63.500000,1305.388049
13.000000,63.500000,1392.608761
14.000000,63.500000,1482.390609
15.000000,63.500000,1574.733595
16.000000,63.500000,1671.003358
17.000000,63.500000,1772.429204
18.000000,63.500000,1876.385619
19.000000,63.500000,1982.915524
20.000000,63.500000,2105.732967
21.000000,63.500000,2232.481699
12.000000,64.000000,1312.226998
13.000000,64.000000,1399.699482
14.000000,64.000000,1489.734698
15.000000,64.000000,1582.332647
16.000000,64.000000,1679.157042
17.000000,64.000000,1780.976195
18.000000,64.000000,1885.331772
19.000000,64.000000,1992.309776
20.000000,64.000000,2116.461436
21.000000,64.000000,2243.509579
12.000000,64.500000,1318.996970
13.000000,64.500000,1406.744452
14.000000,64.500000,1497.057018
15.000000,64.500000,1589.934668
16.000000,64.500000,1687.358111
17.000000,64.500000,1789.573874
18.000000,64.500000,1894.331861
19.000000,64.500000,2002.751402
20.000000,64.500000,2127.189244
21.000000,64.500000,2254.523980
12.000000,65.000000,1325.784343
13.000000,65.000000,1413.807090
14.000000,65.000000,1504.397272
15.000000,65.000000,1597.554890
16.000000,65.000000,1695.578780
17.000000,65.000000,1798.191833
18.000000,65.000000,1903.352908
19.000000,65.000000,2013.218311
20.000000,65.000000,2137.942369
21.000000,65.000000,2265.563735
12.000000,65.500000,1332.492376
13.000000,65.500000,1420.862312
14.000000,65.500000,1511.805212
15.000000,65.500000,1605.321077
16.000000,65.500000,1703.981550
17.000000,65.500000,1806.955084
18.000000,65.500000,1912.480578
19.000000,65.500000,2023.708313
20.000000,65.500000,2148.699064
21.000000,65.500000,2276.586185
11.000000,66.000000,1253.078074
12.000000,66.000000,1339.217337
13.000000,66.000000,1427.935092
14.000000,66.000000,1519.231339
15.000000,66.000000,1613.106079
16.000000,66.000000,1712.404680
17.000000,66.000000,1815.739198
18.000000,66.000000,1921.629610
19.000000,66.000000,2034.223687
20.000000,66.000000,2159.481057
21.000000,66.000000,2287.633858
11.000000,66.500000,1259.598689
12.000000,66.500000,1346.064839
13.000000,66.500000,1435.114166
14.000000,66.500000,1526.746670
15.000000,66.500000,1620.962350
16.000000,66.500000,1720.895984
17.000000,66.500000,1824.597273
18.000000,66.500000,1930.858940
11.000000,67.000000,1266.136226
12.000000,67.000000,1352.929801
13.000000,67.000000,1442.311236
14.000000,67.000000,1534.280531
15.000000,67.000000,1628.837687
16.000000,67.000000,1729.407884
17.000000,67.000000,1833.476481
18.000000,67.000000,1940.109937
11.000000,67.500000,1272.723381
12.000000,67.500000,1359.837693
13.000000,67.500000,1449.543872
14.000000,67.500000,1541.841918
15.000000,67.500000,1636.731830
16.000000,67.500000,1737.973267
17.000000,67.500000,1842.452220
18.000000,67.500000,1949.501860
11.000000,68.000000,1279.327626
12.000000,68.000000,1366.763176
13.000000,68.000000,1456.794596
14.000000,68.000000,1549.421887
15.000000,68.000000,1644.645048
16.000000,68.000000,1746.559451
17.000000,68.000000,1851.449473
18.000000,68.000000,1958.916009
11.000000,68.500000,1286.078354
12.000000,68.500000,1373.819339
13.000000,68.500000,1464.159065
14.000000,68.500000,1557.097533
15.000000,68.500000,1652.720467
16.000000,68.500000,1755.218266
17.000000,68.500000,1860.497399
18.000000,68.500000,1968.357960
11.000000,69.000000,1292.846845
12.000000,69.000000,1380.893668
13.000000,69.000000,1471.542099
14.000000,69.000000,1564.792137
15.000000,69.000000,1660.815600
16.000000,69.000000,1763.898115
17.000000,69.000000,1869.566970
18.000000,69.000000,1977.822165
11.000000,69.500000,1299.721604
12.000000,69.500000,1388.047576
13.000000,69.500000,1478.977036
14.000000,69.500000,1572.509984
15.000000,69.500000,1669.115822
16.000000,69.500000,1772.586472
17.000000,69.500000,1878.647335
18.000000,69.500000,1987.298410
11.000000,70.000000,1306.614590
12.000000,70.000000,1395.219965
13.000000,70.000000,1486.430707
14.000000,70.000000,1580.246815
15.000000,70.000000,1677.436483
16.000000,70.000000,1781.295873
17.000000,70.000000,1887.749337
18.000000,70.000000,1996.796876
11.000000,70.500000,1313.614223
12.000000,70.500000,1402.481022
13.000000,70.500000,1493.954230
14.000000,70.500000,1588.033844
15.000000,70.500000,1685.811850
16.000000,70.500000,1790.057542
17.000000,70.500000,1896.901647
11.000000,71.000000,1320.632550
12.000000,71.000000,1409.760923
13.000000,71.000000,1501.496743
14.000000,71.000000,1595.840012
15.000000,71.000000,1694.207847
16.000000,71.000000,1798.840447
17.000000,71.000000,1906.075794
11.000000,71.500000,1327.852972
12.000000,71.500000,1417.203903
13.000000,71.500000,1509.161025
14.000000,71.500000,1603.724340
15.000000,71.500000,1702.672765
16.000000,71.500000,1807.670153
17.000000,71.500000,1915.274055
11.000000,72.000000,1335.093065
12.000000,72.000000,1424.666473
13.000000,72.000000,1516.844816
14.000000,72.000000,1611.628096
15.000000,72.000000,1711.158552
16.000000,72.000000,1816.521239
17.000000,72.000000,1924.494204
11.000000,72.500000,1342.275053
12.000000,72.500000,1432.150954
13.000000,72.500000,1524.634449
14.000000,72.500000,1619.725538
15.000000,72.500000,1719.913552
16.000000,72.500000,1825.587759
17.000000,72.500000,1933.875507
11.000000,73.000000,1349.476276
12.000000,73.000000,1439.655011
13.000000,73.000000,1532.443997
14.000000,73.000000,1627.843233
15.000000,73.000000,1728.690413
16.000000,73.000000,1834.676437
17.000000,73.000000,1943.279266
11.000000,73.500000,1356.755942
12.000000,73.500000,1447.261121
13.000000,73.500000,1540.380284
14.000000,73.500000,1636.113433
15.000000,73.500000,1737.688510
16.000000,73.500000,1844.072002
17.000000,73.500000,1953.076958
11.000000,74.000000,1364.055159
12.000000,74.000000,1454.887234
13.000000,74.000000,1548.337028
14.000000,74.000000,1644.404540
15.000000,74.000000,1746.709384
16.000000,74.000000,1853.490949
17.000000,74.000000,1962.898635
11.000000,74.500000,1371.399229
12.000000,74.500000,1462.581014
13.000000,74.500000,1556.385130
14.000000,74.500000,1652.811575
15.000000,74.500000,1755.850837
16.000000,74.500000,1863.010694
17.000000,74.500000,1972.799971
10.000000,75.000000,1289.857873
11.000000,75.000000,1378.762997
12.000000,75.000000,1470.295059
13.000000,75.000000,1564.454061
14.000000,75.000000,1661.240002
15.000000,75.000000,1765.015566
16.000000,75.000000,1872.554209
17.000000,75.000000,1982.725565
10.000000,75.500000,1296.865593
11.000000,75.500000,1386.121178
12.000000,75.500000,1478.007800
13.000000,75.500000,1572.525459
14.000000,75.500000,1669.674154
15.000000,75.500000,1774.271436
16.000000,75.500000,1882.289387
17.000000,75.500000,1992.947909
10.000000,76.000000,1303.892296
11.000000,76.000000,1393.498939
12.000000,76.000000,1485.740708
13.000000,76.000000,1580.617603
14.000000,76.000000,1678.129624
15.000000,76.000000,1783.550932
16.000000,76.000000,1892.049156
17.000000,76.000000,2003.195810
10.000000,76.500000,1311.029059
11.000000,76.500000,1401.011870
12.000000,76.500000,1493.635147
13.000000,76.500000,1588.898890
14.000000,76.500000,1686.972571
15.000000,76.500000,1793.040434
16.000000,76.500000,1901.977379
17.000000,76.500000,2013.568787
10.000000,77.000000,1318.185297
11.000000,77.000000,1408.544989
12.000000,77.000000,1501.550481
13.000000,77.000000,1597.201773
14.000000,77.000000,1695.838519
15.000000,77.000000,1802.554452
16.000000,77.000000,1911.930879
17.000000,77.000000,2023.967802
10.000000,77.500000,1325.378742
11.000000,77.500000,1416.136514
12.000000,77.500000,1509.545922
13.000000,77.500000,1605.606968
14.000000,77.500000,1705.044350
15.000000,77.500000,1812.167883
16.000000,77.500000,1921.956573
10.000000,78.000000,1332.591761
11.000000,78.000000,1423.748437
12.000000,78.000000,1517.562576
13.000000,78.000000,1614.034178
14.000000,78.000000,1714.274448
15.000000,78.000000,1821.806205
16.000000,78.000000,1932.007782
10.000000,78.500000,1339.868381
11.000000,78.500000,1431.468283
12.000000,78.500000,1525.733329
13.000000,78.500000,1622.663519
14.000000,78.500000,1723.722351
15.000000,78.500000,1831.599275
16.000000,78.500000,1942.147380
10.000000,79.000000,1347.164812
11.000000,79.000000,1439.208997
12.000000,79.000000,1533.925997
13.000000,79.000000,1631.315811
14.000000,79.000000,1733.195506
15.000000,79.000000,1841.417890
16.000000,79.000000,1952.312811
10.000000,79.500000,1354.536109
11.000000,79.500000,1447.022280
12.000000,79.500000,1542.188270
13.000000,79.500000,1640.034077
14.000000,79.500000,1742.692517
15.000000,79.500000,1851.256433
16.000000,79.500000,1962.494486
10.000000,80.000000,1361.927517
11.000000,80.000000,1454.856711
12.000000,80.000000,1550.472711
13.000000,80.000000,1648.775516
14.000000,80.000000,1752.214785
15.000000,80.000000,1861.120521
16.000000,80.000000,1972.701991
10.000000,80.500000,1369.433611
11.000000,80.500000,1462.777956
12.000000,80.500000,1558.815036
13.000000,80.500000,1657.544850
14.000000,80.500000,1761.716523
15.000000,80.500000,1870.978406
16.000000,80.500000,1982.917868
10.000000,81.000000,1376.960332
11.000000,81.000000,1470.720701
12.000000,81.000000,1567.179723
13.000000,81.000000,1666.337398
14.000000,81.000000,1771.243392
15.000000,81.000000,1880.861771
16.000000,81.000000,1993.159570
10.000000,81.500000,1384.735460
11.000000,81.500000,1478.843921
12.000000,81.500000,1575.653359
13.000000,81.500000,1675.163772
14.000000,81.500000,1780.763753
15.000000,81.500000,1890.753806
16.000000,81.500000,2003.425633
10.000000,82.000000,1392.532472
11.000000,82.000000,1486.989503
12.000000,82.000000,1584.149822
13.000000,82.000000,1684.013429
14.000000,82.000000,1790.309166
15.000000,82.000000,1900.671313
16.000000,82.000000,2013.717584
10.000000,82.500000,1400.375807
11.000000,82.500000,1495.161056
12.000000,82.500000,1592.652631
13.000000,82.500000,1692.850533
14.000000,82.500000,1799.842931
15.000000,82.500000,1910.588181
16.000000,82.500000,2024.019772
10.000000,83.000000,1408.241136
11.000000,83.000000,1503.354973
12.000000,83.000000,1601.178176
13.000000,83.000000,1701.710745
14.000000,83.000000,1809.401619
15.000000,83.000000,1920.530431
16.000000,83.000000,2034.347795
10.000000,83.500000,1416.187976
11.000000,83.500000,1511.612497
12.000000,83.500000,1609.748638
13.000000,83.500000,1710.596399
14.000000,83.500000,1818.986607
15.000000,83.500000,1930.493214
16.000000,83.500000,2044.690257
10.000000,84.000000,1424.157134
11.000000,84.000000,1519.892607
12.000000,84.000000,1618.341954
13.000000,84.000000,1719.505177
14.000000,84.000000,1828.596538
15.000000,84.000000,1940.481370
16.000000,84.000000,2055.058515
10.000000,84.500000,1432.215394
11.000000,84.500000,1528.288463
12.000000,84.500000,1627.078288
13.000000,84.500000,1728.876453
14.000000,84.500000,1838.368259
15.000000,84.500000,1950.604364
9.000000,85.000000,1346.604922
10.000000,85.000000,1440.296346
11.000000,85.000000,1536.707406
12.000000,85.000000,1635.838104
13.000000,85.000000,1738.272821
14.000000,85.000000,1848.165561
15.000000,85.000000,1960.753243
9.000000,85.500000,1354.367455
10.000000,85.500000,1448.525086
11.000000,85.500000,1545.409933
12.000000,85.500000,1645.021997
13.000000,85.500000,1748.267528
14.000000,85.500000,1858.415558
15.000000,85.500000,1971.257666
9.000000,86.000000,1362.152280
10.000000,86.000000,1456.777220
11.000000,86.000000,1554.136943
12.000000,86.000000,1654.231450
13.000000,86.000000,1758.289919
14.000000,86.000000,1868.693105
15.000000,86.000000,1981.789504
9.000000,86.500000,1370.048642
10.000000,86.500000,1465.140775
11.000000,86.500000,1562.974765
12.000000,86.500000,1663.550611
13.000000,86.500000,1768.387125
14.000000,86.500000,1879.134736
15.000000,86.500000,1992.578485
9.000000,87.000000,1377.967804
10.000000,87.000000,1473.528214
11.000000,87.000000,1571.837539
12.000000,87.000000,1672.895777
13.000000,87.000000,1778.512278
14.000000,87.000000,1889.604617
15.000000,87.000000,2003.396017
9.000000,87.500000,1386.039340
10.000000,87.500000,1482.056236
11.000000,87.500000,1580.828316
12.000000,87.500000,1682.355581
9.000000,88.000000,1394.134404
10.000000,88.000000,1490.608781
11.000000,88.000000,1589.844597
12.000000,88.000000,1691.841851
9.000000,88.500000,1402.509906
10.000000,88.500000,1499.391863
11.000000,88.500000,1599.038426
12.000000,88.500000,1701.449594
9.000000,89.000000,1410.910401
10.000000,89.000000,1508.200616
11.000000,89.000000,1608.258584
12.000000,89.000000,1711.084304
9.000000,89.500000,1419.517593
10.000000,89.500000,1517.268640
11.000000,89.500000,1617.793064
12.000000,89.500000,1721.090865
9.000000,90.000000,1428.150832
10.000000,90.000000,1526.363658
11.000000,90.000000,1627.355469
12.000000,90.000000,1731.126266
9.000000,90.500000,1436.988733
10.000000,90.500000,1535.628304
11.000000,90.500000,1637.050833
12.000000,90.500000,1741.256319
9.000000,91.000000,1445.853701
10.000000,91.000000,1544.920745
11.000000,91.000000,1646.774704
12.000000,91.000000,1751.415576
9.000000,91.500000,1454.771704
10.000000,91.500000,1554.234828
11.000000,91.500000,1656.488451
9.000000,92.000000,1463.716867
10.000000,92.000000,1563.576635
11.000000,92.000000,1666.230484
9.000000,92.500000,1472.507354
10.000000,92.500000,1572.798344
11.000000,92.500000,1675.888787
9.000000,93.000000,1481.323993
10.000000,93.000000,1582.046981
11.000000,93.000000,1685.574791
9.000000,93.500000,1490.301191
10.000000,93.500000,1591.503041
11.000000,93.500000,1695.516970
8.000000,94.000000,1400.442924
9.000000,94.000000,1499.305318
10.000000,94.000000,1600.987046
11.000000,94.000000,1705.488110
8.000000,94.500000,1409.172557
9.000000,94.500000,1508.631058
10.000000,94.500000,1610.921789
11.000000,94.500000,1716.044752
8.000000,95.000000,1417.929094
9.000000,95.000000,1517.985403
10.000000,95.000000,1620.886847
11.000000,95.000000,1726.633428
8.000000,95.500000,1426.834624
9.000000,95.500000,1527.516522
10.000000,95.500000,1631.056774
11.000000,95.500000,1737.455381
8.000000,96.000000,1435.767811
9.000000,96.000000,1537.077131
10.000000,96.000000,1641.258026
11.000000,96.000000,1748.310496
8.000000,96.500000,1444.841224
9.000000,96.500000,1546.815491
10.000000,96.500000,1651.674760
11.000000,96.500000,1759.419033
8.000000,97.000000,1453.943000
9.000000,97.000000,1556.584224
10.000000,97.000000,1662.123864
11.000000,97.000000,1770.561919
8.000000,97.500000,1463.240120
9.000000,97.500000,1566.556681
10.000000,97.500000,1672.783198
8.000000,98.000000,1472.566584
9.000000,98.000000,1576.560457
10.000000,98.000000,1683.475772
8.000000,98.500000,1482.096115
9.000000,98.500000,1586.715700
10.000000,98.500000,1694.266329
8.000000,99.000000,1491.656008
9.000000,99.000000,1596.902973
10.000000,99.000000,1705.090544
8.000000,99.500000,1501.500307
9.000000,99.500000,1607.333531
10.000000,99.500000,1716.114655
8.000000,100.000000,1511.376474
9.000000,100.000000,1617.797345
10.000000,100.000000,1727.173367
8.000000,100.500000,1521.614722
9.000000,100.500000,1628.709165
10.000000,100.500000,1738.770803
8.000000,101.000000,1531.886637
9.000000,101.000000,1639.656510
10.000000,101.000000,1750.405604
8.000000,101.500000,1542.423711
9.000000,101.500000,1650.921339
10.000000,101.500000,1762.413365
7.000000,102.000000,1446.777717
8.000000,102.000000,1552.995677
9.000000,102.000000,1662.223218
10.000000,102.000000,1774.460341
7.000000,102.500000,1456.914587
8.000000,102.500000,1563.888633
9.000000,102.500000,1673.888699
10.000000,102.500000,1786.914785
7.000000,103.000000,1467.085666
8.000000,103.000000,1574.818156
9.000000,103.000000,1685.593108
10.000000,103.000000,1799.410521
7.000000,103.500000,1477.646523
8.000000,103.500000,1586.245307
9.000000,103.500000,1697.906938
7.000000,104.000000,1488.243751
8.000000,104.000000,1597.711772
9.000000,104.000000,1710.263033
7.000000,104.500000,1499.227168
8.000000,104.500000,1609.499448
9.000000,104.500000,1722.871794
7.000000,105.000000,1510.249124
8.000000,105.000000,1621.328177
9.000000,105.000000,1735.524115
7.000000,105.500000,1521.518984
8.000000,105.500000,1633.345129
9.000000,105.500000,1748.302611
7.000000,106.000000,1532.828666
8.000000,106.000000,1645.404061
9.000000,106.000000,1761.125242
7.000000,106.500000,1544.398751
8.000000,106.500000,1657.711217
9.000000,106.500000,1774.183144
7.000000,107.000000,1556.010005
8.000000,107.000000,1670.061598
9.000000,107.000000,1787.286325
7.000000,107.500000,1567.939799
8.000000,107.500000,1682.672595
9.000000,107.500000,1800.589138
7.000000,108.000000,1579.912506
8.000000,108.000000,1695.328168
9.000000,108.000000,1813.938184
7.000000,108.500000,1592.125766
8.000000,108.500000,1708.205543
6.000000,109.000000,1490.850762
7.000000,109.000000,1604.383190
8.000000,109.000000,1721.128591
6.000000,109.500000,1502.812901
7.000000,109.500000,1617.138868
8.000000,109.500000,1734.692839
6.000000,110.000000,1514.819645
7.000000,110.000000,1629.941473
8.000000,110.000000,1748.306334
