weight_g,550.000000
thrust_N,velocity_m_s,power_W
16.000000,0.000000,3578.819142
17.000000,0.000000,3810.679025
18.000000,0.000000,4049.755269
19.000000,0.000000,4296.047872
16.000000,0.500000,3581.502124
17.000000,0.500000,3813.518456
18.000000,0.500000,4052.756190
19.000000,0.500000,4299.215325
16.000000,1.000000,3584.185842
17.000000,1.000000,3816.358706
18.000000,1.000000,4055.758012
19.000000,1.000000,4302.383761
16.000000,1.500000,3586.883893
17.000000,1.500000,3819.213212
18.000000,1.500000,4058.773979
19.000000,1.500000,4305.566192
16.000000,2.000000,3589.582693
17.000000,2.000000,3822.068549
18.000000,2.000000,4061.790857
19.000000,2.000000,4308.749617
16.000000,2.500000,3592.295784
17.000000,2.500000,3824.938096
18.000000,2.500000,4064.821828
19.000000,2.500000,4311.946982
16.000000,3.000000,3595.009636
17.000000,3.000000,3827.808485
18.000000,3.000000,4067.853723
19.000000,3.000000,4315.145351
16.000000,3.500000,3597.737735
17.000000,3.500000,3830.693036
18.000000,3.500000,4070.899659
19.000000,3.500000,4318.357604
16.000000,4.000000,3600.466606
17.000000,4.000000,3833.578442
18.000000,4.000000,4073.946531
19.000000,4.000000,4321.570873
16.000000,4.500000,3603.209681
17.000000,4.500000,3836.477962
18.000000,4.500000,4077.007390
19.000000,4.500000,4324.797967
16.000000,5.000000,3605.953540
17.000000,5.000000,3839.378347
18.000000,5.000000,4080.069197
19.000000,5.000000,4328.026089
16.000000,5.500000,3608.787100
17.000000,5.500000,3842.347884
18.000000,5.500000,4083.178055
19.000000,5.500000,4331.277614
16.000000,6.000000,3611.621537
17.000000,6.000000,3845.318355
18.000000,6.000000,4086.287906
19.000000,6.000000,4334.530188
16.000000,6.500000,3614.645022
17.000000,6.500000,3848.590834
18.000000,6.500000,4089.818976
19.000000,6.500000,4338.329447
15.000000,7.000000,3390.766532
16.000000,7.000000,3617.669530
17.000000,7.000000,3851.864462
18.000000,7.000000,4093.351328
19.000000,7.000000,4342.130127
15.000000,7.500000,3393.553104
16.000000,7.500000,3620.715313
17.000000,7.500000,3855.180243
18.000000,7.500000,4096.947893
19.000000,7.500000,4346.018263
15.000000,8.000000,3396.340588
16.000000,8.000000,3623.762140
17.000000,8.000000,3858.497206
18.000000,8.000000,4100.545789
19.000000,8.000000,4349.907887
15.000000,8.500000,3399.131272
16.000000,8.500000,3626.818483
17.000000,8.500000,3861.830366
18.000000,8.500000,4104.166922
19.000000,8.500000,4353.828151
15.000000,9.000000,3401.922876
16.000000,9.000000,3629.875882
17.000000,9.000000,3865.164725
18.000000,9.000000,4107.789407
19.000000,9.000000,4357.749927
15.000000,9.500000,3404.718833
16.000000,9.500000,3632.944008
17.000000,9.500000,3868.516552
18.000000,9.500000,4111.436464
19.000000,9.500000,4361.703746
15.000000,10.000000,3407.515719
16.000000,10.000000,3636.013201
17.000000,10.000000,3871.869593
18.000000,10.000000,4115.084893
19.000000,10.000000,4365.659102
15.000000,10.500000,3410.450724
16.000000,10.500000,3639.197513
17.000000,10.500000,3875.313067
18.000000,10.500000,4118.797385
19.000000,10.500000,4369.650467
15.000000,11.000000,3413.386753
16.000000,11.000000,3642.382975
17.000000,11.000000,3878.757823
18.000000,11.000000,4122.511298
19.000000,11.000000,4373.643398
15.000000,11.500000,3416.578067
16.000000,11.500000,3645.773130
17.000000,11.500000,3882.352931
18.000000,11.500000,4126.317469
19.000000,11.500000,4377.666745
15.000000,12.000000,3419.770626
16.000000,12.000000,3649.164613
17.000000,12.000000,3885.949451
18.000000,12.000000,4130.125141
19.000000,12.000000,4381.691682
15.000000,12.500000,3423.001810
16.000000,12.500000,3652.610866
17.000000,12.500000,3889.618072
18.000000,12.500000,4134.023428
15.000000,13.000000,3426.234270
16.000000,13.000000,3656.058509
17.000000,13.000000,3893.288198
18.000000,13.000000,4137.923339
15.000000,13.500000,3429.502527
16.000000,13.500000,3659.542698
17.000000,13.500000,3896.995651
18.000000,13.500000,4141.861386
15.000000,14.000000,3432.772085
16.000000,14.000000,3663.028305
17.000000,14.000000,3900.704642
18.000000,14.000000,4145.801095
15.000000,14.500000,3436.074033
16.000000,14.500000,3666.537979
17.000000,14.500000,3904.428829
18.000000,14.500000,4149.746583
15.000000,15.000000,3439.377304
16.000000,15.000000,3670.049088
17.000000,15.000000,3908.154567
18.000000,15.000000,4153.693741
15.000000,15.500000,3442.721569
16.000000,15.500000,3673.590446
17.000000,15.500000,3911.899052
18.000000,15.500000,4157.647385
15.000000,16.000000,3446.067197
16.000000,16.000000,3677.133271
17.000000,16.000000,3915.645108
18.000000,16.000000,4161.602708
15.000000,16.500000,3449.570499
16.000000,16.500000,3680.794079
17.000000,16.500000,3919.466395
18.000000,16.500000,4165.587445
15.000000,17.000000,3453.075370
16.000000,17.000000,3684.456505
17.000000,17.000000,3923.289349
18.000000,17.000000,4169.573902
15.000000,17.500000,3456.620195
16.000000,17.500000,3688.146249
17.000000,17.500000,3927.126126
18.000000,17.500000,4173.559826
15.000000,18.000000,3460.166626
16.000000,18.000000,3691.837636
17.000000,18.000000,3930.964584
18.000000,18.000000,4177.547471
15.000000,18.500000,3463.823108
16.000000,18.500000,3695.809596
17.000000,18.500000,3935.264473
18.000000,18.500000,4182.187741
15.000000,19.000000,3467.481301
16.000000,19.000000,3699.783460
17.000000,19.000000,3939.566472
18.000000,19.000000,4186.830335
15.000000,19.500000,3471.155310
16.000000,19.500000,3703.785682
17.000000,19.500000,3943.910042
18.000000,19.500000,4191.528390
15.000000,20.000000,3474.831044
16.000000,20.000000,3707.789829
17.000000,20.000000,3948.255751
18.000000,20.000000,4196.228808
15.000000,20.500000,3478.508728
16.000000,20.500000,3711.789303
17.000000,20.500000,3952.589680
18.000000,20.500000,4200.909857
15.000000,21.000000,3482.188138
16.000000,21.000000,3715.790694
17.000000,21.000000,3956.925725
18.000000,21.000000,4205.593233
15.000000,21.500000,3486.337624
16.000000,21.500000,3720.135715
17.000000,21.500000,3961.470274
18.000000,21.500000,4210.341301
15.000000,22.000000,3490.489280
16.000000,22.000000,3724.482979
17.000000,22.000000,3966.017139
18.000000,22.000000,4215.091760
15.000000,22.500000,3494.619912
16.000000,22.500000,3728.811902
17.000000,22.500000,3970.548701
18.000000,22.500000,4219.830310
14.000000,23.000000,3271.911450
15.000000,23.000000,3498.752660
16.000000,23.000000,3733.143027
17.000000,23.000000,3975.082553
18.000000,23.000000,4224.571238
14.000000,23.500000,3275.839537
15.000000,23.500000,3502.897166
16.000000,23.500000,3737.509744
17.000000,23.500000,3979.677272
18.000000,23.500000,4229.399750
14.000000,24.000000,3279.769652
15.000000,24.000000,3507.043808
16.000000,24.000000,3741.878707
17.000000,24.000000,3984.274348
18.000000,24.000000,4234.230732
14.000000,24.500000,3283.705613
15.000000,24.500000,3511.255176
16.000000,24.500000,3746.375265
17.000000,24.500000,3989.065878
18.000000,24.500000,4239.327017
14.000000,25.000000,3287.643621
15.000000,25.000000,3515.468778
16.000000,25.000000,3750.874249
17.000000,25.000000,3993.860033
18.000000,25.000000,4244.426130
14.000000,25.500000,3291.623906
15.000000,25.500000,3519.729321
16.000000,25.500000,3755.425005
17.000000,25.500000,3998.710959
18.000000,25.500000,4249.587182
14.000000,26.000000,3295.606296
15.000000,26.000000,3523.992158
16.000000,26.000000,3759.978251
17.000000,26.000000,4003.564576
18.000000,26.000000,4254.751131
14.000000,26.500000,3299.788526
15.000000,26.500000,3528.422282
16.000000,26.500000,3764.663437
17.000000,26.500000,4008.511991
18.000000,26.500000,4259.967946
14.000000,27.000000,3303.973154
15.000000,27.000000,3532.854937
16.000000,27.000000,3769.351291
17.000000,27.000000,4013.462217
18.000000,27.000000,4265.187714
14.000000,27.500000,3308.284987
15.000000,27.500000,3537.396895
16.000000,27.500000,3774.128920
17.000000,27.500000,4018.481062
14.000000,28.000000,3312.599409
15.000000,28.000000,3541.941542
16.000000,28.000000,3778.909339
17.000000,28.000000,4023.502801
14.000000,28.500000,3316.927665
15.000000,28.500000,3546.507391
16.000000,28.500000,3783.718762
17.000000,28.500000,4028.561777
14.000000,29.000000,3321.258522
15.000000,29.000000,3551.075948
16.000000,29.000000,3788.531002
17.000000,29.000000,4033.623682
14.000000,29.500000,3325.614054
15.000000,29.500000,3555.695955
16.000000,29.500000,3793.423233
17.000000,29.500000,4038.795889
14.000000,30.000000,3329.972216
15.000000,30.000000,3560.318738
16.000000,30.000000,3798.318390
17.000000,30.000000,4043.971173
14.000000,30.500000,3334.479948
15.000000,30.500000,3565.214810
16.000000,30.500000,3803.618187
17.000000,30.500000,4049.690080
14.000000,31.000000,3338.990494
15.000000,31.000000,3570.113995
16.000000,31.000000,3808.921411
17.000000,31.000000,4055.412742
14.000000,31.500000,3343.755466
15.000000,31.500000,3575.221170
16.000000,31.500000,3814.382596
17.000000,31.500000,4061.239745
14.000000,32.000000,3348.523592
15.000000,32.000000,3580.331736
16.000000,32.000000,3819.847420
17.000000,32.000000,4067.070643
14.000000,32.500000,3353.574428
15.000000,32.500000,3585.654312
16.000000,32.500000,3825.448321
17.000000,32.500000,4072.956456
14.000000,33.000000,3358.628819
15.000000,33.000000,3590.980578
16.000000,33.000000,3831.053051
17.000000,33.000000,4078.846238
14.000000,33.500000,3363.692009
15.000000,33.500000,3596.311696
16.000000,33.500000,3836.658430
17.000000,33.500000,4084.732212
14.000000,34.000000,3368.758760
15.000000,34.000000,3601.646506
16.000000,34.000000,3842.267635
17.000000,34.000000,4090.622147
14.000000,34.500000,3373.833478
15.000000,34.500000,3606.985372
16.000000,34.500000,3847.876733
17.000000,34.500000,4096.507563
14.000000,35.000000,3378.911761
15.000000,35.000000,3612.327930
16.000000,35.000000,3853.489654
17.000000,35.000000,4102.396931
14.000000,35.500000,3384.149507
15.000000,35.500000,3617.917393
16.000000,35.500000,3859.442297
17.000000,35.500000,4108.724219
14.000000,36.000000,3389.391049
15.000000,36.000000,3623.510908
16.000000,36.000000,3865.399257
17.000000,36.000000,4115.056095
14.000000,36.500000,3394.929682
15.000000,36.500000,3629.378867
16.000000,36.500000,3871.605983
17.000000,36.500000,4121.611032
13.000000,37.000000,3173.481218
14.000000,37.000000,3400.472574
15.000000,37.000000,3635.251310
16.000000,37.000000,3877.817427
17.000000,37.000000,4128.170924
13.000000,37.500000,3179.031137
14.000000,37.500000,3406.282652
15.000000,37.500000,3641.326197
16.000000,37.500000,3884.161772
17.000000,37.500000,4134.789377
13.000000,38.000000,3184.585631
14.000000,38.000000,3412.097420
15.000000,38.000000,3647.405889
16.000000,38.000000,3890.511039
17.000000,38.000000,4141.412870
13.000000,38.500000,3190.166171
14.000000,38.500000,3417.936102
15.000000,38.500000,3653.507166
16.000000,38.500000,3896.879362
17.000000,38.500000,4148.052690
13.000000,39.000000,3195.751321
14.000000,39.000000,3423.779506
15.000000,39.000000,3659.613275
16.000000,39.000000,3903.252630
17.000000,39.000000,4154.697569
13.000000,39.500000,3201.344321
14.000000,39.500000,3429.632524
15.000000,39.500000,3665.730871
16.000000,39.500000,3909.639361
17.000000,39.500000,4161.357994
13.000000,40.000000,3206.941935
14.000000,40.000000,3435.490270
15.000000,40.000000,3671.853308
16.000000,40.000000,3916.031049
17.000000,40.000000,4168.023492
13.000000,40.500000,3212.587815
14.000000,40.500000,3441.412736
15.000000,40.500000,3678.057887
16.000000,40.500000,3922.523270
13.000000,41.000000,3218.238392
14.000000,41.000000,3447.340034
15.000000,41.000000,3684.267439
16.000000,41.000000,3929.020605
13.000000,41.500000,3224.257904
14.000000,41.500000,3453.700544
15.000000,41.500000,3690.977659
16.000000,41.500000,3936.089249
13.000000,42.000000,3230.282825
14.000000,42.000000,3460.066685
15.000000,42.000000,3697.693737
16.000000,42.000000,3943.163981
13.000000,42.500000,3236.487220
14.000000,42.500000,3466.622375
15.000000,42.500000,3704.609677
16.000000,42.500000,3950.449127
13.000000,43.000000,3242.697350
14.000000,43.000000,3473.184035
15.000000,43.000000,3711.531826
16.000000,43.000000,3957.740723
13.000000,43.500000,3248.988494
14.000000,43.500000,3479.819175
15.000000,43.500000,3718.519208
16.000000,43.500000,3965.088594
13.000000,44.000000,3255.285518
14.000000,44.000000,3486.460411
15.000000,44.000000,3725.512906
16.000000,44.000000,3972.443003
13.000000,44.500000,3261.592986
14.000000,44.500000,3493.116802
15.000000,44.500000,3732.526743
16.000000,44.500000,3979.822806
13.000000,45.000000,3267.906342
14.000000,45.000000,3499.779305
15.000000,45.000000,3739.546918
16.000000,45.000000,3987.209180
13.000000,45.500000,3274.231368
14.000000,45.500000,3506.458207
15.000000,45.500000,3746.588491
16.000000,45.500000,3994.622222
13.000000,46.000000,3280.562294
14.000000,46.000000,3513.143238
15.000000,46.000000,3753.636429
16.000000,46.000000,4002.041865
13.000000,46.500000,3287.287705
14.000000,46.500000,3520.141707
15.000000,46.500000,3760.910241
16.000000,46.500000,4009.593305
13.000000,47.000000,3294.019848
14.000000,47.000000,3527.146961
15.000000,47.000000,3768.190888
16.000000,47.000000,4017.151629
13.000000,47.500000,3300.817001
14.000000,47.500000,3534.241479
15.000000,47.500000,3775.586861
16.000000,47.500000,4024.853145
13.000000,48.000000,3307.621031
14.000000,48.000000,3541.342991
15.000000,48.000000,3782.989945
16.000000,48.000000,4032.561894
17.000000,48.000000,4274.111848
18.000000,48.000000,4514.214994
19.000000,48.000000,4760.815490
13.000000,48.500000,3314.476574
14.000000,48.500000,3548.488848
15.000000,48.500000,3790.429546
16.000000,48.500000,4040.298668
17.000000,48.500000,4281.168443
18.000000,48.500000,4521.429365
19.000000,48.500000,4768.185308
13.000000,49.000000,3321.339097
14.000000,49.000000,3555.641783
15.000000,49.000000,3797.876323
16.000000,49.000000,4048.042718
17.000000,49.000000,4288.230652
18.000000,49.000000,4528.649268
19.000000,49.000000,4775.560572
13.000000,49.500000,3328.200848
14.000000,49.500000,3562.782414
15.000000,49.500000,3805.298495
16.000000,49.500000,4055.749090
17.000000,49.500000,4295.254464
18.000000,49.500000,4535.851225
19.000000,49.500000,4782.939529
13.000000,50.000000,3335.069560
14.000000,50.000000,3569.930081
15.000000,50.000000,3812.727777
16.000000,50.000000,4063.462648
17.000000,50.000000,4302.283812
18.000000,50.000000,4543.058669
19.000000,50.000000,4790.323924
13.000000,50.500000,3341.945978
14.000000,50.500000,3577.084780
15.000000,50.500000,3820.163350
16.000000,50.500000,4071.181688
17.000000,50.500000,4309.323276
18.000000,50.500000,4550.298426
19.000000,50.500000,4797.764056
12.000000,51.000000,3121.354561
13.000000,51.000000,3348.829356
14.000000,51.000000,3584.246511
15.000000,51.000000,3827.606028
16.000000,51.000000,4078.907904
17.000000,51.000000,4316.368277
18.000000,51.000000,4557.543709
19.000000,51.000000,4805.209702
12.000000,51.500000,3128.615014
13.000000,51.500000,3356.232978
14.000000,51.500000,3591.785235
15.000000,51.500000,3835.271782
16.000000,51.500000,4086.692621
17.000000,51.500000,4323.628018
18.000000,51.500000,4565.193983
19.000000,51.500000,4813.260681
12.000000,52.000000,3135.883771
13.000000,52.000000,3363.644642
14.000000,52.000000,3599.331739
15.000000,52.000000,3842.945061
16.000000,52.000000,4094.484609
17.000000,52.000000,4330.893649
18.000000,52.000000,4572.850454
19.000000,52.000000,4821.318174
12.000000,52.500000,3143.275929
13.000000,52.500000,3371.299787
14.000000,52.500000,3607.249609
15.000000,52.500000,3851.125393
16.000000,52.500000,4102.440839
17.000000,52.500000,4338.606017
18.000000,52.500000,4580.801743
19.000000,52.500000,4829.510061
12.000000,53.000000,3150.676655
13.000000,53.000000,3378.963484
14.000000,53.000000,3615.176012
15.000000,53.000000,3859.314240
16.000000,53.000000,4110.404561
17.000000,53.000000,4346.324991
18.000000,53.000000,4588.759692
19.000000,53.000000,4837.708664
12.000000,53.500000,3158.220534
13.000000,53.500000,3386.903104
14.000000,53.500000,3623.519687
15.000000,53.500000,3868.070282
16.000000,53.500000,4118.472727
17.000000,53.500000,4354.476745
18.000000,53.500000,4596.987691
19.000000,53.500000,4846.005563
12.000000,54.000000,3165.773291
13.000000,54.000000,3394.851872
14.000000,54.000000,3631.872780
15.000000,54.000000,3876.836016
16.000000,54.000000,4126.548468
17.000000,54.000000,4362.635834
18.000000,54.000000,4605.222786
19.000000,54.000000,4854.309325
12.000000,54.500000,3173.348150
13.000000,54.500000,3402.819998
14.000000,54.500000,3640.242267
15.000000,54.500000,3885.614957
16.000000,54.500000,4134.588896
17.000000,54.500000,4370.763678
18.000000,54.500000,4613.430983
19.000000,54.500000,4862.590810
12.000000,55.000000,3180.931913
13.000000,55.000000,3410.797292
14.000000,55.000000,3648.621185
15.000000,55.000000,3894.403593
16.000000,55.000000,4142.636825
17.000000,55.000000,4378.898793
18.000000,55.000000,4621.646222
19.000000,55.000000,4870.879112
12.000000,55.500000,3188.537083
13.000000,55.500000,3418.793260
14.000000,55.500000,3657.015829
15.000000,55.500000,3903.204789
16.000000,55.500000,4150.655588
17.000000,55.500000,4387.022635
18.000000,55.500000,4629.869098
19.000000,55.500000,4879.194977
12.000000,56.000000,3196.151181
13.000000,56.000000,3426.798414
14.000000,56.000000,3665.419914
15.000000,56.000000,3912.015683
16.000000,56.000000,4158.681790
17.000000,56.000000,4395.153720
18.000000,56.000000,4638.099022
19.000000,56.000000,4887.517696
12.000000,56.500000,3204.206340
13.000000,56.500000,3435.149272
14.000000,56.500000,3674.066541
15.000000,56.500000,3920.958147
16.000000,56.500000,4166.745528
17.000000,56.500000,4403.361455
18.000000,56.500000,4646.446731
19.000000,56.500000,4896.001356
12.000000,57.000000,3212.271520
13.000000,57.000000,3443.510146
14.000000,57.000000,3682.723171
15.000000,57.000000,3929.910596
16.000000,57.000000,4174.816777
17.000000,57.000000,4411.576568
18.000000,57.000000,4654.801687
19.000000,57.000000,4904.492134
12.000000,57.500000,3220.485514
13.000000,57.500000,3452.001736
14.000000,57.500000,3691.490809
15.000000,57.500000,3938.952732
16.000000,57.500000,4183.026420
17.000000,57.500000,4420.078797
18.000000,57.500000,4663.600222
19.000000,57.500000,4913.590695
12.000000,58.000000,3228.709888
13.000000,58.000000,3460.503643
14.000000,58.000000,3700.268694
15.000000,58.000000,3948.005040
16.000000,58.000000,4191.243840
17.000000,58.000000,4428.588936
18.000000,58.000000,4672.406801
19.000000,58.000000,4922.697435
12.000000,58.500000,3237.026580
13.000000,58.500000,3469.142362
14.000000,58.500000,3709.231057
15.000000,58.500000,3957.292666
16.000000,58.500000,4199.797560
17.000000,58.500000,4437.439929
18.000000,58.500000,4681.558051
19.000000,58.500000,4932.151928
12.000000,59.000000,3245.353864
13.000000,59.000000,3477.791729
14.000000,59.000000,3718.204123
15.000000,59.000000,3966.591047
16.000000,59.000000,4208.359791
17.000000,59.000000,4446.299532
18.000000,59.000000,4690.718012
19.000000,59.000000,4941.615232
12.000000,59.500000,3253.730785
13.000000,59.500000,3486.518425
14.000000,59.500000,3727.284174
15.000000,59.500000,3976.028032
16.000000,59.500000,4217.080143
17.000000,59.500000,4455.272324
18.000000,59.500000,4699.943328
12.000000,60.000000,3262.118400
13.000000,60.000000,3495.255945
14.000000,60.000000,3736.375179
15.000000,60.000000,3985.476102
16.000000,60.000000,4225.809343
17.000000,60.000000,4464.253957
18.000000,60.000000,4709.177475
12.000000,60.500000,3270.523810
13.000000,60.500000,3504.011082
14.000000,60.500000,3745.483584
15.000000,60.500000,3994.941318
16.000000,60.500000,4234.545546
17.000000,60.500000,4473.242343
18.000000,60.500000,4718.418110
12.000000,61.000000,3278.939930
13.000000,61.000000,3512.777058
14.000000,61.000000,3754.602958
15.000000,61.000000,4004.417631
16.000000,61.000000,4243.290589
17.000000,61.000000,4482.239560
18.000000,61.000000,4727.667565
12.000000,61.500000,3287.830233
13.000000,61.500000,3521.884206
14.000000,61.500000,3763.920482
15.000000,61.500000,4013.939061
16.000000,61.500000,4252.044556
17.000000,61.500000,4491.247978
18.000000,61.500000,4736.930626
12.000000,62.000000,3296.732455
13.000000,62.000000,3531.003023
14.000000,62.000000,3773.249427
15.000000,62.000000,4023.471665
16.000000,62.000000,4260.807357
17.000000,62.000000,4500.265226
18.000000,62.000000,4746.202509
12.000000,62.500000,3305.917311
13.000000,62.500000,3540.381981
14.000000,62.500000,3782.813909
15.000000,62.500000,4033.213095
16.000000,62.500000,4269.770819
17.000000,62.500000,4509.481405
18.000000,62.500000,4755.671430
12.000000,63.000000,3315.114819
13.000000,63.000000,3549.773250
14.000000,63.000000,3792.390366
15.000000,63.000000,4042.966167
16.000000,63.000000,4278.743513
17.000000,63.000000,4518.706811
18.000000,63.000000,4765.149571
12.000000,63.500000,3324.338555
13.000000,63.500000,3559.202333
14.000000,63.500000,3802.016957
15.000000,63.500000,4052.782428
16.000000,63.500000,4287.810684
17.000000,63.500000,4528.045101
18.000000,63.500000,4774.760006
11.000000,64.000000,3106.449185
12.000000,64.000000,3333.574983
13.000000,64.000000,3568.643794
14.000000,64.000000,3811.655616
15.000000,64.000000,4062.610452
16.000000,64.000000,4296.887267
17.000000,64.000000,4537.392841
18.000000,64.000000,4784.379925
11.000000,64.500000,3115.509131
12.000000,64.500000,3343.009085
13.000000,64.500000,3578.455217
14.000000,64.500000,3821.847528
15.000000,64.500000,4072.220148
16.000000,64.500000,4306.548554
17.000000,64.500000,4547.227253
18.000000,64.500000,4794.382770
11.000000,65.000000,3124.582153
12.000000,65.000000,3352.456392
13.000000,65.000000,3588.279975
14.000000,65.000000,3832.052901
15.000000,65.000000,4081.841003
16.000000,65.000000,4316.220508
17.000000,65.000000,4557.072142
18.000000,65.000000,4804.395905
11.000000,65.500000,3133.684089
12.000000,65.500000,3361.974153
13.000000,65.500000,3598.219522
14.000000,65.500000,3842.420197
15.000000,65.500000,4091.486105
16.000000,65.500000,4326.000344
17.000000,65.500000,4566.979487
18.000000,65.500000,4814.423535
11.000000,66.000000,3142.799146
12.000000,66.000000,3371.505276
13.000000,66.000000,3608.172677
14.000000,66.000000,3852.801346
15.000000,66.000000,4101.142388
16.000000,66.000000,4335.791062
17.000000,66.000000,4576.897421
18.000000,66.000000,4824.461465
11.000000,66.500000,3152.177842
12.000000,66.500000,3381.243946
13.000000,66.500000,3618.272326
14.000000,66.500000,3863.262984
15.000000,66.500000,4110.782677
16.000000,66.500000,4345.565673
17.000000,66.500000,4586.799188
18.000000,66.500000,4834.483221
11.000000,67.000000,3161.570447
12.000000,67.000000,3390.996573
13.000000,67.000000,3628.385979
14.000000,67.000000,3873.738664
15.000000,67.000000,4120.434084
16.000000,67.000000,4355.351107
17.000000,67.000000,4596.711487
18.000000,67.000000,4844.515223
11.000000,67.500000,3171.169123
12.000000,67.500000,3400.912376
13.000000,67.500000,3638.616124
14.000000,67.500000,3884.280366
15.000000,67.500000,4130.088138
16.000000,67.500000,4365.133823
17.000000,67.500000,4606.615412
18.000000,67.500000,4854.532903
11.000000,68.000000,3180.782312
12.000000,68.000000,3410.842595
13.000000,68.000000,3648.860577
14.000000,68.000000,3894.836257
15.000000,68.000000,4139.753296
16.000000,68.000000,4374.927336
17.000000,68.000000,4616.529831
18.000000,68.000000,4864.560780
11.000000,68.500000,3190.418769
12.000000,68.500000,3420.819664
13.000000,68.500000,3659.177226
14.000000,68.500000,3905.491456
15.000000,68.500000,4149.571290
16.000000,68.500000,4384.944272
17.000000,68.500000,4626.741642
18.000000,68.500000,4874.963402
11.000000,69.000000,3200.069764
12.000000,69.000000,3430.811243
13.000000,69.000000,3669.508352
14.000000,69.000000,3916.161091
15.000000,69.000000,4159.400753
16.000000,69.000000,4394.972503
17.000000,69.000000,4636.964578
18.000000,69.000000,4885.376979
11.000000,69.500000,3209.808776
12.000000,69.500000,3440.871870
13.000000,69.500000,3679.888051
14.000000,69.500000,3926.857317
15.000000,69.500000,4169.242003
16.000000,69.500000,4405.032336
17.000000,69.500000,4647.239999
18.000000,69.500000,4895.864991
11.000000,70.000000,3219.562546
12.000000,70.000000,3450.947165
13.000000,70.000000,3690.282318
14.000000,70.000000,3937.568007
15.000000,70.000000,4179.094721
16.000000,70.000000,4415.103511
17.000000,70.000000,4657.526635
18.000000,70.000000,4906.364092
11.000000,70.500000,3229.393386
12.000000,70.500000,3461.197313
13.000000,70.500000,3700.956203
14.000000,70.500000,3948.670057
15.000000,70.500000,4189.495478
16.000000,70.500000,4425.805289
17.000000,70.500000,4668.529445
18.000000,70.500000,4917.667948
11.000000,71.000000,3239.239174
12.000000,71.000000,3471.462614
13.000000,71.000000,3711.645445
14.000000,71.000000,3959.787667
15.000000,71.000000,4199.909064
16.000000,71.000000,4436.519899
17.000000,71.000000,4679.545088
18.000000,71.000000,4928.984632
11.000000,71.500000,3249.375401
12.000000,71.500000,3481.952490
13.000000,71.500000,3722.488142
14.000000,71.500000,3970.982357
15.000000,71.500000,4210.374574
16.000000,71.500000,4447.302576
17.000000,71.500000,4690.645714
11.000000,72.000000,3259.527430
12.000000,72.000000,3492.458149
13.000000,72.000000,3733.346599
14.000000,72.000000,3982.192781
15.000000,72.000000,4220.853006
16.000000,72.000000,4458.098215
17.000000,72.000000,4701.759335
11.000000,72.500000,3270.009072
12.000000,72.500000,3503.205514
13.000000,72.500000,3744.352001
14.000000,72.500000,3993.448534
15.000000,72.500000,4231.353085
16.000000,72.500000,4468.913462
17.000000,72.500000,4712.890396
11.000000,73.000000,3280.507516
12.000000,73.000000,3513.969353
13.000000,73.000000,3755.373548
14.000000,73.000000,4004.720101
15.000000,73.000000,4241.866102
16.000000,73.000000,4479.741679
17.000000,73.000000,4724.034456
11.000000,73.500000,3291.009085
12.000000,73.500000,3524.768783
13.000000,73.500000,3766.465446
14.000000,73.500000,4016.099073
15.000000,73.500000,4252.483985
16.000000,73.500000,4490.643317
17.000000,73.500000,4735.218621
11.000000,74.000000,3301.527409
12.000000,74.000000,3535.584743
13.000000,74.000000,3777.573646
14.000000,74.000000,4027.494117
15.000000,74.000000,4263.115032
16.000000,74.000000,4501.558068
17.000000,74.000000,4746.415842
11.000000,74.500000,3312.227317
12.000000,74.500000,3546.564055
13.000000,74.500000,3788.825339
14.000000,74.500000,4039.011170
15.000000,74.500000,4273.890946
16.000000,74.500000,4512.637862
17.000000,74.500000,4757.799295
11.000000,75.000000,3322.944510
12.000000,75.000000,3557.560349
13.000000,75.000000,3800.093711
14.000000,75.000000,4050.544596
15.000000,75.000000,4284.680357
16.000000,75.000000,4523.731148
17.000000,75.000000,4769.196232
11.000000,75.500000,3333.724508
12.000000,75.500000,3568.626385
13.000000,75.500000,3811.439153
14.000000,75.500000,4061.876286
15.000000,75.500000,4295.572003
16.000000,75.500000,4534.931318
17.000000,75.500000,4780.704880
11.000000,76.000000,3344.521935
12.000000,76.000000,3579.709564
13.000000,76.000000,3822.801450
14.000000,76.000000,4073.223728
15.000000,76.000000,4306.477371
16.000000,76.000000,4546.145214
17.000000,76.000000,4792.227255
11.000000,76.500000,3355.619614
12.000000,76.500000,3591.203722
13.000000,76.500000,3834.692290
14.000000,76.500000,4084.450070
15.000000,76.500000,4317.885907
16.000000,76.500000,4557.728147
17.000000,76.500000,4803.976791
11.000000,77.000000,3366.735650
12.000000,77.000000,3602.716269
13.000000,77.000000,3846.601550
14.000000,77.000000,4095.691794
15.000000,77.000000,4329.309456
16.000000,77.000000,4569.325728
17.000000,77.000000,4815.740611
11.000000,77.500000,3378.153291
12.000000,77.500000,3614.440874
13.000000,77.500000,3858.626557
14.000000,77.500000,4106.943688
15.000000,77.500000,4340.773336
16.000000,77.500000,4580.995792
17.000000,77.500000,4827.611054
10.000000,78.000000,3160.887517
11.000000,78.000000,3389.590239
12.000000,78.000000,3626.184495
13.000000,78.000000,3870.670286
14.000000,78.000000,4118.210948
15.000000,78.000000,4352.252306
16.000000,78.000000,4592.680669
17.000000,78.000000,4839.496037
10.000000,78.500000,3171.996778
11.000000,78.500000,3401.019847
12.000000,78.500000,3637.928505
13.000000,78.500000,3882.722751
14.000000,78.500000,4129.486743
15.000000,78.500000,4363.736057
16.000000,78.500000,4604.366409
17.000000,78.500000,4851.377799
10.000000,79.000000,3183.125513
11.000000,79.000000,3412.468670
12.000000,79.000000,3649.691466
13.000000,79.000000,3894.793904
14.000000,79.000000,4140.777884
15.000000,79.000000,4375.234869
16.000000,79.000000,4616.066926
17.000000,79.000000,4863.274057
10.000000,79.500000,3194.454128
11.000000,79.500000,3424.092903
12.000000,79.500000,3661.603327
13.000000,79.500000,3906.985399
14.000000,79.500000,4152.164768
15.000000,79.500000,4386.799753
16.000000,79.500000,4627.802029
17.000000,79.500000,4875.171597
10.000000,80.000000,3205.802851
11.000000,80.000000,3435.736879
12.000000,80.000000,3673.534562
13.000000,80.000000,3919.195902
14.000000,80.000000,4163.567225
15.000000,80.000000,4398.379838
16.000000,80.000000,4639.551963
17.000000,80.000000,4887.083602
10.000000,80.500000,3217.324214
11.000000,80.500000,3447.512365
12.000000,80.500000,3685.552995
13.000000,80.500000,3931.446103
14.000000,80.500000,4174.986084
15.000000,80.500000,4410.005386
16.000000,80.500000,4651.378141
17.000000,80.500000,4899.104349
10.000000,81.000000,3228.866228
11.000000,81.000000,3459.307973
12.000000,81.000000,3697.591022
13.000000,81.000000,3943.715373
14.000000,81.000000,4186.420519
15.000000,81.000000,4421.646218
16.000000,81.000000,4663.219312
17.000000,81.000000,4911.139800
10.000000,81.500000,3240.524326
11.000000,81.500000,3471.234300
12.000000,81.500000,3709.775332
13.000000,81.500000,3956.147420
14.000000,81.500000,4198.037649
15.000000,81.500000,4433.449522
16.000000,81.500000,4675.201366
17.000000,81.500000,4923.293178
10.000000,82.000000,3252.203419
11.000000,82.000000,3483.181130
12.000000,82.000000,3721.979655
13.000000,82.000000,3968.598993
14.000000,82.000000,4209.670828
15.000000,82.000000,4445.268512
16.000000,82.000000,4687.198745
17.000000,82.000000,4935.461526
10.000000,82.500000,3264.200256
11.000000,82.500000,3495.487692
12.000000,82.500000,3734.588176
13.000000,82.500000,3981.501708
14.000000,82.500000,4221.759696
15.000000,82.500000,4457.439276
16.000000,82.500000,4699.437270
10.000000,83.000000,3276.219169
11.000000,83.000000,3507.815945
12.000000,83.000000,3747.218005
13.000000,83.000000,3994.425349
14.000000,83.000000,4233.865876
15.000000,83.000000,4469.626647
16.000000,83.000000,4711.691711
10.000000,83.500000,3288.231268
11.000000,83.500000,3520.147929
12.000000,83.500000,3759.862953
13.000000,83.500000,4007.376341
14.000000,83.500000,4246.125343
15.000000,83.500000,4482.193461
16.000000,83.500000,4724.563505
10.000000,84.000000,3300.265335
11.000000,84.000000,3532.501538
12.000000,84.000000,3772.529186
13.000000,84.000000,4020.348278
14.000000,84.000000,4258.402508
15.000000,84.000000,4494.777877
16.000000,84.000000,4737.452801
10.000000,84.500000,3312.382011
11.000000,84.500000,3544.925588
12.000000,84.500000,3785.252615
13.000000,84.500000,4033.363091
14.000000,84.500000,4270.722506
15.000000,84.500000,4507.401761
16.000000,84.500000,4750.377975
10.000000,85.000000,3324.520880
11.000000,85.000000,3557.371437
12.000000,85.000000,3797.997450
13.000000,85.000000,4046.398918
14.000000,85.000000,4283.060270
15.000000,85.000000,4520.043305
16.000000,85.000000,4763.320695
10.000000,85.500000,3336.878596
11.000000,85.500000,3569.980652
12.000000,85.500000,3810.845591
13.000000,85.500000,4059.473414
14.000000,85.500000,4295.433131
15.000000,85.500000,4532.718828
16.000000,85.500000,4776.296187
10.000000,86.000000,3349.259236
11.000000,86.000000,3582.612169
12.000000,86.000000,3823.715418
13.000000,86.000000,4072.568981
14.000000,86.000000,4307.823805
15.000000,86.000000,4545.412051
16.000000,86.000000,4789.289260
10.000000,86.500000,3361.648381
11.000000,86.500000,3595.202082
12.000000,86.500000,3836.490254
13.000000,86.500000,4085.512897
14.000000,86.500000,4320.153295
15.000000,86.500000,4558.112230
16.000000,86.500000,4802.361110
10.000000,87.000000,3374.060398
11.000000,87.000000,3607.814074
12.000000,87.000000,3849.286385
13.000000,87.000000,4098.477331
14.000000,87.000000,4332.500370
15.000000,87.000000,4570.830075
16.000000,87.000000,4815.450703
10.000000,87.500000,3386.598195
11.000000,87.500000,3620.594982
12.000000,87.500000,3862.297306
13.000000,87.500000,4111.705169
14.000000,87.500000,4345.167479
15.000000,87.500000,4583.846546
16.000000,87.500000,4828.815572
10.000000,88.000000,3399.159244
11.000000,88.000000,3633.398488
12.000000,88.000000,3875.330177
13.000000,88.000000,4124.954312
14.000000,88.000000,4357.853057
15.000000,88.000000,4596.881482
16.000000,88.000000,4842.198892
10.000000,88.500000,3411.784421
11.000000,88.500000,3646.359132
12.000000,88.500000,3888.619670
13.000000,88.500000,4137.776718
14.000000,88.500000,4370.835109
15.000000,88.500000,4610.094682
16.000000,88.500000,4855.635213
10.000000,89.000000,3424.433001
11.000000,89.000000,3659.342852
12.000000,89.000000,3901.931910
13.000000,89.000000,4150.619021
14.000000,89.000000,4383.836456
15.000000,89.000000,4623.326808
16.000000,89.000000,4869.090076
10.000000,89.500000,3437.084334
11.000000,89.500000,3672.326034
12.000000,89.500000,3915.240178
13.000000,89.500000,4163.373421
14.000000,89.500000,4396.933375
15.000000,89.500000,4636.764614
16.000000,89.500000,4882.867140
10.000000,90.000000,3449.758994
11.000000,90.000000,3685.332207
12.000000,90.000000,3928.571102
13.000000,90.000000,4176.147384
14.000000,90.000000,4410.049818
15.000000,90.000000,4650.221902
16.000000,90.000000,4896.663636
10.000000,90.500000,3462.952604
11.000000,90.500000,3698.715213
12.000000,90.500000,3942.126179
13.000000,90.500000,4189.027856
14.000000,90.500000,4423.277097
15.000000,90.500000,4663.794631
16.000000,90.500000,4910.580459
10.000000,91.000000,3476.171395
11.000000,91.000000,3712.122475
12.000000,91.000000,3955.704601
13.000000,91.000000,4201.928157
14.000000,91.000000,4436.524174
15.000000,91.000000,4677.387123
16.000000,91.000000,4924.517006
10.000000,91.500000,3489.392864
11.000000,91.500000,3725.551004
12.000000,91.500000,3969.324206
13.000000,91.500000,4214.912455
14.000000,91.500000,4449.837269
15.000000,91.500000,4691.026606
16.000000,91.500000,4938.480465
10.000000,92.000000,3502.639429
11.000000,92.000000,3739.003778
12.000000,92.000000,3982.967216
13.000000,92.000000,4227.916779
14.000000,92.000000,4463.170300
15.000000,92.000000,4704.685930
16.000000,92.000000,4952.463669
10.000000,92.500000,3515.681586
11.000000,92.500000,3752.337604
12.000000,92.500000,3996.582630
13.000000,92.500000,4240.977178
14.000000,92.500000,4476.551185
15.000000,92.500000,4718.384446
16.000000,92.500000,4966.476960
9.000000,93.000000,3299.379724
10.000000,93.000000,3528.747979
11.000000,93.000000,3765.695163
12.000000,93.000000,4010.221275
13.000000,93.000000,4254.057713
14.000000,93.000000,4489.952089
15.000000,93.000000,4732.102859
16.000000,93.000000,4980.510024
9.000000,93.500000,3312.240186
10.000000,93.500000,3542.000505
11.000000,93.500000,3779.335668
12.000000,93.500000,4024.245673
13.000000,93.500000,4267.544196
14.000000,93.500000,4503.657745
15.000000,93.500000,4746.018865
9.000000,94.000000,3325.125662
10.000000,94.000000,3555.277869
11.000000,94.000000,3793.000832
12.000000,94.000000,4038.294551
13.000000,94.000000,4281.052020
14.000000,94.000000,4517.384278
15.000000,94.000000,4759.955288
9.000000,94.500000,3338.116261
10.000000,94.500000,3568.697208
11.000000,94.500000,3806.847143
12.000000,94.500000,4052.566066
13.000000,94.500000,4294.740662
14.000000,94.500000,4531.214683
15.000000,94.500000,4773.914302
9.000000,95.000000,3351.132185
10.000000,95.000000,3582.141824
11.000000,95.000000,3820.718680
12.000000,95.000000,4066.862753
13.000000,95.000000,4308.451150
14.000000,95.000000,4545.066218
15.000000,95.000000,4787.893737
9.000000,95.500000,3364.483305
10.000000,95.500000,3595.829249
11.000000,95.500000,3834.733630
12.000000,95.500000,4081.196448
13.000000,95.500000,4322.196795
14.000000,95.500000,4559.097914
15.000000,95.500000,4802.206081
9.000000,96.000000,3377.860965
10.000000,96.000000,3609.542774
11.000000,96.000000,3848.774238
12.000000,96.000000,4095.555357
13.000000,96.000000,4335.964325
14.000000,96.000000,4573.151225
15.000000,96.000000,4816.539766
9.000000,96.500000,3391.394494
10.000000,96.500000,3623.455798
11.000000,96.500000,3863.060574
12.000000,96.500000,4110.208823
13.000000,96.500000,4350.121483
14.000000,96.500000,4587.730617
15.000000,96.500000,4831.542659
9.000000,97.000000,3404.955078
10.000000,97.000000,3637.395583
11.000000,97.000000,3877.373376
12.000000,97.000000,4124.888456
13.000000,97.000000,4364.301709
14.000000,97.000000,4602.333201
15.000000,97.000000,4846.568863
9.000000,97.500000,3418.562753
10.000000,97.500000,3651.421292
11.000000,97.500000,3891.813532
12.000000,97.500000,4139.739471
9.000000,98.000000,3432.197564
10.000000,98.000000,3665.473991
11.000000,98.000000,3906.280527
12.000000,98.000000,4154.617171
9.000000,98.500000,3445.928648
10.000000,98.500000,3679.619598
11.000000,98.500000,3920.836534
12.000000,98.500000,4169.579454
9.000000,99.000000,3459.687143
10.000000,99.000000,3693.792448
11.000000,99.000000,3935.419610
12.000000,99.000000,4184.568628
9.000000,99.500000,3473.611458
10.000000,99.500000,3708.181875
11.000000,99.500000,3950.272738
12.000000,99.500000,4199.884049
9.000000,100.000000,3487.563733
10.000000,100.000000,3722.599273
11.000000,100.000000,3965.153843
12.000000,100.000000,4215.227443
9.000000,100.500000,3501.655636
10.000000,100.500000,3737.143550
11.000000,100.500000,3980.147824
12.000000,100.500000,4230.668457
9.000000,101.000000,3515.775945
10.000000,101.000000,3751.716182
11.000000,101.000000,3995.170100
12.000000,101.000000,4246.137697
9.000000,101.500000,3530.011257
10.000000,101.500000,3766.372613
11.000000,101.500000,4010.242583
9.000000,102.000000,3544.275323
10.000000,102.000000,3781.057614
11.000000,102.000000,4025.343444
9.000000,102.500000,3558.610110
10.000000,102.500000,3795.872338
11.000000,102.500000,4040.637153
9.000000,103.000000,3572.973820
10.000000,103.000000,3810.716026
11.000000,103.000000,4055.959860
9.000000,103.500000,3587.398737
10.000000,103.500000,3825.651960
11.000000,103.500000,4071.407979
9.000000,104.000000,3601.852707
10.000000,104.000000,3840.617104
11.000000,104.000000,4086.885460
9.000000,104.500000,3616.677305
10.000000,104.500000,3855.850763
11.000000,104.500000,4102.521744
9.000000,105.000000,3631.532334
10.000000,105.000000,3871.114568
11.000000,105.000000,4118.187883
9.000000,105.500000,3646.499739
10.000000,105.500000,3886.479397
11.000000,105.500000,4133.942868
9.000000,106.000000,3661.497910
10.000000,106.000000,3901.874651
11.000000,106.000000,4149.727931
9.000000,106.500000,3676.312948
10.000000,106.500000,3917.165837
11.000000,106.500000,4165.493590
9.000000,107.000000,3691.157891
10.000000,107.000000,3932.486925
11.000000,107.000000,4181.289141
9.000000,107.500000,3705.991265
10.000000,107.500000,3947.740306
11.000000,107.500000,4196.957543
9.000000,108.000000,3720.854379
10.000000,108.000000,3963.023212
11.000000,108.000000,4212.655247
9.000000,108.500000,3735.845210
10.000000,108.500000,3978.408642
11.000000,108.500000,4228.429432
8.000000,109.000000,3515.359989
9.000000,109.000000,3750.866172
10.000000,109.000000,3993.823871
11.000000,109.000000,4244.233087
8.000000,109.500000,3530.194194
9.000000,109.500000,3766.073663
10.000000,109.500000,4009.396808
11.000000,109.500000,4260.163630
8.000000,110.000000,3545.059626
9.000000,110.000000,3781.311912
10.000000,110.000000,4025.000037
11.000000,110.000000,4276.124001
8.000000,110.500000,3560.106566
9.000000,110.500000,3796.689534
10.000000,110.500000,4040.697382
11.000000,110.500000,4292.130109
8.000000,111.000000,3575.185365
9.000000,111.000000,3812.098353
10.000000,111.000000,4056.425267
11.000000,111.000000,4308.166108
8.000000,111.500000,3590.351504
9.000000,111.500000,3827.606768
10.000000,111.500000,4072.265849
11.000000,111.500000,4324.328747
8.000000,112.000000,3605.549738
9.000000,112.000000,3843.146659
10.000000,112.000000,4088.137293
11.000000,112.000000,4340.521640
8.000000,112.500000,3620.840548
9.000000,112.500000,3858.813676
10.000000,112.500000,4104.172666
11.000000,112.500000,4356.917518
8.000000,113.000000,3636.163711
9.000000,113.000000,3874.512559
10.000000,113.000000,4120.239421
11.000000,113.000000,4373.344298
8.000000,113.500000,3651.643102
9.000000,113.500000,3890.360120
10.000000,113.500000,4136.445939
11.000000,113.500000,4389.900560
8.000000,114.000000,3667.155362
9.000000,114.000000,3906.240017
10.000000,114.000000,4152.684262
11.000000,114.000000,4406.488096
8.000000,114.500000,3682.811182
9.000000,114.500000,3922.312801
10.000000,114.500000,4169.167605
11.000000,114.500000,4423.375593
8.000000,115.000000,3698.500340
9.000000,115.000000,3938.418576
10.000000,115.000000,4185.683590
11.000000,115.000000,4440.295383
8.000000,115.500000,3714.359058
9.000000,115.500000,3954.689383
10.000000,115.500000,4202.359308
8.000000,116.000000,3730.251691
9.000000,116.000000,3970.993720
10.000000,116.000000,4219.068172
8.000000,116.500000,3746.224394
9.000000,116.500000,3987.372668
10.000000,116.500000,4235.845725
8.000000,117.000000,3762.231211
9.000000,117.000000,4003.785318
10.000000,117.000000,4252.656567
8.000000,117.500000,3778.323115
9.000000,117.500000,4020.289752
10.000000,117.500000,4269.566421
8.000000,118.000000,3794.449352
9.000000,118.000000,4036.828128
10.000000,118.000000,4286.509825
8.000000,118.500000,3810.340922
9.000000,118.500000,4053.279475
10.000000,118.500000,4303.523446
8.000000,119.000000,3826.265682
9.000000,119.000000,4069.764260
10.000000,119.000000,4320.570750
8.000000,119.500000,3842.311795
9.000000,119.500000,4086.371606
10.000000,119.500000,4337.741230
8.000000,120.000000,3858.391454
9.000000,120.000000,4103.012744
10.000000,120.000000,4354.945746
8.000000,120.500000,3874.619168
9.000000,120.500000,4119.793016
10.000000,120.500000,4372.280036
8.000000,121.000000,3890.880915
9.000000,121.000000,4136.607513
10.000000,121.000000,4389.648742
8.000000,121.500000,3907.222035
9.000000,121.500000,4153.403395
10.000000,121.500000,4406.895111
8.000000,122.000000,3923.597385
9.000000,122.000000,4170.233293
10.000000,122.000000,4424.175282
8.000000,122.500000,3940.022336
9.000000,122.500000,4186.998705
10.000000,122.500000,4441.270108
8.000000,123.000000,3956.481580
9.000000,123.000000,4203.797737
10.000000,123.000000,4458.397885
8.000000,123.500000,3973.064741
9.000000,123.500000,4220.710927
10.000000,123.500000,4475.629156
8.000000,124.000000,3989.682561
9.000000,124.000000,4237.658055
10.000000,124.000000,4492.893646
8.000000,124.500000,4006.440686
9.000000,124.500000,4254.733458
10.000000,124.500000,4510.274228
8.000000,125.000000,4023.233898
9.000000,125.000000,4271.843155
10.000000,125.000000,4527.688316
8.000000,125.500000,4040.155674
9.000000,125.500000,4289.071873
10.000000,125.500000,4545.210974
8.000000,126.000000,4057.112932
9.000000,126.000000,4306.335230
10.000000,126.000000,4562.767436
8.000000,126.500000,4074.184335
9.000000,126.500000,4323.707207
10.000000,126.500000,4580.426513
7.000000,127.000000,3848.651955
8.000000,127.000000,4091.291555
9.000000,127.000000,4341.114126
10.000000,127.000000,4598.119670
7.000000,127.500000,3865.566646
8.000000,127.500000,4108.551529
9.000000,127.500000,4358.707816
10.000000,127.500000,4616.035507
7.000000,128.000000,3882.518409
8.000000,128.000000,4125.847816
9.000000,128.000000,4376.337065
10.000000,128.000000,4633.986156
7.000000,128.500000,3899.467254
8.000000,128.500000,4143.224689
9.000000,128.500000,4394.134987
10.000000,128.500000,4652.198149
7.000000,129.000000,3916.452984
8.000000,129.000000,4160.638051
9.000000,129.000000,4411.969002
10.000000,129.000000,4670.445837
7.000000,129.500000,3933.121484
8.000000,129.500000,4177.893466
9.000000,129.500000,4429.813813
10.000000,129.500000,4688.882525
7.000000,130.000000,3949.825336
8.000000,130.000000,4195.184555
9.000000,130.000000,4447.694614
10.000000,130.000000,4707.355515
