weight_g,405.000000
thrust_N,velocity_m_s,power_W
18.000000,0.000000,1291.271129
19.000000,0.000000,1376.454154
20.000000,0.000000,1464.240064
21.000000,0.000000,1554.628859
22.000000,0.000000,1647.620540
23.000000,0.000000,1744.347424
24.000000,0.000000,1846.954892
25.000000,0.000000,1952.251752
26.000000,0.000000,2060.238003
18.000000,0.500000,1293.220335
19.000000,0.500000,1378.512745
20.000000,0.500000,1466.411656
21.000000,0.500000,1556.917066
22.000000,0.500000,1650.028978
23.000000,0.500000,1747.013523
24.000000,0.500000,1849.633509
25.000000,0.500000,1954.941457
26.000000,0.500000,2062.937366
18.000000,1.000000,1295.170085
19.000000,1.000000,1380.571968
20.000000,1.000000,1468.583970
21.000000,1.000000,1559.206089
22.000000,1.000000,1652.438327
23.000000,1.000000,1749.680340
24.000000,1.000000,1852.312862
25.000000,1.000000,1957.631915
26.000000,1.000000,2065.637499
18.000000,1.500000,1297.134096
19.000000,1.500000,1382.649034
20.000000,1.500000,1470.777843
21.000000,1.500000,1561.520523
22.000000,1.500000,1654.877073
23.000000,1.500000,1752.361668
24.000000,1.500000,1855.002535
25.000000,1.500000,1960.328391
26.000000,1.500000,2068.339235
18.000000,2.000000,1299.098664
19.000000,2.000000,1384.726745
20.000000,2.000000,1472.972453
21.000000,2.000000,1563.835786
22.000000,2.000000,1657.316745
23.000000,2.000000,1755.043705
24.000000,2.000000,1857.692941
25.000000,2.000000,1963.025621
26.000000,2.000000,2071.041744
18.000000,2.500000,1301.082974
19.000000,2.500000,1386.837594
20.000000,2.500000,1475.214100
21.000000,2.500000,1566.212490
22.000000,2.500000,1659.832766
23.000000,2.500000,1757.788950
24.000000,2.500000,1860.427596
25.000000,2.500000,1965.747692
26.000000,2.500000,2073.749238
18.000000,3.000000,1303.067850
19.000000,3.000000,1388.949090
20.000000,3.000000,1477.456477
21.000000,3.000000,1568.590013
22.000000,3.000000,1662.349696
23.000000,3.000000,1760.534840
24.000000,3.000000,1863.162945
25.000000,3.000000,1968.470500
26.000000,3.000000,2076.457506
18.000000,3.500000,1305.066331
19.000000,3.500000,1391.071178
20.000000,3.500000,1479.706270
21.000000,3.500000,1570.971605
22.000000,3.500000,1664.867184
23.000000,3.500000,1763.256732
24.000000,3.500000,1865.880449
25.000000,3.500000,1971.181863
26.000000,3.500000,2079.160973
18.000000,4.000000,1307.065390
19.000000,4.000000,1393.193926
20.000000,4.000000,1481.956804
21.000000,4.000000,1573.354025
22.000000,4.000000,1667.385590
23.000000,4.000000,1765.979278
24.000000,4.000000,1868.598655
25.000000,4.000000,1973.893970
26.000000,4.000000,2081.865223
18.000000,4.500000,1309.085450
19.000000,4.500000,1395.332957
20.000000,4.500000,1484.218621
21.000000,4.500000,1575.742443
22.000000,4.500000,1669.904422
23.000000,4.500000,1768.679712
24.000000,4.500000,1871.300762
25.000000,4.500000,1976.596232
26.000000,4.500000,2084.566121
18.000000,5.000000,1311.106112
19.000000,5.000000,1397.472667
20.000000,5.000000,1486.481197
21.000000,5.000000,1578.131703
22.000000,5.000000,1672.424184
23.000000,5.000000,1771.380807
24.000000,5.000000,1874.003579
25.000000,5.000000,1979.299247
26.000000,5.000000,2087.267810
18.000000,5.500000,1313.387120
19.000000,5.500000,1399.836727
20.000000,5.500000,1488.929867
21.000000,5.500000,1580.666542
22.000000,5.500000,1675.046751
23.000000,5.500000,1774.141428
24.000000,5.500000,1876.747088
25.000000,5.500000,1982.023079
26.000000,5.500000,2089.969403
18.000000,6.000000,1315.668931
19.000000,6.000000,1402.201650
20.000000,6.000000,1491.379462
21.000000,6.000000,1583.202368
22.000000,6.000000,1677.670366
23.000000,6.000000,1776.902788
24.000000,6.000000,1879.491361
25.000000,6.000000,1984.747697
26.000000,6.000000,2092.671797
18.000000,6.500000,1317.956483
19.000000,6.500000,1404.597207
20.000000,6.500000,1493.885983
21.000000,6.500000,1585.822810
22.000000,6.500000,1680.407688
23.000000,6.500000,1779.775941
24.000000,6.500000,1882.356117
25.000000,6.500000,1987.601827
18.000000,7.000000,1320.244867
19.000000,7.000000,1406.993685
20.000000,7.000000,1496.393513
21.000000,7.000000,1588.444353
22.000000,7.000000,1683.146203
23.000000,7.000000,1782.649974
24.000000,7.000000,1885.221786
25.000000,7.000000,1990.456897
18.000000,7.500000,1322.528421
19.000000,7.500000,1409.390579
20.000000,7.500000,1498.906970
21.000000,7.500000,1591.077594
22.000000,7.500000,1685.902451
23.000000,7.500000,1785.536644
24.000000,7.500000,1888.117432
25.000000,7.500000,1993.359851
18.000000,8.000000,1324.812820
19.000000,8.000000,1411.788408
20.000000,8.000000,1501.421454
21.000000,8.000000,1593.711956
22.000000,8.000000,1688.659916
23.000000,8.000000,1788.424202
24.000000,8.000000,1891.013994
25.000000,8.000000,1996.263747
18.000000,8.500000,1327.093946
19.000000,8.500000,1414.188218
20.000000,8.500000,1503.943434
21.000000,8.500000,1596.359593
22.000000,8.500000,1691.453975
23.000000,8.500000,1791.322342
24.000000,8.500000,1893.931933
25.000000,8.500000,1999.200136
18.000000,9.000000,1329.375930
19.000000,9.000000,1416.588978
20.000000,9.000000,1506.466459
21.000000,9.000000,1599.008371
22.000000,9.000000,1694.249212
23.000000,9.000000,1794.221372
24.000000,9.000000,1896.850789
25.000000,9.000000,2002.137462
18.000000,9.500000,1331.731001
19.000000,9.500000,1419.050412
20.000000,9.500000,1509.036951
21.000000,9.500000,1601.690617
22.000000,9.500000,1697.128349
23.000000,9.500000,1797.117205
24.000000,9.500000,1899.761769
25.000000,9.500000,2005.062041
17.000000,10.000000,1249.330970
18.000000,10.000000,1334.087001
19.000000,10.000000,1421.512857
20.000000,10.000000,1511.608537
21.000000,10.000000,1604.374040
22.000000,10.000000,1700.008360
23.000000,10.000000,1800.013936
24.000000,10.000000,1902.673669
25.000000,10.000000,2007.987559
17.000000,10.500000,1251.800341
18.000000,10.500000,1336.621949
19.000000,10.500000,1424.113543
20.000000,10.500000,1514.275124
21.000000,10.500000,1607.106691
22.000000,10.500000,1702.881294
23.000000,10.500000,1802.901063
24.000000,10.500000,1905.573285
25.000000,10.500000,2010.897961
17.000000,11.000000,1254.270802
18.000000,11.000000,1339.158026
19.000000,11.000000,1426.715398
20.000000,11.000000,1516.942919
21.000000,11.000000,1609.840587
22.000000,11.000000,1705.755123
23.000000,11.000000,1805.789104
24.000000,11.000000,1908.473831
25.000000,11.000000,2013.809305
17.000000,11.500000,1256.751411
18.000000,11.500000,1341.713566
19.000000,11.500000,1429.346749
20.000000,11.500000,1519.650960
21.000000,11.500000,1612.626198
22.000000,11.500000,1708.678124
23.000000,11.500000,1808.716668
24.000000,11.500000,1911.403340
25.000000,11.500000,2016.738140
17.000000,12.000000,1259.233130
18.000000,12.000000,1344.270290
19.000000,12.000000,1431.979355
20.000000,12.000000,1522.360326
21.000000,12.000000,1615.413201
22.000000,12.000000,1711.602191
23.000000,12.000000,1811.645273
24.000000,12.000000,1914.333863
25.000000,12.000000,2019.667962
17.000000,12.500000,1261.723800
18.000000,12.500000,1346.836807
19.000000,12.500000,1434.622662
20.000000,12.500000,1525.081367
21.000000,12.500000,1618.212920
22.000000,12.500000,1714.545609
23.000000,12.500000,1814.644443
24.000000,12.500000,1917.388692
25.000000,12.500000,2022.778356
17.000000,13.000000,1264.215601
18.000000,13.000000,1349.404532
19.000000,13.000000,1437.267254
20.000000,13.000000,1527.803767
21.000000,13.000000,1621.014071
22.000000,13.000000,1717.490143
23.000000,13.000000,1817.644758
24.000000,13.000000,1920.444695
25.000000,13.000000,2025.889953
17.000000,13.500000,1266.714430
18.000000,13.500000,1351.975412
19.000000,13.500000,1439.910904
20.000000,13.500000,1530.520906
21.000000,13.500000,1623.805419
22.000000,13.500000,1720.420984
23.000000,13.500000,1820.637951
24.000000,13.500000,1923.500436
25.000000,13.500000,2029.008438
17.000000,14.000000,1269.214407
18.000000,14.000000,1354.547515
19.000000,14.000000,1442.555850
20.000000,14.000000,1533.239413
21.000000,14.000000,1626.598203
22.000000,14.000000,1723.352942
23.000000,14.000000,1823.632295
24.000000,14.000000,1926.557360
25.000000,14.000000,2032.128138
17.000000,14.500000,1271.691894
18.000000,14.500000,1357.099441
19.000000,14.500000,1445.182834
20.000000,14.500000,1535.942074
21.000000,14.500000,1629.377162
22.000000,14.500000,1726.272704
23.000000,14.500000,1826.620121
24.000000,14.500000,1929.613688
25.000000,14.500000,2035.253405
17.000000,15.000000,1274.170636
18.000000,15.000000,1359.652670
19.000000,15.000000,1447.811170
20.000000,15.000000,1538.646136
21.000000,15.000000,1632.157567
22.000000,15.000000,1729.193587
23.000000,15.000000,1829.609104
24.000000,15.000000,1932.671207
25.000000,15.000000,2038.379897
17.000000,15.500000,1276.655064
18.000000,15.500000,1362.208223
19.000000,15.500000,1450.438021
20.000000,15.500000,1541.344459
21.000000,15.500000,1634.927535
22.000000,15.500000,1732.103951
23.000000,15.500000,1832.593211
24.000000,15.500000,1935.729734
25.000000,15.500000,2041.513521
17.000000,16.000000,1279.140865
18.000000,16.000000,1364.765170
19.000000,16.000000,1453.066287
20.000000,16.000000,1544.044216
21.000000,16.000000,1637.698957
22.000000,16.000000,1735.015439
23.000000,16.000000,1835.578480
24.000000,16.000000,1938.789460
25.000000,16.000000,2044.648381
17.000000,16.500000,1281.647935
18.000000,16.500000,1367.395250
19.000000,16.500000,1455.822462
20.000000,16.500000,1546.929572
21.000000,16.500000,1640.716578
22.000000,16.500000,1738.153483
23.000000,16.500000,1838.726161
24.000000,16.500000,1941.944226
25.000000,16.500000,2047.807677
17.000000,17.000000,1284.156417
18.000000,17.000000,1370.026824
19.000000,17.000000,1458.580215
20.000000,17.000000,1549.816589
21.000000,17.000000,1643.735948
22.000000,17.000000,1741.292862
23.000000,17.000000,1841.875154
24.000000,17.000000,1945.100277
25.000000,17.000000,2050.968233
17.000000,17.500000,1286.693315
18.000000,17.500000,1372.731389
19.000000,17.500000,1461.458024
20.000000,17.500000,1552.873219
21.000000,17.500000,1646.976975
22.000000,17.500000,1744.614788
23.000000,17.500000,1845.167729
24.000000,17.500000,1948.358997
25.000000,17.500000,2054.188592
17.000000,18.000000,1289.231671
18.000000,18.000000,1375.437550
19.000000,18.000000,1464.337571
20.000000,18.000000,1555.931736
21.000000,18.000000,1650.220043
22.000000,18.000000,1747.938242
23.000000,18.000000,1848.461768
24.000000,18.000000,1951.619118
25.000000,18.000000,2057.410291
17.000000,18.500000,1291.771740
18.000000,18.500000,1378.146542
19.000000,18.500000,1467.221119
20.000000,18.500000,1558.995473
21.000000,18.500000,1653.469604
22.000000,18.500000,1751.277108
23.000000,18.500000,1851.828798
24.000000,18.500000,1955.012690
25.000000,18.500000,2060.828784
17.000000,19.000000,1294.313282
18.000000,19.000000,1380.857143
19.000000,19.000000,1470.106421
20.000000,19.000000,1562.061114
21.000000,19.000000,1656.721222
22.000000,19.000000,1754.617555
23.000000,19.000000,1855.197422
24.000000,19.000000,1958.407868
25.000000,19.000000,2064.248892
17.000000,19.500000,1296.993646
18.000000,19.500000,1383.676401
19.000000,19.500000,1473.068248
20.000000,19.500000,1565.169187
21.000000,19.500000,1659.981606
22.000000,19.500000,1757.941502
23.000000,19.500000,1858.556936
24.000000,19.500000,1961.801655
16.000000,20.000000,1215.566691
17.000000,20.000000,1299.675670
18.000000,20.000000,1386.497418
19.000000,20.000000,1476.031937
20.000000,20.000000,1568.279226
21.000000,20.000000,1663.244005
22.000000,20.000000,1761.267033
23.000000,20.000000,1861.918052
24.000000,20.000000,1965.197059
16.000000,20.500000,1218.152274
17.000000,20.500000,1302.389542
18.000000,20.500000,1389.342743
19.000000,20.500000,1479.011878
20.000000,20.500000,1571.396946
21.000000,20.500000,1666.511417
22.000000,20.500000,1764.577150
23.000000,20.500000,1865.269842
24.000000,20.500000,1968.589493
16.000000,21.000000,1220.739494
17.000000,21.000000,1305.105136
18.000000,21.000000,1392.189877
19.000000,21.000000,1481.993716
20.000000,21.000000,1574.516652
21.000000,21.000000,1669.780390
22.000000,21.000000,1767.888851
23.000000,21.000000,1868.623239
24.000000,21.000000,1971.983552
16.000000,21.500000,1223.322755
17.000000,21.500000,1307.835106
18.000000,21.500000,1395.070868
19.000000,21.500000,1485.030041
20.000000,21.500000,1577.712624
21.000000,21.500000,1673.122115
22.000000,21.500000,1771.256476
23.000000,21.500000,1872.014667
24.000000,21.500000,1975.396688
16.000000,22.000000,1225.907663
17.000000,22.000000,1310.566839
18.000000,22.000000,1397.953743
19.000000,22.000000,1488.068373
20.000000,22.000000,1580.910731
21.000000,22.000000,1676.465549
22.000000,22.000000,1774.625795
23.000000,22.000000,1875.407774
24.000000,22.000000,1978.811486
16.000000,22.500000,1228.498226
17.000000,22.500000,1313.338901
18.000000,22.500000,1400.913812
19.000000,22.500000,1491.222957
20.000000,22.500000,1584.266337
21.000000,22.500000,1679.958568
22.000000,22.500000,1778.107185
23.000000,22.500000,1878.873130
24.000000,22.500000,1982.256404
16.000000,23.000000,1231.090463
17.000000,23.000000,1316.112819
18.000000,23.000000,1403.875927
19.000000,23.000000,1494.379785
20.000000,23.000000,1587.624393
21.000000,23.000000,1683.453593
22.000000,23.000000,1781.590483
23.000000,23.000000,1882.340298
24.000000,23.000000,1985.703040
16.000000,23.500000,1233.786617
17.000000,23.500000,1318.977591
18.000000,23.500000,1406.914900
19.000000,23.500000,1497.598543
20.000000,23.500000,1591.028522
21.000000,23.500000,1686.956128
22.000000,23.500000,1785.116673
23.000000,23.500000,1885.887544
24.000000,23.500000,1989.268742
16.000000,24.000000,1236.484597
17.000000,24.000000,1321.844357
18.000000,24.000000,1409.956042
19.000000,24.000000,1500.819652
20.000000,24.000000,1594.435187
21.000000,24.000000,1690.460703
22.000000,24.000000,1788.644858
23.000000,24.000000,1889.436740
24.000000,24.000000,1992.836349
16.000000,24.500000,1239.577114
17.000000,24.500000,1325.033038
18.000000,24.500000,1413.241536
19.000000,24.500000,1504.202607
20.000000,24.500000,1597.916251
21.000000,24.500000,1693.985834
22.000000,24.500000,1792.240314
23.000000,24.500000,1893.102347
24.000000,24.500000,1996.571931
16.000000,25.000000,1242.672043
17.000000,25.000000,1328.224192
18.000000,25.000000,1416.529562
19.000000,25.000000,1507.588154
20.000000,25.000000,1601.399966
21.000000,25.000000,1697.513043
22.000000,25.000000,1795.837881
23.000000,25.000000,1896.770095
24.000000,25.000000,2000.309683
16.000000,25.500000,1245.759848
17.000000,25.500000,1331.412534
18.000000,25.500000,1419.819312
19.000000,25.500000,1510.980183
20.000000,25.500000,1604.895147
21.000000,25.500000,1701.049839
22.000000,25.500000,1799.446159
23.000000,25.500000,1900.449747
24.000000,25.500000,2004.060602
16.000000,26.000000,1248.850073
17.000000,26.000000,1334.603358
18.000000,26.000000,1423.111607
19.000000,26.000000,1514.374819
20.000000,26.000000,1608.392996
21.000000,26.000000,1704.588725
22.000000,26.000000,1803.056563
23.000000,26.000000,1904.131559
24.000000,26.000000,2007.813714
16.000000,26.500000,1251.935550
17.000000,26.500000,1337.806701
18.000000,26.500000,1426.434462
19.000000,26.500000,1517.818832
20.000000,26.500000,1611.959813
21.000000,26.500000,1708.184774
22.000000,26.500000,1806.709601
23.000000,26.500000,1907.841166
24.000000,26.500000,2011.579469
16.000000,27.000000,1255.023438
17.000000,27.000000,1341.012515
18.000000,27.000000,1429.759849
19.000000,27.000000,1521.265439
20.000000,27.000000,1615.529285
21.000000,27.000000,1711.782848
22.000000,27.000000,1810.364728
23.000000,27.000000,1911.552921
24.000000,27.000000,2015.347428
16.000000,27.500000,1258.159830
17.000000,27.500000,1344.330202
18.000000,27.500000,1433.264256
19.000000,27.500000,1524.961993
20.000000,27.500000,1619.423412
21.000000,27.500000,1715.642876
22.000000,27.500000,1814.206467
23.000000,27.500000,1915.371580
24.000000,27.500000,2019.138213
16.000000,28.000000,1261.298806
17.000000,28.000000,1347.650656
18.000000,28.000000,1436.771620
19.000000,28.000000,1528.661698
20.000000,28.000000,1623.320891
21.000000,28.000000,1719.505445
22.000000,28.000000,1818.050651
23.000000,28.000000,1919.192586
24.000000,28.000000,2022.931252
16.000000,28.500000,1264.452044
17.000000,28.500000,1350.986821
18.000000,28.500000,1440.295880
19.000000,28.500000,1532.379221
20.000000,28.500000,1627.236844
21.000000,28.500000,1723.344206
22.000000,28.500000,1821.874780
23.000000,28.500000,1922.997451
24.000000,28.500000,2026.712217
16.000000,29.000000,1267.608044
17.000000,29.000000,1354.325903
18.000000,29.000000,1443.823215
19.000000,29.000000,1536.099981
20.000000,29.000000,1631.156201
21.000000,29.000000,1727.185499
22.000000,29.000000,1825.701345
23.000000,29.000000,1926.804654
24.000000,29.000000,2030.495427
16.000000,29.500000,1270.731290
17.000000,29.500000,1357.641590
18.000000,29.500000,1447.336622
19.000000,29.500000,1539.816386
20.000000,29.500000,1635.020134
21.000000,29.500000,1731.018757
22.000000,29.500000,1829.551510
23.000000,29.500000,1930.669058
24.000000,29.500000,2034.371401
15.000000,30.000000,1189.544583
16.000000,30.000000,1273.857438
17.000000,30.000000,1360.960306
18.000000,30.000000,1450.853184
19.000000,30.000000,1543.536074
20.000000,30.000000,1638.887079
21.000000,30.000000,1734.854609
22.000000,30.000000,1833.404261
23.000000,30.000000,1934.536035
24.000000,30.000000,2038.249931
15.000000,30.500000,1192.502863
16.000000,30.500000,1277.000728
17.000000,30.500000,1364.293729
18.000000,30.500000,1454.381866
19.000000,30.500000,1547.265139
20.000000,30.500000,1642.675379
21.000000,30.500000,1738.688534
22.000000,30.500000,1837.282527
23.000000,30.500000,1938.457358
24.000000,30.500000,2042.411537
15.000000,31.000000,1195.463941
16.000000,31.000000,1280.146937
17.000000,31.000000,1367.630194
18.000000,31.000000,1457.913714
19.000000,31.000000,1550.997495
20.000000,31.000000,1646.466272
21.000000,31.000000,1742.525094
22.000000,31.000000,1841.163465
23.000000,31.000000,1942.381386
24.000000,31.000000,2046.575749
25.000000,31.000000,2157.726289
26.000000,31.000000,2271.560958
27.000000,31.000000,2388.079756
15.000000,31.500000,1198.444569
16.000000,31.500000,1283.315134
17.000000,31.500000,1370.991335
18.000000,31.500000,1461.473172
19.000000,31.500000,1554.760645
20.000000,31.500000,1650.257841
21.000000,31.500000,1746.359434
22.000000,31.500000,1845.038919
23.000000,31.500000,1946.296294
24.000000,31.500000,2050.759419
25.000000,31.500000,2161.960699
26.000000,31.500000,2275.844581
27.000000,31.500000,2392.411065
15.000000,32.000000,1201.428017
16.000000,32.000000,1286.486290
17.000000,32.000000,1374.355576
18.000000,32.000000,1465.035874
19.000000,32.000000,1558.527185
20.000000,32.000000,1654.052114
21.000000,32.000000,1750.196490
22.000000,32.000000,1848.917096
23.000000,32.000000,1950.213931
24.000000,32.000000,2054.945665
25.000000,32.000000,2166.197652
26.000000,32.000000,2280.130715
27.000000,32.000000,2396.744852
15.000000,32.500000,1204.586052
16.000000,32.500000,1289.814801
17.000000,32.500000,1377.858710
18.000000,32.500000,1468.717779
19.000000,32.500000,1562.392009
20.000000,32.500000,1657.893472
21.000000,32.500000,1754.065093
22.000000,32.500000,1852.809952
23.000000,32.500000,1954.128051
24.000000,32.500000,2059.119313
25.000000,32.500000,2170.434222
26.000000,32.500000,2284.429217
27.000000,32.500000,2401.104299
15.000000,33.000000,1207.747297
16.000000,33.000000,1293.146644
17.000000,33.000000,1381.365300
18.000000,33.000000,1472.403267
19.000000,33.000000,1566.260545
20.000000,33.000000,1661.737811
21.000000,33.000000,1757.936605
22.000000,33.000000,1856.705649
23.000000,33.000000,1958.044942
24.000000,33.000000,2063.295529
25.000000,33.000000,2174.673342
26.000000,33.000000,2288.730252
27.000000,33.000000,2405.466260
15.000000,33.500000,1211.037025
16.000000,33.500000,1296.591937
17.000000,33.500000,1384.969233
18.000000,33.500000,1476.168913
19.000000,33.500000,1570.190978
20.000000,33.500000,1665.599760
21.000000,33.500000,1761.816111
22.000000,33.500000,1860.598927
23.000000,33.500000,1961.948209
24.000000,33.500000,2067.460382
25.000000,33.500000,2178.906653
26.000000,33.500000,2293.031254
15.000000,34.000000,1214.330263
16.000000,34.000000,1300.040840
17.000000,34.000000,1388.576876
18.000000,34.000000,1479.938372
19.000000,34.000000,1574.125327
20.000000,34.000000,1669.464832
21.000000,34.000000,1765.698621
22.000000,34.000000,1864.495095
23.000000,34.000000,1965.854252
24.000000,34.000000,2071.627794
25.000000,34.000000,2183.142512
26.000000,34.000000,2297.334790
15.000000,34.500000,1217.722406
16.000000,34.500000,1303.568461
17.000000,34.500000,1392.241562
18.000000,34.500000,1483.741711
19.000000,34.500000,1578.068906
20.000000,34.500000,1673.311071
21.000000,34.500000,1769.580221
22.000000,34.500000,1868.409229
23.000000,34.500000,1969.798094
24.000000,34.500000,2075.850788
25.000000,34.500000,2187.417395
26.000000,34.500000,2301.659890
15.000000,35.000000,1221.118292
16.000000,35.000000,1307.099873
17.000000,35.000000,1395.910088
18.000000,35.000000,1487.548937
19.000000,35.000000,1582.016420
20.000000,35.000000,1677.160411
21.000000,35.000000,1773.464838
22.000000,35.000000,1872.326298
23.000000,35.000000,1973.744791
24.000000,35.000000,2080.076443
25.000000,35.000000,2191.694893
26.000000,35.000000,2305.987558
15.000000,35.500000,1224.520607
16.000000,35.500000,1310.634970
17.000000,35.500000,1399.579402
18.000000,35.500000,1491.353903
19.000000,35.500000,1585.958472
20.000000,35.500000,1681.051812
21.000000,35.500000,1777.491176
22.000000,35.500000,1876.489895
23.000000,35.500000,1978.047968
24.000000,35.500000,2084.661792
25.000000,35.500000,2196.206859
26.000000,35.500000,2310.418085
15.000000,36.000000,1227.926666
16.000000,36.000000,1314.173855
17.000000,36.000000,1403.252548
18.000000,36.000000,1495.162744
19.000000,36.000000,1589.904444
20.000000,36.000000,1684.946415
21.000000,36.000000,1781.520825
22.000000,36.000000,1880.656912
23.000000,36.000000,1982.354675
24.000000,36.000000,2089.250439
25.000000,36.000000,2200.721833
26.000000,36.000000,2314.851342
15.000000,36.500000,1231.380497
16.000000,36.500000,1317.790900
17.000000,36.500000,1407.035937
18.000000,36.500000,1499.115608
19.000000,36.500000,1594.029912
20.000000,36.500000,1688.994453
21.000000,36.500000,1785.670007
22.000000,36.500000,1884.907729
23.000000,36.500000,1986.707620
24.000000,36.500000,2093.837785
25.000000,36.500000,2205.248056
26.000000,36.500000,2319.309106
15.000000,37.000000,1234.838207
16.000000,37.000000,1321.411924
17.000000,37.000000,1410.823406
18.000000,37.000000,1503.072653
19.000000,37.000000,1598.159666
20.000000,37.000000,1693.045969
21.000000,37.000000,1789.822715
22.000000,37.000000,1889.162122
23.000000,37.000000,1991.064188
24.000000,37.000000,2098.428439
25.000000,37.000000,2209.777328
26.000000,37.000000,2323.769670
15.000000,37.500000,1238.419529
16.000000,37.500000,1325.182966
17.000000,37.500000,1414.788253
18.000000,37.500000,1507.235389
19.000000,37.500000,1602.524373
20.000000,37.500000,1697.286808
21.000000,37.500000,1794.137017
22.000000,37.500000,1893.548432
23.000000,37.500000,1995.521055
24.000000,37.500000,2103.146059
25.000000,37.500000,2214.511346
26.000000,37.500000,2328.517058
15.000000,38.000000,1242.005172
16.000000,38.000000,1328.958451
17.000000,38.000000,1418.757663
18.000000,38.000000,1511.402806
19.000000,38.000000,1606.893882
20.000000,38.000000,1701.531455
21.000000,38.000000,1798.455081
22.000000,38.000000,1897.938461
23.000000,38.000000,1999.981597
24.000000,38.000000,2107.867063
25.000000,38.000000,2219.248683
26.000000,38.000000,2333.267699
15.000000,38.500000,1245.706178
16.000000,38.500000,1332.885527
17.000000,38.500000,1422.916940
18.000000,38.500000,1515.800418
19.000000,38.500000,1611.430959
20.000000,38.500000,1705.956181
21.000000,38.500000,1802.899489
22.000000,38.500000,1902.398051
23.000000,38.500000,2004.451867
24.000000,38.500000,2112.608140
25.000000,38.500000,2224.037530
26.000000,38.500000,2338.102797
15.000000,39.000000,1249.411800
16.000000,39.000000,1336.817428
17.000000,39.000000,1427.081257
18.000000,39.000000,1520.203285
19.000000,39.000000,1615.973056
20.000000,39.000000,1710.385111
21.000000,39.000000,1807.347924
22.000000,39.000000,1906.861494
23.000000,39.000000,2008.925821
24.000000,39.000000,2117.352648
25.000000,39.000000,2228.829802
26.000000,39.000000,2342.941313
15.000000,39.500000,1253.171742
16.000000,39.500000,1340.799229
17.000000,39.500000,1431.290613
18.000000,39.500000,1524.645894
19.000000,39.500000,1620.363094
20.000000,39.500000,1714.800163
21.000000,39.500000,1811.783668
22.000000,39.500000,1911.313609
23.000000,39.500000,2013.411294
24.000000,39.500000,2122.091619
25.000000,39.500000,2233.612365
26.000000,39.500000,2347.765641
14.000000,40.000000,1171.956486
15.000000,40.000000,1256.936429
16.000000,40.000000,1344.785967
17.000000,40.000000,1435.505101
18.000000,40.000000,1529.093829
19.000000,40.000000,1624.757475
20.000000,40.000000,1719.219389
21.000000,40.000000,1816.223422
22.000000,40.000000,1915.769575
23.000000,40.000000,2017.900447
24.000000,40.000000,2126.834056
25.000000,40.000000,2238.398368
26.000000,40.000000,2352.593385
14.000000,40.500000,1175.513827
15.000000,40.500000,1260.714829
16.000000,40.500000,1348.791375
17.000000,40.500000,1439.743466
18.000000,40.500000,1533.571101
19.000000,40.500000,1629.143349
20.000000,40.500000,1723.652251
21.000000,40.500000,1820.700396
22.000000,40.500000,1920.287786
23.000000,40.500000,2022.688011
24.000000,40.500000,2131.636130
25.000000,40.500000,2243.211115
26.000000,40.500000,2357.412965
14.000000,41.000000,1179.075731
15.000000,41.000000,1264.497990
16.000000,41.000000,1352.801744
17.000000,41.000000,1443.986994
18.000000,41.000000,1538.053740
19.000000,41.000000,1633.533546
20.000000,41.000000,1728.089346
21.000000,41.000000,1825.181516
22.000000,41.000000,1924.810055
23.000000,41.000000,2027.479379
24.000000,41.000000,2136.441880
25.000000,41.000000,2248.027411
26.000000,41.000000,2362.235972
14.000000,41.500000,1182.739808
15.000000,41.500000,1268.369391
16.000000,41.500000,1356.885097
17.000000,41.500000,1448.286924
18.000000,41.500000,1542.574874
19.000000,41.500000,1637.928157
20.000000,41.500000,1732.570940
21.000000,41.500000,1829.749356
22.000000,41.500000,1929.463404
23.000000,41.500000,2032.423525
24.000000,41.500000,2141.347560
25.000000,41.500000,2252.887495
26.000000,41.500000,2367.043332
14.000000,42.000000,1186.408841
15.000000,42.000000,1272.245899
16.000000,42.000000,1360.973704
17.000000,42.000000,1452.592255
18.000000,42.000000,1547.101553
19.000000,42.000000,1642.327234
20.000000,42.000000,1737.057006
21.000000,42.000000,1834.321670
22.000000,42.000000,1934.121228
23.000000,42.000000,2037.371956
24.000000,42.000000,2146.257224
25.000000,42.000000,2257.751275
26.000000,42.000000,2371.854108
14.000000,42.500000,1190.158447
15.000000,42.500000,1276.189751
16.000000,42.500000,1365.115507
17.000000,42.500000,1456.935714
18.000000,42.500000,1551.650372
19.000000,42.500000,1646.721697
20.000000,42.500000,1741.536993
21.000000,42.500000,1838.885775
22.000000,42.500000,1938.768044
23.000000,42.500000,2042.294034
24.000000,42.500000,2151.183584
25.000000,42.500000,2262.677119
26.000000,42.500000,2376.774639
14.000000,43.000000,1193.913315
15.000000,43.000000,1280.138993
16.000000,43.000000,1369.262826
17.000000,43.000000,1461.284814
18.000000,43.000000,1556.204956
19.000000,43.000000,1651.120839
20.000000,43.000000,1746.021598
21.000000,43.000000,1843.454438
22.000000,43.000000,1943.419357
23.000000,43.000000,2047.220351
24.000000,43.000000,2156.113993
25.000000,43.000000,2267.606825
26.000000,43.000000,2381.698847
14.000000,43.500000,1197.682812
15.000000,43.500000,1284.105018
16.000000,43.500000,1373.429283
17.000000,43.500000,1465.655607
18.000000,43.500000,1560.783990
19.000000,43.500000,1655.524735
20.000000,43.500000,1750.506490
21.000000,43.500000,1848.018334
22.000000,43.500000,1948.060266
23.000000,43.500000,2052.128078
24.000000,43.500000,2161.054328
25.000000,43.500000,2272.576831
14.000000,44.000000,1201.457645
15.000000,44.000000,1288.076523
16.000000,44.000000,1377.601364
17.000000,44.000000,1470.032169
18.000000,44.000000,1565.368936
19.000000,44.000000,1659.933431
20.000000,44.000000,1754.996080
21.000000,44.000000,1852.586825
22.000000,44.000000,1952.705666
23.000000,44.000000,2057.040033
24.000000,44.000000,2165.998799
25.000000,44.000000,2277.550878
14.000000,44.500000,1205.248668
15.000000,44.500000,1292.065693
16.000000,44.500000,1381.792685
17.000000,44.500000,1474.429645
18.000000,44.500000,1569.976573
19.000000,44.500000,1664.343068
20.000000,44.500000,1759.488166
21.000000,44.500000,1857.159373
22.000000,44.500000,1957.356689
23.000000,44.500000,2061.957588
24.000000,44.500000,2170.964322
25.000000,44.500000,2282.562507
14.000000,45.000000,1209.045064
15.000000,45.000000,1296.060385
16.000000,45.000000,1385.989679
17.000000,45.000000,1478.832946
18.000000,45.000000,1574.590185
19.000000,45.000000,1668.757526
20.000000,45.000000,1763.984966
21.000000,45.000000,1861.736529
22.000000,45.000000,1962.012213
23.000000,45.000000,2066.879416
24.000000,45.000000,2175.934084
25.000000,45.000000,2287.578338
14.000000,45.500000,1212.858242
15.000000,45.500000,1300.073095
16.000000,45.500000,1390.205972
17.000000,45.500000,1483.256871
18.000000,45.500000,1579.225793
19.000000,45.500000,1673.194993
20.000000,45.500000,1768.536442
21.000000,45.500000,1866.401689
22.000000,45.500000,1966.790736
23.000000,45.500000,2071.908858
24.000000,45.500000,2180.971902
25.000000,45.500000,2292.620637
14.000000,46.000000,1216.676814
15.000000,46.000000,1304.091352
16.000000,46.000000,1394.427963
17.000000,46.000000,1487.686647
18.000000,46.000000,1583.867403
19.000000,46.000000,1677.637317
20.000000,46.000000,1773.092743
21.000000,46.000000,1871.071643
22.000000,46.000000,1971.574019
23.000000,46.000000,2076.942815
24.000000,46.000000,2186.014109
25.000000,46.000000,2297.667197
14.000000,46.500000,1220.674049
15.000000,46.500000,1308.261990
16.000000,46.500000,1398.773349
17.000000,46.500000,1492.208125
18.000000,46.500000,1588.566319
19.000000,46.500000,1682.146974
20.000000,46.500000,1777.749324
21.000000,46.500000,1875.876584
22.000000,46.500000,1976.528752
23.000000,46.500000,2082.099369
24.000000,46.500000,2191.129183
25.000000,46.500000,2302.734050
14.000000,47.000000,1224.677353
15.000000,47.000000,1312.438730
16.000000,47.000000,1403.124861
17.000000,47.000000,1496.735748
18.000000,47.000000,1593.271389
19.000000,47.000000,1686.661671
20.000000,47.000000,1782.411002
21.000000,47.000000,1880.686677
22.000000,47.000000,1981.488694
23.000000,47.000000,2087.260787
24.000000,47.000000,2196.248847
25.000000,47.000000,2307.805229
14.000000,47.500000,1228.728824
15.000000,47.500000,1316.701900
16.000000,47.500000,1407.603782
17.000000,47.500000,1501.434468
18.000000,47.500000,1597.928867
19.000000,47.500000,1691.370412
20.000000,47.500000,1787.254763
21.000000,47.500000,1885.665712
22.000000,47.500000,1986.603259
23.000000,47.500000,2092.501296
24.000000,47.500000,2201.407945
25.000000,47.500000,2312.873965
14.000000,48.000000,1232.786501
15.000000,48.000000,1320.971446
16.000000,48.000000,1412.089244
17.000000,48.000000,1506.139895
18.000000,48.000000,1602.592284
19.000000,48.000000,1696.084796
20.000000,48.000000,1792.104159
21.000000,48.000000,1890.650375
22.000000,48.000000,1991.723443
23.000000,48.000000,2097.746903
24.000000,48.000000,2206.571750
25.000000,48.000000,2317.947033
14.000000,48.500000,1236.900136
15.000000,48.500000,1325.297955
16.000000,48.500000,1416.632658
17.000000,48.500000,1510.904246
18.000000,48.500000,1607.212556
19.000000,48.500000,1700.832603
20.000000,48.500000,1796.979246
21.000000,48.500000,1895.652485
22.000000,48.500000,1996.878958
23.000000,48.500000,2103.018653
24.000000,48.500000,2211.828638
25.000000,48.500000,2323.183523
14.000000,49.000000,1241.020127
15.000000,49.000000,1329.630990
16.000000,49.000000,1421.182767
17.000000,49.000000,1515.675459
18.000000,49.000000,1611.838583
19.000000,49.000000,1705.586132
20.000000,49.000000,1801.860020
21.000000,49.000000,1900.660247
22.000000,49.000000,2002.040055
23.000000,49.000000,2108.295577
24.000000,49.000000,2217.090470
25.000000,49.000000,2328.424731
14.000000,49.500000,1245.166421
15.000000,49.500000,1334.001961
16.000000,49.500000,1425.783207
17.000000,49.500000,1520.510160
18.000000,49.500000,1616.514772
19.000000,49.500000,1710.379601
20.000000,49.500000,1806.769806
21.000000,49.500000,1905.685386
22.000000,49.500000,2007.306986
23.000000,49.500000,2113.586773
24.000000,49.500000,2222.402181
25.000000,49.500000,2333.753211
13.000000,50.000000,1163.209205
14.000000,50.000000,1249.319130
15.000000,50.000000,1338.379554
16.000000,50.000000,1430.390476
17.000000,50.000000,1525.351898
18.000000,50.000000,1621.196852
19.000000,50.000000,1715.178891
20.000000,50.000000,1811.685341
21.000000,50.000000,1910.716200
22.000000,50.000000,2012.579283
23.000000,50.000000,2118.883187
24.000000,50.000000,2227.718966
25.000000,50.000000,2339.086620
13.000000,50.500000,1167.323569
14.000000,50.500000,1253.623847
15.000000,50.500000,1342.876977
16.000000,50.500000,1435.082959
17.000000,50.500000,1530.241793
18.000000,50.500000,1625.889315
19.000000,50.500000,1720.008523
20.000000,50.500000,1816.652335
21.000000,50.500000,1915.820751
22.000000,50.500000,2017.930292
23.000000,50.500000,2124.285600
24.000000,50.500000,2233.170268
25.000000,50.500000,2344.584296
13.000000,51.000000,1171.444704
14.000000,51.000000,1257.935433
15.000000,51.000000,1347.381364
16.000000,51.000000,1439.782498
17.000000,51.000000,1535.138834
18.000000,51.000000,1630.587673
19.000000,51.000000,1724.844038
20.000000,51.000000,1821.625201
21.000000,51.000000,1920.931162
22.000000,51.000000,2023.286902
23.000000,51.000000,2129.693523
24.000000,51.000000,2238.626989
25.000000,51.000000,2350.087299
13.000000,51.500000,1175.845785
14.000000,51.500000,1262.475070
15.000000,51.500000,1352.057770
16.000000,51.500000,1444.593887
17.000000,51.500000,1540.083420
18.000000,51.500000,1635.303579
19.000000,51.500000,1729.718388
20.000000,51.500000,1826.659406
21.000000,51.500000,1926.126634
22.000000,51.500000,2028.716413
23.000000,51.500000,2135.149404
24.000000,51.500000,2244.105279
25.000000,51.500000,2355.584039
13.000000,52.000000,1180.254567
14.000000,52.000000,1267.022300
15.000000,52.000000,1356.741659
16.000000,52.000000,1449.412646
17.000000,52.000000,1545.035259
18.000000,52.000000,1640.025404
19.000000,52.000000,1734.598709
20.000000,52.000000,1831.699636
21.000000,52.000000,1931.328184
22.000000,52.000000,2034.151747
23.000000,52.000000,2140.610935
24.000000,52.000000,2249.589051
25.000000,52.000000,2361.086094
13.000000,52.500000,1184.686281
14.000000,52.500000,1271.643892
15.000000,52.500000,1361.555167
16.000000,52.500000,1454.420106
17.000000,52.500000,1550.238707
18.000000,52.500000,1645.016668
19.000000,52.500000,1739.736185
20.000000,52.500000,1836.983362
21.000000,52.500000,1936.758200
22.000000,52.500000,2039.751112
23.000000,52.500000,2146.179613
24.000000,52.500000,2255.119865
13.000000,53.000000,1189.125749
14.000000,53.000000,1276.273337
15.000000,53.000000,1366.376623
16.000000,53.000000,1459.435610
17.000000,53.000000,1555.450296
18.000000,53.000000,1650.014726
19.000000,53.000000,1744.880436
20.000000,53.000000,1842.273843
21.000000,53.000000,1942.194947
22.000000,53.000000,2045.356782
23.000000,53.000000,2151.754243
24.000000,53.000000,2260.656291
13.000000,53.500000,1193.584547
14.000000,53.500000,1280.926976
15.000000,53.500000,1371.227431
16.000000,53.500000,1464.485911
17.000000,53.500000,1560.702416
18.000000,53.500000,1655.054999
19.000000,53.500000,1750.078656
20.000000,53.500000,1847.630642
21.000000,53.500000,1947.710958
22.000000,53.500000,2050.994564
23.000000,53.500000,2157.340706
24.000000,53.500000,2266.183184
13.000000,54.000000,1198.051145
14.000000,54.000000,1285.588528
15.000000,54.000000,1376.086262
16.000000,54.000000,1469.544347
17.000000,54.000000,1565.962784
18.000000,54.000000,1660.102171
19.000000,54.000000,1755.283789
20.000000,54.000000,1852.994367
21.000000,54.000000,1953.233904
22.000000,54.000000,2056.638749
23.000000,54.000000,2162.933158
24.000000,54.000000,2271.715667
13.000000,54.500000,1202.540518
14.000000,54.500000,1290.281947
15.000000,54.500000,1380.986695
16.000000,54.500000,1474.654760
17.000000,54.500000,1571.286143
18.000000,54.500000,1665.197115
19.000000,54.500000,1760.526438
20.000000,54.500000,1858.384668
21.000000,54.500000,1958.771805
22.000000,54.500000,2062.310622
23.000000,54.500000,2168.644623
24.000000,54.500000,2277.463053
13.000000,55.000000,1207.037735
14.000000,55.000000,1294.983358
15.000000,55.000000,1385.895267
16.000000,55.000000,1479.773460
17.000000,55.000000,1576.617938
18.000000,55.000000,1670.299081
19.000000,55.000000,1765.776085
20.000000,55.000000,1863.781941
21.000000,55.000000,1964.316648
22.000000,55.000000,2067.988973
23.000000,55.000000,2174.362392
24.000000,55.000000,2283.216569
13.000000,55.500000,1211.364758
14.000000,55.500000,1299.560187
15.000000,55.500000,1390.726553
16.000000,55.500000,1484.863858
17.000000,55.500000,1581.948811
18.000000,55.500000,1675.411442
19.000000,55.500000,1771.035667
20.000000,55.500000,1869.188654
21.000000,55.500000,1969.870404
22.000000,55.500000,2073.666469
23.000000,55.500000,2180.097462
24.000000,55.500000,2289.006493
13.000000,56.000000,1215.699326
14.000000,56.000000,1304.144811
15.000000,56.000000,1395.565875
16.000000,56.000000,1489.962517
17.000000,56.000000,1587.288071
18.000000,56.000000,1680.530820
19.000000,56.000000,1776.302240
20.000000,56.000000,1874.602330
21.000000,56.000000,1975.431091
22.000000,56.000000,2079.350440
23.000000,56.000000,2185.838885
24.000000,56.000000,2294.802647
13.000000,56.500000,1220.011117
14.000000,56.500000,1308.719825
15.000000,56.500000,1400.409185
16.000000,56.500000,1495.079197
17.000000,56.500000,1592.270080
18.000000,56.500000,1685.679685
19.000000,56.500000,1781.619410
20.000000,56.500000,1880.089255
21.000000,56.500000,1981.089220
22.000000,56.500000,2085.127980
23.000000,56.500000,2191.690687
24.000000,56.500000,2300.726289
13.000000,57.000000,1224.330393
14.000000,57.000000,1313.302611
15.000000,57.000000,1405.260535
16.000000,57.000000,1500.204166
17.000000,57.000000,1597.259130
18.000000,57.000000,1690.835660
19.000000,57.000000,1786.943760
20.000000,57.000000,1885.583430
21.000000,57.000000,1986.754670
22.000000,57.000000,2090.912407
23.000000,57.000000,2197.549254
24.000000,57.000000,2306.656574
13.000000,57.500000,1228.690638
14.000000,57.500000,1317.930823
15.000000,57.500000,1410.162737
16.000000,57.500000,1505.386380
17.000000,57.500000,1602.305082
18.000000,57.500000,1696.042911
19.000000,57.500000,1792.312450
20.000000,57.500000,1891.113699
21.000000,57.500000,1992.463614
22.000000,57.500000,2096.700715
23.000000,57.500000,2203.409962
24.000000,57.500000,2312.587062
13.000000,58.000000,1233.058486
14.000000,58.000000,1322.566970
15.000000,58.000000,1415.073202
16.000000,58.000000,1510.577180
17.000000,58.000000,1607.358467
18.000000,58.000000,1701.257590
19.000000,58.000000,1797.688558
20.000000,58.000000,1896.651371
21.000000,58.000000,1998.179651
22.000000,58.000000,2102.495925
23.000000,58.000000,2209.277434
24.000000,58.000000,2318.524180
13.000000,58.500000,1237.474438
14.000000,58.500000,1327.250567
15.000000,58.500000,1420.030572
16.000000,58.500000,1515.814453
17.000000,58.500000,1612.447824
18.000000,58.500000,1706.530526
19.000000,58.500000,1803.146460
20.000000,58.500000,1902.295626
21.000000,58.500000,2004.000872
22.000000,58.500000,2108.363626
23.000000,58.500000,2215.186802
24.000000,58.500000,2324.470400
13.000000,59.000000,1241.898129
14.000000,59.000000,1331.942242
15.000000,59.000000,1424.996357
16.000000,59.000000,1521.060475
17.000000,59.000000,1617.544766
18.000000,59.000000,1711.811118
19.000000,59.000000,1808.612085
20.000000,59.000000,1907.947669
21.000000,59.000000,2009.829555
22.000000,59.000000,2114.238514
23.000000,59.000000,2221.103085
24.000000,59.000000,2330.423268
13.000000,59.500000,1246.423759
14.000000,59.500000,1336.723463
15.000000,59.500000,1430.038294
16.000000,59.500000,1526.368252
17.000000,59.500000,1622.675185
18.000000,59.500000,1717.123891
19.000000,59.500000,1814.108497
20.000000,59.500000,1913.629004
21.000000,59.500000,2015.653806
22.000000,59.500000,2120.107685
23.000000,59.500000,2227.012251
24.000000,59.500000,2336.367502
13.000000,60.000000,1250.957445
14.000000,60.000000,1341.513031
15.000000,60.000000,1435.088863
16.000000,60.000000,1531.684944
17.000000,60.000000,1627.813261
18.000000,60.000000,1722.444387
19.000000,60.000000,1819.612694
20.000000,60.000000,1919.318182
21.000000,60.000000,2021.485493
22.000000,60.000000,2125.984009
23.000000,60.000000,2232.928289
24.000000,60.000000,2342.318335
13.000000,60.500000,1255.789099
14.000000,60.500000,1346.533925
15.000000,60.500000,1440.299135
16.000000,60.500000,1537.084728
17.000000,60.500000,1632.981602
18.000000,60.500000,1727.791633
19.000000,60.500000,1825.139872
20.000000,60.500000,1925.026321
21.000000,60.500000,2027.329524
22.000000,60.500000,2131.934990
23.000000,60.500000,2238.984943
24.000000,60.500000,2348.479383
12.000000,61.000000,1172.716261
13.000000,61.000000,1260.629844
14.000000,61.000000,1351.563940
15.000000,61.000000,1445.518547
16.000000,61.000000,1542.493667
17.000000,61.000000,1638.157660
18.000000,61.000000,1733.146647
19.000000,61.000000,1830.674867
20.000000,61.000000,1930.742319
21.000000,61.000000,2033.181016
22.000000,61.000000,2137.893361
23.000000,61.000000,2245.048917
24.000000,61.000000,2354.647684
12.000000,61.500000,1177.381895
13.000000,61.500000,1265.484576
14.000000,61.500000,1356.607901
15.000000,61.500000,1450.751871
16.000000,61.500000,1547.916485
17.000000,61.500000,1643.354701
18.000000,61.500000,1738.530932
19.000000,61.500000,1836.248017
20.000000,61.500000,1936.505957
21.000000,61.500000,2039.067534
22.000000,61.500000,2143.886149
23.000000,61.500000,2251.146438
12.000000,62.000000,1182.056592
13.000000,62.000000,1270.348404
14.000000,62.000000,1361.660986
15.000000,62.000000,1455.994337
16.000000,62.000000,1553.348457
17.000000,62.000000,1648.559494
18.000000,62.000000,1743.923054
19.000000,62.000000,1841.829088
20.000000,62.000000,1942.277595
21.000000,62.000000,2044.961646
22.000000,62.000000,2149.886444
23.000000,62.000000,2257.251379
12.000000,62.500000,1186.755365
13.000000,62.500000,1275.271210
14.000000,62.500000,1366.810455
15.000000,62.500000,1461.373100
16.000000,62.500000,1558.959146
17.000000,62.500000,1653.934737
18.000000,62.500000,1749.465695
19.000000,62.500000,1847.539530
20.000000,62.500000,1948.156244
21.000000,62.500000,2050.959899
22.000000,62.500000,2156.024188
23.000000,62.500000,2263.528034
12.000000,63.000000,1191.463264
13.000000,63.000000,1280.203311
14.000000,63.000000,1371.969385
15.000000,63.000000,1466.761487
16.000000,63.000000,1564.579616
17.000000,63.000000,1659.318295
18.000000,63.000000,1755.016674
19.000000,63.000000,1853.258333
20.000000,63.000000,1954.043271
21.000000,63.000000,2056.966128
22.000000,63.000000,2162.169870
23.000000,63.000000,2269.812587
12.000000,63.500000,1196.203914
13.000000,63.500000,1285.200387
14.000000,63.500000,1377.227754
15.000000,63.500000,1472.286015
16.000000,63.500000,1570.375170
17.000000,63.500000,1664.837550
18.000000,63.500000,1760.671496
19.000000,63.500000,1859.047026
20.000000,63.500000,1959.964138
21.000000,63.500000,2062.995439
22.000000,63.500000,2168.340608
23.000000,63.500000,2276.124183
12.000000,64.000000,1200.953790
13.000000,64.000000,1290.206983
14.000000,64.000000,1382.495937
15.000000,64.000000,1477.820652
16.000000,64.000000,1576.181127
17.000000,64.000000,1670.365559
18.000000,64.000000,1766.334977
19.000000,64.000000,1864.844278
20.000000,64.000000,1965.893462
21.000000,64.000000,2069.032772
22.000000,64.000000,2174.519331
23.000000,64.000000,2282.443724
12.000000,64.500000,1205.713772
13.000000,64.500000,1295.230465
14.000000,64.500000,1387.787363
15.000000,64.500000,1483.384466
16.000000,64.500000,1581.957383
17.000000,64.500000,1675.926390
18.000000,64.500000,1772.057171
19.000000,64.500000,1870.727874
20.000000,64.500000,1971.938499
21.000000,64.500000,2075.163772
22.000000,64.500000,2180.759957
23.000000,64.500000,2288.791229
12.000000,65.000000,1210.483065
13.000000,65.000000,1300.263561
14.000000,65.000000,1393.088698
15.000000,65.000000,1488.958477
16.000000,65.000000,1587.743871
17.000000,65.000000,1681.496063
18.000000,65.000000,1777.788213
19.000000,65.000000,1876.620322
20.000000,65.000000,1977.992391
21.000000,65.000000,2081.303117
22.000000,65.000000,2187.008762
23.000000,65.000000,2295.146744
12.000000,65.500000,1215.269859
13.000000,65.500000,1305.321056
14.000000,65.500000,1398.421228
15.000000,65.500000,1494.570378
16.000000,65.500000,1593.174991
17.000000,65.500000,1687.086058
18.000000,65.500000,1783.536860
19.000000,65.500000,1882.527397
20.000000,65.500000,1984.039431
21.000000,65.500000,2087.442958
22.000000,65.500000,2193.257236
23.000000,65.500000,2301.501081
12.000000,66.000000,1220.066035
13.000000,66.000000,1310.388257
14.000000,66.000000,1403.763776
15.000000,66.000000,1500.192591
16.000000,66.000000,1598.615005
17.000000,66.000000,1692.684941
18.000000,66.000000,1789.294385
19.000000,66.000000,1888.443339
20.000000,66.000000,1990.095152
21.000000,66.000000,2093.591104
22.000000,66.000000,2199.513848
23.000000,66.000000,2307.863384
12.000000,66.500000,1224.893037
13.000000,66.500000,1315.487874
14.000000,66.500000,1409.140393
15.000000,66.500000,1505.850594
16.000000,66.500000,1604.068101
17.000000,66.500000,1698.296351
18.000000,66.500000,1795.063850
19.000000,66.500000,1894.370598
20.000000,66.500000,1996.136807
21.000000,66.500000,2099.765555
22.000000,66.500000,2205.820569
23.000000,66.500000,2314.301850
12.000000,67.000000,1229.729491
13.000000,67.000000,1320.597268
14.000000,67.000000,1414.527097
15.000000,67.000000,1511.518981
16.000000,67.000000,1609.530097
17.000000,67.000000,1703.916651
18.000000,67.000000,1800.842193
19.000000,67.000000,1900.306723
20.000000,67.000000,2002.186916
21.000000,67.000000,2105.948429
22.000000,67.000000,2212.135684
23.000000,67.000000,2320.748679
12.000000,67.500000,1234.635648
13.000000,67.500000,1325.771524
14.000000,67.500000,1419.973594
15.000000,67.500000,1517.241855
16.000000,67.500000,1615.039636
17.000000,67.500000,1709.622498
18.000000,67.500000,1806.745827
19.000000,67.500000,1906.409624
20.000000,67.500000,2008.415278
21.000000,67.500000,2112.261969
22.000000,67.500000,2218.531297
23.000000,67.500000,2327.223260
12.000000,68.000000,1239.551493
13.000000,68.000000,1330.955779
14.000000,68.000000,1425.430385
15.000000,68.000000,1522.975313
16.000000,68.000000,1620.558269
17.000000,68.000000,1715.337538
18.000000,68.000000,1812.658753
19.000000,68.000000,1912.521913
20.000000,68.000000,2014.652638
21.000000,68.000000,2118.584320
22.000000,68.000000,2224.935534
23.000000,68.000000,2333.706281
12.000000,68.500000,1244.522420
13.000000,68.500000,1336.196938
14.000000,68.500000,1430.946601
15.000000,68.500000,1528.771411
16.000000,68.500000,1626.146518
17.000000,68.500000,1721.130989
18.000000,68.500000,1818.658478
19.000000,68.500000,1918.728985
20.000000,68.500000,2020.958434
21.000000,68.500000,2124.964803
22.000000,68.500000,2231.387296
23.000000,68.500000,2340.225913
12.000000,69.000000,1249.503221
13.000000,69.000000,1341.448301
14.000000,69.000000,1436.473349
15.000000,69.000000,1534.578365
16.000000,69.000000,1631.744173
17.000000,69.000000,1726.933946
18.000000,69.000000,1824.667801
19.000000,69.000000,1924.945738
20.000000,69.000000,2027.273430
21.000000,69.000000,2131.354277
22.000000,69.000000,2237.847842
23.000000,69.000000,2346.754125
12.000000,69.500000,1254.604971
13.000000,69.500000,1346.799303
14.000000,69.500000,1442.076106
15.000000,69.500000,1540.435379
16.000000,69.500000,1637.369764
17.000000,69.500000,1732.771865
18.000000,69.500000,1830.719635
19.000000,69.500000,1931.213074
20.000000,69.500000,2033.610728
21.000000,69.500000,2137.762283
22.000000,69.500000,2244.322924
12.000000,70.000000,1259.717062
13.000000,70.000000,1352.160876
14.000000,70.000000,1447.689651
15.000000,70.000000,1546.303388
16.000000,70.000000,1643.004806
17.000000,70.000000,1738.619362
18.000000,70.000000,1836.781168
19.000000,70.000000,1937.490224
20.000000,70.000000,2039.957304
21.000000,70.000000,2144.179344
22.000000,70.000000,2250.806838
12.000000,70.500000,1264.859131
13.000000,70.500000,1357.547746
14.000000,70.500000,1453.323657
15.000000,70.500000,1552.186864
16.000000,70.500000,1648.667162
17.000000,70.500000,1744.515119
18.000000,70.500000,1842.913127
19.000000,70.500000,1943.861185
20.000000,70.500000,2046.359975
21.000000,70.500000,2150.631127
22.000000,70.500000,2257.302581
11.000000,71.000000,1180.167613
12.000000,71.000000,1270.011615
13.000000,71.000000,1362.945240
14.000000,71.000000,1458.968488
15.000000,71.000000,1558.081360
16.000000,71.000000,1654.339049
17.000000,71.000000,1750.420610
18.000000,71.000000,1849.055018
19.000000,71.000000,1950.242272
20.000000,71.000000,2052.772137
21.000000,71.000000,2157.092083
22.000000,71.000000,2263.807186
11.000000,71.500000,1185.107668
12.000000,71.500000,1275.191795
13.000000,71.500000,1368.367807
14.000000,71.500000,1464.635704
15.000000,71.500000,1563.995487
16.000000,71.500000,1660.034376
17.000000,71.500000,1756.351293
18.000000,71.500000,1855.223804
19.000000,71.500000,1956.651908
20.000000,71.500000,2059.169590
21.000000,71.500000,2163.538111
22.000000,71.500000,2270.296671
11.000000,72.000000,1190.057993
12.000000,72.000000,1280.382449
13.000000,72.000000,1373.801047
14.000000,72.000000,1470.313786
15.000000,72.000000,1569.920667
16.000000,72.000000,1665.739282
17.000000,72.000000,1762.291758
18.000000,72.000000,1861.402571
19.000000,72.000000,1963.071718
20.000000,72.000000,2065.576456
21.000000,72.000000,2169.993240
22.000000,72.000000,2276.794949
11.000000,72.500000,1195.116272
12.000000,72.500000,1285.663777
13.000000,72.500000,1379.306126
14.000000,72.500000,1476.043320
15.000000,72.500000,1575.875359
16.000000,72.500000,1671.474475
17.000000,72.500000,1768.261108
18.000000,72.500000,1867.608619
19.000000,72.500000,1969.517009
20.000000,72.500000,2072.060949
21.000000,72.500000,2176.636983
22.000000,72.500000,2283.598024
11.000000,73.000000,1200.185234
12.000000,73.000000,1290.955912
13.000000,73.000000,1384.822129
14.000000,73.000000,1481.783885
15.000000,73.000000,1581.841180
16.000000,73.000000,1677.219326
17.000000,73.000000,1774.240310
18.000000,73.000000,1873.824710
19.000000,73.000000,1975.972525
20.000000,73.000000,2078.555084
21.000000,73.000000,2183.290377
22.000000,73.000000,2290.410759
11.000000,73.500000,1205.316528
12.000000,73.500000,1296.303059
13.000000,73.500000,1390.386007
14.000000,73.500000,1487.565375
15.000000,73.500000,1587.841161
16.000000,73.500000,1683.007900
17.000000,73.500000,1780.246269
18.000000,73.500000,1880.049412
19.000000,73.500000,1982.401815
20.000000,73.500000,2085.049633
21.000000,73.500000,2189.966032
22.000000,73.500000,2297.267437
11.000000,74.000000,1210.458731
12.000000,74.000000,1301.661215
13.000000,74.000000,1395.960995
14.000000,74.000000,1493.358071
15.000000,74.000000,1593.852443
16.000000,74.000000,1688.806353
17.000000,74.000000,1786.262250
18.000000,74.000000,1886.284274
19.000000,74.000000,1988.841331
20.000000,74.000000,2091.553936
21.000000,74.000000,2196.651460
22.000000,74.000000,2304.133903
11.000000,74.500000,1215.666400
12.000000,74.500000,1307.074163
13.000000,74.500000,1401.578929
14.000000,74.500000,1499.180698
15.000000,74.500000,1599.486761
16.000000,74.500000,1694.625925
17.000000,74.500000,1792.300478
18.000000,74.500000,1892.542546
19.000000,74.500000,1995.183432
20.000000,74.500000,2098.094402
21.000000,74.500000,2203.391206
22.000000,74.500000,2311.073845
11.000000,75.000000,1220.885217
12.000000,75.000000,1312.498306
13.000000,75.000000,1407.208101
14.000000,75.000000,1505.014601
15.000000,75.000000,1605.130943
16.000000,75.000000,1700.455400
17.000000,75.000000,1798.348754
18.000000,75.000000,1898.811006
19.000000,75.000000,2001.535271
20.000000,75.000000,2104.644688
21.000000,75.000000,2210.140853
22.000000,75.000000,2318.023764
11.000000,75.500000,1226.138269
12.000000,75.500000,1317.959003
13.000000,75.500000,1412.876346
14.000000,75.500000,1510.890297
15.000000,75.500000,1610.793462
16.000000,75.500000,1706.343921
17.000000,75.500000,1804.465295
18.000000,75.500000,1905.157585
19.000000,75.500000,2007.970413
20.000000,75.500000,2111.282195
21.000000,75.500000,2216.981569
22.000000,75.500000,2325.068538
11.000000,76.000000,1231.402559
12.000000,76.000000,1323.430992
13.000000,76.000000,1418.555933
14.000000,76.000000,1516.777382
15.000000,76.000000,1616.465866
16.000000,76.000000,1712.242510
17.000000,76.000000,1810.592083
18.000000,76.000000,1911.514585
19.000000,76.000000,2014.415554
20.000000,76.000000,2117.929785
21.000000,76.000000,2223.832452
22.000000,76.000000,2332.123555
11.000000,76.500000,1236.699528
12.000000,76.500000,1328.951755
13.000000,76.500000,1424.301441
14.000000,76.500000,1522.748588
15.000000,76.500000,1622.239076
16.000000,76.500000,1718.240968
17.000000,76.500000,1816.817786
18.000000,76.500000,1917.969532
19.000000,76.500000,2020.946379
20.000000,76.500000,2124.644121
21.000000,76.500000,2230.729774
22.000000,76.500000,2339.203340
11.000000,77.000000,1242.007828
12.000000,77.000000,1334.483965
13.000000,77.000000,1430.058511
14.000000,77.000000,1528.731465
15.000000,77.000000,1628.022490
16.000000,77.000000,1724.249808
17.000000,77.000000,1823.054047
18.000000,77.000000,1924.435209
19.000000,77.000000,2027.487469
20.000000,77.000000,2131.368733
21.000000,77.000000,2237.637376
22.000000,77.000000,2346.293400
11.000000,77.500000,1247.305053
12.000000,77.500000,1340.018801
13.000000,77.500000,1435.831925
14.000000,77.500000,1534.744426
15.000000,77.500000,1633.845879
16.000000,77.500000,1730.297435
17.000000,77.500000,1829.327795
18.000000,77.500000,1930.936957
19.000000,77.500000,2034.053199
20.000000,77.500000,2138.115213
21.000000,77.500000,2244.563942
22.000000,77.500000,2353.399386
11.000000,78.000000,1252.613540
12.000000,78.000000,1345.565070
13.000000,78.000000,1441.616934
14.000000,78.000000,1540.769132
15.000000,78.000000,1639.679568
16.000000,78.000000,1736.355535
17.000000,78.000000,1835.612182
18.000000,78.000000,1937.449509
19.000000,78.000000,2040.629223
20.000000,78.000000,2144.871988
21.000000,78.000000,2251.500795
22.000000,78.000000,2360.515643
11.000000,78.500000,1257.966210
12.000000,78.500000,1351.150292
13.000000,78.500000,1447.435748
14.000000,78.500000,1546.822580
15.000000,78.500000,1645.566445
16.000000,78.500000,1742.487180
17.000000,78.500000,1841.990613
18.000000,78.500000,1944.076744
19.000000,78.500000,2047.311012
20.000000,78.500000,2151.723871
21.000000,78.500000,2258.522458
11.000000,79.000000,1263.330289
12.000000,79.000000,1356.747074
13.000000,79.000000,1453.266271
14.000000,79.000000,1552.887878
15.000000,79.000000,1651.463827
16.000000,79.000000,1748.629561
17.000000,79.000000,1848.379999
18.000000,79.000000,1950.715142
19.000000,79.000000,2054.003420
20.000000,79.000000,2158.586374
21.000000,79.000000,2265.554739
11.000000,79.500000,1268.728072
12.000000,79.500000,1362.380590
13.000000,79.500000,1459.136603
14.000000,79.500000,1558.996110
15.000000,79.500000,1657.419038
16.000000,79.500000,1754.847577
17.000000,79.500000,1854.863810
18.000000,79.500000,1957.467736
19.000000,79.500000,2060.781572
20.000000,79.500000,2165.510948
21.000000,79.500000,2272.624226
11.000000,80.000000,1274.137359
12.000000,80.000000,1368.025769
13.000000,80.000000,1465.018752
14.000000,80.000000,1565.116308
15.000000,80.000000,1663.384914
16.000000,80.000000,1761.076547
17.000000,80.000000,1861.358854
18.000000,80.000000,1964.231835
19.000000,80.000000,2067.570590
20.000000,80.000000,2172.446309
21.000000,80.000000,2279.704420
11.000000,80.500000,1279.576914
12.000000,80.500000,1373.705752
13.000000,80.500000,1470.940397
14.000000,80.500000,1571.280851
15.000000,80.500000,1669.397515
16.000000,80.500000,1767.346933
17.000000,80.500000,1867.889741
18.000000,80.500000,1971.025940
19.000000,80.500000,2074.365727
20.000000,80.500000,2179.393086
21.000000,80.500000,2286.801773
11.000000,81.000000,1285.028049
12.000000,81.000000,1379.397489
13.000000,81.000000,1476.873964
14.000000,81.000000,1577.457476
15.000000,81.000000,1675.420895
16.000000,81.000000,1773.628361
17.000000,81.000000,1874.431928
18.000000,81.000000,1977.831594
19.000000,81.000000,2081.171709
20.000000,81.000000,2186.350655
21.000000,81.000000,2293.909862
11.000000,81.500000,1290.528543
12.000000,81.500000,1385.142773
13.000000,81.500000,1482.865673
14.000000,81.500000,1583.697245
15.000000,81.500000,1681.529865
16.000000,81.500000,1780.007805
17.000000,81.500000,1881.085037
18.000000,81.500000,1984.761561
19.000000,81.500000,2088.068822
20.000000,81.500000,2193.387214
21.000000,81.500000,2301.084035
11.000000,82.000000,1296.040780
12.000000,82.000000,1390.899990
13.000000,82.000000,1488.869501
14.000000,82.000000,1589.949312
15.000000,82.000000,1687.649906
16.000000,82.000000,1786.398630
17.000000,82.000000,1887.749828
18.000000,82.000000,1991.703502
19.000000,82.000000,2094.977104
20.000000,82.000000,2200.434841
21.000000,82.000000,2308.269173
11.000000,82.500000,1301.613245
12.000000,82.500000,1396.716456
13.000000,82.500000,1494.930862
14.000000,82.500000,1596.256463
15.000000,82.500000,1693.835786
16.000000,82.500000,1792.861160
17.000000,82.500000,1894.492615
18.000000,82.500000,1998.621047
19.000000,82.500000,2101.926790
20.000000,82.500000,2207.509889
21.000000,82.500000,2315.466764
10.000000,83.000000,1214.962355
11.000000,83.000000,1307.197664
12.000000,83.000000,1402.545054
13.000000,83.000000,1501.004526
14.000000,83.000000,1602.576079
15.000000,83.000000,1700.032933
16.000000,83.000000,1799.335288
17.000000,83.000000,1901.247323
18.000000,83.000000,2005.550413
19.000000,83.000000,2108.887763
20.000000,83.000000,2214.596068
21.000000,83.000000,2322.675325
10.000000,83.500000,1220.325494
11.000000,83.500000,1312.824956
12.000000,83.500000,1408.438737
13.000000,83.500000,1507.166838
14.000000,83.500000,1609.000983
15.000000,83.500000,1706.331353
16.000000,83.500000,1805.890741
17.000000,83.500000,1908.061984
18.000000,83.500000,2012.390485
19.000000,83.500000,2115.854421
20.000000,83.500000,2221.686423
21.000000,83.500000,2329.886490
10.000000,84.000000,1225.700444
11.000000,84.000000,1318.464335
12.000000,84.000000,1414.344775
13.000000,84.000000,1513.341765
14.000000,84.000000,1615.438722
15.000000,84.000000,1712.641371
16.000000,84.000000,1812.458041
17.000000,84.000000,1914.888731
18.000000,84.000000,2019.241983
19.000000,84.000000,2122.832344
20.000000,84.000000,2228.787881
21.000000,84.000000,2337.108595
10.000000,84.500000,1231.141726
11.000000,84.500000,1324.171184
12.000000,84.500000,1420.319543
13.000000,84.500000,1519.586803
14.000000,84.500000,1621.560696
15.000000,84.500000,1718.996588
16.000000,84.500000,1819.047970
17.000000,84.500000,1921.714841
18.000000,84.500000,2026.078666
19.000000,84.500000,2129.882248
20.000000,84.500000,2236.051648
21.000000,84.500000,2344.586868
10.000000,85.000000,1236.595059
11.000000,85.000000,1329.890356
12.000000,85.000000,1426.306899
13.000000,85.000000,1525.844687
14.000000,85.000000,1627.694214
15.000000,85.000000,1725.363531
16.000000,85.000000,1825.649800
17.000000,85.000000,1928.553022
18.000000,85.000000,2032.926751
19.000000,85.000000,2136.943661
20.000000,85.000000,2243.327029
21.000000,85.000000,2352.076853
10.000000,85.500000,1242.089893
11.000000,85.500000,1335.651809
12.000000,85.500000,1432.337344
13.000000,85.500000,1532.146497
14.000000,85.500000,1633.865538
15.000000,85.500000,1731.767300
16.000000,85.500000,1832.287457
17.000000,85.500000,1935.426006
18.000000,85.500000,2039.806648
19.000000,85.500000,2144.040171
20.000000,85.500000,2250.640959
21.000000,85.500000,2359.609011
10.000000,86.000000,1247.596907
11.000000,86.000000,1341.425710
12.000000,86.000000,1438.380500
13.000000,86.000000,1538.461275
14.000000,86.000000,1640.048496
15.000000,86.000000,1738.182879
16.000000,86.000000,1838.937091
17.000000,86.000000,1942.311134
18.000000,86.000000,2046.698004
19.000000,86.000000,2151.148258
20.000000,86.000000,2257.966579
21.000000,86.000000,2367.152969
10.000000,86.500000,1252.868351
11.000000,86.500000,1347.029605
12.000000,86.500000,1444.323239
13.000000,86.500000,1544.749252
14.000000,86.500000,1646.261712
15.000000,86.500000,1744.632486
16.000000,86.500000,1845.624103
17.000000,86.500000,1949.236561
18.000000,86.500000,2053.623748
19.000000,86.500000,2158.283714
20.000000,86.500000,2265.312356
10.000000,87.000000,1258.150892
11.000000,87.000000,1352.645177
12.000000,87.000000,1450.278229
13.000000,87.000000,1551.050048
14.000000,87.000000,1652.486648
15.000000,87.000000,1751.093993
16.000000,87.000000,1852.323185
17.000000,87.000000,1956.174222
18.000000,87.000000,2060.561008
19.000000,87.000000,2165.430784
20.000000,87.000000,2272.669838
10.000000,87.500000,1263.419796
11.000000,87.500000,1358.261002
12.000000,87.500000,1456.247952
13.000000,87.500000,1557.380648
14.000000,87.500000,1658.751745
15.000000,87.500000,1757.624638
16.000000,87.500000,1859.122117
17.000000,87.500000,1963.244183
18.000000,87.500000,2067.651408
19.000000,87.500000,2172.747330
20.000000,87.500000,2280.213277
10.000000,88.000000,1268.699666
11.000000,88.000000,1363.888443
12.000000,88.000000,1462.229934
13.000000,88.000000,1563.724140
14.000000,88.000000,1665.028684
15.000000,88.000000,1764.167416
16.000000,88.000000,1865.933471
17.000000,88.000000,1970.326849
18.000000,88.000000,2074.753868
19.000000,88.000000,2180.076070
20.000000,88.000000,2287.769042
10.000000,88.500000,1274.058267
11.000000,88.500000,1369.583912
12.000000,88.500000,1468.268791
13.000000,88.500000,1570.112907
14.000000,88.500000,1671.339481
15.000000,88.500000,1770.756789
16.000000,88.500000,1872.804593
17.000000,88.500000,1977.482893
18.000000,88.500000,2081.914270
19.000000,88.500000,2187.448607
20.000000,88.500000,2295.353666
10.000000,89.000000,1279.428133
11.000000,89.000000,1375.291236
12.000000,89.000000,1474.320091
13.000000,89.000000,1576.514698
14.000000,89.000000,1677.662206
15.000000,89.000000,1777.358427
16.000000,89.000000,1879.688312
17.000000,89.000000,1984.651859
18.000000,89.000000,2089.086886
19.000000,89.000000,2194.833441
20.000000,89.000000,2302.950664
10.000000,89.500000,1284.875618
11.000000,89.500000,1381.068108
12.000000,89.500000,1480.432489
13.000000,89.500000,1582.968761
14.000000,89.500000,1684.029592
15.000000,89.500000,1784.014307
16.000000,89.500000,1886.636116
17.000000,89.500000,1991.895019
18.000000,89.500000,2096.308447
19.000000,89.500000,2202.254052
20.000000,89.500000,2310.569687
10.000000,90.000000,1290.334659
11.000000,90.000000,1386.857081
12.000000,90.000000,1486.557531
13.000000,90.000000,1589.436008
14.000000,90.000000,1690.409031
15.000000,90.000000,1790.682606
16.000000,90.000000,1893.596700
17.000000,90.000000,1999.151313
18.000000,90.000000,2103.542337
19.000000,90.000000,2209.687030
20.000000,90.000000,2318.201108
10.000000,90.500000,1295.887544
11.000000,90.500000,1392.734038
12.000000,90.500000,1492.763850
13.000000,90.500000,1595.976981
14.000000,90.500000,1696.851832
15.000000,90.500000,1797.420455
16.000000,90.500000,1900.633388
17.000000,90.500000,2006.490634
18.000000,90.500000,2110.795385
19.000000,90.500000,2217.094051
20.000000,90.500000,2325.760468
10.000000,91.000000,1301.452338
11.000000,91.000000,1398.623416
12.000000,91.000000,1498.983098
13.000000,91.000000,1602.531382
14.000000,91.000000,1703.306874
15.000000,91.000000,1804.170928
16.000000,91.000000,1907.683081
17.000000,91.000000,2013.843333
18.000000,91.000000,2118.060802
19.000000,91.000000,2224.513356
20.000000,91.000000,2333.332027
10.000000,91.500000,1307.100006
11.000000,91.500000,1404.595877
12.000000,91.500000,1505.284891
13.000000,91.500000,1609.167050
14.000000,91.500000,1709.829554
15.000000,91.500000,1810.983481
16.000000,91.500000,1914.788885
17.000000,91.500000,2021.036205
18.000000,91.500000,2125.338074
19.000000,91.500000,2231.938688
20.000000,91.500000,2340.903686
10.000000,92.000000,1312.759886
11.000000,92.000000,1410.581058
12.000000,92.000000,1511.599903
13.000000,92.000000,1615.816422
14.000000,92.000000,1716.364678
15.000000,92.000000,1817.808834
16.000000,92.000000,1921.907840
17.000000,92.000000,2028.241784
18.000000,92.000000,2132.627706
19.000000,92.000000,2239.376280
20.000000,92.000000,2348.487507
10.000000,92.500000,1318.533064
11.000000,92.500000,1416.709091
12.000000,92.500000,1518.089577
13.000000,92.500000,1622.674521
14.000000,92.500000,1723.066072
15.000000,92.500000,1824.756559
16.000000,92.500000,1929.102121
17.000000,92.500000,2035.387596
18.000000,92.500000,2139.925970
19.000000,92.500000,2246.825217
20.000000,92.500000,2356.085337
10.000000,93.000000,1324.318896
11.000000,93.000000,1422.850403
12.000000,93.000000,1524.593152
13.000000,93.000000,1629.547141
14.000000,93.000000,1729.780508
15.000000,93.000000,1831.717502
16.000000,93.000000,1936.309786
17.000000,93.000000,2042.545847
18.000000,93.000000,2147.236579
19.000000,93.000000,2254.286405
20.000000,93.000000,2363.695325
10.000000,93.500000,1330.200967
11.000000,93.500000,1429.087527
12.000000,93.500000,1531.192035
13.000000,93.500000,1636.514490
14.000000,93.500000,1736.490585
15.000000,93.500000,1838.597321
16.000000,93.500000,1943.357664
17.000000,93.500000,2049.520482
18.000000,93.500000,2154.431566
19.000000,93.500000,2261.701945
20.000000,93.500000,2371.331619
10.000000,94.000000,1336.096068
11.000000,94.000000,1435.338291
12.000000,94.000000,1537.805167
13.000000,94.000000,1643.496696
14.000000,94.000000,1743.213647
15.000000,94.000000,1845.490033
16.000000,94.000000,1950.418345
17.000000,94.000000,2056.506997
18.000000,94.000000,2161.638570
19.000000,94.000000,2269.129633
20.000000,94.000000,2378.980185
10.000000,94.500000,1342.057124
11.000000,94.500000,1441.622869
12.000000,94.500000,1544.417702
13.000000,94.500000,1650.028209
14.000000,94.500000,1749.872142
15.000000,94.500000,1852.320244
16.000000,94.500000,1957.418851
17.000000,94.500000,2063.458324
18.000000,94.500000,2168.833491
19.000000,94.500000,2276.569961
9.000000,95.000000,1251.375233
10.000000,95.000000,1348.031447
11.000000,95.000000,1447.921176
12.000000,95.000000,1551.044418
13.000000,95.000000,1656.572660
14.000000,95.000000,1756.543320
15.000000,95.000000,1859.163064
16.000000,95.000000,1964.431894
17.000000,95.000000,2070.421364
18.000000,95.000000,2176.040345
19.000000,95.000000,2284.022438
9.000000,95.500000,1256.983075
10.000000,95.500000,1353.970967
11.000000,95.500000,1454.196398
12.000000,95.500000,1557.659367
13.000000,95.500000,1663.045827
14.000000,95.500000,1763.201933
15.000000,95.500000,1866.006383
16.000000,95.500000,1971.459178
17.000000,95.500000,2077.422503
18.000000,95.500000,2183.286478
19.000000,95.500000,2291.515529
9.000000,96.000000,1262.603425
10.000000,96.000000,1359.923534
11.000000,96.000000,1460.485188
12.000000,96.000000,1564.288389
13.000000,96.000000,1669.531602
14.000000,96.000000,1769.873132
15.000000,96.000000,1872.862265
16.000000,96.000000,1978.499003
17.000000,96.000000,2084.435438
18.000000,96.000000,2190.544630
19.000000,96.000000,2299.020858
9.000000,96.500000,1268.261969
10.000000,96.500000,1365.912964
11.000000,96.500000,1466.808908
12.000000,96.500000,1570.949802
13.000000,96.500000,1676.029224
14.000000,96.500000,1776.572755
15.000000,96.500000,1879.763837
16.000000,96.500000,1985.602471
17.000000,96.500000,2091.534744
18.000000,96.500000,2197.894567
19.000000,96.500000,2306.623685
9.000000,97.000000,1273.933124
10.000000,97.000000,1371.915541
11.000000,97.000000,1473.146288
12.000000,97.000000,1577.625365
13.000000,97.000000,1682.539453
14.000000,97.000000,1783.285024
15.000000,97.000000,1886.678094
16.000000,97.000000,1992.718661
17.000000,97.000000,2098.646094
18.000000,97.000000,2205.256783
19.000000,97.000000,2314.239027
9.000000,97.500000,1279.660578
10.000000,97.500000,1377.898719
11.000000,97.500000,1479.385280
12.000000,97.500000,1584.120259
13.000000,97.500000,1688.871389
14.000000,97.500000,1789.890869
15.000000,97.500000,1893.559966
16.000000,97.500000,1999.878680
17.000000,97.500000,2105.823168
18.000000,97.500000,2212.670228
19.000000,97.500000,2321.890416
9.000000,98.000000,1285.400846
10.000000,98.000000,1383.894891
11.000000,98.000000,1485.637437
12.000000,98.000000,1590.628483
13.000000,98.000000,1695.215209
14.000000,98.000000,1796.508925
15.000000,98.000000,1900.454367
16.000000,98.000000,2007.051534
17.000000,98.000000,2113.012463
18.000000,98.000000,2220.096077
19.000000,98.000000,2329.554392
9.000000,98.500000,1291.194901
10.000000,98.500000,1389.912561
11.000000,98.500000,1491.877367
12.000000,98.500000,1597.089319
13.000000,98.500000,1701.536134
14.000000,98.500000,1803.147771
15.000000,98.500000,1907.414929
16.000000,98.500000,2014.337607
17.000000,98.500000,2120.290310
18.000000,98.500000,2227.580808
19.000000,98.500000,2337.246027
9.000000,99.000000,1297.001960
10.000000,99.000000,1395.943259
11.000000,99.000000,1498.130347
12.000000,99.000000,1603.563223
13.000000,99.000000,1707.868801
14.000000,99.000000,1809.798857
15.000000,99.000000,1914.388214
16.000000,99.000000,2021.636874
17.000000,99.000000,2127.580636
18.000000,99.000000,2235.078097
19.000000,99.000000,2344.950296
9.000000,99.500000,1302.868093
10.000000,99.500000,1402.035375
11.000000,99.500000,1504.447055
12.000000,99.500000,1610.103134
13.000000,99.500000,1714.299387
14.000000,99.500000,1816.582253
15.000000,99.500000,1921.530359
16.000000,99.500000,2029.143705
17.000000,99.500000,2135.035108
18.000000,99.500000,2242.719039
19.000000,99.500000,2352.777124
9.000000,100.000000,1308.747443
10.000000,100.000000,1408.140736
11.000000,100.000000,1510.777033
12.000000,100.000000,1616.656335
13.000000,100.000000,1720.742046
14.000000,100.000000,1823.378337
15.000000,100.000000,1928.685802
16.000000,100.000000,2036.664439
17.000000,100.000000,2142.502592
18.000000,100.000000,2250.372998
19.000000,100.000000,2360.616971
9.000000,100.500000,1314.657755
10.000000,100.500000,1414.287555
11.000000,100.500000,1517.158408
12.000000,100.500000,1623.270314
13.000000,100.500000,1727.267315
14.000000,100.500000,1830.255202
15.000000,100.500000,1935.919991
16.000000,100.500000,2044.153773
17.000000,100.500000,2150.017124
18.000000,100.500000,2258.083582
19.000000,100.500000,2368.524119
9.000000,101.000000,1320.581341
10.000000,101.000000,1420.447729
11.000000,101.000000,1523.553209
12.000000,101.000000,1629.897781
13.000000,101.000000,1733.804930
14.000000,101.000000,1837.145011
15.000000,101.000000,1943.167718
16.000000,101.000000,2051.656829
17.000000,101.000000,2157.544787
18.000000,101.000000,2265.807336
19.000000,101.000000,2376.444478
9.000000,101.500000,1326.365618
10.000000,101.500000,1426.510611
11.000000,101.500000,1529.896726
12.000000,101.500000,1636.523965
13.000000,101.500000,1740.394717
14.000000,101.500000,1844.095732
15.000000,101.500000,1950.484672
9.000000,102.000000,1332.162495
10.000000,102.000000,1432.586367
11.000000,102.000000,1536.253391
12.000000,102.000000,1643.163566
13.000000,102.000000,1746.996996
14.000000,102.000000,1851.059577
15.000000,102.000000,1957.815369
9.000000,102.500000,1338.024926
10.000000,102.500000,1438.727154
11.000000,102.500000,1542.674683
12.000000,102.500000,1649.867512
13.000000,102.500000,1753.657020
14.000000,102.500000,1858.053077
15.000000,102.500000,1965.146613
9.000000,103.000000,1343.900196
10.000000,103.000000,1444.881043
11.000000,103.000000,1549.109338
12.000000,103.000000,1656.585081
13.000000,103.000000,1760.329705
14.000000,103.000000,1865.059763
15.000000,103.000000,1972.491558
9.000000,103.500000,1349.841135
10.000000,103.500000,1451.100657
11.000000,103.500000,1555.610087
12.000000,103.500000,1663.369425
13.000000,103.500000,1767.069932
14.000000,103.500000,1872.119968
15.000000,103.500000,1979.875050
9.000000,104.000000,1355.795149
10.000000,104.000000,1457.333600
11.000000,104.000000,1562.124418
12.000000,104.000000,1670.167602
13.000000,104.000000,1773.823026
14.000000,104.000000,1879.193508
15.000000,104.000000,1987.272335
9.000000,104.500000,1361.816567
10.000000,104.500000,1463.633008
11.000000,104.500000,1568.703778
12.000000,104.500000,1677.028878
13.000000,104.500000,1780.614964
14.000000,104.500000,1886.274534
15.000000,104.500000,1994.644828
9.000000,105.000000,1367.851301
10.000000,105.000000,1469.945975
11.000000,105.000000,1575.296939
12.000000,105.000000,1683.904195
13.000000,105.000000,1787.419869
14.000000,105.000000,1893.368872
15.000000,105.000000,2002.030970
9.000000,105.500000,1373.814923
10.000000,105.500000,1476.231938
11.000000,105.500000,1581.908498
12.000000,105.500000,1690.623421
13.000000,105.500000,1794.257699
14.000000,105.500000,1900.466440
15.000000,105.500000,2009.389803
9.000000,106.000000,1379.791441
10.000000,106.000000,1482.531261
11.000000,106.000000,1588.533870
12.000000,106.000000,1697.356010
13.000000,106.000000,1801.108572
14.000000,106.000000,1907.577279
15.000000,106.000000,2016.762130
9.000000,106.500000,1385.871741
10.000000,106.500000,1488.929269
11.000000,106.500000,1595.252694
12.000000,106.500000,1704.027306
13.000000,106.500000,1808.036490
14.000000,106.500000,1914.762683
15.000000,106.500000,2024.205883
9.000000,107.000000,1391.965351
10.000000,107.000000,1495.341010
11.000000,107.000000,1601.985668
12.000000,107.000000,1710.711672
13.000000,107.000000,1814.977697
14.000000,107.000000,1921.961589
15.000000,107.000000,2031.663346
9.000000,107.500000,1398.177818
10.000000,107.500000,1501.864228
11.000000,107.500000,1608.822778
12.000000,107.500000,1717.485655
13.000000,107.500000,1822.003335
14.000000,107.500000,1929.238694
15.000000,107.500000,2039.191734
9.000000,108.000000,1404.404077
10.000000,108.000000,1508.401610
11.000000,108.000000,1615.674417
12.000000,108.000000,1724.273006
13.000000,108.000000,1829.042534
14.000000,108.000000,1936.529547
15.000000,108.000000,2046.734044
9.000000,108.500000,1410.735591
10.000000,108.500000,1515.025260
11.000000,108.500000,1622.592525
12.000000,108.500000,1731.105452
13.000000,108.500000,1836.122881
14.000000,108.500000,1943.858014
15.000000,108.500000,2054.310850
9.000000,109.000000,1417.081318
10.000000,109.000000,1521.663395
11.000000,109.000000,1629.525385
12.000000,109.000000,1737.951386
13.000000,109.000000,1843.216889
14.000000,109.000000,1951.200310
15.000000,109.000000,2061.901647
9.000000,109.500000,1423.452298
10.000000,109.500000,1528.357461
11.000000,109.500000,1636.545644
12.000000,109.500000,1744.887269
13.000000,109.500000,1850.390418
14.000000,109.500000,1958.611495
15.000000,109.500000,2069.550498
8.000000,110.000000,1327.894990
9.000000,110.000000,1429.837527
10.000000,110.000000,1535.066188
11.000000,110.000000,1643.580972
12.000000,110.000000,1751.836952
13.000000,110.000000,1857.577868
14.000000,110.000000,1966.036717
15.000000,110.000000,2077.213500
8.000000,110.500000,1334.021907
9.000000,110.500000,1436.270477
10.000000,110.500000,1541.806083
11.000000,110.500000,1650.628724
12.000000,110.500000,1758.780599
13.000000,110.500000,1864.775305
14.000000,110.500000,1973.489506
8.000000,111.000000,1340.162864
9.000000,111.000000,1442.717824
10.000000,111.000000,1548.560717
11.000000,111.000000,1657.691543
12.000000,111.000000,1765.737975
13.000000,111.000000,1871.986653
14.000000,111.000000,1980.956385
8.000000,111.500000,1346.357274
9.000000,111.500000,1449.181812
10.000000,111.500000,1555.292387
11.000000,111.500000,1664.688998
12.000000,111.500000,1772.636073
13.000000,111.500000,1879.184117
14.000000,111.500000,1988.457361
8.000000,112.000000,1352.565912
9.000000,112.000000,1455.660213
10.000000,112.000000,1562.038636
11.000000,112.000000,1671.701182
12.000000,112.000000,1779.547614
13.000000,112.000000,1886.395387
14.000000,112.000000,1995.972505
8.000000,112.500000,1358.810930
9.000000,112.500000,1462.118482
10.000000,112.500000,1568.706233
11.000000,112.500000,1678.574183
12.000000,112.500000,1786.380729
13.000000,112.500000,1893.591877
14.000000,112.500000,2003.537855
8.000000,113.000000,1365.070278
9.000000,113.000000,1468.590990
10.000000,113.000000,1575.387974
11.000000,113.000000,1685.461229
12.000000,113.000000,1793.226898
13.000000,113.000000,1900.802048
14.000000,113.000000,2011.117508
8.000000,113.500000,1371.139551
9.000000,113.500000,1474.933320
10.000000,113.500000,1582.003946
11.000000,113.500000,1692.351429
12.000000,113.500000,1800.094018
13.000000,113.500000,1907.987667
14.000000,113.500000,2018.623931
8.000000,114.000000,1377.222218
9.000000,114.000000,1481.289250
10.000000,114.000000,1588.633719
11.000000,114.000000,1699.255626
12.000000,114.000000,1806.974227
13.000000,114.000000,1915.186828
14.000000,114.000000,2026.144334
8.000000,114.500000,1383.237330
9.000000,114.500000,1487.619639
10.000000,114.500000,1595.282068
11.000000,114.500000,1706.224616
12.000000,114.500000,1813.902271
13.000000,114.500000,1922.394424
14.000000,114.500000,2033.633149
8.000000,115.000000,1389.265456
9.000000,115.000000,1493.963449
10.000000,115.000000,1601.944236
11.000000,115.000000,1713.207819
12.000000,115.000000,1820.843537
13.000000,115.000000,1929.615531
14.000000,115.000000,2041.135758
8.000000,115.500000,1395.363638
9.000000,115.500000,1500.381611
10.000000,115.500000,1608.684495
11.000000,115.500000,1720.272287
12.000000,115.500000,1827.856730
13.000000,115.500000,1936.907289
14.000000,115.500000,2048.707790
8.000000,116.000000,1401.475072
9.000000,116.000000,1506.813453
10.000000,116.000000,1615.438848
11.000000,116.000000,1727.351255
12.000000,116.000000,1834.883377
13.000000,116.000000,1944.212778
14.000000,116.000000,2056.293824
8.000000,116.500000,1407.689818
9.000000,116.500000,1513.349285
10.000000,116.500000,1622.298160
11.000000,116.500000,1734.536442
12.000000,116.500000,1842.008835
13.000000,116.500000,1951.615678
14.000000,116.500000,2063.975154
8.000000,117.000000,1413.918234
9.000000,117.000000,1519.899198
10.000000,117.000000,1629.171955
11.000000,117.000000,1741.736507
12.000000,117.000000,1849.148077
13.000000,117.000000,1959.032630
14.000000,117.000000,2071.670796
8.000000,117.500000,1420.243716
9.000000,117.500000,1526.535257
10.000000,117.500000,1636.120646
11.000000,117.500000,1748.800048
12.000000,117.500000,1856.358019
13.000000,117.500000,1966.529785
14.000000,117.500000,2079.455940
8.000000,118.000000,1426.583254
9.000000,118.000000,1533.185718
10.000000,118.000000,1643.084077
11.000000,118.000000,1755.877847
12.000000,118.000000,1863.581968
13.000000,118.000000,1974.041246
14.000000,118.000000,2087.255680
8.000000,118.500000,1433.004438
9.000000,118.500000,1539.894327
10.000000,118.500000,1650.081329
11.000000,118.500000,1762.831503
12.000000,118.500000,1870.805507
13.000000,118.500000,1981.534676
14.000000,118.500000,2095.019010
8.000000,119.000000,1439.439989
9.000000,119.000000,1546.617525
10.000000,119.000000,1657.093391
11.000000,119.000000,1769.798846
12.000000,119.000000,1878.042979
13.000000,119.000000,1989.042275
14.000000,119.000000,2102.796735
8.000000,119.500000,1445.820862
9.000000,119.500000,1553.353402
10.000000,119.500000,1664.187571
11.000000,119.500000,1776.889112
12.000000,119.500000,1885.379329
13.000000,119.500000,1996.623828
14.000000,119.500000,2110.622609
8.000000,120.000000,1452.215736
9.000000,120.000000,1560.103835
10.000000,120.000000,1671.296851
11.000000,120.000000,1783.993519
12.000000,120.000000,1892.729955
13.000000,120.000000,2004.219783
14.000000,120.000000,2118.463005
8.000000,120.500000,1458.639185
9.000000,120.500000,1566.926202
10.000000,120.500000,1678.522754
11.000000,120.500000,1791.206871
12.000000,120.500000,1900.141643
13.000000,120.500000,2011.827704
14.000000,120.500000,2126.265052
8.000000,121.000000,1465.076678
9.000000,121.000000,1573.763377
10.000000,121.000000,1685.764208
11.000000,121.000000,1798.434758
12.000000,121.000000,1907.567790
13.000000,121.000000,2019.450004
14.000000,121.000000,2134.081400
8.000000,121.500000,1471.652674
9.000000,121.500000,1580.742398
10.000000,121.500000,1693.150662
11.000000,121.500000,1805.760934
12.000000,121.500000,1915.073243
13.000000,121.500000,2027.131943
8.000000,122.000000,1478.243302
9.000000,122.000000,1587.736811
10.000000,122.000000,1700.553245
11.000000,122.000000,1813.101992
12.000000,122.000000,1922.593415
13.000000,122.000000,2034.828438
8.000000,122.500000,1484.855571
9.000000,122.500000,1594.616227
10.000000,122.500000,1707.698952
11.000000,122.500000,1820.181922
12.000000,122.500000,1929.962672
13.000000,122.500000,2042.486918
8.000000,123.000000,1491.482486
9.000000,123.000000,1601.510400
10.000000,123.000000,1714.859522
11.000000,123.000000,1827.275534
12.000000,123.000000,1937.345948
13.000000,123.000000,2050.159733
8.000000,123.500000,1498.188452
9.000000,123.500000,1608.436081
10.000000,123.500000,1722.001307
11.000000,123.500000,1834.353836
12.000000,123.500000,1944.746840
13.000000,123.500000,2057.884586
8.000000,124.000000,1504.909369
9.000000,124.000000,1615.376600
10.000000,124.000000,1729.157815
11.000000,124.000000,1841.445714
12.000000,124.000000,1952.161773
13.000000,124.000000,2065.623927
8.000000,124.500000,1511.392867
9.000000,124.500000,1622.105162
10.000000,124.500000,1736.129310
11.000000,124.500000,1848.410801
12.000000,124.500000,1959.490719
13.000000,124.500000,2073.322304
8.000000,125.000000,1517.890200
9.000000,125.000000,1628.847606
10.000000,125.000000,1743.114729
11.000000,125.000000,1855.388942
12.000000,125.000000,1966.833319
13.000000,125.000000,2081.034940
8.000000,125.500000,1524.455942
9.000000,125.500000,1635.688023
10.000000,125.500000,1750.228839
11.000000,125.500000,1862.495223
12.000000,125.500000,1974.274916
13.000000,125.500000,2088.816663
7.000000,126.000000,1422.836582
8.000000,126.000000,1531.035765
9.000000,126.000000,1642.542693
10.000000,126.000000,1757.357365
11.000000,126.000000,1869.615016
12.000000,126.000000,1981.730495
13.000000,126.000000,2096.612844
7.000000,126.500000,1429.260801
8.000000,126.500000,1537.727600
9.000000,126.500000,1649.500815
10.000000,126.500000,1764.580445
11.000000,126.500000,1876.826091
12.000000,126.500000,1989.264954
13.000000,126.500000,2104.474891
7.000000,127.000000,1435.699424
8.000000,127.000000,1544.433960
9.000000,127.000000,1656.473577
10.000000,127.000000,1771.818274
11.000000,127.000000,1884.050978
12.000000,127.000000,1996.813639
13.000000,127.000000,2112.351583
7.000000,127.500000,1442.256629
8.000000,127.500000,1551.251168
9.000000,127.500000,1663.549283
10.000000,127.500000,1779.150974
7.000000,128.000000,1448.828729
8.000000,128.000000,1558.083335
9.000000,128.000000,1670.640011
10.000000,128.000000,1786.498755
7.000000,128.500000,1455.515532
8.000000,128.500000,1565.024238
9.000000,128.500000,1677.833687
10.000000,128.500000,1793.943879
7.000000,129.000000,1462.217699
8.000000,129.000000,1571.980523
9.000000,129.000000,1685.042763
10.000000,129.000000,1801.404417
7.000000,129.500000,1468.731417
8.000000,129.500000,1578.842885
9.000000,129.500000,1692.255559
10.000000,129.500000,1808.969439
7.000000,130.000000,1475.259477
8.000000,130.000000,1585.720088
9.000000,130.000000,1699.483683
10.000000,130.000000,1816.550260
