weight_g,350.000000
thrust_N,velocity_m_s,power_W
11.000000,0.000000,1084.324453
12.000000,0.000000,1205.625663
13.000000,0.000000,1333.065038
14.000000,0.000000,1466.642578
15.000000,0.000000,1599.241926
16.000000,0.000000,1735.925933
17.000000,0.000000,1877.935893
18.000000,0.000000,2023.993506
19.000000,0.000000,2175.180608
11.000000,0.500000,1084.795841
12.000000,0.500000,1206.069948
13.000000,0.500000,1333.478627
14.000000,0.500000,1467.021879
15.000000,0.500000,1599.643197
16.000000,0.500000,1736.397769
17.000000,0.500000,1878.474420
18.000000,0.500000,2024.556258
19.000000,0.500000,2175.768257
11.000000,1.000000,1085.267260
12.000000,1.000000,1206.514266
13.000000,1.000000,1333.892249
14.000000,1.000000,1467.401211
15.000000,1.000000,1600.044496
16.000000,1.000000,1736.869638
17.000000,1.000000,1879.012978
18.000000,1.000000,2025.119045
19.000000,1.000000,2176.355943
11.000000,1.500000,1085.738019
12.000000,1.500000,1206.958447
13.000000,1.500000,1334.306300
14.000000,1.500000,1467.781579
15.000000,1.500000,1600.447960
16.000000,1.500000,1737.343284
17.000000,1.500000,1879.551886
18.000000,1.500000,2025.683094
19.000000,1.500000,2176.945857
11.000000,2.000000,1086.208809
12.000000,2.000000,1207.402660
13.000000,2.000000,1334.720383
14.000000,2.000000,1468.161978
15.000000,2.000000,1600.851450
16.000000,2.000000,1737.816965
17.000000,2.000000,1880.090825
18.000000,2.000000,2026.247179
19.000000,2.000000,2177.535808
11.000000,2.500000,1086.678957
12.000000,2.500000,1207.846760
13.000000,2.500000,1335.134923
14.000000,2.500000,1468.543445
15.000000,2.500000,1601.257118
16.000000,2.500000,1738.292421
17.000000,2.500000,1880.630142
18.000000,2.500000,2026.812565
19.000000,2.500000,2178.128036
11.000000,3.000000,1087.149138
12.000000,3.000000,1208.290893
13.000000,3.000000,1335.549495
14.000000,3.000000,1468.924944
15.000000,3.000000,1601.662813
16.000000,3.000000,1738.767912
17.000000,3.000000,1881.169490
18.000000,3.000000,2027.377987
19.000000,3.000000,2178.720303
11.000000,3.500000,1087.618696
12.000000,3.500000,1208.734936
13.000000,3.500000,1335.964552
14.000000,3.500000,1469.307543
15.000000,3.500000,1602.070695
16.000000,3.500000,1739.245177
17.000000,3.500000,1881.709243
18.000000,3.500000,2027.944748
19.000000,3.500000,2179.314896
11.000000,4.000000,1088.088286
12.000000,4.000000,1209.179012
13.000000,4.000000,1336.379641
14.000000,4.000000,1469.690174
15.000000,4.000000,1602.478605
16.000000,4.000000,1739.722476
17.000000,4.000000,1882.249029
18.000000,4.000000,2028.511545
19.000000,4.000000,2179.909528
11.000000,4.500000,1088.557275
12.000000,4.500000,1209.623022
13.000000,4.500000,1336.795243
14.000000,4.500000,1470.073939
15.000000,4.500000,1602.888714
16.000000,4.500000,1740.201548
17.000000,4.500000,1882.789248
18.000000,4.500000,2029.079722
19.000000,4.500000,2180.506538
11.000000,5.000000,1089.026295
12.000000,5.000000,1210.067065
13.000000,5.000000,1337.210878
14.000000,5.000000,1470.457736
15.000000,5.000000,1603.298850
16.000000,5.000000,1740.680654
17.000000,5.000000,1883.329499
18.000000,5.000000,2029.647935
19.000000,5.000000,2181.103587
11.000000,5.500000,1089.494733
12.000000,5.500000,1210.511066
13.000000,5.500000,1337.627055
14.000000,5.500000,1470.842701
15.000000,5.500000,1603.711196
16.000000,5.500000,1741.161530
17.000000,5.500000,1883.870214
18.000000,5.500000,2030.217568
19.000000,5.500000,2181.703066
11.000000,6.000000,1089.963203
12.000000,6.000000,1210.955100
13.000000,6.000000,1338.043265
14.000000,6.000000,1471.227698
15.000000,6.000000,1604.123570
16.000000,6.000000,1741.642441
17.000000,6.000000,1884.410960
18.000000,6.000000,2030.787237
19.000000,6.000000,2182.302585
11.000000,6.500000,1090.431112
12.000000,6.500000,1211.399118
13.000000,6.500000,1338.460046
14.000000,6.500000,1471.613898
15.000000,6.500000,1604.538165
16.000000,6.500000,1742.125119
17.000000,6.500000,1884.952200
18.000000,6.500000,2031.358367
19.000000,6.500000,2182.904588
11.000000,7.000000,1090.899052
12.000000,7.000000,1211.843168
13.000000,7.000000,1338.876861
14.000000,7.000000,1472.000129
15.000000,7.000000,1604.952787
16.000000,7.000000,1742.607831
17.000000,7.000000,1885.493471
18.000000,7.000000,2031.929533
19.000000,7.000000,2183.506630
11.000000,7.500000,1091.334732
12.000000,7.500000,1212.264640
13.000000,7.500000,1339.281880
14.000000,7.500000,1472.386451
15.000000,7.500000,1605.369641
16.000000,7.500000,1743.092308
17.000000,7.500000,1886.035265
18.000000,7.500000,2032.502203
19.000000,7.500000,2184.111210
11.000000,8.000000,1091.770434
12.000000,8.000000,1212.686139
13.000000,8.000000,1339.686928
14.000000,8.000000,1472.772803
15.000000,8.000000,1605.786523
16.000000,8.000000,1743.576820
17.000000,8.000000,1886.577092
18.000000,8.000000,2033.074909
19.000000,8.000000,2184.715831
11.000000,8.500000,1092.175815
12.000000,8.500000,1213.117988
13.000000,8.500000,1340.146524
14.000000,8.500000,1473.261421
15.000000,8.500000,1606.272051
16.000000,8.500000,1744.095259
17.000000,8.500000,1887.119472
18.000000,8.500000,2033.649161
19.000000,8.500000,2185.323045
11.000000,9.000000,1092.581206
12.000000,9.000000,1213.549858
13.000000,9.000000,1340.606148
14.000000,9.000000,1473.750075
15.000000,9.000000,1606.757607
16.000000,9.000000,1744.613733
17.000000,9.000000,1887.661884
18.000000,9.000000,2034.223450
19.000000,9.000000,2185.930299
11.000000,9.500000,1092.992538
12.000000,9.500000,1214.029593
13.000000,9.500000,1341.158828
14.000000,9.500000,1474.380246
15.000000,9.500000,1607.364825
16.000000,9.500000,1745.241276
17.000000,9.500000,1888.294208
18.000000,9.500000,2034.848670
19.000000,9.500000,2186.547633
11.000000,10.000000,1093.403881
12.000000,10.000000,1214.509346
13.000000,10.000000,1341.711538
14.000000,10.000000,1475.010456
15.000000,10.000000,1607.972061
16.000000,10.000000,1745.868849
17.000000,10.000000,1888.926555
18.000000,10.000000,2035.473922
19.000000,10.000000,2187.165005
11.000000,10.500000,1093.816559
12.000000,10.500000,1214.990718
13.000000,10.500000,1342.266168
14.000000,10.500000,1475.642910
15.000000,10.500000,1608.600942
16.000000,10.500000,1746.541698
17.000000,10.500000,1889.627137
18.000000,10.500000,2036.197026
19.000000,10.500000,2187.911106
11.000000,11.000000,1094.229248
12.000000,11.000000,1215.472109
13.000000,11.000000,1342.820828
14.000000,11.000000,1476.275406
15.000000,11.000000,1609.229840
16.000000,11.000000,1747.214574
17.000000,11.000000,1890.327733
18.000000,11.000000,2036.920152
19.000000,11.000000,2188.657234
11.000000,11.500000,1094.643280
12.000000,11.500000,1215.955127
13.000000,11.500000,1343.377419
14.000000,11.500000,1476.910158
15.000000,11.500000,1609.858477
16.000000,11.500000,1747.885549
17.000000,11.500000,1891.025004
18.000000,11.500000,2037.644119
19.000000,11.500000,2189.408577
11.000000,12.000000,1095.057324
12.000000,12.000000,1216.438164
13.000000,12.000000,1343.934040
14.000000,12.000000,1477.544951
15.000000,12.000000,1610.487131
16.000000,12.000000,1748.556550
17.000000,12.000000,1891.722289
18.000000,12.000000,2038.368106
19.000000,12.000000,2190.159947
11.000000,12.500000,1095.472719
12.000000,12.500000,1216.922839
13.000000,12.500000,1344.492604
14.000000,12.500000,1478.182015
15.000000,12.500000,1611.115467
16.000000,12.500000,1749.225602
17.000000,12.500000,1892.415795
18.000000,12.500000,2039.088328
19.000000,12.500000,2190.907568
11.000000,13.000000,1095.888126
12.000000,13.000000,1217.407534
13.000000,13.000000,1345.051199
14.000000,13.000000,1478.819121
15.000000,13.000000,1611.743820
16.000000,13.000000,1749.894682
17.000000,13.000000,1893.109315
18.000000,13.000000,2039.808571
19.000000,13.000000,2191.655216
11.000000,13.500000,1096.304893
12.000000,13.500000,1217.893875
13.000000,13.500000,1345.611748
14.000000,13.500000,1479.458510
15.000000,13.500000,1612.371800
16.000000,13.500000,1750.561766
17.000000,13.500000,1893.799098
18.000000,13.500000,2040.525088
19.000000,13.500000,2192.399155
11.000000,14.000000,1096.721671
12.000000,14.000000,1218.380237
13.000000,14.000000,1346.172327
14.000000,14.000000,1480.097941
15.000000,14.000000,1612.999797
16.000000,14.000000,1751.228877
17.000000,14.000000,1894.488896
18.000000,14.000000,2041.241627
19.000000,14.000000,2193.143119
11.000000,14.500000,1097.151924
12.000000,14.500000,1218.876619
13.000000,14.500000,1346.739200
14.000000,14.500000,1480.737946
15.000000,14.500000,1613.627366
16.000000,14.500000,1751.893948
17.000000,14.500000,1895.174999
18.000000,14.500000,2041.954480
19.000000,14.500000,2193.883412
11.000000,15.000000,1097.582186
12.000000,15.000000,1219.373019
13.000000,15.000000,1347.306103
14.000000,15.000000,1481.377992
15.000000,15.000000,1614.254951
16.000000,15.000000,1752.559046
17.000000,15.000000,1895.861117
18.000000,15.000000,2042.667354
19.000000,15.000000,2194.623731
11.000000,15.500000,1098.090985
12.000000,15.500000,1219.924204
13.000000,15.500000,1347.902194
14.000000,15.500000,1481.970548
15.000000,15.500000,1614.882054
16.000000,15.500000,1753.222059
17.000000,15.500000,1896.543581
18.000000,15.500000,2043.376582
19.000000,15.500000,2195.360414
11.000000,16.000000,1098.599774
12.000000,16.000000,1220.475395
13.000000,16.000000,1348.498309
14.000000,16.000000,1482.563114
15.000000,16.000000,1615.509174
16.000000,16.000000,1753.885098
17.000000,16.000000,1897.226060
18.000000,16.000000,2044.085831
19.000000,16.000000,2196.097124
11.000000,16.500000,1099.118959
12.000000,16.500000,1221.030828
13.000000,16.500000,1349.091977
14.000000,16.500000,1483.146475
15.000000,16.500000,1616.128989
16.000000,16.500000,1754.542936
17.000000,16.500000,1897.904927
18.000000,16.500000,2044.791472
19.000000,16.500000,2196.830234
11.000000,17.000000,1099.638131
12.000000,17.000000,1221.586265
13.000000,17.000000,1349.685667
14.000000,17.000000,1483.729842
15.000000,17.000000,1616.748821
16.000000,17.000000,1755.200800
17.000000,17.000000,1898.583807
18.000000,17.000000,2045.497134
19.000000,17.000000,2197.563371
11.000000,17.500000,1100.160631
12.000000,17.500000,1222.153191
13.000000,17.500000,1350.299361
14.000000,17.500000,1484.336480
15.000000,17.500000,1617.382481
16.000000,17.500000,1755.862832
17.000000,17.500000,1899.259115
18.000000,17.500000,2046.199226
19.000000,17.500000,2198.292944
11.000000,18.000000,1100.683116
12.000000,18.000000,1222.720113
13.000000,18.000000,1350.913063
14.000000,18.000000,1484.943099
15.000000,18.000000,1618.016142
16.000000,18.000000,1756.524885
17.000000,18.000000,1899.934438
18.000000,18.000000,2046.901339
19.000000,18.000000,2199.022544
11.000000,18.500000,1101.207735
12.000000,18.500000,1223.291117
13.000000,18.500000,1351.532887
14.000000,18.500000,1485.556351
15.000000,18.500000,1618.660017
16.000000,18.500000,1757.200858
17.000000,18.500000,1900.623757
18.000000,18.500000,2047.609657
19.000000,18.500000,2199.750369
11.000000,19.000000,1101.732339
12.000000,19.000000,1223.862116
13.000000,19.000000,1352.152716
14.000000,19.000000,1486.169579
15.000000,19.000000,1619.303887
16.000000,19.000000,1757.876842
17.000000,19.000000,1901.313080
18.000000,19.000000,2048.317989
19.000000,19.000000,2200.478220
11.000000,19.500000,1102.258174
12.000000,19.500000,1224.432520
13.000000,19.500000,1352.769965
14.000000,19.500000,1486.777384
15.000000,19.500000,1619.931855
16.000000,19.500000,1758.525420
17.000000,19.500000,1901.969819
18.000000,19.500000,2049.009654
19.000000,19.500000,2201.206603
11.000000,20.000000,1102.783995
12.000000,20.000000,1225.002918
13.000000,20.000000,1353.387219
14.000000,20.000000,1487.385164
15.000000,20.000000,1620.559809
16.000000,20.000000,1759.173995
17.000000,20.000000,1902.626543
18.000000,20.000000,2049.701323
19.000000,20.000000,2201.935005
11.000000,20.500000,1103.310968
12.000000,20.500000,1225.572657
13.000000,20.500000,1354.001841
14.000000,20.500000,1487.988214
15.000000,20.500000,1621.184968
16.000000,20.500000,1759.821845
17.000000,20.500000,1903.287068
18.000000,20.500000,2050.405817
19.000000,20.500000,2202.685236
11.000000,21.000000,1103.837928
12.000000,21.000000,1226.142391
13.000000,21.000000,1354.616469
14.000000,21.000000,1488.591241
15.000000,21.000000,1621.810115
16.000000,21.000000,1760.469691
17.000000,21.000000,1903.947577
18.000000,21.000000,2051.110301
19.000000,21.000000,2203.435465
11.000000,21.500000,1104.365964
12.000000,21.500000,1226.711400
13.000000,21.500000,1355.228414
14.000000,21.500000,1489.189693
15.000000,21.500000,1622.432602
16.000000,21.500000,1761.116927
17.000000,21.500000,1904.609319
18.000000,21.500000,2051.815029
19.000000,21.500000,2204.184833
11.000000,22.000000,1104.893985
12.000000,22.000000,1227.280404
13.000000,22.000000,1355.840366
14.000000,22.000000,1489.788121
15.000000,22.000000,1623.055077
16.000000,22.000000,1761.764160
17.000000,22.000000,1905.271045
18.000000,22.000000,2052.519745
19.000000,22.000000,2204.934196
11.000000,22.500000,1105.380634
12.000000,22.500000,1227.819551
13.000000,22.500000,1356.435344
14.000000,22.500000,1490.382125
15.000000,22.500000,1623.675023
16.000000,22.500000,1762.410893
17.000000,22.500000,1905.933667
18.000000,22.500000,2053.223410
19.000000,22.500000,2205.680451
11.000000,23.000000,1105.867253
12.000000,23.000000,1228.358684
13.000000,23.000000,1357.030323
14.000000,23.000000,1490.976107
15.000000,23.000000,1624.294957
16.000000,23.000000,1763.057624
17.000000,23.000000,1906.596272
18.000000,23.000000,2053.927064
19.000000,23.000000,2206.426700
11.000000,23.500000,1106.346101
12.000000,23.500000,1228.891102
13.000000,23.500000,1357.619910
14.000000,23.500000,1491.565810
15.000000,23.500000,1624.912492
16.000000,23.500000,1763.703964
17.000000,23.500000,1907.259693
18.000000,23.500000,2054.629596
19.000000,23.500000,2207.169776
11.000000,24.000000,1106.824911
12.000000,24.000000,1229.423500
13.000000,24.000000,1358.209496
14.000000,24.000000,1492.155493
15.000000,24.000000,1625.530015
16.000000,24.000000,1764.350302
17.000000,24.000000,1907.923097
18.000000,24.000000,2055.332117
19.000000,24.000000,2207.912846
11.000000,24.500000,1107.301355
12.000000,24.500000,1229.954190
13.000000,24.500000,1358.798086
14.000000,24.500000,1492.744060
15.000000,24.500000,1626.147200
16.000000,24.500000,1764.997146
17.000000,24.500000,1908.587239
18.000000,24.500000,2056.033444
19.000000,24.500000,2208.652682
11.000000,25.000000,1107.777763
12.000000,25.000000,1230.484861
13.000000,25.000000,1359.386675
14.000000,25.000000,1493.332606
15.000000,25.000000,1626.764374
16.000000,25.000000,1765.643988
17.000000,25.000000,1909.251365
18.000000,25.000000,2056.734760
19.000000,25.000000,2209.392512
11.000000,25.500000,1108.253428
12.000000,25.500000,1231.024957
13.000000,25.500000,1359.995539
14.000000,25.500000,1493.944723
15.000000,25.500000,1627.396912
16.000000,25.500000,1766.297643
17.000000,25.500000,1909.916149
18.000000,25.500000,2057.434813
19.000000,25.500000,2210.129045
11.000000,26.000000,1108.729055
12.000000,26.000000,1231.565028
13.000000,26.000000,1360.604393
14.000000,26.000000,1494.556802
15.000000,26.000000,1628.029430
16.000000,26.000000,1766.951293
17.000000,26.000000,1910.580917
18.000000,26.000000,2058.134855
19.000000,26.000000,2210.865573
11.000000,26.500000,1109.197209
12.000000,26.500000,1232.087602
13.000000,26.500000,1361.184739
14.000000,26.500000,1495.133513
15.000000,26.500000,1628.639427
16.000000,26.500000,1767.596415
17.000000,26.500000,1911.246266
18.000000,26.500000,2058.833563
19.000000,26.500000,2211.598744
11.000000,27.000000,1109.665325
12.000000,27.000000,1232.610147
13.000000,27.000000,1361.765066
14.000000,27.000000,1495.710176
15.000000,27.000000,1629.249397
16.000000,27.000000,1768.241530
17.000000,27.000000,1911.911599
18.000000,27.000000,2059.532261
19.000000,27.000000,2212.331911
11.000000,27.500000,1110.130046
12.000000,27.500000,1233.131267
13.000000,27.500000,1362.346113
14.000000,27.500000,1496.293613
15.000000,27.500000,1629.892325
16.000000,27.500000,1768.947397
17.000000,27.500000,1912.641568
18.000000,27.500000,2060.263764
19.000000,27.500000,2213.064375
11.000000,28.000000,1110.594730
12.000000,28.000000,1233.652359
13.000000,28.000000,1362.927140
14.000000,28.000000,1496.877003
15.000000,28.000000,1630.535222
16.000000,28.000000,1769.653251
17.000000,28.000000,1913.371510
18.000000,28.000000,2060.995252
19.000000,28.000000,2213.796836
11.000000,28.500000,1111.056162
12.000000,28.500000,1234.172160
13.000000,28.500000,1363.509011
14.000000,28.500000,1497.471407
15.000000,28.500000,1631.229749
16.000000,28.500000,1770.453805
17.000000,28.500000,1914.198517
18.000000,28.500000,2061.776005
19.000000,28.500000,2214.528321
11.000000,29.000000,1111.517559
12.000000,29.000000,1234.691934
13.000000,29.000000,1364.090862
14.000000,29.000000,1498.065762
15.000000,29.000000,1631.924236
16.000000,29.000000,1771.254332
17.000000,29.000000,1915.025474
18.000000,29.000000,2062.556732
19.000000,29.000000,2215.259801
11.000000,29.500000,1112.004836
12.000000,29.500000,1235.229672
13.000000,29.500000,1364.682235
14.000000,29.500000,1498.665119
15.000000,29.500000,1632.629537
16.000000,29.500000,1772.071807
17.000000,29.500000,1915.876025
18.000000,29.500000,2063.384524
19.000000,29.500000,2216.062991
11.000000,30.000000,1112.492062
12.000000,30.000000,1235.767373
13.000000,30.000000,1365.273585
14.000000,30.000000,1499.264427
15.000000,30.000000,1633.334797
16.000000,30.000000,1772.889252
17.000000,30.000000,1916.726518
18.000000,30.000000,2064.212281
19.000000,30.000000,2216.866166
11.000000,30.500000,1113.042483
12.000000,30.500000,1236.347482
13.000000,30.500000,1365.885045
14.000000,30.500000,1499.868346
15.000000,30.500000,1634.047783
16.000000,30.500000,1773.717740
17.000000,30.500000,1917.591421
18.000000,30.500000,2065.071049
19.000000,30.500000,2217.717507
11.000000,31.000000,1113.592815
12.000000,31.000000,1236.927532
13.000000,31.000000,1366.496474
14.000000,31.000000,1500.472217
15.000000,31.000000,1634.760729
16.000000,31.000000,1774.546198
17.000000,31.000000,1918.456262
18.000000,31.000000,2065.929768
19.000000,31.000000,2218.568811
11.000000,31.500000,1114.145194
12.000000,31.500000,1237.509502
13.000000,31.500000,1367.109672
14.000000,31.500000,1501.080859
15.000000,31.500000,1635.481634
16.000000,31.500000,1775.386012
17.000000,31.500000,1919.328223
18.000000,31.500000,2066.793847
19.000000,31.500000,2219.423552
11.000000,32.000000,1114.697485
12.000000,32.000000,1238.091414
13.000000,32.000000,1367.722840
14.000000,32.000000,1501.689453
15.000000,32.000000,1636.202498
16.000000,32.000000,1776.225795
17.000000,32.000000,1920.200122
18.000000,32.000000,2067.657875
19.000000,32.000000,2220.278252
11.000000,32.500000,1115.251815
12.000000,32.500000,1238.675239
13.000000,32.500000,1368.337768
14.000000,32.500000,1502.302983
15.000000,32.500000,1636.931563
16.000000,32.500000,1777.077256
17.000000,32.500000,1921.078560
18.000000,32.500000,2068.525531
11.000000,33.000000,1115.806058
12.000000,33.000000,1239.259007
13.000000,33.000000,1368.952668
14.000000,33.000000,1502.916466
15.000000,33.000000,1637.660589
16.000000,33.000000,1777.928689
17.000000,33.000000,1921.956936
18.000000,33.000000,2069.393136
11.000000,33.500000,1116.381260
12.000000,33.500000,1239.904074
13.000000,33.500000,1369.672407
14.000000,33.500000,1503.646490
15.000000,33.500000,1638.466868
16.000000,33.500000,1778.815464
17.000000,33.500000,1922.841744
18.000000,33.500000,2070.264229
11.000000,34.000000,1116.956373
12.000000,34.000000,1240.549076
13.000000,34.000000,1370.392108
14.000000,34.000000,1504.376440
15.000000,34.000000,1639.273094
16.000000,34.000000,1779.702207
17.000000,34.000000,1923.726489
18.000000,34.000000,2071.135271
11.000000,34.500000,1117.552192
12.000000,34.500000,1241.250327
13.000000,34.500000,1371.206416
14.000000,34.500000,1505.207117
15.000000,34.500000,1640.145830
16.000000,34.500000,1780.618967
17.000000,34.500000,1924.617554
18.000000,34.500000,2072.009659
11.000000,35.000000,1118.147918
12.000000,35.000000,1241.951507
13.000000,35.000000,1372.020677
14.000000,35.000000,1506.037694
15.000000,35.000000,1641.018499
16.000000,35.000000,1781.535692
17.000000,35.000000,1925.508556
18.000000,35.000000,2072.883997
11.000000,35.500000,1118.754180
12.000000,35.500000,1242.678995
13.000000,35.500000,1372.878281
14.000000,35.500000,1506.911123
15.000000,35.500000,1641.921453
16.000000,35.500000,1782.469289
17.000000,35.500000,1926.405763
18.000000,35.500000,2073.761535
11.000000,36.000000,1119.360349
12.000000,36.000000,1243.406408
13.000000,36.000000,1373.735835
14.000000,36.000000,1507.784442
15.000000,36.000000,1642.824335
16.000000,36.000000,1783.402851
17.000000,36.000000,1927.302907
18.000000,36.000000,2074.639023
11.000000,36.500000,1119.968446
12.000000,36.500000,1244.137899
13.000000,36.500000,1374.599821
14.000000,36.500000,1508.658967
15.000000,36.500000,1643.723867
16.000000,36.500000,1784.328097
17.000000,36.500000,1928.190334
18.000000,36.500000,2075.511686
11.000000,37.000000,1120.576448
12.000000,37.000000,1244.869315
13.000000,37.000000,1375.463756
14.000000,37.000000,1509.533382
15.000000,37.000000,1644.623323
16.000000,37.000000,1785.253302
17.000000,37.000000,1929.077694
18.000000,37.000000,2076.384296
11.000000,37.500000,1121.268898
12.000000,37.500000,1245.657754
13.000000,37.500000,1376.354934
14.000000,37.500000,1510.402807
15.000000,37.500000,1645.497510
16.000000,37.500000,1786.131297
17.000000,37.500000,1929.920892
18.000000,37.500000,2077.235232
11.000000,38.000000,1121.961222
12.000000,38.000000,1246.446101
13.000000,38.000000,1377.246057
14.000000,38.000000,1511.272121
15.000000,38.000000,1646.371610
16.000000,38.000000,1787.009231
17.000000,38.000000,1930.764005
18.000000,38.000000,2078.086109
11.000000,38.500000,1122.659708
12.000000,38.500000,1247.240761
13.000000,38.500000,1378.143657
14.000000,38.500000,1512.145245
15.000000,38.500000,1647.254784
16.000000,38.500000,1787.901808
17.000000,38.500000,1931.619931
18.000000,38.500000,2078.943782
11.000000,39.000000,1123.358068
12.000000,39.000000,1248.035330
13.000000,39.000000,1379.041204
14.000000,39.000000,1513.018258
15.000000,39.000000,1648.137871
16.000000,39.000000,1788.794321
17.000000,39.000000,1932.475768
18.000000,39.000000,2079.801395
11.000000,39.500000,1124.053601
12.000000,39.500000,1248.830527
13.000000,39.500000,1379.943125
14.000000,39.500000,1513.891906
15.000000,39.500000,1649.018533
16.000000,39.500000,1789.681133
17.000000,39.500000,1933.362582
18.000000,39.500000,2080.752021
11.000000,40.000000,1124.749012
12.000000,40.000000,1249.625635
13.000000,40.000000,1380.844996
14.000000,40.000000,1514.765445
15.000000,40.000000,1649.899111
16.000000,40.000000,1790.567884
17.000000,40.000000,1934.249301
18.000000,40.000000,2081.702566
11.000000,40.500000,1125.441887
12.000000,40.500000,1250.421659
13.000000,40.500000,1381.751530
14.000000,40.500000,1515.639420
15.000000,40.500000,1650.777093
16.000000,40.500000,1791.448790
17.000000,40.500000,1935.142423
18.000000,40.500000,2082.676502
11.000000,41.000000,1126.134642
12.000000,41.000000,1251.217598
13.000000,41.000000,1382.658018
14.000000,41.000000,1516.513287
15.000000,41.000000,1651.654990
16.000000,41.000000,1792.329635
17.000000,41.000000,1936.035447
18.000000,41.000000,2083.650348
11.000000,41.500000,1126.822294
12.000000,41.500000,1252.007207
13.000000,41.500000,1383.556792
14.000000,41.500000,1517.371128
15.000000,41.500000,1652.510034
16.000000,41.500000,1793.180278
17.000000,41.500000,1936.911353
18.000000,41.500000,2084.625379
11.000000,42.000000,1127.509830
12.000000,42.000000,1252.796730
13.000000,42.000000,1384.455516
14.000000,42.000000,1518.228854
15.000000,42.000000,1653.364984
16.000000,42.000000,1794.030846
17.000000,42.000000,1937.787150
18.000000,42.000000,2085.600314
11.000000,42.500000,1128.217296
12.000000,42.500000,1253.593825
13.000000,42.500000,1385.348269
14.000000,42.500000,1519.070738
15.000000,42.500000,1654.206935
16.000000,42.500000,1794.871522
17.000000,42.500000,1938.663360
18.000000,42.500000,2086.583345
11.000000,43.000000,1128.924640
12.000000,43.000000,1254.390829
13.000000,43.000000,1386.240964
14.000000,43.000000,1519.912502
15.000000,43.000000,1655.048788
16.000000,43.000000,1795.712120
17.000000,43.000000,1939.539457
18.000000,43.000000,2087.566277
11.000000,43.500000,1129.716713
12.000000,43.500000,1255.248997
13.000000,43.500000,1387.168994
14.000000,43.500000,1520.767694
15.000000,43.500000,1655.898899
16.000000,43.500000,1796.555469
17.000000,43.500000,1940.423578
18.000000,43.500000,2088.561156
11.000000,44.000000,1130.508647
12.000000,44.000000,1256.107066
13.000000,44.000000,1388.096963
14.000000,44.000000,1521.622760
15.000000,44.000000,1656.748908
16.000000,44.000000,1797.398740
17.000000,44.000000,1941.307588
18.000000,44.000000,2089.555937
11.000000,44.500000,1131.347106
12.000000,44.500000,1256.991730
13.000000,44.500000,1389.029786
14.000000,44.500000,1522.472768
15.000000,44.500000,1657.598817
16.000000,44.500000,1798.247193
17.000000,44.500000,1942.203873
18.000000,44.500000,2090.564783
11.000000,45.000000,1132.185417
12.000000,45.000000,1257.876291
13.000000,45.000000,1389.962548
14.000000,45.000000,1523.322653
15.000000,45.000000,1658.448626
16.000000,45.000000,1799.095568
17.000000,45.000000,1943.100045
18.000000,45.000000,2091.573531
11.000000,45.500000,1133.065826
12.000000,45.500000,1258.784033
13.000000,45.500000,1390.897855
14.000000,45.500000,1524.171191
15.000000,45.500000,1659.308260
16.000000,45.500000,1799.965661
17.000000,45.500000,1944.020969
18.000000,45.500000,2092.601920
11.000000,46.000000,1133.946079
12.000000,46.000000,1259.691670
13.000000,46.000000,1391.833104
14.000000,46.000000,1525.019606
15.000000,46.000000,1660.167792
16.000000,46.000000,1800.835673
17.000000,46.000000,1944.941777
18.000000,46.000000,2093.630210
11.000000,46.500000,1134.827993
12.000000,46.500000,1260.597402
13.000000,46.500000,1392.762551
14.000000,46.500000,1525.913777
15.000000,46.500000,1661.163933
16.000000,46.500000,1801.939002
17.000000,46.500000,1946.043400
18.000000,46.500000,2094.744513
11.000000,47.000000,1135.709754
12.000000,47.000000,1261.503031
13.000000,47.000000,1393.691942
14.000000,47.000000,1526.807817
15.000000,47.000000,1662.159949
16.000000,47.000000,1803.042215
17.000000,47.000000,1947.144860
18.000000,47.000000,2095.858701
11.000000,47.500000,1136.592920
12.000000,47.500000,1262.406525
13.000000,47.500000,1394.615330
14.000000,47.500000,1527.698892
15.000000,47.500000,1663.152952
16.000000,47.500000,1804.142364
17.000000,47.500000,1948.244252
18.000000,47.500000,2096.978378
11.000000,48.000000,1137.475937
12.000000,48.000000,1263.309921
13.000000,48.000000,1395.538665
14.000000,48.000000,1528.589839
15.000000,48.000000,1664.145832
16.000000,48.000000,1805.242399
17.000000,48.000000,1949.343485
18.000000,48.000000,2098.097943
11.000000,48.500000,1138.359334
12.000000,48.500000,1264.209165
13.000000,48.500000,1396.452877
14.000000,48.500000,1529.475224
15.000000,48.500000,1665.134245
16.000000,48.500000,1806.339185
17.000000,48.500000,1950.437552
18.000000,48.500000,2099.215136
11.000000,49.000000,1139.242584
12.000000,49.000000,1265.108311
13.000000,49.000000,1397.367035
14.000000,49.000000,1530.360480
15.000000,49.000000,1666.122535
16.000000,49.000000,1807.435858
17.000000,49.000000,1951.531464
18.000000,49.000000,2100.332216
11.000000,49.500000,1140.132232
12.000000,49.500000,1266.013516
13.000000,49.500000,1398.286608
14.000000,49.500000,1531.249959
15.000000,49.500000,1667.111646
16.000000,49.500000,1808.530035
17.000000,49.500000,1952.599747
18.000000,49.500000,2101.400855
11.000000,50.000000,1141.021728
12.000000,50.000000,1266.918606
13.000000,50.000000,1399.206099
14.000000,50.000000,1532.139281
15.000000,50.000000,1668.100621
16.000000,50.000000,1809.624099
17.000000,50.000000,1953.667868
18.000000,50.000000,2102.469361
11.000000,50.500000,1141.966356
12.000000,50.500000,1267.918076
13.000000,50.500000,1400.262232
14.000000,50.500000,1533.134440
15.000000,50.500000,1669.145711
16.000000,50.500000,1810.721095
17.000000,50.500000,1954.737675
18.000000,50.500000,2103.551238
11.000000,51.000000,1142.910839
12.000000,51.000000,1268.917430
13.000000,51.000000,1401.318278
14.000000,51.000000,1534.129414
15.000000,51.000000,1670.190652
16.000000,51.000000,1811.817979
17.000000,51.000000,1955.807321
18.000000,51.000000,2104.632980
11.000000,51.500000,1143.866260
12.000000,51.500000,1269.925516
13.000000,51.500000,1402.380597
14.000000,51.500000,1535.126862
15.000000,51.500000,1671.234189
16.000000,51.500000,1812.909301
17.000000,51.500000,1956.869844
18.000000,51.500000,2105.708066
11.000000,52.000000,1144.821538
12.000000,52.000000,1270.933490
13.000000,52.000000,1403.442832
14.000000,52.000000,1536.124126
15.000000,52.000000,1672.277579
16.000000,52.000000,1814.000514
17.000000,52.000000,1957.932207
18.000000,52.000000,2106.783020
11.000000,52.500000,1145.823543
12.000000,52.500000,1271.970767
13.000000,52.500000,1404.515230
14.000000,52.500000,1537.123574
15.000000,52.500000,1673.319288
16.000000,52.500000,1815.085901
17.000000,52.500000,1958.982871
18.000000,52.500000,2107.841444
11.000000,53.000000,1146.825409
12.000000,53.000000,1273.007934
13.000000,53.000000,1405.587545
14.000000,53.000000,1538.122842
15.000000,53.000000,1674.360853
16.000000,53.000000,1816.171180
17.000000,53.000000,1960.033377
18.000000,53.000000,2108.899736
11.000000,53.500000,1147.821882
12.000000,53.500000,1274.043881
13.000000,53.500000,1406.663179
14.000000,53.500000,1539.142893
15.000000,53.500000,1675.444626
16.000000,53.500000,1817.321478
17.000000,53.500000,1961.109838
18.000000,53.500000,2109.944950
11.000000,54.000000,1148.818220
12.000000,54.000000,1275.079722
13.000000,54.000000,1407.738734
14.000000,54.000000,1540.162763
15.000000,54.000000,1676.528252
16.000000,54.000000,1818.471665
17.000000,54.000000,1962.186127
18.000000,54.000000,2110.990014
11.000000,54.500000,1149.809640
12.000000,54.500000,1276.114783
13.000000,54.500000,1408.818010
14.000000,54.500000,1541.202083
15.000000,54.500000,1677.648906
16.000000,54.500000,1819.677590
17.000000,54.500000,1963.292822
18.000000,54.500000,2112.046250
10.000000,55.000000,1030.850772
11.000000,55.000000,1150.800929
12.000000,55.000000,1277.149741
13.000000,55.000000,1409.897210
14.000000,55.000000,1542.241221
15.000000,55.000000,1678.769411
16.000000,55.000000,1820.883402
17.000000,55.000000,1964.399339
18.000000,55.000000,2113.102336
10.000000,55.500000,1031.790760
11.000000,55.500000,1151.787762
12.000000,55.500000,1278.184352
13.000000,55.500000,1410.980531
14.000000,55.500000,1543.310303
15.000000,55.500000,1679.948853
16.000000,55.500000,1822.115170
17.000000,55.500000,1965.552968
18.000000,55.500000,2114.174365
10.000000,56.000000,1032.730593
11.000000,56.000000,1152.774468
12.000000,56.000000,1279.218863
13.000000,56.000000,1412.063777
14.000000,56.000000,1544.379199
15.000000,56.000000,1681.128136
16.000000,56.000000,1823.346708
17.000000,56.000000,1966.706404
18.000000,56.000000,2115.246240
10.000000,56.500000,1033.665425
11.000000,56.500000,1153.775658
12.000000,56.500000,1280.289135
13.000000,56.500000,1413.205857
14.000000,56.500000,1545.497334
15.000000,56.500000,1682.343381
16.000000,56.500000,1824.585845
17.000000,56.500000,1967.866814
18.000000,56.500000,2116.321759
10.000000,57.000000,1034.600108
11.000000,57.000000,1154.776726
12.000000,57.000000,1281.359314
13.000000,57.000000,1414.347871
14.000000,57.000000,1546.615281
15.000000,57.000000,1683.558468
16.000000,57.000000,1825.824745
17.000000,57.000000,1969.027032
18.000000,57.000000,2117.397124
10.000000,57.500000,1035.599794
11.000000,57.500000,1155.832209
12.000000,57.500000,1282.471711
13.000000,57.500000,1415.518303
14.000000,57.500000,1547.754608
15.000000,57.500000,1684.788815
16.000000,57.500000,1827.063313
17.000000,57.500000,1970.201883
18.000000,57.500000,2118.502943
10.000000,58.000000,1036.599388
11.000000,58.000000,1156.887610
12.000000,58.000000,1283.584039
13.000000,58.000000,1416.688676
14.000000,58.000000,1548.893748
15.000000,58.000000,1686.019006
16.000000,58.000000,1828.301648
17.000000,58.000000,1971.376541
18.000000,58.000000,2119.608605
10.000000,58.500000,1037.607929
11.000000,58.500000,1158.025562
12.000000,58.500000,1284.859187
13.000000,58.500000,1418.108803
14.000000,58.500000,1550.197396
15.000000,58.500000,1687.333402
16.000000,58.500000,1829.544301
17.000000,58.500000,1972.598564
18.000000,58.500000,2120.807152
10.000000,59.000000,1038.616386
11.000000,59.000000,1159.163446
12.000000,59.000000,1286.134285
13.000000,59.000000,1419.528902
14.000000,59.000000,1551.500840
15.000000,59.000000,1688.647638
16.000000,59.000000,1830.786722
17.000000,59.000000,1973.820387
18.000000,59.000000,2122.005529
10.000000,59.500000,1039.630366
11.000000,59.500000,1160.317595
12.000000,59.500000,1287.437312
13.000000,59.500000,1420.989517
14.000000,59.500000,1552.824929
15.000000,59.500000,1689.973453
16.000000,59.500000,1832.040507
17.000000,59.500000,1975.118157
18.000000,59.500000,2123.348146
10.000000,60.000000,1040.644270
11.000000,60.000000,1161.471684
12.000000,60.000000,1288.740297
13.000000,60.000000,1422.450112
14.000000,60.000000,1554.148816
15.000000,60.000000,1691.299111
16.000000,60.000000,1833.294061
17.000000,60.000000,1976.415714
18.000000,60.000000,2124.690571
10.000000,60.500000,1041.650679
11.000000,60.500000,1162.619837
12.000000,60.500000,1290.039306
13.000000,60.500000,1423.836755
14.000000,60.500000,1555.466240
15.000000,60.500000,1692.623238
16.000000,60.500000,1834.553315
17.000000,60.500000,1977.719156
18.000000,60.500000,2126.039063
10.000000,61.000000,1042.656980
11.000000,61.000000,1163.767908
12.000000,61.000000,1291.338264
13.000000,61.000000,1425.223273
14.000000,61.000000,1556.783468
15.000000,61.000000,1693.947211
16.000000,61.000000,1835.812339
17.000000,61.000000,1979.022387
18.000000,61.000000,2127.387364
10.000000,61.500000,1043.668672
11.000000,61.500000,1164.919087
12.000000,61.500000,1292.638006
13.000000,61.500000,1426.521367
14.000000,61.500000,1558.094826
15.000000,61.500000,1695.270194
16.000000,61.500000,1837.077076
17.000000,61.500000,1980.331516
18.000000,61.500000,2128.741746
10.000000,62.000000,1044.680233
11.000000,62.000000,1166.070168
12.000000,62.000000,1293.937691
13.000000,62.000000,1427.819227
14.000000,62.000000,1559.405994
15.000000,62.000000,1696.593027
16.000000,62.000000,1838.341585
17.000000,62.000000,1981.640436
18.000000,62.000000,2130.095938
10.000000,62.500000,1045.712972
11.000000,62.500000,1167.235365
12.000000,62.500000,1295.243636
13.000000,62.500000,1429.107715
14.000000,62.500000,1560.717287
15.000000,62.500000,1697.926224
16.000000,62.500000,1839.625197
17.000000,62.500000,1982.963115
18.000000,62.500000,2131.458120
10.000000,63.000000,1046.745591
11.000000,63.000000,1168.400475
12.000000,63.000000,1296.549531
13.000000,63.000000,1430.395976
14.000000,63.000000,1562.028399
15.000000,63.000000,1699.259282
16.000000,63.000000,1840.908589
17.000000,63.000000,1984.285591
18.000000,63.000000,2132.820115
10.000000,63.500000,1047.797566
11.000000,63.500000,1169.578157
12.000000,63.500000,1297.860458
13.000000,63.500000,1431.675689
14.000000,63.500000,1563.338000
15.000000,63.500000,1700.598406
16.000000,63.500000,1842.204168
17.000000,63.500000,1985.617575
18.000000,63.500000,2134.188717
10.000000,64.000000,1048.849433
11.000000,64.000000,1170.755761
12.000000,64.000000,1299.171342
13.000000,64.000000,1432.955181
14.000000,64.000000,1564.647427
15.000000,64.000000,1701.937400
16.000000,64.000000,1843.499532
17.000000,64.000000,1986.949359
18.000000,64.000000,2135.557135
10.000000,64.500000,1050.142805
11.000000,64.500000,1172.114226
12.000000,64.500000,1300.595615
13.000000,64.500000,1434.276648
14.000000,64.500000,1566.000187
15.000000,64.500000,1703.320837
16.000000,64.500000,1844.834339
17.000000,64.500000,1988.306086
18.000000,64.500000,2136.935040
10.000000,65.000000,1051.436161
11.000000,65.000000,1173.472695
12.000000,65.000000,1302.019912
13.000000,65.000000,1435.597936
14.000000,65.000000,1567.352801
15.000000,65.000000,1704.704161
16.000000,65.000000,1846.168930
17.000000,65.000000,1989.662614
18.000000,65.000000,2138.312762
10.000000,65.500000,1052.746883
11.000000,65.500000,1174.844487
12.000000,65.500000,1303.453028
13.000000,65.500000,1436.923350
14.000000,65.500000,1568.712997
15.000000,65.500000,1706.098697
16.000000,65.500000,1847.515455
17.000000,65.500000,1991.027895
18.000000,65.500000,2139.695832
10.000000,66.000000,1054.057607
11.000000,66.000000,1176.216298
12.000000,66.000000,1304.886181
13.000000,66.000000,1438.248599
14.000000,66.000000,1570.073058
15.000000,66.000000,1707.493127
16.000000,66.000000,1848.861768
17.000000,66.000000,1992.392980
18.000000,66.000000,2141.078720
10.000000,66.500000,1055.362081
11.000000,66.500000,1177.589629
12.000000,66.500000,1306.329433
13.000000,66.500000,1439.587813
14.000000,66.500000,1571.439579
15.000000,66.500000,1708.885815
16.000000,66.500000,1850.209940
17.000000,66.500000,1993.785386
18.000000,66.500000,2142.515927
10.000000,67.000000,1056.666563
11.000000,67.000000,1178.962993
12.000000,67.000000,1307.772743
13.000000,67.000000,1440.926883
14.000000,67.000000,1572.805979
15.000000,67.000000,1710.278404
16.000000,67.000000,1851.557903
17.000000,67.000000,1995.177598
18.000000,67.000000,2143.952953
10.000000,67.500000,1057.964717
11.000000,67.500000,1180.335276
12.000000,67.500000,1309.220766
13.000000,67.500000,1442.271778
14.000000,67.500000,1574.173340
15.000000,67.500000,1711.666639
16.000000,67.500000,1852.908543
17.000000,67.500000,1996.593812
18.000000,67.500000,2145.436593
10.000000,68.000000,1059.262886
11.000000,68.000000,1181.707602
12.000000,68.000000,1310.668861
13.000000,68.000000,1443.616544
14.000000,68.000000,1575.540590
15.000000,68.000000,1713.054781
16.000000,68.000000,1854.258977
17.000000,68.000000,1998.009835
18.000000,68.000000,2146.920054
10.000000,68.500000,1060.601282
11.000000,68.500000,1183.104253
12.000000,68.500000,1312.123473
13.000000,68.500000,1444.952470
14.000000,68.500000,1576.899308
15.000000,68.500000,1714.434733
16.000000,68.500000,1855.628215
17.000000,68.500000,1999.499337
18.000000,68.500000,2148.534928
10.000000,69.000000,1061.939747
11.000000,69.000000,1184.500981
12.000000,69.000000,1313.578172
13.000000,69.000000,1446.288271
14.000000,69.000000,1578.257919
15.000000,69.000000,1715.814595
16.000000,69.000000,1856.997249
17.000000,69.000000,2000.988646
18.000000,69.000000,2150.149623
10.000000,69.500000,1063.299229
11.000000,69.500000,1185.908685
12.000000,69.500000,1315.032619
13.000000,69.500000,1447.615393
14.000000,69.500000,1579.608148
15.000000,69.500000,1717.186407
16.000000,69.500000,1858.379901
17.000000,69.500000,2002.523714
18.000000,69.500000,2151.844131
10.000000,70.000000,1064.658814
11.000000,70.000000,1187.316488
12.000000,70.000000,1316.487163
13.000000,70.000000,1448.942394
14.000000,70.000000,1580.958273
15.000000,70.000000,1718.558131
16.000000,70.000000,1859.762352
17.000000,70.000000,2004.058591
18.000000,70.000000,2153.538460
10.000000,70.500000,1066.023694
11.000000,70.500000,1188.724577
12.000000,70.500000,1317.936408
13.000000,70.500000,1450.260873
14.000000,70.500000,1582.300164
15.000000,70.500000,1719.921940
16.000000,70.500000,1861.146050
17.000000,70.500000,2005.595227
18.000000,70.500000,2155.235086
10.000000,71.000000,1067.388695
11.000000,71.000000,1190.132775
12.000000,71.000000,1319.385754
13.000000,71.000000,1451.579234
14.000000,71.000000,1583.641954
15.000000,71.000000,1721.285665
16.000000,71.000000,1862.529551
17.000000,71.000000,2007.131675
18.000000,71.000000,2156.931538
10.000000,71.500000,1068.833687
11.000000,71.500000,1191.589451
12.000000,71.500000,1320.848340
13.000000,71.500000,1452.937856
14.000000,71.500000,1585.150062
15.000000,71.500000,1722.951031
16.000000,71.500000,1864.202851
17.000000,71.500000,2008.819030
18.000000,71.500000,2158.630871
10.000000,72.000000,1070.278900
11.000000,72.000000,1193.046296
12.000000,72.000000,1322.311049
13.000000,72.000000,1454.296373
14.000000,72.000000,1586.658105
15.000000,72.000000,1724.616376
16.000000,72.000000,1865.875968
17.000000,72.000000,2010.506208
18.000000,72.000000,2160.330033
10.000000,72.500000,1071.761804
11.000000,72.500000,1194.577677
12.000000,72.500000,1323.888702
13.000000,72.500000,1455.792921
14.000000,72.500000,1588.296577
15.000000,72.500000,1726.403025
16.000000,72.500000,1867.626364
17.000000,72.500000,2012.228241
10.000000,73.000000,1073.244984
11.000000,73.000000,1196.109318
12.000000,73.000000,1325.466599
13.000000,73.000000,1457.289467
14.000000,73.000000,1589.935055
15.000000,73.000000,1728.189685
16.000000,73.000000,1869.376571
17.000000,73.000000,2013.950096
10.000000,73.500000,1074.724023
11.000000,73.500000,1197.646735
12.000000,73.500000,1327.061210
13.000000,73.500000,1458.810703
14.000000,73.500000,1591.587597
15.000000,73.500000,1729.978569
16.000000,73.500000,1871.110530
17.000000,73.500000,2015.657705
10.000000,74.000000,1076.203343
11.000000,74.000000,1199.184427
12.000000,74.000000,1328.656091
13.000000,74.000000,1460.331952
14.000000,74.000000,1593.240132
15.000000,74.000000,1731.767421
16.000000,74.000000,1872.844258
17.000000,74.000000,2017.365117
10.000000,74.500000,1077.676428
11.000000,74.500000,1200.720771
12.000000,74.500000,1330.255026
13.000000,74.500000,1461.861085
14.000000,74.500000,1594.890200
15.000000,74.500000,1733.542625
16.000000,74.500000,1874.553262
17.000000,74.500000,2019.054529
10.000000,75.000000,1079.149797
11.000000,75.000000,1202.257397
12.000000,75.000000,1331.854243
13.000000,75.000000,1463.390242
14.000000,75.000000,1596.540266
15.000000,75.000000,1735.317799
16.000000,75.000000,1876.262043
17.000000,75.000000,2020.743750
10.000000,75.500000,1080.669714
11.000000,75.500000,1203.822871
12.000000,75.500000,1333.461888
13.000000,75.500000,1464.918682
14.000000,75.500000,1598.182338
15.000000,75.500000,1737.077257
16.000000,75.500000,1877.955135
17.000000,75.500000,2022.435224
10.000000,76.000000,1082.190057
11.000000,76.000000,1205.388708
12.000000,76.000000,1335.069832
13.000000,76.000000,1466.447134
14.000000,76.000000,1599.824401
15.000000,76.000000,1738.836682
16.000000,76.000000,1879.648014
17.000000,76.000000,2024.126518
10.000000,76.500000,1083.712322
11.000000,76.500000,1206.952740
12.000000,76.500000,1336.671523
13.000000,76.500000,1467.968913
14.000000,76.500000,1601.454684
15.000000,76.500000,1740.579176
16.000000,76.500000,1881.372891
17.000000,76.500000,2025.931166
10.000000,77.000000,1085.235023
11.000000,77.000000,1208.517119
12.000000,77.000000,1338.273471
13.000000,77.000000,1469.490661
14.000000,77.000000,1603.084932
15.000000,77.000000,1742.321631
16.000000,77.000000,1883.097575
17.000000,77.000000,2027.735668
10.000000,77.500000,1086.762402
11.000000,77.500000,1210.093882
12.000000,77.500000,1339.896162
13.000000,77.500000,1471.041530
14.000000,77.500000,1604.745219
15.000000,77.500000,1744.095042
16.000000,77.500000,1884.847335
17.000000,77.500000,2029.561471
10.000000,78.000000,1088.290232
11.000000,78.000000,1211.671009
12.000000,78.000000,1341.519126
13.000000,78.000000,1472.592387
14.000000,78.000000,1606.405493
15.000000,78.000000,1745.868438
16.000000,78.000000,1886.596923
17.000000,78.000000,2031.387142
10.000000,78.500000,1089.844158
11.000000,78.500000,1213.275131
12.000000,78.500000,1343.169674
13.000000,78.500000,1474.177647
14.000000,78.500000,1608.104653
15.000000,78.500000,1747.685456
16.000000,78.500000,1888.382739
17.000000,78.500000,2033.243964
10.000000,79.000000,1091.398597
11.000000,79.000000,1214.879661
12.000000,79.000000,1344.820521
13.000000,79.000000,1475.762917
14.000000,79.000000,1609.803825
15.000000,79.000000,1749.502488
16.000000,79.000000,1890.168408
17.000000,79.000000,2035.100676
10.000000,79.500000,1092.964000
11.000000,79.500000,1216.501228
12.000000,79.500000,1346.494898
13.000000,79.500000,1477.374529
14.000000,79.500000,1611.523996
15.000000,79.500000,1751.334699
16.000000,79.500000,1891.965642
17.000000,79.500000,2036.969873
10.000000,80.000000,1094.529941
11.000000,80.000000,1218.123225
12.000000,80.000000,1348.169594
13.000000,80.000000,1478.986171
14.000000,80.000000,1613.244197
15.000000,80.000000,1753.166941
16.000000,80.000000,1893.762743
17.000000,80.000000,2038.838970
10.000000,80.500000,1096.183765
11.000000,80.500000,1219.945249
12.000000,80.500000,1350.166889
13.000000,80.500000,1480.856536
14.000000,80.500000,1615.114296
15.000000,80.500000,1755.031410
16.000000,80.500000,1895.577526
17.000000,80.500000,2040.721827
10.000000,81.000000,1097.838210
11.000000,81.000000,1221.767884
12.000000,81.000000,1352.164776
13.000000,81.000000,1482.727113
14.000000,81.000000,1616.984570
15.000000,81.000000,1756.896019
16.000000,81.000000,1897.392254
17.000000,81.000000,2042.604618
10.000000,81.500000,1099.524547
11.000000,81.500000,1223.628503
12.000000,81.500000,1354.207112
13.000000,81.500000,1484.619877
14.000000,81.500000,1618.868023
15.000000,81.500000,1758.764034
16.000000,81.500000,1899.216807
17.000000,81.500000,2044.497531
10.000000,82.000000,1101.211540
11.000000,82.000000,1225.489771
12.000000,82.000000,1356.250080
13.000000,82.000000,1486.512875
14.000000,82.000000,1620.751666
15.000000,82.000000,1760.632199
16.000000,82.000000,1901.041311
17.000000,82.000000,2046.390383
10.000000,82.500000,1103.109111
11.000000,82.500000,1227.469624
12.000000,82.500000,1358.309150
13.000000,82.500000,1488.395021
14.000000,82.500000,1622.630311
15.000000,82.500000,1762.501675
16.000000,82.500000,1902.857522
17.000000,82.500000,2048.256662
9.000000,83.000000,987.040929
10.000000,83.000000,1105.007640
11.000000,83.000000,1229.450287
12.000000,83.000000,1360.368868
13.000000,83.000000,1490.277399
14.000000,83.000000,1624.509146
15.000000,83.000000,1764.371301
16.000000,83.000000,1904.673670
17.000000,83.000000,2050.122850
9.000000,83.500000,988.868632
10.000000,83.500000,1106.913416
11.000000,83.500000,1231.430223
12.000000,83.500000,1362.419050
13.000000,83.500000,1492.149837
14.000000,83.500000,1626.383834
15.000000,83.500000,1766.159669
16.000000,83.500000,1906.491792
17.000000,83.500000,2051.985486
9.000000,84.000000,990.697448
10.000000,84.000000,1108.820157
11.000000,84.000000,1233.410962
12.000000,84.000000,1364.469863
13.000000,84.000000,1494.022504
14.000000,84.000000,1628.258711
15.000000,84.000000,1767.948032
16.000000,84.000000,1908.309844
17.000000,84.000000,2053.848018
18.000000,84.000000,2203.309818
19.000000,84.000000,2356.297752
9.000000,84.500000,992.539810
10.000000,84.500000,1110.735740
11.000000,84.500000,1235.395311
12.000000,84.500000,1366.518525
13.000000,84.500000,1495.892099
14.000000,84.500000,1630.133290
15.000000,84.500000,1769.727811
16.000000,84.500000,1910.141498
17.000000,84.500000,2055.730883
18.000000,84.500000,2205.211654
19.000000,84.500000,2358.295630
9.000000,85.000000,994.383304
10.000000,85.000000,1112.652298
11.000000,85.000000,1237.380470
12.000000,85.000000,1368.567819
13.000000,85.000000,1497.761935
14.000000,85.000000,1632.008063
15.000000,85.000000,1771.507556
16.000000,85.000000,1911.973087
17.000000,85.000000,2057.613653
18.000000,85.000000,2207.113251
19.000000,85.000000,2360.293283
9.000000,85.500000,996.248803
10.000000,85.500000,1114.600442
11.000000,85.500000,1239.407951
12.000000,85.500000,1370.671331
13.000000,85.500000,1499.667958
14.000000,85.500000,1633.902050
15.000000,85.500000,1773.299958
16.000000,85.500000,1913.865271
17.000000,85.500000,2059.608393
18.000000,85.500000,2209.119408
19.000000,85.500000,2362.330282
9.000000,86.000000,998.115472
10.000000,86.000000,1116.549630
11.000000,86.000000,1241.436342
12.000000,86.000000,1372.775608
13.000000,86.000000,1501.574313
14.000000,86.000000,1635.796272
15.000000,86.000000,1775.092328
16.000000,86.000000,1915.757431
17.000000,86.000000,2061.603118
18.000000,86.000000,2211.125396
19.000000,86.000000,2364.367091
9.000000,86.500000,999.992486
10.000000,86.500000,1118.507128
11.000000,86.500000,1243.470820
12.000000,86.500000,1374.773622
13.000000,86.500000,1503.535455
14.000000,86.500000,1637.804323
15.000000,86.500000,1777.051307
16.000000,86.500000,1917.779810
17.000000,86.500000,2063.688589
18.000000,86.500000,2213.177110
19.000000,86.500000,2366.412436
9.000000,87.000000,1001.870684
10.000000,87.000000,1120.465684
11.000000,87.000000,1245.506220
12.000000,87.000000,1376.772230
13.000000,87.000000,1505.497001
14.000000,87.000000,1639.812730
15.000000,87.000000,1779.010392
16.000000,87.000000,1919.802268
17.000000,87.000000,2065.774114
18.000000,87.000000,2215.228690
19.000000,87.000000,2368.457607
9.000000,87.500000,1003.750245
10.000000,87.500000,1122.426137
11.000000,87.500000,1247.544229
12.000000,87.500000,1378.688676
13.000000,87.500000,1507.472688
14.000000,87.500000,1641.845906
15.000000,87.500000,1781.002603
16.000000,87.500000,1921.848312
17.000000,87.500000,2067.872910
18.000000,87.500000,2217.278473
19.000000,87.500000,2370.491561
9.000000,88.000000,1005.630981
10.000000,88.000000,1124.387646
11.000000,88.000000,1249.583168
12.000000,88.000000,1380.605598
13.000000,88.000000,1509.448804
14.000000,88.000000,1643.879466
15.000000,88.000000,1782.994944
16.000000,88.000000,1923.894451
17.000000,88.000000,2069.971765
18.000000,88.000000,2219.328120
19.000000,88.000000,2372.525340
9.000000,88.500000,1007.590712
10.000000,88.500000,1126.429868
11.000000,88.500000,1251.704500
12.000000,88.500000,1382.603285
13.000000,88.500000,1511.490827
14.000000,88.500000,1645.962030
15.000000,88.500000,1785.019333
16.000000,88.500000,1925.962944
17.000000,88.500000,2072.082511
18.000000,88.500000,2221.404401
19.000000,88.500000,2374.622558
9.000000,89.000000,1009.551773
10.000000,89.000000,1128.473312
11.000000,89.000000,1253.826940
12.000000,89.000000,1384.601628
13.000000,89.000000,1513.533404
14.000000,89.000000,1648.045049
15.000000,89.000000,1787.043874
16.000000,89.000000,1928.031545
17.000000,89.000000,2074.193317
18.000000,89.000000,2223.480553
19.000000,89.000000,2376.719618
9.000000,89.500000,1011.698244
10.000000,89.500000,1130.644825
11.000000,89.500000,1256.012365
12.000000,89.500000,1386.610158
13.000000,89.500000,1515.641569
14.000000,89.500000,1650.253414
15.000000,89.500000,1789.217346
16.000000,89.500000,1930.189937
17.000000,89.500000,2076.330373
18.000000,89.500000,2225.567632
19.000000,89.500000,2378.834791
9.000000,90.000000,1013.846481
10.000000,90.000000,1132.817842
11.000000,90.000000,1258.199031
12.000000,90.000000,1388.619365
13.000000,90.000000,1517.750355
14.000000,90.000000,1652.462341
15.000000,90.000000,1791.391068
16.000000,90.000000,1932.348489
17.000000,90.000000,2078.467500
18.000000,90.000000,2227.654586
19.000000,90.000000,2380.949816
9.000000,90.500000,1015.987284
10.000000,90.500000,1134.980121
11.000000,90.500000,1260.371445
12.000000,90.500000,1390.622684
13.000000,90.500000,1519.853734
14.000000,90.500000,1654.666398
15.000000,90.500000,1793.552926
16.000000,90.500000,1934.500894
17.000000,90.500000,2080.604589
18.000000,90.500000,2229.773185
19.000000,90.500000,2383.131362
9.000000,91.000000,1018.129827
10.000000,91.000000,1137.143875
11.000000,91.000000,1262.545070
12.000000,91.000000,1392.626673
13.000000,91.000000,1521.957726
14.000000,91.000000,1656.871011
15.000000,91.000000,1795.715026
16.000000,91.000000,1936.653453
17.000000,91.000000,2082.741745
18.000000,91.000000,2231.891679
19.000000,91.000000,2385.312802
9.000000,91.500000,1020.272752
10.000000,91.500000,1139.302164
11.000000,91.500000,1264.706741
12.000000,91.500000,1394.624944
13.000000,91.500000,1524.056478
14.000000,91.500000,1659.070916
15.000000,91.500000,1797.866867
16.000000,91.500000,1938.803326
17.000000,91.500000,2084.884330
18.000000,91.500000,2234.047728
19.000000,91.500000,2387.562258
9.000000,92.000000,1022.417420
10.000000,92.000000,1141.461920
11.000000,92.000000,1266.869602
12.000000,92.000000,1396.623878
13.000000,92.000000,1526.155837
14.000000,92.000000,1661.271370
15.000000,92.000000,1800.018946
16.000000,92.000000,1940.953352
17.000000,92.000000,2087.026986
18.000000,92.000000,2236.203699
19.000000,92.000000,2389.811656
9.000000,92.500000,1024.581787
10.000000,92.500000,1143.674713
11.000000,92.500000,1269.122124
12.000000,92.500000,1398.732862
13.000000,92.500000,1528.323777
14.000000,92.500000,1663.495029
15.000000,92.500000,1802.169875
16.000000,92.500000,1943.129316
17.000000,92.500000,2089.224827
18.000000,92.500000,2238.410006
19.000000,92.500000,2392.087919
9.000000,93.000000,1026.747941
10.000000,93.000000,1145.889068
11.000000,93.000000,1271.375975
12.000000,93.000000,1400.842650
13.000000,93.000000,1530.492409
14.000000,93.000000,1665.719264
15.000000,93.000000,1804.321056
16.000000,93.000000,1945.305488
17.000000,93.000000,2091.422835
18.000000,93.000000,2240.616307
19.000000,93.000000,2394.364153
9.000000,93.500000,1028.945748
10.000000,93.500000,1148.194714
11.000000,93.500000,1273.786738
12.000000,93.500000,1403.126157
13.000000,93.500000,1532.767165
14.000000,93.500000,1667.975709
15.000000,93.500000,1806.466935
16.000000,93.500000,1947.486158
17.000000,93.500000,2093.635851
18.000000,93.500000,2242.840275
19.000000,93.500000,2396.654255
9.000000,94.000000,1031.145402
10.000000,94.000000,1150.502083
11.000000,94.000000,1276.199086
12.000000,94.000000,1405.410706
13.000000,94.000000,1535.042746
14.000000,94.000000,1670.232766
15.000000,94.000000,1808.613068
16.000000,94.000000,1949.667049
17.000000,94.000000,2095.849055
18.000000,94.000000,2245.064252
19.000000,94.000000,2398.944333
9.000000,94.500000,1033.355519
10.000000,94.500000,1152.825070
11.000000,94.500000,1278.632651
12.000000,94.500000,1407.723687
13.000000,94.500000,1537.383002
14.000000,94.500000,1672.593703
15.000000,94.500000,1810.873537
16.000000,94.500000,1951.938599
17.000000,94.500000,2098.127182
18.000000,94.500000,2247.333459
19.000000,94.500000,2401.256265
9.000000,95.000000,1035.567502
10.000000,95.000000,1155.149805
11.000000,95.000000,1281.067832
12.000000,95.000000,1410.037751
13.000000,95.000000,1539.724169
14.000000,95.000000,1674.955377
15.000000,95.000000,1813.134382
16.000000,95.000000,1954.210457
17.000000,95.000000,2100.405551
18.000000,95.000000,2249.602702
19.000000,95.000000,2403.568182
9.000000,95.500000,1037.849315
10.000000,95.500000,1157.529012
11.000000,95.500000,1283.539379
12.000000,95.500000,1412.401844
13.000000,95.500000,1542.192267
14.000000,95.500000,1677.527152
15.000000,95.500000,1815.627169
16.000000,95.500000,1956.699711
17.000000,95.500000,2102.884884
18.000000,95.500000,2251.996852
19.000000,95.500000,2405.921896
9.000000,96.000000,1040.133211
10.000000,96.000000,1159.910117
11.000000,96.000000,1286.012620
12.000000,96.000000,1414.767092
13.000000,96.000000,1544.661448
14.000000,96.000000,1680.099937
15.000000,96.000000,1818.120588
16.000000,96.000000,1959.189475
17.000000,96.000000,2105.364608
18.000000,96.000000,2254.391111
19.000000,96.000000,2408.275614
9.000000,96.500000,1042.512078
10.000000,96.500000,1162.392499
11.000000,96.500000,1288.592634
12.000000,96.500000,1417.226417
13.000000,96.500000,1547.198547
14.000000,96.500000,1682.711953
15.000000,96.500000,1820.621520
16.000000,96.500000,1961.669339
17.000000,96.500000,2107.782902
18.000000,96.500000,2256.769440
19.000000,96.500000,2410.626470
9.000000,97.000000,1044.893309
10.000000,97.000000,1164.877028
11.000000,97.000000,1291.174547
12.000000,97.000000,1419.687036
13.000000,97.000000,1549.736826
14.000000,97.000000,1685.325031
15.000000,97.000000,1823.123100
16.000000,97.000000,1964.149712
17.000000,97.000000,2110.201468
18.000000,97.000000,2259.147872
19.000000,97.000000,2412.977324
9.000000,97.500000,1047.275956
10.000000,97.500000,1167.364627
11.000000,97.500000,1293.761342
12.000000,97.500000,1422.153814
13.000000,97.500000,1552.281405
14.000000,97.500000,1687.944521
15.000000,97.500000,1825.616239
16.000000,97.500000,1966.611158
17.000000,97.500000,2112.576102
18.000000,97.500000,2261.523609
19.000000,97.500000,2415.349520
9.000000,98.000000,1049.660955
10.000000,98.000000,1169.854364
11.000000,98.000000,1296.350024
12.000000,98.000000,1424.621891
13.000000,98.000000,1554.827166
14.000000,98.000000,1690.565072
15.000000,98.000000,1828.110019
16.000000,98.000000,1969.073103
17.000000,98.000000,2114.950939
18.000000,98.000000,2263.899462
19.000000,98.000000,2417.721746
9.000000,98.500000,1052.050180
10.000000,98.500000,1172.343096
11.000000,98.500000,1298.931302
12.000000,98.500000,1427.072994
13.000000,98.500000,1557.342014
14.000000,98.500000,1693.139600
15.000000,98.500000,1830.553493
16.000000,98.500000,1971.495320
17.000000,98.500000,2117.306280
18.000000,98.500000,2266.296329
19.000000,98.500000,2420.158351
9.000000,99.000000,1054.441804
10.000000,99.000000,1174.833984
11.000000,99.000000,1301.514447
12.000000,99.000000,1429.525363
13.000000,99.000000,1559.857986
14.000000,99.000000,1695.715107
15.000000,99.000000,1832.997542
16.000000,99.000000,1973.917999
17.000000,99.000000,2119.661824
18.000000,99.000000,2268.693363
19.000000,99.000000,2422.595089
9.000000,99.500000,1056.831534
10.000000,99.500000,1177.319412
11.000000,99.500000,1304.088193
12.000000,99.500000,1431.969234
13.000000,99.500000,1562.368566
14.000000,99.500000,1698.288649
15.000000,99.500000,1835.428670
16.000000,99.500000,1976.319771
17.000000,99.500000,2121.999845
18.000000,99.500000,2271.089498
19.000000,99.500000,2425.048586
9.000000,100.000000,1059.223643
10.000000,100.000000,1179.806965
11.000000,100.000000,1306.663766
12.000000,100.000000,1434.414355
13.000000,100.000000,1564.880261
14.000000,100.000000,1700.863168
15.000000,100.000000,1837.860371
16.000000,100.000000,1978.721999
17.000000,100.000000,2124.338069
18.000000,100.000000,2273.485812
19.000000,100.000000,2427.502235
9.000000,100.500000,1061.645305
10.000000,100.500000,1182.363503
11.000000,100.500000,1309.352604
12.000000,100.500000,1436.967018
13.000000,100.500000,1567.465631
14.000000,100.500000,1703.473290
15.000000,100.500000,1840.298563
16.000000,100.500000,1981.111839
17.000000,100.500000,2126.665254
18.000000,100.500000,2275.906305
19.000000,100.500000,2430.017498
9.000000,101.000000,1064.069426
10.000000,101.000000,1184.922376
11.000000,101.000000,1312.043624
12.000000,101.000000,1439.521254
13.000000,101.000000,1570.052317
14.000000,101.000000,1706.084463
15.000000,101.000000,1842.737358
16.000000,101.000000,1983.502140
17.000000,101.000000,2128.992646
18.000000,101.000000,2278.327007
19.000000,101.000000,2432.532970
9.000000,101.500000,1066.511508
10.000000,101.500000,1187.518041
11.000000,101.500000,1314.792562
12.000000,101.500000,1442.122096
13.000000,101.500000,1572.670401
14.000000,101.500000,1708.709942
15.000000,101.500000,1845.312185
16.000000,101.500000,1986.182948
17.000000,101.500000,2131.703558
18.000000,101.500000,2280.987038
19.000000,101.500000,2435.134040
9.000000,102.000000,1068.956093
10.000000,102.000000,1190.116144
11.000000,102.000000,1317.543852
12.000000,102.000000,1444.724646
13.000000,102.000000,1575.289882
14.000000,102.000000,1711.336495
15.000000,102.000000,1847.887761
16.000000,102.000000,1988.864485
17.000000,102.000000,2134.414974
18.000000,102.000000,2283.647461
19.000000,102.000000,2437.735395
9.000000,102.500000,1071.497502
10.000000,102.500000,1192.773893
11.000000,102.500000,1320.312396
12.000000,102.500000,1447.328038
13.000000,102.500000,1577.914463
14.000000,102.500000,1713.972757
15.000000,102.500000,1850.504865
16.000000,102.500000,1991.610396
17.000000,102.500000,2137.180417
18.000000,102.500000,2286.329113
19.000000,102.500000,2440.323039
9.000000,103.000000,1074.041686
10.000000,103.000000,1195.434241
11.000000,103.000000,1323.083330
12.000000,103.000000,1449.933135
13.000000,103.000000,1580.540446
14.000000,103.000000,1716.610104
15.000000,103.000000,1853.122775
16.000000,103.000000,1994.357110
17.000000,103.000000,2139.946421
18.000000,103.000000,2289.011181
19.000000,103.000000,2442.910961
9.000000,103.500000,1076.643407
10.000000,103.500000,1198.128769
11.000000,103.500000,1325.861907
12.000000,103.500000,1452.600470
13.000000,103.500000,1583.310721
14.000000,103.500000,1719.480679
15.000000,103.500000,1855.909216
16.000000,103.500000,1997.193032
17.000000,103.500000,2142.721915
18.000000,103.500000,2291.689049
19.000000,103.500000,2445.480115
9.000000,104.000000,1079.248057
10.000000,104.000000,1200.825981
11.000000,104.000000,1328.642883
12.000000,104.000000,1455.269631
13.000000,104.000000,1586.082667
14.000000,104.000000,1722.352752
15.000000,104.000000,1858.696743
16.000000,104.000000,2000.029892
17.000000,104.000000,2145.497990
18.000000,104.000000,2294.367336
19.000000,104.000000,2448.049539
9.000000,104.500000,1081.885754
10.000000,104.500000,1203.535153
11.000000,104.500000,1331.412325
12.000000,104.500000,1457.951336
13.000000,104.500000,1588.893349
14.000000,104.500000,1725.165434
15.000000,104.500000,1861.540748
16.000000,104.500000,2002.918834
17.000000,104.500000,2148.299706
18.000000,104.500000,2297.048653
8.000000,105.000000,969.022398
9.000000,105.000000,1084.526443
10.000000,105.000000,1206.247016
11.000000,105.000000,1334.184119
12.000000,105.000000,1460.634880
13.000000,105.000000,1591.705765
14.000000,105.000000,1727.979490
15.000000,105.000000,1864.385930
16.000000,105.000000,2005.808789
17.000000,105.000000,2151.102049
18.000000,105.000000,2299.730403
8.000000,105.500000,971.619746
9.000000,105.500000,1087.192171
10.000000,105.500000,1208.968144
11.000000,105.500000,1336.947666
12.000000,105.500000,1463.317192
13.000000,105.500000,1594.515024
14.000000,105.500000,1730.764475
15.000000,105.500000,1867.230631
16.000000,105.500000,2008.709341
17.000000,105.500000,2153.900700
18.000000,105.500000,2302.399008
8.000000,106.000000,974.220438
9.000000,106.000000,1089.860936
10.000000,106.000000,1211.691968
11.000000,106.000000,1339.713532
12.000000,106.000000,1466.001332
13.000000,106.000000,1597.326001
14.000000,106.000000,1733.550777
15.000000,106.000000,1870.076502
16.000000,106.000000,2011.610909
17.000000,106.000000,2156.699977
18.000000,106.000000,2305.068040
8.000000,106.500000,976.817557
9.000000,106.500000,1092.526197
10.000000,106.500000,1214.412539
11.000000,106.500000,1342.476581
12.000000,106.500000,1468.689457
13.000000,106.500000,1600.136204
14.000000,106.500000,1736.327354
15.000000,106.500000,1872.918282
16.000000,106.500000,2014.514412
17.000000,106.500000,2159.483959
18.000000,106.500000,2307.717704
8.000000,107.000000,979.417993
9.000000,107.000000,1095.194470
10.000000,107.000000,1217.135783
11.000000,107.000000,1345.241932
12.000000,107.000000,1471.379412
13.000000,107.000000,1602.948116
14.000000,107.000000,1739.105229
15.000000,107.000000,1875.761217
16.000000,107.000000,2017.418920
17.000000,107.000000,2162.268549
18.000000,107.000000,2310.367780
8.000000,107.500000,982.014938
9.000000,107.500000,1097.859312
10.000000,107.500000,1219.855836
11.000000,107.500000,1347.827158
12.000000,107.500000,1474.072572
13.000000,107.500000,1605.758477
14.000000,107.500000,1741.874332
15.000000,107.500000,1878.600654
16.000000,107.500000,2020.325543
17.000000,107.500000,2165.092965
18.000000,107.500000,2313.154266
8.000000,108.000000,984.615172
9.000000,108.000000,1100.527140
10.000000,108.000000,1222.578542
11.000000,108.000000,1350.414352
12.000000,108.000000,1476.767563
13.000000,108.000000,1608.570535
14.000000,108.000000,1744.644714
15.000000,108.000000,1881.441226
16.000000,108.000000,2023.233153
17.000000,108.000000,2167.918029
18.000000,108.000000,2315.941300
8.000000,108.500000,987.227007
9.000000,108.500000,1103.291658
10.000000,108.500000,1225.493525
11.000000,108.500000,1353.276274
12.000000,108.500000,1479.691259
13.000000,108.500000,1611.547456
14.000000,108.500000,1747.513710
15.000000,108.500000,1884.340052
16.000000,108.500000,2026.154678
17.000000,108.500000,2170.793878
18.000000,108.500000,2318.882302
8.000000,109.000000,989.842147
9.000000,109.000000,1106.059426
10.000000,109.000000,1228.411684
11.000000,109.000000,1356.140866
12.000000,109.000000,1482.617352
13.000000,109.000000,1614.526477
14.000000,109.000000,1750.384222
15.000000,109.000000,1887.240133
16.000000,109.000000,2029.077187
17.000000,109.000000,2173.670414
18.000000,109.000000,2321.824013
8.000000,109.500000,992.535402
9.000000,109.500000,1108.883812
10.000000,109.500000,1231.360100
11.000000,109.500000,1359.003192
12.000000,109.500000,1485.543359
13.000000,109.500000,1617.507862
14.000000,109.500000,1753.259309
15.000000,109.500000,1890.144652
16.000000,109.500000,2032.004007
17.000000,109.500000,2176.566893
18.000000,109.500000,2324.799504
8.000000,110.000000,995.232254
9.000000,110.000000,1111.711659
10.000000,110.000000,1234.311798
11.000000,110.000000,1361.868169
12.000000,110.000000,1488.471751
13.000000,110.000000,1620.491343
14.000000,110.000000,1756.135922
15.000000,110.000000,1893.050440
16.000000,110.000000,2034.931826
17.000000,110.000000,2179.464101
18.000000,110.000000,2327.775736
8.000000,110.500000,997.950397
9.000000,110.500000,1114.552738
10.000000,110.500000,1237.267074
11.000000,110.500000,1364.725787
12.000000,110.500000,1491.396814
13.000000,110.500000,1623.476002
14.000000,110.500000,1759.038037
15.000000,110.500000,1896.042190
16.000000,110.500000,2038.011183
17.000000,110.500000,2182.492403
18.000000,110.500000,2330.820858
8.000000,111.000000,1000.672199
9.000000,111.000000,1117.397313
10.000000,111.000000,1240.225631
11.000000,111.000000,1367.586025
12.000000,111.000000,1494.324244
13.000000,111.000000,1626.462750
14.000000,111.000000,1761.941742
15.000000,111.000000,1899.035420
16.000000,111.000000,2041.091906
17.000000,111.000000,2185.521726
18.000000,111.000000,2333.866827
8.000000,111.500000,1003.406081
9.000000,111.500000,1120.259667
10.000000,111.500000,1243.207635
11.000000,111.500000,1370.472270
12.000000,111.500000,1497.279867
13.000000,111.500000,1629.480019
14.000000,111.500000,1764.886257
15.000000,111.500000,1902.078913
16.000000,111.500000,2044.233053
17.000000,111.500000,2188.585546
18.000000,111.500000,2336.919024
8.000000,112.000000,1006.143658
9.000000,112.000000,1123.125568
10.000000,112.000000,1246.192975
11.000000,112.000000,1373.361188
12.000000,112.000000,1500.237914
13.000000,112.000000,1632.499441
14.000000,112.000000,1767.832457
15.000000,112.000000,1905.124006
16.000000,112.000000,2047.375710
17.000000,112.000000,2191.650475
18.000000,112.000000,2339.972091
8.000000,112.500000,1008.882978
9.000000,112.500000,1125.997810
10.000000,112.500000,1249.189906
11.000000,112.500000,1376.275363
12.000000,112.500000,1503.263122
13.000000,112.500000,1635.631929
14.000000,112.500000,1770.896235
15.000000,112.500000,1908.231376
16.000000,112.500000,2050.520384
17.000000,112.500000,2194.699587
18.000000,112.500000,2343.009826
8.000000,113.000000,1011.625981
9.000000,113.000000,1128.873596
10.000000,113.000000,1252.190182
11.000000,113.000000,1379.192262
12.000000,113.000000,1506.290911
13.000000,113.000000,1638.766835
14.000000,113.000000,1773.961968
15.000000,113.000000,1911.340484
16.000000,113.000000,2053.666571
17.000000,113.000000,2197.749781
18.000000,113.000000,2346.048405
8.000000,113.500000,1014.369955
9.000000,113.500000,1131.751160
10.000000,113.500000,1255.193245
11.000000,113.500000,1382.112811
12.000000,113.500000,1509.318329
13.000000,113.500000,1641.896980
14.000000,113.500000,1777.015930
15.000000,113.500000,1914.437178
16.000000,113.500000,2056.799707
17.000000,113.500000,2200.790688
18.000000,113.500000,2349.085414
8.000000,114.000000,1017.117596
9.000000,114.000000,1134.632251
10.000000,114.000000,1258.199637
11.000000,114.000000,1385.036081
12.000000,114.000000,1512.348315
13.000000,114.000000,1645.029521
14.000000,114.000000,1780.071818
15.000000,114.000000,1917.535580
16.000000,114.000000,2059.934327
17.000000,114.000000,2203.832659
18.000000,114.000000,2352.123261
8.000000,114.500000,1019.866392
9.000000,114.500000,1137.515285
10.000000,114.500000,1261.208957
11.000000,114.500000,1387.962335
12.000000,114.500000,1515.377268
13.000000,114.500000,1648.156647
14.000000,114.500000,1783.115993
15.000000,114.500000,1920.621627
16.000000,114.500000,2063.055956
17.000000,114.500000,2206.891820
18.000000,114.500000,2355.213409
8.000000,115.000000,1022.618840
9.000000,115.000000,1140.401830
10.000000,115.000000,1264.221592
11.000000,115.000000,1390.891305
12.000000,115.000000,1518.408773
13.000000,115.000000,1651.286143
14.000000,115.000000,1786.162064
15.000000,115.000000,1923.709353
16.000000,115.000000,2066.179040
17.000000,115.000000,2209.952068
18.000000,115.000000,2358.304468
8.000000,115.500000,1025.379787
9.000000,115.500000,1143.314023
10.000000,115.500000,1267.279490
11.000000,115.500000,1393.868962
12.000000,115.500000,1521.466835
13.000000,115.500000,1654.417410
14.000000,115.500000,1789.208431
15.000000,115.500000,1926.816462
16.000000,115.500000,2069.279891
17.000000,115.500000,2213.045757
18.000000,115.500000,2361.422482
8.000000,116.000000,1028.144392
9.000000,116.000000,1146.229788
10.000000,116.000000,1270.340829
11.000000,116.000000,1396.849473
12.000000,116.000000,1524.527520
13.000000,116.000000,1657.551045
14.000000,116.000000,1792.256685
15.000000,116.000000,1929.925273
16.000000,116.000000,2072.382132
17.000000,116.000000,2216.140578
18.000000,116.000000,2364.541441
8.000000,116.500000,1031.121469
9.000000,116.500000,1149.335118
10.000000,116.500000,1273.565051
11.000000,116.500000,1399.979710
12.000000,116.500000,1527.745349
13.000000,116.500000,1660.848233
14.000000,116.500000,1795.456959
15.000000,116.500000,1933.169370
16.000000,116.500000,2075.558460
17.000000,116.500000,2219.310402
18.000000,116.500000,2367.696758
8.000000,117.000000,1034.102828
9.000000,117.000000,1152.444577
10.000000,117.000000,1276.793208
11.000000,117.000000,1403.113230
12.000000,117.000000,1530.966213
13.000000,117.000000,1664.148166
14.000000,117.000000,1798.659431
15.000000,117.000000,1936.415417
16.000000,117.000000,2078.736273
17.000000,117.000000,2222.481464
18.000000,117.000000,2370.853068
8.000000,117.500000,1037.102379
9.000000,117.500000,1155.565288
10.000000,117.500000,1280.024748
11.000000,117.500000,1406.261160
12.000000,117.500000,1534.230455
13.000000,117.500000,1667.523128
14.000000,117.500000,1801.926361
15.000000,117.500000,1939.703519
16.000000,117.500000,2081.945912
17.000000,117.500000,2225.784687
18.000000,117.500000,2374.248536
8.000000,118.000000,1040.106249
9.000000,118.000000,1158.690142
10.000000,118.000000,1283.260211
11.000000,118.000000,1409.412388
12.000000,118.000000,1537.497817
13.000000,118.000000,1670.900992
14.000000,118.000000,1805.195619
15.000000,118.000000,1942.993642
16.000000,118.000000,2085.157083
17.000000,118.000000,2229.089349
18.000000,118.000000,2377.645346
8.000000,118.500000,1043.119999
9.000000,118.500000,1161.824557
10.000000,118.500000,1286.505016
11.000000,118.500000,1412.576044
12.000000,118.500000,1540.776706
13.000000,118.500000,1674.289291
14.000000,118.500000,1808.472146
15.000000,118.500000,1946.296840
16.000000,118.500000,2088.400591
17.000000,118.500000,2232.448592
18.000000,118.500000,2381.120404
8.000000,119.000000,1046.138081
9.000000,119.000000,1164.963124
10.000000,119.000000,1289.753752
11.000000,119.000000,1415.743014
12.000000,119.000000,1544.058724
13.000000,119.000000,1677.680494
14.000000,119.000000,1811.751002
15.000000,119.000000,1949.602069
16.000000,119.000000,2091.645677
17.000000,119.000000,2235.809355
18.000000,119.000000,2384.596919
8.000000,119.500000,1049.163936
9.000000,119.500000,1168.115743
10.000000,119.500000,1293.023928
11.000000,119.500000,1418.934315
12.000000,119.500000,1547.358759
13.000000,119.500000,1681.082513
14.000000,119.500000,1815.077404
15.000000,119.500000,1953.009771
16.000000,119.500000,2095.030652
17.000000,119.500000,2239.246962
18.000000,119.500000,2388.082413
8.000000,120.000000,1052.194127
9.000000,120.000000,1171.272540
10.000000,120.000000,1296.298086
11.000000,120.000000,1422.128983
12.000000,120.000000,1550.661954
13.000000,120.000000,1684.487441
14.000000,120.000000,1818.406226
15.000000,120.000000,1956.419706
16.000000,120.000000,2098.417476
17.000000,120.000000,2242.686230
18.000000,120.000000,2391.569376
8.000000,120.500000,1055.220997
9.000000,120.500000,1174.426908
10.000000,120.500000,1299.570993
11.000000,120.500000,1425.338810
12.000000,120.500000,1554.002229
13.000000,120.500000,1687.953626
14.000000,120.500000,1821.818496
15.000000,120.500000,1959.936762
16.000000,120.500000,2101.908713
17.000000,120.500000,2246.177402
18.000000,120.500000,2395.051782
8.000000,121.000000,1058.252171
9.000000,121.000000,1177.585425
10.000000,121.000000,1302.847857
11.000000,121.000000,1428.552027
12.000000,121.000000,1557.345748
13.000000,121.000000,1691.422872
14.000000,121.000000,1825.233379
15.000000,121.000000,1963.456275
16.000000,121.000000,2105.402002
17.000000,121.000000,2249.670331
18.000000,121.000000,2398.535645
8.000000,121.500000,1061.271656
9.000000,121.500000,1180.736803
10.000000,121.500000,1306.122737
11.000000,121.500000,1431.778924
12.000000,121.500000,1560.718416
13.000000,121.500000,1694.938314
14.000000,121.500000,1828.679239
15.000000,121.500000,1966.990105
16.000000,121.500000,2108.886485
17.000000,121.500000,2253.150559
18.000000,121.500000,2402.002756
8.000000,122.000000,1064.295394
9.000000,122.000000,1183.892289
10.000000,122.000000,1309.401548
11.000000,122.000000,1435.009227
12.000000,122.000000,1564.094387
13.000000,122.000000,1698.456925
14.000000,122.000000,1832.127777
15.000000,122.000000,1970.526407
16.000000,122.000000,2112.372987
17.000000,122.000000,2256.632508
18.000000,122.000000,2405.471288
8.000000,122.500000,1067.322827
9.000000,122.500000,1187.050234
10.000000,122.500000,1312.680832
11.000000,122.500000,1438.243727
12.000000,122.500000,1567.474218
13.000000,122.500000,1701.867619
14.000000,122.500000,1835.576292
15.000000,122.500000,1974.063364
16.000000,122.500000,2115.850084
17.000000,122.500000,2260.101184
8.000000,123.000000,1070.354519
9.000000,123.000000,1190.212284
10.000000,123.000000,1315.964027
11.000000,123.000000,1441.481623
12.000000,123.000000,1570.857337
13.000000,123.000000,1705.281257
14.000000,123.000000,1839.027462
15.000000,123.000000,1977.602767
16.000000,123.000000,2119.329166
17.000000,123.000000,2263.571545
8.000000,123.500000,1073.425598
9.000000,123.500000,1193.455232
10.000000,123.500000,1319.371536
11.000000,123.500000,1444.818061
12.000000,123.500000,1574.291629
13.000000,123.500000,1708.638900
14.000000,123.500000,1842.478757
15.000000,123.500000,1981.142982
16.000000,123.500000,2122.831908
17.000000,123.500000,2267.132509
8.000000,124.000000,1076.501075
9.000000,124.000000,1196.702552
10.000000,124.000000,1322.783326
11.000000,124.000000,1448.158157
12.000000,124.000000,1577.729331
13.000000,124.000000,1711.999365
14.000000,124.000000,1845.932684
15.000000,124.000000,1984.685619
16.000000,124.000000,2126.336668
17.000000,124.000000,2270.695324
8.000000,124.500000,1079.610976
9.000000,124.500000,1200.019961
10.000000,124.500000,1326.305493
11.000000,124.500000,1451.604269
12.000000,124.500000,1581.267692
13.000000,124.500000,1715.455125
14.000000,124.500000,1849.474507
15.000000,124.500000,1988.307755
16.000000,124.500000,2129.916146
17.000000,124.500000,2274.335457
8.000000,125.000000,1082.725360
9.000000,125.000000,1203.341932
10.000000,125.000000,1329.832251
11.000000,125.000000,1455.054320
12.000000,125.000000,1584.809724
13.000000,125.000000,1718.913945
14.000000,125.000000,1853.019177
15.000000,125.000000,1991.932505
16.000000,125.000000,2133.497818
17.000000,125.000000,2277.977602
8.000000,125.500000,1085.849888
9.000000,125.500000,1206.674990
10.000000,125.500000,1333.371243
11.000000,125.500000,1458.555248
12.000000,125.500000,1588.457314
13.000000,125.500000,1722.522531
14.000000,125.500000,1856.695681
15.000000,125.500000,1995.669036
16.000000,125.500000,2137.162148
17.000000,125.500000,2281.667905
8.000000,126.000000,1088.978914
9.000000,126.000000,1210.012620
10.000000,126.000000,1336.914837
11.000000,126.000000,1462.060233
12.000000,126.000000,1592.108847
13.000000,126.000000,1726.134562
14.000000,126.000000,1860.375366
15.000000,126.000000,1999.408460
16.000000,126.000000,2140.828874
17.000000,126.000000,2285.360328
8.000000,126.500000,1092.123852
9.000000,126.500000,1213.373995
10.000000,126.500000,1340.458075
11.000000,126.500000,1465.587221
12.000000,126.500000,1595.774483
13.000000,126.500000,1729.748335
14.000000,126.500000,1864.059971
15.000000,126.500000,2003.156266
16.000000,126.500000,2144.504902
17.000000,126.500000,2289.064279
8.000000,127.000000,1095.273319
9.000000,127.000000,1216.739994
10.000000,127.000000,1344.005910
11.000000,127.000000,1469.118310
12.000000,127.000000,1599.444077
13.000000,127.000000,1733.365537
14.000000,127.000000,1867.747747
15.000000,127.000000,2006.906963
16.000000,127.000000,2148.183333
17.000000,127.000000,2292.770361
8.000000,127.500000,1098.433387
9.000000,127.500000,1220.117268
10.000000,127.500000,1347.399059
11.000000,127.500000,1472.655738
12.000000,127.500000,1603.120106
13.000000,127.500000,1736.984911
14.000000,127.500000,1871.440817
15.000000,127.500000,2010.666354
16.000000,127.500000,2151.923768
17.000000,127.500000,2296.616157
8.000000,128.000000,1101.597996
9.000000,128.000000,1223.499177
10.000000,128.000000,1350.796408
11.000000,128.000000,1476.197260
12.000000,128.000000,1606.800083
13.000000,128.000000,1740.607699
14.000000,128.000000,1875.137050
15.000000,128.000000,2014.428635
16.000000,128.000000,2155.666721
17.000000,128.000000,2300.464346
8.000000,128.500000,1104.780640
9.000000,128.500000,1226.894827
10.000000,128.500000,1354.196833
11.000000,128.500000,1479.742996
12.000000,128.500000,1610.485600
13.000000,128.500000,1744.243305
14.000000,128.500000,1878.877560
15.000000,128.500000,2018.269081
16.000000,128.500000,2159.471453
17.000000,128.500000,2304.336632
7.000000,129.000000,991.498062
8.000000,129.000000,1107.967865
9.000000,129.000000,1230.295134
10.000000,129.000000,1357.601443
11.000000,129.000000,1483.292811
12.000000,129.000000,1614.175053
13.000000,129.000000,1747.882333
14.000000,129.000000,1882.621309
15.000000,129.000000,2022.112561
16.000000,129.000000,2163.278813
17.000000,129.000000,2308.211345
7.000000,129.500000,994.466092
8.000000,129.500000,1111.156750
9.000000,129.500000,1233.701150
10.000000,129.500000,1361.011887
11.000000,129.500000,1486.866571
12.000000,129.500000,1617.909080
13.000000,129.500000,1751.593696
14.000000,129.500000,1886.474177
15.000000,129.500000,2026.103847
16.000000,129.500000,2167.181247
17.000000,129.500000,2312.115165
7.000000,130.000000,997.438550
8.000000,130.000000,1114.350213
9.000000,130.000000,1237.111827
10.000000,130.000000,1364.426511
11.000000,130.000000,1490.444466
12.000000,130.000000,1621.647171
13.000000,130.000000,1755.308681
14.000000,130.000000,1890.330538
15.000000,130.000000,2030.098468
16.000000,130.000000,2171.086488
17.000000,130.000000,2316.021455
