weight_g,350.000000
thrust_N,velocity_m_s,power_W
17.000000,0.000000,1142.398077
18.000000,0.000000,1224.173358
19.000000,0.000000,1308.634772
20.000000,0.000000,1395.782318
21.000000,0.000000,1485.615996
22.000000,0.000000,1579.546910
23.000000,0.000000,1677.213704
24.000000,0.000000,1777.574380
25.000000,0.000000,1880.628939
17.000000,0.500000,1144.280171
18.000000,0.500000,1226.130515
19.000000,0.500000,1310.668682
20.000000,0.500000,1397.894672
21.000000,0.500000,1487.808484
22.000000,0.500000,1581.882995
23.000000,0.500000,1679.594963
24.000000,0.500000,1780.000850
25.000000,0.500000,1883.100654
17.000000,1.000000,1146.162825
18.000000,1.000000,1228.088289
19.000000,1.000000,1312.703266
20.000000,1.000000,1400.007756
21.000000,1.000000,1490.001760
22.000000,1.000000,1584.219655
23.000000,1.000000,1681.976825
24.000000,1.000000,1782.427949
25.000000,1.000000,1885.573025
17.000000,1.500000,1148.053758
18.000000,1.500000,1230.054449
19.000000,1.500000,1314.746334
20.000000,1.500000,1402.129411
21.000000,1.500000,1492.203682
22.000000,1.500000,1586.557270
23.000000,1.500000,1684.355286
24.000000,1.500000,1784.847100
25.000000,1.500000,1888.032713
17.000000,2.000000,1149.945261
18.000000,2.000000,1232.021236
19.000000,2.000000,1316.790085
20.000000,2.000000,1404.251807
21.000000,2.000000,1494.406401
22.000000,2.000000,1588.895465
23.000000,2.000000,1686.734352
24.000000,2.000000,1787.266883
25.000000,2.000000,1890.493056
17.000000,2.500000,1151.845043
18.000000,2.500000,1233.996410
19.000000,2.500000,1318.842319
20.000000,2.500000,1406.382770
21.000000,2.500000,1496.617763
22.000000,2.500000,1591.233770
23.000000,2.500000,1689.109208
24.000000,2.500000,1789.677947
17.000000,3.000000,1153.745407
18.000000,3.000000,1235.972222
19.000000,3.000000,1320.895247
20.000000,3.000000,1408.514485
21.000000,3.000000,1498.829933
22.000000,3.000000,1593.572658
23.000000,3.000000,1691.484673
24.000000,3.000000,1792.089644
17.000000,3.500000,1155.648761
18.000000,3.500000,1237.952192
19.000000,3.500000,1322.953628
20.000000,3.500000,1410.653069
21.000000,3.500000,1501.050515
22.000000,3.500000,1595.910826
23.000000,3.500000,1693.855136
24.000000,3.500000,1794.491873
17.000000,4.000000,1157.552681
18.000000,4.000000,1239.932792
19.000000,4.000000,1325.012700
20.000000,4.000000,1412.792408
21.000000,4.000000,1503.271914
22.000000,4.000000,1598.249581
23.000000,4.000000,1696.226209
24.000000,4.000000,1796.894735
17.000000,4.500000,1159.435634
18.000000,4.500000,1241.898846
19.000000,4.500000,1327.064233
20.000000,4.500000,1414.931794
21.000000,4.500000,1505.501529
22.000000,4.500000,1600.586799
23.000000,4.500000,1698.591507
24.000000,4.500000,1799.287399
17.000000,5.000000,1161.319084
18.000000,5.000000,1243.865482
19.000000,5.000000,1329.116429
20.000000,5.000000,1417.071925
21.000000,5.000000,1507.731972
22.000000,5.000000,1602.924608
23.000000,5.000000,1700.957419
24.000000,5.000000,1801.680698
17.000000,5.500000,1163.261820
18.000000,5.500000,1245.885625
19.000000,5.500000,1331.215770
20.000000,5.500000,1419.252257
21.000000,5.500000,1509.995083
22.000000,5.500000,1605.277544
23.000000,5.500000,1703.328255
24.000000,5.500000,1804.068202
17.000000,6.000000,1165.205160
18.000000,6.000000,1247.906439
19.000000,6.000000,1333.315849
20.000000,6.000000,1421.433390
21.000000,6.000000,1512.259064
22.000000,6.000000,1607.631092
23.000000,6.000000,1705.699719
24.000000,6.000000,1806.456347
17.000000,6.500000,1167.174713
18.000000,6.500000,1249.988650
19.000000,6.500000,1335.514508
20.000000,6.500000,1423.752285
21.000000,6.500000,1514.759513
22.000000,6.500000,1610.140551
23.000000,6.500000,1708.211759
24.000000,6.500000,1808.968850
17.000000,7.000000,1169.144917
18.000000,7.000000,1252.071611
19.000000,7.000000,1337.714014
20.000000,7.000000,1426.072128
21.000000,7.000000,1517.260719
22.000000,7.000000,1612.650749
23.000000,7.000000,1710.724543
24.000000,7.000000,1811.482098
17.000000,7.500000,1171.105398
18.000000,7.500000,1254.145990
19.000000,7.500000,1339.906144
20.000000,7.500000,1428.385862
21.000000,7.500000,1519.745402
22.000000,7.500000,1615.156287
23.000000,7.500000,1713.249634
24.000000,7.500000,1814.025445
17.000000,8.000000,1173.066540
18.000000,8.000000,1256.221125
19.000000,8.000000,1342.099129
20.000000,8.000000,1430.700551
21.000000,8.000000,1522.230819
22.000000,8.000000,1617.662576
23.000000,8.000000,1715.775493
24.000000,8.000000,1816.569572
17.000000,8.500000,1175.018518
18.000000,8.500000,1258.288211
19.000000,8.500000,1344.285240
20.000000,8.500000,1433.009603
21.000000,8.500000,1524.697024
22.000000,8.500000,1620.154874
23.000000,8.500000,1718.292824
24.000000,8.500000,1819.110873
17.000000,9.000000,1176.971167
18.000000,9.000000,1260.356062
19.000000,9.000000,1346.472213
20.000000,9.000000,1435.319617
21.000000,9.000000,1527.163964
22.000000,9.000000,1622.647925
23.000000,9.000000,1720.810924
24.000000,9.000000,1821.652959
17.000000,9.500000,1178.921846
18.000000,9.500000,1262.421374
19.000000,9.500000,1348.656032
20.000000,9.500000,1437.625820
21.000000,9.500000,1529.613182
22.000000,9.500000,1625.128400
23.000000,9.500000,1723.321826
24.000000,9.500000,1824.193462
16.000000,10.000000,1099.997959
17.000000,10.000000,1180.873207
18.000000,10.000000,1264.487462
19.000000,10.000000,1350.840724
20.000000,10.000000,1439.932993
21.000000,10.000000,1532.063135
22.000000,10.000000,1627.609628
23.000000,10.000000,1725.833501
24.000000,10.000000,1826.734755
16.000000,10.500000,1101.991129
17.000000,10.500000,1182.947217
18.000000,10.500000,1266.644060
19.000000,10.500000,1353.081659
20.000000,10.500000,1442.260014
21.000000,10.500000,1534.496804
22.000000,10.500000,1630.079645
23.000000,10.500000,1728.339270
24.000000,10.500000,1829.275678
16.000000,11.000000,1103.985044
17.000000,11.000000,1185.022035
18.000000,11.000000,1268.801531
19.000000,11.000000,1355.323531
20.000000,11.000000,1444.588036
21.000000,11.000000,1536.931207
22.000000,11.000000,1632.550418
23.000000,11.000000,1730.845814
24.000000,11.000000,1831.817395
16.000000,11.500000,1106.018999
17.000000,11.500000,1187.162201
18.000000,11.500000,1271.051075
19.000000,11.500000,1357.685621
20.000000,11.500000,1447.065839
21.000000,11.500000,1539.510388
22.000000,11.500000,1635.126301
23.000000,11.500000,1733.415723
24.000000,11.500000,1834.378653
16.000000,12.000000,1108.053755
17.000000,12.000000,1189.303253
18.000000,12.000000,1273.301593
19.000000,12.000000,1360.048774
20.000000,12.000000,1449.544795
21.000000,12.000000,1542.090410
22.000000,12.000000,1637.703017
23.000000,12.000000,1735.986453
24.000000,12.000000,1836.940720
16.000000,12.500000,1110.111402
17.000000,12.500000,1191.506631
18.000000,12.500000,1275.656226
19.000000,12.500000,1362.560187
20.000000,12.500000,1452.218513
21.000000,12.500000,1544.864323
22.000000,12.500000,1640.459974
23.000000,12.500000,1738.722937
24.000000,12.500000,1839.653215
16.000000,13.000000,1112.169875
17.000000,13.000000,1193.710962
18.000000,13.000000,1278.011944
19.000000,13.000000,1365.072822
20.000000,13.000000,1454.893594
21.000000,13.000000,1547.639235
22.000000,13.000000,1643.217908
23.000000,13.000000,1741.460377
24.000000,13.000000,1842.366642
16.000000,13.500000,1114.246425
17.000000,13.500000,1195.934742
18.000000,13.500000,1280.388536
19.000000,13.500000,1367.607807
20.000000,13.500000,1457.592556
21.000000,13.500000,1550.428856
22.000000,13.500000,1646.024365
23.000000,13.500000,1744.281856
24.000000,13.500000,1845.201329
16.000000,14.000000,1116.323822
17.000000,14.000000,1198.159497
18.000000,14.000000,1282.766238
19.000000,14.000000,1370.144043
20.000000,14.000000,1460.292914
21.000000,14.000000,1553.219498
22.000000,14.000000,1648.831856
23.000000,14.000000,1747.104379
24.000000,14.000000,1848.037070
16.000000,14.500000,1118.429934
17.000000,14.500000,1200.418161
18.000000,14.500000,1285.183168
19.000000,14.500000,1372.724955
20.000000,14.500000,1463.043521
21.000000,14.500000,1556.035649
22.000000,14.500000,1651.662391
23.000000,14.500000,1749.947549
24.000000,14.500000,1850.891123
16.000000,15.000000,1120.536925
17.000000,15.000000,1202.677826
18.000000,15.000000,1287.601226
19.000000,15.000000,1375.307128
20.000000,15.000000,1465.795529
21.000000,15.000000,1558.852787
22.000000,15.000000,1654.493944
23.000000,15.000000,1752.791763
24.000000,15.000000,1853.746243
16.000000,15.500000,1122.813631
17.000000,15.500000,1205.078458
18.000000,15.500000,1290.129264
19.000000,15.500000,1377.966048
20.000000,15.500000,1468.588809
21.000000,15.500000,1561.678669
22.000000,15.500000,1657.336901
23.000000,15.500000,1755.650343
24.000000,15.500000,1856.618994
16.000000,16.000000,1125.091413
17.000000,16.000000,1207.480245
18.000000,16.000000,1292.658534
19.000000,16.000000,1380.626281
20.000000,16.000000,1471.383486
21.000000,16.000000,1564.505500
22.000000,16.000000,1660.180856
23.000000,16.000000,1758.509966
24.000000,16.000000,1859.492829
16.000000,16.500000,1127.444690
17.000000,16.500000,1209.940723
18.000000,16.500000,1295.228564
19.000000,16.500000,1383.308214
20.000000,16.500000,1474.179671
21.000000,16.500000,1567.320161
22.000000,16.500000,1663.022521
23.000000,16.500000,1761.377589
16.000000,17.000000,1129.799129
17.000000,17.000000,1212.402424
18.000000,17.000000,1297.799879
19.000000,17.000000,1385.991493
20.000000,17.000000,1476.977268
21.000000,17.000000,1570.135786
22.000000,17.000000,1665.865200
23.000000,17.000000,1764.246274
16.000000,17.500000,1132.158419
17.000000,17.500000,1214.896237
18.000000,17.500000,1300.432346
19.000000,17.500000,1388.766748
20.000000,17.500000,1479.899441
21.000000,17.500000,1573.041994
22.000000,17.500000,1668.775926
23.000000,17.500000,1767.158958
16.000000,18.000000,1134.518901
17.000000,18.000000,1217.391349
18.000000,18.000000,1303.066224
19.000000,18.000000,1391.543526
20.000000,18.000000,1482.823253
21.000000,18.000000,1575.949328
22.000000,18.000000,1671.687779
23.000000,18.000000,1770.072766
16.000000,18.500000,1136.877949
17.000000,18.500000,1219.894634
18.000000,18.500000,1305.718499
19.000000,18.500000,1394.349546
20.000000,18.500000,1485.756300
21.000000,18.500000,1578.868203
22.000000,18.500000,1674.606699
23.000000,18.500000,1772.988983
16.000000,19.000000,1139.238209
17.000000,19.000000,1222.399252
18.000000,19.000000,1308.372235
19.000000,19.000000,1397.157159
20.000000,19.000000,1488.690766
21.000000,19.000000,1581.788267
22.000000,19.000000,1677.526807
23.000000,19.000000,1775.906386
16.000000,19.500000,1141.610722
17.000000,19.500000,1224.912482
18.000000,19.500000,1311.030650
19.000000,19.500000,1399.965228
20.000000,19.500000,1491.583586
21.000000,19.500000,1584.721183
22.000000,19.500000,1680.499111
23.000000,19.500000,1778.917371
16.000000,20.000000,1143.984487
17.000000,20.000000,1227.427080
18.000000,20.000000,1313.690553
19.000000,20.000000,1402.774905
20.000000,20.000000,1494.477595
21.000000,20.000000,1587.655339
22.000000,20.000000,1683.472704
23.000000,20.000000,1781.929689
16.000000,20.500000,1146.451955
17.000000,20.500000,1230.012016
18.000000,20.500000,1316.395587
19.000000,20.500000,1405.602668
20.000000,20.500000,1497.350006
21.000000,20.500000,1590.572387
22.000000,20.500000,1686.433901
23.000000,20.500000,1784.934550
16.000000,21.000000,1148.920885
17.000000,21.000000,1232.598480
18.000000,21.000000,1319.102215
19.000000,21.000000,1408.432090
20.000000,21.000000,1500.223610
21.000000,21.000000,1593.490680
22.000000,21.000000,1689.396395
23.000000,21.000000,1787.940755
16.000000,21.500000,1151.390356
17.000000,21.500000,1235.183197
18.000000,21.500000,1321.804584
19.000000,21.500000,1411.254518
20.000000,21.500000,1503.076407
21.000000,21.500000,1596.389952
22.000000,21.500000,1692.341740
23.000000,21.500000,1790.931772
15.000000,22.000000,1072.784142
16.000000,22.000000,1153.861326
17.000000,22.000000,1237.769466
18.000000,22.000000,1324.508561
19.000000,22.000000,1414.078611
20.000000,22.000000,1505.930401
21.000000,22.000000,1599.290473
22.000000,22.000000,1695.288384
23.000000,22.000000,1793.924134
15.000000,22.500000,1075.153539
16.000000,22.500000,1156.352935
17.000000,22.500000,1240.386356
18.000000,22.500000,1327.253802
19.000000,22.500000,1416.955274
20.000000,22.500000,1508.825800
21.000000,22.500000,1602.218000
22.000000,22.500000,1698.246726
23.000000,22.500000,1796.911977
15.000000,23.000000,1077.524393
16.000000,23.000000,1158.846074
17.000000,23.000000,1243.004853
18.000000,23.000000,1330.000729
19.000000,23.000000,1419.833703
20.000000,23.000000,1511.722493
21.000000,23.000000,1605.146847
22.000000,23.000000,1701.206410
23.000000,23.000000,1799.901180
15.000000,23.500000,1079.906691
16.000000,23.500000,1161.349490
17.000000,23.500000,1245.632683
18.000000,23.500000,1332.756269
19.000000,23.500000,1422.720248
20.000000,23.500000,1514.612317
21.000000,23.500000,1608.066947
22.000000,23.500000,1704.154868
23.000000,23.500000,1802.876079
15.000000,24.000000,1082.290463
16.000000,24.000000,1163.854487
17.000000,24.000000,1248.262200
18.000000,24.000000,1335.513604
19.000000,24.000000,1425.608699
20.000000,24.000000,1517.503594
21.000000,24.000000,1610.988475
22.000000,24.000000,1707.104729
23.000000,24.000000,1805.852356
15.000000,24.500000,1084.679365
16.000000,24.500000,1166.366872
17.000000,24.500000,1250.901372
18.000000,24.500000,1338.282864
19.000000,24.500000,1428.511349
20.000000,24.500000,1520.402390
21.000000,24.500000,1613.933154
22.000000,24.500000,1710.094254
23.000000,24.500000,1808.885689
15.000000,25.000000,1087.069805
16.000000,25.000000,1168.880893
17.000000,25.000000,1253.542278
18.000000,25.000000,1341.053959
19.000000,25.000000,1431.415936
20.000000,25.000000,1523.302658
21.000000,25.000000,1616.879306
22.000000,25.000000,1713.085252
23.000000,25.000000,1811.920495
15.000000,25.500000,1089.444990
16.000000,25.500000,1171.387139
17.000000,25.500000,1256.182802
18.000000,25.500000,1343.831980
19.000000,25.500000,1434.334672
20.000000,25.500000,1526.227655
21.000000,25.500000,1619.885619
22.000000,25.500000,1716.173811
23.000000,25.500000,1815.092231
15.000000,26.000000,1091.821900
16.000000,26.000000,1173.895170
17.000000,26.000000,1258.825175
18.000000,26.000000,1346.611913
19.000000,26.000000,1437.255384
20.000000,26.000000,1529.154167
21.000000,26.000000,1622.893506
22.000000,26.000000,1719.264002
23.000000,26.000000,1818.265655
15.000000,26.500000,1094.180660
16.000000,26.500000,1176.392392
17.000000,26.500000,1261.464752
18.000000,26.500000,1349.397740
19.000000,26.500000,1440.191357
20.000000,26.500000,1532.088600
21.000000,26.500000,1625.909039
22.000000,26.500000,1722.361573
23.000000,26.500000,1821.446203
15.000000,27.000000,1096.541055
16.000000,27.000000,1178.891333
17.000000,27.000000,1264.106136
18.000000,27.000000,1352.185463
19.000000,27.000000,1443.129315
20.000000,27.000000,1535.024565
21.000000,27.000000,1628.926164
22.000000,27.000000,1725.460797
23.000000,27.000000,1824.628464
15.000000,27.500000,1098.916658
16.000000,27.500000,1181.413446
17.000000,27.500000,1266.779169
18.000000,27.500000,1355.013825
19.000000,27.500000,1446.117417
20.000000,27.500000,1537.991034
21.000000,27.500000,1631.962314
22.000000,27.500000,1728.566918
23.000000,27.500000,1827.804846
15.000000,28.000000,1101.293912
16.000000,28.000000,1183.937309
17.000000,28.000000,1269.454054
18.000000,28.000000,1357.844145
19.000000,28.000000,1449.107583
20.000000,28.000000,1540.959090
21.000000,28.000000,1635.000094
22.000000,28.000000,1731.674713
23.000000,28.000000,1830.982946
24.000000,28.000000,1937.338458
25.000000,28.000000,2047.062040
26.000000,28.000000,2159.537396
15.000000,28.500000,1103.716950
16.000000,28.500000,1186.542922
17.000000,28.500000,1272.248964
18.000000,28.500000,1360.835076
19.000000,28.500000,1452.301258
20.000000,28.500000,1544.072254
21.000000,28.500000,1638.135926
22.000000,28.500000,1734.830761
23.000000,28.500000,1834.156760
24.000000,28.500000,1940.776104
25.000000,28.500000,2050.562698
26.000000,28.500000,2163.100632
15.000000,29.000000,1106.141714
16.000000,29.000000,1189.150424
17.000000,29.000000,1275.045934
18.000000,29.000000,1363.828245
19.000000,29.000000,1455.497358
20.000000,29.000000,1547.187234
21.000000,29.000000,1641.273542
22.000000,29.000000,1737.988562
23.000000,29.000000,1837.332294
24.000000,29.000000,1944.215309
25.000000,29.000000,2054.064913
26.000000,29.000000,2166.665422
15.000000,29.500000,1108.725058
16.000000,29.500000,1191.925325
17.000000,29.500000,1278.019384
18.000000,29.500000,1367.007234
19.000000,29.500000,1458.859416
20.000000,29.500000,1550.445608
21.000000,29.500000,1644.540424
22.000000,29.500000,1741.260282
23.000000,29.500000,1840.714924
24.000000,29.500000,1947.735988
25.000000,29.500000,2057.614338
26.000000,29.500000,2170.242186
15.000000,30.000000,1111.310368
16.000000,30.000000,1194.702375
17.000000,30.000000,1280.995173
18.000000,30.000000,1370.188762
19.000000,30.000000,1462.224092
20.000000,30.000000,1553.705955
21.000000,30.000000,1647.809193
22.000000,30.000000,1744.533806
23.000000,30.000000,1844.099192
24.000000,30.000000,1951.258208
25.000000,30.000000,2061.165314
26.000000,30.000000,2173.820509
15.000000,30.500000,1114.192841
16.000000,30.500000,1197.708735
17.000000,30.500000,1284.127584
18.000000,30.500000,1373.449389
19.000000,30.500000,1465.447391
20.000000,30.500000,1556.979269
21.000000,30.500000,1651.130854
22.000000,30.500000,1747.902147
23.000000,30.500000,1847.732570
24.000000,30.500000,1954.878266
25.000000,30.500000,2064.768491
26.000000,30.500000,2177.403247
15.000000,31.000000,1117.077745
16.000000,31.000000,1200.717602
17.000000,31.000000,1287.262582
18.000000,31.000000,1376.712684
19.000000,31.000000,1468.672727
20.000000,31.000000,1560.254584
21.000000,31.000000,1654.454480
22.000000,31.000000,1751.272415
23.000000,31.000000,1851.367641
24.000000,31.000000,1958.499976
25.000000,31.000000,2068.373280
26.000000,31.000000,2180.987553
15.000000,31.500000,1119.949227
16.000000,31.500000,1203.713964
17.000000,31.500000,1290.386059
18.000000,31.500000,1379.965510
19.000000,31.500000,1471.897634
20.000000,31.500000,1563.635242
21.000000,31.500000,1657.994697
22.000000,31.500000,1754.975999
23.000000,31.500000,1855.415452
24.000000,31.500000,1962.401639
25.000000,31.500000,2072.118834
15.000000,32.000000,1122.823131
16.000000,32.000000,1206.712826
17.000000,32.000000,1293.512114
18.000000,32.000000,1383.220996
19.000000,32.000000,1475.124587
20.000000,32.000000,1567.018054
21.000000,32.000000,1661.537177
22.000000,32.000000,1758.681956
23.000000,32.000000,1859.465437
24.000000,32.000000,1966.305267
25.000000,32.000000,2075.866156
15.000000,32.500000,1125.684347
16.000000,32.500000,1209.699885
17.000000,32.500000,1296.627317
18.000000,32.500000,1386.466644
19.000000,32.500000,1478.349760
20.000000,32.500000,1570.400162
21.000000,32.500000,1665.080080
22.000000,32.500000,1762.389515
23.000000,32.500000,1863.466118
24.000000,32.500000,1970.192945
25.000000,32.500000,2079.632651
15.000000,33.000000,1128.547975
16.000000,33.000000,1212.689435
17.000000,33.000000,1299.745091
18.000000,33.000000,1389.714943
19.000000,33.000000,1481.576987
20.000000,33.000000,1573.784431
21.000000,33.000000,1668.625255
22.000000,33.000000,1766.099459
23.000000,33.000000,1867.468943
24.000000,33.000000,1974.082616
25.000000,33.000000,2083.400992
15.000000,33.500000,1131.442938
16.000000,33.500000,1215.747233
17.000000,33.500000,1302.970265
18.000000,33.500000,1393.112034
19.000000,33.500000,1484.964031
20.000000,33.500000,1577.287829
21.000000,33.500000,1672.246307
22.000000,33.500000,1769.839466
23.000000,33.500000,1871.450435
24.000000,33.500000,1978.026954
25.000000,33.500000,2087.303778
14.000000,34.000000,1052.796472
15.000000,34.000000,1134.340461
16.000000,34.000000,1218.807732
17.000000,34.000000,1306.198285
18.000000,34.000000,1396.512119
19.000000,34.000000,1488.353442
20.000000,34.000000,1580.793619
21.000000,34.000000,1675.869778
22.000000,34.000000,1773.581918
23.000000,34.000000,1875.434087
24.000000,34.000000,1981.973416
25.000000,34.000000,2091.208647
14.000000,34.500000,1055.548625
15.000000,34.500000,1137.274518
16.000000,34.500000,1221.929578
17.000000,34.500000,1309.513806
18.000000,34.500000,1400.027202
19.000000,34.500000,1491.845190
20.000000,34.500000,1584.372647
21.000000,34.500000,1679.535534
22.000000,34.500000,1777.333850
23.000000,34.500000,1879.381277
24.000000,34.500000,1985.885938
25.000000,34.500000,2095.082213
14.000000,35.000000,1058.303351
15.000000,35.000000,1140.211317
16.000000,35.000000,1225.054342
17.000000,35.000000,1312.832426
18.000000,35.000000,1403.545569
19.000000,35.000000,1495.339529
20.000000,35.000000,1587.954227
21.000000,35.000000,1683.203802
22.000000,35.000000,1781.088253
23.000000,35.000000,1883.330614
24.000000,35.000000,1989.800571
25.000000,35.000000,2098.957849
14.000000,35.500000,1061.083348
15.000000,35.500000,1143.175735
16.000000,35.500000,1228.208775
17.000000,35.500000,1316.182469
18.000000,35.500000,1407.096815
19.000000,35.500000,1498.843981
20.000000,35.500000,1591.541655
21.000000,35.500000,1686.873423
22.000000,35.500000,1784.839285
23.000000,35.500000,1887.251375
24.000000,35.500000,1993.686736
25.000000,35.500000,2102.805038
14.000000,36.000000,1063.866116
15.000000,36.000000,1146.143071
16.000000,36.000000,1231.366276
17.000000,36.000000,1319.535732
18.000000,36.000000,1410.651439
19.000000,36.000000,1502.351057
20.000000,36.000000,1595.131660
21.000000,36.000000,1690.545575
22.000000,36.000000,1788.592803
23.000000,36.000000,1891.174297
24.000000,36.000000,1997.575016
25.000000,36.000000,2106.654291
14.000000,36.500000,1066.651789
15.000000,36.500000,1149.118405
16.000000,36.500000,1234.537168
17.000000,36.500000,1322.908077
18.000000,36.500000,1414.231133
19.000000,36.500000,1505.865592
20.000000,36.500000,1598.733161
21.000000,36.500000,1694.233710
22.000000,36.500000,1792.367239
23.000000,36.500000,1895.091836
24.000000,36.500000,2001.449664
25.000000,36.500000,2110.480897
14.000000,37.000000,1069.440238
15.000000,37.000000,1152.096669
16.000000,37.000000,1237.711146
17.000000,37.000000,1326.283669
18.000000,37.000000,1417.814237
19.000000,37.000000,1509.382767
20.000000,37.000000,1602.337287
21.000000,37.000000,1697.924454
22.000000,37.000000,1796.144270
23.000000,37.000000,1899.011637
24.000000,37.000000,2005.326479
25.000000,37.000000,2114.309578
14.000000,37.500000,1072.233021
15.000000,37.500000,1155.084426
16.000000,37.500000,1240.900075
17.000000,37.500000,1329.679969
18.000000,37.500000,1421.424108
19.000000,37.500000,1512.919223
20.000000,37.500000,1605.979254
21.000000,37.500000,1701.673054
22.000000,37.500000,1800.000623
23.000000,37.500000,1902.970872
24.000000,37.500000,2009.216608
25.000000,37.500000,2118.123384
14.000000,38.000000,1075.028587
15.000000,38.000000,1158.075126
16.000000,38.000000,1244.092112
17.000000,38.000000,1333.079546
18.000000,38.000000,1425.037426
19.000000,38.000000,1516.458382
20.000000,38.000000,1609.623990
21.000000,38.000000,1705.424487
22.000000,38.000000,1803.859875
23.000000,38.000000,1906.932610
24.000000,38.000000,2013.109035
25.000000,38.000000,2121.939293
14.000000,38.500000,1077.958318
15.000000,38.500000,1161.173292
16.000000,38.500000,1247.362616
17.000000,38.500000,1336.526288
18.000000,38.500000,1428.664310
19.000000,38.500000,1519.987750
20.000000,38.500000,1613.259330
21.000000,38.500000,1709.167045
22.000000,38.500000,1807.710894
23.000000,38.500000,1910.912546
24.000000,38.500000,2017.087394
25.000000,38.500000,2125.911948
14.000000,39.000000,1080.891147
15.000000,39.000000,1164.274643
16.000000,39.000000,1250.636389
17.000000,39.000000,1339.976385
18.000000,39.000000,1432.294631
19.000000,39.000000,1523.519791
20.000000,39.000000,1616.897419
21.000000,39.000000,1712.912425
22.000000,39.000000,1811.564809
23.000000,39.000000,1914.895017
24.000000,39.000000,2021.068171
25.000000,39.000000,2129.886906
14.000000,39.500000,1083.878041
15.000000,39.500000,1167.444178
16.000000,39.500000,1253.993635
17.000000,39.500000,1343.526411
18.000000,39.500000,1436.042506
19.000000,39.500000,1527.133813
20.000000,39.500000,1620.589810
21.000000,39.500000,1716.682090
22.000000,39.500000,1815.418164
23.000000,39.500000,1918.895539
24.000000,39.500000,2025.115476
25.000000,39.500000,2133.979421
14.000000,40.000000,1086.868220
15.000000,40.000000,1170.617149
16.000000,40.000000,1257.354470
17.000000,40.000000,1347.080183
18.000000,40.000000,1439.794287
19.000000,40.000000,1530.750872
20.000000,40.000000,1624.285190
21.000000,40.000000,1720.454698
22.000000,40.000000,1819.274397
23.000000,40.000000,1922.898660
24.000000,40.000000,2029.165357
25.000000,40.000000,2138.074488
14.000000,40.500000,1089.906212
15.000000,40.500000,1173.832488
16.000000,40.500000,1260.751452
17.000000,40.500000,1350.663105
18.000000,40.500000,1443.361264
19.000000,40.500000,1534.365052
20.000000,40.500000,1627.974001
21.000000,40.500000,1724.216891
22.000000,40.500000,1823.212108
23.000000,40.500000,1926.907030
24.000000,40.500000,2033.244006
25.000000,40.500000,2142.223037
14.000000,41.000000,1092.947669
15.000000,41.000000,1177.051409
16.000000,41.000000,1264.152133
17.000000,41.000000,1354.249843
18.000000,41.000000,1446.931422
19.000000,41.000000,1537.982255
20.000000,41.000000,1631.665783
21.000000,41.000000,1727.982007
22.000000,41.000000,1827.152432
23.000000,41.000000,1930.918032
24.000000,41.000000,2037.325307
25.000000,41.000000,2146.374255
14.000000,41.500000,1096.003603
15.000000,41.500000,1180.286258
16.000000,41.500000,1267.570259
17.000000,41.500000,1357.855606
18.000000,41.500000,1450.475138
19.000000,41.500000,1541.613348
20.000000,41.500000,1635.383711
21.000000,41.500000,1731.786226
22.000000,41.500000,1831.142122
23.000000,41.500000,1934.969623
24.000000,41.500000,2041.437801
25.000000,41.500000,2150.546656
14.000000,42.000000,1099.063018
15.000000,42.000000,1183.524706
16.000000,42.000000,1270.992102
17.000000,42.000000,1361.465206
18.000000,42.000000,1454.021922
19.000000,42.000000,1545.247486
20.000000,42.000000,1639.104660
21.000000,42.000000,1735.593445
22.000000,42.000000,1835.134532
23.000000,42.000000,1939.023926
24.000000,42.000000,2045.552999
25.000000,42.000000,2154.721752
14.000000,42.500000,1102.167302
15.000000,42.500000,1186.802862
16.000000,42.500000,1274.448029
17.000000,42.500000,1365.102805
18.000000,42.500000,1457.584148
19.000000,42.500000,1548.934627
20.000000,42.500000,1642.918315
21.000000,42.500000,1739.535211
22.000000,42.500000,1839.279408
23.000000,42.500000,1943.188978
24.000000,42.500000,2049.734834
25.000000,42.500000,2158.916973
14.000000,43.000000,1105.275160
15.000000,43.000000,1190.084696
16.000000,43.000000,1277.907738
17.000000,43.000000,1368.744288
18.000000,43.000000,1461.149470
19.000000,43.000000,1552.624922
20.000000,43.000000,1646.735180
21.000000,43.000000,1743.480246
22.000000,43.000000,1843.427301
23.000000,43.000000,1947.356947
24.000000,43.000000,2053.919483
25.000000,43.000000,2163.114911
14.000000,43.500000,1108.563056
15.000000,43.500000,1193.512677
16.000000,43.500000,1281.476995
17.000000,43.500000,1372.456008
18.000000,43.500000,1464.756213
19.000000,43.500000,1556.374047
20.000000,43.500000,1650.629317
21.000000,43.500000,1747.522023
22.000000,43.500000,1847.655569
23.000000,43.500000,1951.582935
24.000000,43.500000,2058.138099
14.000000,44.000000,1111.854988
15.000000,44.000000,1196.944708
16.000000,44.000000,1285.050312
17.000000,44.000000,1376.171799
18.000000,44.000000,1468.366188
19.000000,44.000000,1560.126509
20.000000,44.000000,1654.526896
21.000000,44.000000,1751.567348
22.000000,44.000000,1851.887112
23.000000,44.000000,1955.812007
24.000000,44.000000,2062.359611
14.000000,44.500000,1115.248950
15.000000,44.500000,1200.505474
16.000000,44.500000,1288.780715
17.000000,44.500000,1380.074676
18.000000,44.500000,1472.153584
19.000000,44.500000,1564.016681
20.000000,44.500000,1658.519907
21.000000,44.500000,1755.663262
22.000000,44.500000,1856.117606
23.000000,44.500000,1960.042531
24.000000,44.500000,2066.585530
13.000000,45.000000,1036.245356
14.000000,45.000000,1118.647209
15.000000,45.000000,1204.070616
16.000000,45.000000,1292.515576
17.000000,45.000000,1383.982090
18.000000,45.000000,1475.944615
19.000000,45.000000,1567.910495
20.000000,45.000000,1662.516568
21.000000,45.000000,1759.762833
22.000000,45.000000,1860.351390
23.000000,45.000000,1964.276184
24.000000,45.000000,2070.814422
13.000000,45.500000,1039.587222
14.000000,45.500000,1122.166643
15.000000,45.500000,1207.771182
16.000000,45.500000,1296.400838
17.000000,45.500000,1388.055612
18.000000,45.500000,1479.869232
19.000000,45.500000,1571.903231
20.000000,45.500000,1666.575260
21.000000,45.500000,1763.885319
22.000000,45.500000,1864.579555
23.000000,45.500000,1968.517005
24.000000,45.500000,2075.064340
13.000000,46.000000,1042.933591
14.000000,46.000000,1125.690695
15.000000,46.000000,1211.476482
16.000000,46.000000,1300.290950
17.000000,46.000000,1392.134101
18.000000,46.000000,1483.797800
19.000000,46.000000,1575.899833
20.000000,46.000000,1670.637734
21.000000,46.000000,1768.011503
22.000000,46.000000,1868.811014
23.000000,46.000000,1972.761020
24.000000,46.000000,2079.317353
13.000000,46.500000,1046.291936
14.000000,46.500000,1129.224092
15.000000,46.500000,1215.188317
16.000000,46.500000,1304.184612
17.000000,46.500000,1396.212975
18.000000,46.500000,1487.708310
19.000000,46.500000,1579.883014
20.000000,46.500000,1674.691676
21.000000,46.500000,1772.134297
22.000000,46.500000,1873.072767
23.000000,46.500000,1977.096349
24.000000,46.500000,2083.725728
13.000000,47.000000,1049.654797
14.000000,47.000000,1132.762113
15.000000,47.000000,1218.904887
16.000000,47.000000,1308.083117
17.000000,47.000000,1400.296804
18.000000,47.000000,1491.622733
19.000000,47.000000,1583.870030
20.000000,47.000000,1678.749376
21.000000,47.000000,1776.260773
22.000000,47.000000,1877.337878
23.000000,47.000000,1981.435050
24.000000,47.000000,2088.137487
13.000000,47.500000,1052.996954
14.000000,47.500000,1136.284196
15.000000,47.500000,1222.610215
16.000000,47.500000,1311.975011
17.000000,47.500000,1404.378585
18.000000,47.500000,1495.531468
19.000000,47.500000,1587.870066
20.000000,47.500000,1682.839956
21.000000,47.500000,1780.441137
22.000000,47.500000,1881.648073
23.000000,47.500000,1985.798197
24.000000,47.500000,2092.551803
13.000000,48.000000,1056.343689
14.000000,48.000000,1139.810951
15.000000,48.000000,1226.320309
16.000000,48.000000,1315.871762
17.000000,48.000000,1408.465312
18.000000,48.000000,1499.444114
19.000000,48.000000,1591.873988
20.000000,48.000000,1686.934393
21.000000,48.000000,1784.625332
22.000000,48.000000,1885.961763
23.000000,48.000000,1990.164797
24.000000,48.000000,2096.969528
13.000000,48.500000,1059.658095
14.000000,48.500000,1143.325984
15.000000,48.500000,1230.040249
16.000000,48.500000,1319.800891
17.000000,48.500000,1412.607910
18.000000,48.500000,1503.417285
19.000000,48.500000,1595.960434
20.000000,48.500000,1691.134513
21.000000,48.500000,1788.939522
22.000000,48.500000,1890.367675
23.000000,48.500000,1994.582413
24.000000,48.500000,2101.394501
13.000000,49.000000,1062.977162
14.000000,49.000000,1146.845808
15.000000,49.000000,1233.765106
16.000000,49.000000,1323.735055
17.000000,49.000000,1416.755656
18.000000,49.000000,1507.394594
19.000000,49.000000,1600.051040
20.000000,49.000000,1695.338814
21.000000,49.000000,1793.257916
22.000000,49.000000,1894.777359
23.000000,49.000000,1999.003638
24.000000,49.000000,2105.822921
13.000000,49.500000,1066.306201
14.000000,49.500000,1150.381518
15.000000,49.500000,1237.512048
16.000000,49.500000,1327.697791
17.000000,49.500000,1420.938746
18.000000,49.500000,1511.404309
19.000000,49.500000,1604.188757
20.000000,49.500000,1699.605694
21.000000,49.500000,1797.655121
22.000000,49.500000,1899.224181
23.000000,49.500000,2003.437673
24.000000,49.500000,2110.238411
13.000000,50.000000,1069.639950
14.000000,50.000000,1153.922083
15.000000,50.000000,1241.263982
16.000000,50.000000,1331.665649
17.000000,50.000000,1425.127083
18.000000,50.000000,1515.418279
19.000000,50.000000,1608.330783
20.000000,50.000000,1703.876938
21.000000,50.000000,1802.056743
22.000000,50.000000,1903.674887
23.000000,50.000000,2007.875365
24.000000,50.000000,2114.657334
13.000000,50.500000,1072.979659
14.000000,50.500000,1157.468096
15.000000,50.500000,1245.021256
16.000000,50.500000,1335.639139
17.000000,50.500000,1429.024646
18.000000,50.500000,1519.444569
19.000000,50.500000,1612.492637
20.000000,50.500000,1708.175034
21.000000,50.500000,1806.520042
22.000000,50.500000,1908.132004
23.000000,50.500000,2012.320201
24.000000,50.500000,2119.084214
13.000000,51.000000,1076.324145
14.000000,51.000000,1161.019066
15.000000,51.000000,1248.783664
16.000000,51.000000,1339.617939
17.000000,51.000000,1432.926722
18.000000,51.000000,1523.475353
19.000000,51.000000,1616.658988
20.000000,51.000000,1712.477626
21.000000,51.000000,1810.987487
22.000000,51.000000,1912.593031
23.000000,51.000000,2016.768722
24.000000,51.000000,2123.514561
13.000000,51.500000,1079.685687
14.000000,51.500000,1164.587995
15.000000,51.500000,1252.564982
16.000000,51.500000,1343.616645
17.000000,51.500000,1436.829861
18.000000,51.500000,1527.514317
19.000000,51.500000,1620.834460
20.000000,51.500000,1716.790291
21.000000,51.500000,1815.450176
22.000000,51.500000,1917.110627
23.000000,51.500000,2021.339131
24.000000,51.500000,2128.135686
13.000000,52.000000,1083.052033
14.000000,52.000000,1168.161909
15.000000,52.000000,1256.351464
16.000000,52.000000,1347.620696
17.000000,52.000000,1440.737498
18.000000,52.000000,1531.557779
19.000000,52.000000,1625.014431
20.000000,52.000000,1721.107452
21.000000,52.000000,1819.916993
22.000000,52.000000,1921.632286
23.000000,52.000000,2025.913534
24.000000,52.000000,2132.760739
13.000000,52.500000,1086.519677
14.000000,52.500000,1171.818325
15.000000,52.500000,1260.199619
16.000000,52.500000,1351.663560
17.000000,52.500000,1444.652673
18.000000,52.500000,1535.609662
19.000000,52.500000,1629.203746
20.000000,52.500000,1725.434927
21.000000,52.500000,1824.381082
22.000000,52.500000,1926.159237
23.000000,52.500000,2030.501912
24.000000,52.500000,2137.409106
13.000000,53.000000,1089.992478
14.000000,53.000000,1175.479999
15.000000,53.000000,1264.053128
16.000000,53.000000,1355.711866
17.000000,53.000000,1448.572340
18.000000,53.000000,1539.666040
19.000000,53.000000,1633.397559
20.000000,53.000000,1729.766897
21.000000,53.000000,1828.849298
22.000000,53.000000,1930.690285
23.000000,53.000000,2035.094354
24.000000,53.000000,2142.061505
13.000000,53.500000,1093.536736
14.000000,53.500000,1179.211768
15.000000,53.500000,1267.974943
16.000000,53.500000,1359.826261
17.000000,53.500000,1452.551301
18.000000,53.500000,1543.794771
19.000000,53.500000,1637.677465
20.000000,53.500000,1734.199383
21.000000,53.500000,1833.403660
22.000000,53.500000,1935.285712
23.000000,53.500000,2039.728104
24.000000,53.500000,2146.730837
13.000000,54.000000,1097.086386
14.000000,54.000000,1182.949018
15.000000,54.000000,1271.902318
16.000000,54.000000,1363.946288
17.000000,54.000000,1456.534922
18.000000,54.000000,1547.928197
19.000000,54.000000,1641.962099
20.000000,54.000000,1738.636629
21.000000,54.000000,1837.962407
22.000000,54.000000,1939.885431
23.000000,54.000000,2044.366055
24.000000,54.000000,2151.404277
13.000000,54.500000,1100.704531
14.000000,54.500000,1186.761480
15.000000,54.500000,1275.912103
16.000000,54.500000,1368.156400
17.000000,54.500000,1460.616470
18.000000,54.500000,1552.184426
19.000000,54.500000,1646.395750
20.000000,54.500000,1743.250440
21.000000,54.500000,1842.664943
22.000000,54.500000,1944.579820
23.000000,54.500000,2049.046448
13.000000,55.000000,1104.328258
14.000000,55.000000,1190.579637
15.000000,55.000000,1279.927689
16.000000,55.000000,1372.372415
17.000000,55.000000,1464.702972
18.000000,55.000000,1556.445711
19.000000,55.000000,1650.834557
20.000000,55.000000,1747.869510
21.000000,55.000000,1847.372290
22.000000,55.000000,1949.278770
23.000000,55.000000,2053.731159
13.000000,55.500000,1108.029803
14.000000,55.500000,1194.477906
15.000000,55.500000,1284.025782
16.000000,55.500000,1376.673434
17.000000,55.500000,1468.868004
18.000000,55.500000,1560.780847
19.000000,55.500000,1655.342022
20.000000,55.500000,1752.551529
21.000000,55.500000,1852.094952
22.000000,55.500000,1953.981557
23.000000,55.500000,2058.407566
13.000000,56.000000,1111.737151
14.000000,56.000000,1198.382099
15.000000,56.000000,1288.129917
16.000000,56.000000,1380.980607
17.000000,56.000000,1473.038215
18.000000,56.000000,1565.121240
19.000000,56.000000,1659.854822
20.000000,56.000000,1757.238961
21.000000,56.000000,1856.822473
22.000000,56.000000,1958.688918
23.000000,56.000000,2063.088271
13.000000,56.500000,1115.479822
14.000000,56.500000,1202.342429
15.000000,56.500000,1292.312569
16.000000,56.500000,1385.390241
17.000000,56.500000,1477.301898
18.000000,56.500000,1569.540159
19.000000,56.500000,1664.429990
20.000000,56.500000,1761.971390
21.000000,56.500000,1861.546405
22.000000,56.500000,1963.386539
23.000000,56.500000,2067.752763
12.000000,57.000000,1035.260120
13.000000,57.000000,1119.228388
14.000000,57.000000,1206.308850
15.000000,57.000000,1296.501504
16.000000,57.000000,1389.806350
17.000000,57.000000,1481.571038
18.000000,57.000000,1573.964556
19.000000,57.000000,1669.010654
20.000000,57.000000,1766.709333
21.000000,57.000000,1866.275187
22.000000,57.000000,1968.088711
23.000000,57.000000,2072.421515
12.000000,57.500000,1038.945268
13.000000,57.500000,1123.101028
14.000000,57.500000,1210.370718
15.000000,57.500000,1300.754338
16.000000,57.500000,1394.251888
17.000000,57.500000,1485.850481
18.000000,57.500000,1578.399711
19.000000,57.500000,1673.602546
20.000000,57.500000,1771.458984
21.000000,57.500000,1871.084768
22.000000,57.500000,1973.003415
23.000000,57.500000,2077.440893
12.000000,58.000000,1042.636687
13.000000,58.000000,1126.980019
14.000000,58.000000,1214.439010
15.000000,58.000000,1305.013658
16.000000,58.000000,1398.703964
17.000000,58.000000,1490.135380
18.000000,58.000000,1582.840344
19.000000,58.000000,1678.199933
20.000000,58.000000,1776.214148
21.000000,58.000000,1875.899370
22.000000,58.000000,1977.923120
23.000000,58.000000,2082.465252
12.000000,58.500000,1046.363359
13.000000,58.500000,1130.891299
14.000000,58.500000,1218.536249
15.000000,58.500000,1309.298209
16.000000,58.500000,1403.177178
17.000000,58.500000,1494.435561
18.000000,58.500000,1587.295236
19.000000,58.500000,1682.810463
20.000000,58.500000,1780.981243
21.000000,58.500000,1880.754509
22.000000,58.500000,1982.926313
23.000000,58.500000,2087.618103
12.000000,59.000000,1050.096399
13.000000,59.000000,1134.809013
14.000000,59.000000,1222.639976
15.000000,59.000000,1313.589291
16.000000,59.000000,1407.656956
17.000000,59.000000,1498.741212
18.000000,59.000000,1591.755615
19.000000,59.000000,1687.426494
20.000000,59.000000,1785.753850
21.000000,59.000000,1885.614750
22.000000,59.000000,1987.934682
23.000000,59.000000,2092.776203
12.000000,59.500000,1053.856243
13.000000,59.500000,1138.785162
14.000000,59.500000,1226.836153
15.000000,59.500000,1318.009215
16.000000,59.500000,1412.304349
17.000000,59.500000,1503.208039
18.000000,59.500000,1596.378740
19.000000,59.500000,1692.206478
20.000000,59.500000,1790.660376
21.000000,59.500000,1890.620696
22.000000,59.500000,1993.071535
23.000000,59.500000,2098.044297
12.000000,60.000000,1057.622543
13.000000,60.000000,1142.767947
14.000000,60.000000,1231.039136
15.000000,60.000000,1322.436111
16.000000,60.000000,1416.958871
17.000000,60.000000,1507.680841
18.000000,60.000000,1601.007842
19.000000,60.000000,1696.992435
20.000000,60.000000,1795.572642
21.000000,60.000000,1895.632139
22.000000,60.000000,1998.213892
23.000000,60.000000,2103.317904
12.000000,60.500000,1061.412053
13.000000,60.500000,1146.775251
14.000000,60.500000,1235.267760
15.000000,60.500000,1326.889581
16.000000,60.500000,1421.322651
17.000000,60.500000,1512.226746
18.000000,60.500000,1605.766024
19.000000,60.500000,1701.966809
20.000000,60.500000,1800.678307
21.000000,60.500000,1900.809829
22.000000,60.500000,2003.460200
23.000000,60.500000,2108.629420
12.000000,61.000000,1065.208097
13.000000,61.000000,1150.789263
14.000000,61.000000,1239.503257
15.000000,61.000000,1331.350080
16.000000,61.000000,1425.692518
17.000000,61.000000,1516.778826
18.000000,61.000000,1610.530555
19.000000,61.000000,1706.947706
20.000000,61.000000,1805.790122
21.000000,61.000000,1905.993481
22.000000,61.000000,2008.712281
23.000000,61.000000,2113.946522
12.000000,61.500000,1069.054458
13.000000,61.500000,1154.878340
14.000000,61.500000,1243.840396
15.000000,61.500000,1335.940627
16.000000,61.500000,1430.179356
17.000000,61.500000,1521.449426
18.000000,61.500000,1615.386856
19.000000,61.500000,1711.991645
20.000000,61.500000,1810.910872
21.000000,61.500000,1911.184457
22.000000,61.500000,2013.969944
23.000000,61.500000,2119.267335
12.000000,62.000000,1072.907505
13.000000,62.000000,1158.974365
14.000000,62.000000,1248.184740
15.000000,62.000000,1340.538631
16.000000,62.000000,1434.672648
17.000000,62.000000,1526.126562
18.000000,62.000000,1620.249769
19.000000,62.000000,1717.042269
20.000000,62.000000,1816.037772
21.000000,62.000000,1916.381386
22.000000,62.000000,2019.233365
23.000000,62.000000,2124.593710
12.000000,62.500000,1076.908634
13.000000,62.500000,1163.196090
14.000000,62.500000,1252.629816
15.000000,62.500000,1345.209812
16.000000,62.500000,1439.204237
17.000000,62.500000,1530.839019
18.000000,62.500000,1625.144746
19.000000,62.500000,1722.121418
20.000000,62.500000,1821.166302
21.000000,62.500000,1921.580425
22.000000,62.500000,2024.499375
23.000000,62.500000,2129.923152
12.000000,63.000000,1080.917008
13.000000,63.000000,1167.425222
14.000000,63.000000,1257.082445
15.000000,63.000000,1349.888677
16.000000,63.000000,1443.742372
17.000000,63.000000,1535.558088
18.000000,63.000000,1630.046398
19.000000,63.000000,1727.207302
20.000000,63.000000,1826.300960
21.000000,63.000000,1926.785393
22.000000,63.000000,2029.771116
23.000000,63.000000,2135.258129
12.000000,63.500000,1084.943641
13.000000,63.500000,1171.673397
14.000000,63.500000,1261.554928
15.000000,63.500000,1354.588235
16.000000,63.500000,1448.294038
17.000000,63.500000,1540.287421
18.000000,63.500000,1634.954813
19.000000,63.500000,1732.296214
20.000000,63.500000,1831.415815
21.000000,63.500000,1931.976359
22.000000,63.500000,2035.035826
12.000000,64.000000,1088.977542
13.000000,64.000000,1175.929000
14.000000,64.000000,1266.034985
15.000000,64.000000,1359.295497
16.000000,64.000000,1452.852253
17.000000,64.000000,1545.023359
18.000000,64.000000,1639.869883
19.000000,64.000000,1737.391824
20.000000,64.000000,1836.536740
21.000000,64.000000,1937.173278
22.000000,64.000000,2040.306373
12.000000,64.500000,1093.033226
13.000000,64.500000,1180.209373
14.000000,64.500000,1270.543247
15.000000,64.500000,1364.034850
16.000000,64.500000,1457.442542
17.000000,64.500000,1549.785188
18.000000,64.500000,1644.803586
19.000000,64.500000,1742.497737
20.000000,64.500000,1841.644355
21.000000,64.500000,1942.359634
22.000000,64.500000,2045.570342
12.000000,65.000000,1097.096260
13.000000,65.000000,1184.497280
14.000000,65.000000,1275.059220
15.000000,65.000000,1368.782079
16.000000,65.000000,1462.039568
17.000000,65.000000,1554.553755
18.000000,65.000000,1649.744019
19.000000,65.000000,1747.610359
20.000000,65.000000,1846.758047
21.000000,65.000000,1947.552035
22.000000,65.000000,2050.840321
12.000000,65.500000,1101.180872
13.000000,65.500000,1188.808925
14.000000,65.500000,1279.601155
15.000000,65.500000,1373.557562
16.000000,65.500000,1466.670827
17.000000,65.500000,1559.374799
18.000000,65.500000,1654.756436
19.000000,65.500000,1752.815740
20.000000,65.500000,1851.939574
21.000000,65.500000,1952.792763
22.000000,65.500000,2056.137298
12.000000,66.000000,1105.272910
13.000000,66.000000,1193.128188
14.000000,66.000000,1284.150893
15.000000,66.000000,1378.341025
16.000000,66.000000,1471.308957
17.000000,66.000000,1564.202787
18.000000,66.000000,1659.775867
19.000000,66.000000,1758.028196
20.000000,66.000000,1857.127503
21.000000,66.000000,1958.039749
22.000000,66.000000,2061.440390
12.000000,66.500000,1109.420346
13.000000,66.500000,1197.497453
14.000000,66.500000,1288.744605
15.000000,66.500000,1383.161803
16.000000,66.500000,1475.992208
17.000000,66.500000,1569.097413
18.000000,66.500000,1664.885104
19.000000,66.500000,1763.355280
20.000000,66.500000,1862.388614
21.000000,66.500000,1963.334345
22.000000,66.500000,2066.763293
12.000000,67.000000,1113.575398
13.000000,67.000000,1201.874503
14.000000,67.000000,1293.346261
15.000000,67.000000,1387.990673
16.000000,67.000000,1480.682485
17.000000,67.000000,1573.999232
18.000000,67.000000,1670.001699
19.000000,67.000000,1768.689886
20.000000,67.000000,1867.656459
21.000000,67.000000,1968.635402
22.000000,67.000000,2072.092389
12.000000,67.500000,1117.811869
13.000000,67.500000,1206.324967
14.000000,67.500000,1298.012548
15.000000,67.500000,1392.874611
16.000000,67.500000,1485.423939
17.000000,67.500000,1578.944210
18.000000,67.500000,1675.152367
19.000000,67.500000,1774.048408
20.000000,67.500000,1872.908522
21.000000,67.500000,1973.919125
22.000000,67.500000,2077.402581
11.000000,68.000000,1036.505331
12.000000,68.000000,1122.056262
13.000000,68.000000,1210.783494
14.000000,68.000000,1302.687027
15.000000,68.000000,1397.766861
16.000000,68.000000,1490.172614
17.000000,68.000000,1583.896529
18.000000,68.000000,1680.310486
19.000000,68.000000,1779.414487
20.000000,68.000000,1878.167254
21.000000,68.000000,1979.209244
22.000000,68.000000,2082.718901
11.000000,68.500000,1040.544705
12.000000,68.500000,1126.311149
13.000000,68.500000,1215.255929
14.000000,68.500000,1307.379046
15.000000,68.500000,1402.680498
16.000000,68.500000,1494.942759
17.000000,68.500000,1588.870149
18.000000,68.500000,1685.489695
19.000000,68.500000,1784.711113
20.000000,68.500000,1883.409892
21.000000,68.500000,1984.481738
22.000000,68.500000,2088.016052
11.000000,69.000000,1044.591841
12.000000,69.000000,1130.573958
13.000000,69.000000,1219.736436
14.000000,69.000000,1312.079276
15.000000,69.000000,1407.602476
16.000000,69.000000,1499.720155
17.000000,69.000000,1593.851135
18.000000,69.000000,1690.676377
19.000000,69.000000,1790.014972
20.000000,69.000000,1888.659133
21.000000,69.000000,1989.760565
22.000000,69.000000,2093.319267
11.000000,69.500000,1048.746537
12.000000,69.500000,1134.927115
13.000000,69.500000,1224.288830
14.000000,69.500000,1316.831681
15.000000,69.500000,1412.551704
16.000000,69.500000,1504.530149
17.000000,69.500000,1598.863521
18.000000,69.500000,1695.892896
19.000000,69.500000,1795.223722
20.000000,69.500000,1893.910322
21.000000,69.500000,1995.049377
22.000000,69.500000,2098.640886
11.000000,70.000000,1052.909367
12.000000,70.000000,1139.288497
13.000000,70.000000,1228.849530
14.000000,70.000000,1321.592466
15.000000,70.000000,1417.509364
16.000000,70.000000,1509.347496
17.000000,70.000000,1603.883362
18.000000,70.000000,1701.116960
19.000000,70.000000,1800.439329
20.000000,70.000000,1899.168113
21.000000,70.000000,2000.344538
22.000000,70.000000,2103.968604
11.000000,70.500000,1057.170300
12.000000,70.500000,1143.733459
13.000000,70.500000,1233.478575
14.000000,70.500000,1326.405647
15.000000,70.500000,1422.172266
16.000000,70.500000,1514.206206
17.000000,70.500000,1608.938585
18.000000,70.500000,1706.369403
19.000000,70.500000,1805.683443
20.000000,70.500000,1904.602312
21.000000,70.500000,2005.971818
22.000000,70.500000,2109.791960
11.000000,71.000000,1061.439710
12.000000,71.000000,1148.186937
13.000000,71.000000,1238.116170
14.000000,71.000000,1331.227408
15.000000,71.000000,1426.842604
16.000000,71.000000,1519.072427
17.000000,71.000000,1614.001378
18.000000,71.000000,1711.629459
19.000000,71.000000,1810.934481
20.000000,71.000000,1910.043596
21.000000,71.000000,2011.606345
22.000000,71.000000,2115.622728
11.000000,71.500000,1065.693051
12.000000,71.500000,1152.632810
13.000000,71.500000,1242.754527
14.000000,71.500000,1336.058200
15.000000,71.500000,1431.531649
16.000000,71.500000,1523.948858
17.000000,71.500000,1619.066408
18.000000,71.500000,1716.884299
19.000000,71.500000,1816.187667
20.000000,71.500000,1915.496902
21.000000,71.500000,2017.261999
22.000000,71.500000,2121.482959
11.000000,72.000000,1069.954820
12.000000,72.000000,1157.087174
13.000000,72.000000,1247.401427
14.000000,72.000000,1340.897578
15.000000,72.000000,1436.228150
16.000000,72.000000,1528.832834
17.000000,72.000000,1624.139064
18.000000,72.000000,1722.146842
19.000000,72.000000,1821.447966
20.000000,72.000000,1920.957442
21.000000,72.000000,2022.925008
22.000000,72.000000,2127.350661
11.000000,72.500000,1074.225584
12.000000,72.500000,1161.561696
13.000000,72.500000,1252.080563
14.000000,72.500000,1345.782184
15.000000,72.500000,1440.980355
16.000000,72.500000,1533.753502
17.000000,72.500000,1629.228666
18.000000,72.500000,1727.405847
19.000000,72.500000,1826.710250
20.000000,72.500000,1926.429676
21.000000,72.500000,2028.608570
11.000000,73.000000,1078.504799
12.000000,73.000000,1166.044779
13.000000,73.000000,1256.768362
14.000000,73.000000,1350.675547
15.000000,73.000000,1445.740234
16.000000,73.000000,1538.681891
17.000000,73.000000,1634.326031
18.000000,73.000000,1732.672656
19.000000,73.000000,1831.979789
20.000000,73.000000,1931.909262
21.000000,73.000000,2034.299569
11.000000,73.500000,1082.820794
12.000000,73.500000,1170.564809
13.000000,73.500000,1261.493556
14.000000,73.500000,1355.607036
15.000000,73.500000,1450.533870
16.000000,73.500000,1543.638100
17.000000,73.500000,1639.444664
18.000000,73.500000,1737.953563
19.000000,73.500000,1837.270644
20.000000,73.500000,1937.411179
21.000000,73.500000,2040.013905
11.000000,74.000000,1087.145340
12.000000,74.000000,1175.093501
13.000000,74.000000,1266.227519
14.000000,74.000000,1360.547394
15.000000,74.000000,1455.335280
16.000000,74.000000,1548.602103
17.000000,74.000000,1644.571106
18.000000,74.000000,1743.242291
19.000000,74.000000,1842.568773
20.000000,74.000000,1942.920465
21.000000,74.000000,2045.735691
11.000000,74.500000,1091.413962
12.000000,74.500000,1179.588210
13.000000,74.500000,1270.950215
14.000000,74.500000,1365.499976
15.000000,74.500000,1460.154614
16.000000,74.500000,1553.581725
17.000000,74.500000,1649.710736
18.000000,74.500000,1748.541648
19.000000,74.500000,1847.888878
20.000000,74.500000,1948.452644
21.000000,74.500000,2051.481293
11.000000,75.000000,1095.690921
12.000000,75.000000,1184.091452
13.000000,75.000000,1275.681626
14.000000,75.000000,1370.461443
15.000000,75.000000,1464.981749
16.000000,75.000000,1558.569159
17.000000,75.000000,1654.858186
18.000000,75.000000,1753.848830
19.000000,75.000000,1853.216278
20.000000,75.000000,1953.992213
21.000000,75.000000,2057.234364
11.000000,75.500000,1099.952916
12.000000,75.500000,1188.627160
13.000000,75.500000,1280.495916
14.000000,75.500000,1375.559183
15.000000,75.500000,1469.935052
16.000000,75.500000,1563.649580
17.000000,75.500000,1660.062988
18.000000,75.500000,1759.175276
19.000000,75.500000,1858.566985
20.000000,75.500000,1959.555633
21.000000,75.500000,2063.011789
11.000000,76.000000,1104.223177
12.000000,76.000000,1193.171514
13.000000,76.000000,1285.319217
14.000000,76.000000,1380.666287
15.000000,76.000000,1474.896564
16.000000,76.000000,1568.738097
17.000000,76.000000,1665.275769
18.000000,76.000000,1764.509580
19.000000,76.000000,1863.925014
20.000000,76.000000,1965.126466
21.000000,76.000000,2068.796700
11.000000,76.500000,1108.540689
12.000000,76.500000,1197.760200
13.000000,76.500000,1290.183126
14.000000,76.500000,1385.809466
15.000000,76.500000,1479.863505
16.000000,76.500000,1573.829672
17.000000,76.500000,1670.489122
18.000000,76.500000,1769.841856
19.000000,76.500000,1869.317210
20.000000,76.500000,1970.752328
21.000000,76.500000,2074.660022
11.000000,77.000000,1112.866622
12.000000,77.000000,1202.357670
13.000000,77.000000,1295.056161
14.000000,77.000000,1390.962095
15.000000,77.000000,1484.838636
16.000000,77.000000,1578.929315
17.000000,77.000000,1675.710420
18.000000,77.000000,1775.181949
19.000000,77.000000,1874.716835
20.000000,77.000000,1976.385842
21.000000,77.000000,2080.531218
11.000000,77.500000,1117.219399
12.000000,77.500000,1206.984027
13.000000,77.500000,1299.960224
14.000000,77.500000,1396.147991
15.000000,77.500000,1489.869250
16.000000,77.500000,1584.148369
17.000000,77.500000,1681.118785
18.000000,77.500000,1780.780499
19.000000,77.500000,1880.335593
20.000000,77.500000,1982.175207
21.000000,77.500000,2086.491882
11.000000,78.000000,1121.580666
12.000000,78.000000,1211.619240
13.000000,78.000000,1304.873492
14.000000,78.000000,1401.343422
15.000000,78.000000,1494.908218
16.000000,78.000000,1589.375859
17.000000,78.000000,1686.535667
18.000000,78.000000,1786.387640
19.000000,78.000000,1885.962425
20.000000,78.000000,1987.972698
21.000000,78.000000,2092.460722
11.000000,78.500000,1125.969493
12.000000,78.500000,1216.291202
13.000000,78.500000,1309.834110
14.000000,78.500000,1406.598216
15.000000,78.500000,1500.042647
16.000000,78.500000,1594.747539
17.000000,78.500000,1692.147391
18.000000,78.500000,1792.094908
19.000000,78.500000,1891.759458
20.000000,78.500000,1993.877705
21.000000,78.500000,2098.470825
11.000000,79.000000,1130.366886
12.000000,79.000000,1220.972137
13.000000,79.000000,1314.804101
14.000000,79.000000,1411.862780
15.000000,79.000000,1505.185778
16.000000,79.000000,1600.128144
17.000000,79.000000,1697.768258
18.000000,79.000000,1797.810967
19.000000,79.000000,1897.565050
20.000000,79.000000,1999.791123
21.000000,79.000000,2104.489186
11.000000,79.500000,1134.923084
12.000000,79.500000,1225.773368
13.000000,79.500000,1319.852832
14.000000,79.500000,1417.161478
15.000000,79.500000,1510.352059
16.000000,79.500000,1605.530576
17.000000,79.500000,1703.409442
18.000000,79.500000,1803.499237
19.000000,79.500000,1903.367756
20.000000,79.500000,2005.705544
21.000000,79.500000,2110.512603
11.000000,80.000000,1139.488434
12.000000,80.000000,1230.583994
13.000000,80.000000,1324.911193
14.000000,80.000000,1422.470029
15.000000,80.000000,1515.527085
16.000000,80.000000,1610.941967
17.000000,80.000000,1709.059791
18.000000,80.000000,1809.196157
19.000000,80.000000,1909.178973
20.000000,80.000000,2011.628337
21.000000,80.000000,2116.544249
11.000000,80.500000,1144.161438
12.000000,80.500000,1235.470871
13.000000,80.500000,1330.012337
14.000000,80.500000,1427.599202
15.000000,80.500000,1520.725185
16.000000,80.500000,1616.383784
17.000000,80.500000,1714.747863
18.000000,80.500000,1814.908964
19.000000,80.500000,1915.002040
20.000000,80.500000,2017.558734
21.000000,80.500000,2122.579044
10.000000,81.000000,1060.552990
11.000000,81.000000,1148.843988
12.000000,81.000000,1240.367407
13.000000,81.000000,1335.123247
14.000000,81.000000,1432.737553
15.000000,81.000000,1525.932091
16.000000,81.000000,1621.834637
17.000000,81.000000,1720.445189
18.000000,81.000000,1820.630435
19.000000,81.000000,1920.833620
20.000000,81.000000,2023.497490
21.000000,81.000000,2128.622045
10.000000,81.500000,1065.065267
11.000000,81.500000,1153.562168
12.000000,81.500000,1245.291290
13.000000,81.500000,1340.252633
14.000000,81.500000,1437.725029
15.000000,81.500000,1531.165035
16.000000,81.500000,1627.315527
17.000000,81.500000,1726.176503
18.000000,81.500000,1826.359649
19.000000,81.500000,1926.671023
20.000000,81.500000,2029.440069
10.000000,82.000000,1069.587111
11.000000,82.000000,1158.290000
12.000000,82.000000,1250.224903
13.000000,82.000000,1345.391820
14.000000,82.000000,1442.721120
15.000000,82.000000,1536.406845
16.000000,82.000000,1632.805517
17.000000,82.000000,1731.917137
18.000000,82.000000,1832.097513
19.000000,82.000000,1932.516920
20.000000,82.000000,2035.390985
10.000000,82.500000,1074.148353
11.000000,82.500000,1163.052297
12.000000,82.500000,1255.187682
13.000000,82.500000,1350.554507
14.000000,82.500000,1447.746038
15.000000,82.500000,1541.679399
16.000000,82.500000,1638.328282
17.000000,82.500000,1737.692689
18.000000,82.500000,1837.858914
19.000000,82.500000,1938.419140
20.000000,82.500000,2041.433084
10.000000,83.000000,1078.719282
11.000000,83.000000,1167.824340
12.000000,83.000000,1260.160259
13.000000,83.000000,1355.727040
14.000000,83.000000,1452.779626
15.000000,83.000000,1546.960875
16.000000,83.000000,1643.860208
17.000000,83.000000,1743.477623
18.000000,83.000000,1843.629010
19.000000,83.000000,1944.330012
20.000000,83.000000,2047.483791
10.000000,83.500000,1083.336363
11.000000,83.500000,1172.666162
12.000000,83.500000,1265.228329
13.000000,83.500000,1361.022862
14.000000,83.500000,1457.960407
15.000000,83.500000,1552.381300
16.000000,83.500000,1649.522518
17.000000,83.500000,1749.384063
18.000000,83.500000,1849.518371
19.000000,83.500000,1950.395572
20.000000,83.500000,2053.726081
10.000000,84.000000,1087.963278
11.000000,84.000000,1177.517972
12.000000,84.000000,1270.306536
13.000000,84.000000,1366.328969
14.000000,84.000000,1463.150349
15.000000,84.000000,1557.811112
16.000000,84.000000,1655.194435
17.000000,84.000000,1755.300316
18.000000,84.000000,1855.416864
19.000000,84.000000,1956.470317
20.000000,84.000000,2059.977606
10.000000,84.500000,1092.515932
11.000000,84.500000,1182.347108
12.000000,84.500000,1275.416197
13.000000,84.500000,1371.723199
14.000000,84.500000,1468.459819
15.000000,84.500000,1563.352700
16.000000,84.500000,1660.969998
17.000000,84.500000,1761.311713
18.000000,84.500000,1861.382397
19.000000,84.500000,1962.591714
20.000000,84.500000,2066.253645
10.000000,85.000000,1097.078092
11.000000,85.000000,1187.186124
12.000000,85.000000,1280.536103
13.000000,85.000000,1377.128029
14.000000,85.000000,1473.778847
15.000000,85.000000,1568.904045
16.000000,85.000000,1666.755510
17.000000,85.000000,1767.333243
18.000000,85.000000,1867.357286
19.000000,85.000000,1968.722432
20.000000,85.000000,2072.538967
10.000000,85.500000,1101.500879
11.000000,85.500000,1191.935449
12.000000,85.500000,1285.619231
13.000000,85.500000,1382.552226
14.000000,85.500000,1479.136298
15.000000,85.500000,1574.490968
16.000000,85.500000,1672.573385
17.000000,85.500000,1773.383549
18.000000,85.500000,1873.345396
19.000000,85.500000,1974.867007
20.000000,85.500000,2078.838978
10.000000,86.000000,1105.932556
11.000000,86.000000,1196.694254
12.000000,86.000000,1290.712421
13.000000,86.000000,1387.987058
14.000000,86.000000,1484.503406
15.000000,86.000000,1580.087730
16.000000,86.000000,1678.401272
17.000000,86.000000,1779.444033
18.000000,86.000000,1879.342861
19.000000,86.000000,1981.020909
20.000000,86.000000,2085.148285
10.000000,86.500000,1110.401108
11.000000,86.500000,1201.494565
12.000000,86.500000,1295.852107
13.000000,86.500000,1393.473735
14.000000,86.500000,1489.903897
15.000000,86.500000,1585.714232
16.000000,86.500000,1684.255063
17.000000,86.500000,1785.526392
18.000000,86.500000,1885.350792
19.000000,86.500000,1987.186125
20.000000,86.500000,2091.469590
10.000000,87.000000,1114.878665
11.000000,87.000000,1206.304483
12.000000,87.000000,1301.001996
13.000000,87.000000,1398.971204
14.000000,87.000000,1495.314131
15.000000,87.000000,1591.350646
16.000000,87.000000,1690.118927
17.000000,87.000000,1791.618976
18.000000,87.000000,1891.368093
19.000000,87.000000,1993.360678
20.000000,87.000000,2097.800197
10.000000,87.500000,1119.410247
11.000000,87.500000,1211.174993
12.000000,87.500000,1306.219203
13.000000,87.500000,1404.542877
14.000000,87.500000,1500.770299
15.000000,87.500000,1597.025406
16.000000,87.500000,1696.013323
17.000000,87.500000,1797.590547
18.000000,87.500000,1897.396224
19.000000,87.500000,1999.545604
20.000000,87.500000,2104.140597
10.000000,88.000000,1123.951020
11.000000,88.000000,1216.055314
12.000000,88.000000,1311.446833
13.000000,88.000000,1410.125576
14.000000,88.000000,1506.236325
15.000000,88.000000,1602.710167
16.000000,88.000000,1701.917854
17.000000,88.000000,1803.571876
18.000000,88.000000,1903.433729
19.000000,88.000000,2005.739868
20.000000,88.000000,2110.490293
10.000000,88.500000,1128.583978
11.000000,88.500000,1221.019480
12.000000,88.500000,1316.749099
13.000000,88.500000,1415.772834
14.000000,88.500000,1511.736365
15.000000,88.500000,1608.425079
16.000000,88.500000,1707.848485
17.000000,88.500000,1809.463184
18.000000,88.500000,1909.482425
19.000000,88.500000,2011.944571
20.000000,88.500000,2116.849623
10.000000,89.000000,1133.226464
11.000000,89.000000,1225.993751
12.000000,89.000000,1322.062035
13.000000,89.000000,1421.431315
14.000000,89.000000,1517.246341
15.000000,89.000000,1614.150054
16.000000,89.000000,1713.789298
17.000000,89.000000,1815.363897
18.000000,89.000000,1915.540492
19.000000,89.000000,2018.158607
20.000000,89.000000,2123.218243
10.000000,89.500000,1137.870413
11.000000,89.500000,1230.882624
12.000000,89.500000,1327.198630
13.000000,89.500000,1426.818432
14.000000,89.500000,1522.550530
15.000000,89.500000,1619.716913
16.000000,89.500000,1719.620988
17.000000,89.500000,1821.221185
18.000000,89.500000,1921.656009
19.000000,89.500000,2024.535793
20.000000,89.500000,2129.860537
10.000000,90.000000,1142.523850
11.000000,90.000000,1235.781218
12.000000,90.000000,1332.345180
13.000000,90.000000,1432.215734
14.000000,90.000000,1527.863974
15.000000,90.000000,1625.293345
16.000000,90.000000,1725.462550
17.000000,90.000000,1827.087813
18.000000,90.000000,1927.781153
19.000000,90.000000,2030.922889
20.000000,90.000000,2136.513021
10.000000,90.500000,1147.211642
11.000000,90.500000,1240.680654
12.000000,90.500000,1337.456318
13.000000,90.500000,1437.538633
14.000000,90.500000,1533.122109
15.000000,90.500000,1630.827320
16.000000,90.500000,1731.276195
17.000000,90.500000,1832.946731
18.000000,90.500000,1933.908114
19.000000,90.500000,2037.320963
10.000000,91.000000,1151.909024
11.000000,91.000000,1245.589777
12.000000,91.000000,1342.577237
13.000000,91.000000,1442.871403
14.000000,91.000000,1538.389276
15.000000,91.000000,1636.370694
16.000000,91.000000,1737.099599
17.000000,91.000000,1838.814970
18.000000,91.000000,1940.044700
19.000000,91.000000,2043.728957
10.000000,91.500000,1156.664336
11.000000,91.500000,1250.556796
12.000000,91.500000,1347.755880
13.000000,91.500000,1448.072350
14.000000,91.500000,1543.716591
15.000000,91.500000,1641.969647
16.000000,91.500000,1742.973742
17.000000,91.500000,1844.727172
18.000000,91.500000,1946.222775
19.000000,91.500000,2050.175944
10.000000,92.000000,1161.429442
11.000000,92.000000,1255.533697
12.000000,92.000000,1352.944492
13.000000,92.000000,1453.282653
14.000000,92.000000,1549.053110
15.000000,92.000000,1647.578149
16.000000,92.000000,1748.857769
17.000000,92.000000,1850.648787
18.000000,92.000000,1952.410558
19.000000,92.000000,2056.632924
10.000000,92.500000,1166.240490
11.000000,92.500000,1260.558228
12.000000,92.500000,1358.182516
13.000000,92.500000,1458.412128
14.000000,92.500000,1554.455830
15.000000,92.500000,1653.258020
16.000000,92.500000,1754.818699
17.000000,92.500000,1856.650008
18.000000,92.500000,1958.681037
19.000000,92.500000,2063.175697
10.000000,93.000000,1171.061481
11.000000,93.000000,1265.592793
12.000000,93.000000,1363.430661
13.000000,93.000000,1463.550638
14.000000,93.000000,1559.867949
15.000000,93.000000,1658.947650
16.000000,93.000000,1760.789740
17.000000,93.000000,1862.660868
18.000000,93.000000,1964.961456
19.000000,93.000000,2069.728703
10.000000,93.500000,1175.859257
11.000000,93.500000,1270.630448
12.000000,93.500000,1368.709060
13.000000,93.500000,1468.752163
14.000000,93.500000,1565.347072
15.000000,93.500000,1664.708568
16.000000,93.500000,1766.836652
17.000000,93.500000,1868.740180
18.000000,93.500000,1971.299482
19.000000,93.500000,2076.327666
9.000000,94.000000,1088.963830
10.000000,94.000000,1180.666831
11.000000,94.000000,1275.678106
12.000000,94.000000,1373.997656
13.000000,94.000000,1473.962912
14.000000,94.000000,1570.835793
15.000000,94.000000,1670.479455
16.000000,94.000000,1772.893897
17.000000,94.000000,1874.829319
18.000000,94.000000,1977.647593
19.000000,94.000000,2082.936964
9.000000,94.500000,1093.559524
10.000000,94.500000,1185.520388
11.000000,94.500000,1280.791389
12.000000,94.500000,1379.372526
13.000000,94.500000,1479.277672
14.000000,94.500000,1576.416533
15.000000,94.500000,1676.329101
16.000000,94.500000,1779.015378
17.000000,94.500000,1880.969152
18.000000,94.500000,1984.040476
19.000000,94.500000,2089.584799
9.000000,95.000000,1098.164867
10.000000,95.000000,1190.383886
11.000000,95.000000,1285.914893
12.000000,95.000000,1384.757888
13.000000,95.000000,1484.601995
14.000000,95.000000,1582.007160
15.000000,95.000000,1682.188951
16.000000,95.000000,1785.147369
17.000000,95.000000,1887.118931
18.000000,95.000000,1990.443541
19.000000,95.000000,2096.243042
9.000000,95.500000,1102.811789
10.000000,95.500000,1195.304128
11.000000,95.500000,1291.111455
12.000000,95.500000,1390.233768
13.000000,95.500000,1490.022962
14.000000,95.500000,1587.679672
15.000000,95.500000,1688.115232
16.000000,95.500000,1791.329642
17.000000,95.500000,1893.306979
18.000000,95.500000,1996.872479
19.000000,95.500000,2102.914565
9.000000,96.000000,1107.468497
10.000000,96.000000,1200.234503
11.000000,96.000000,1296.318489
12.000000,96.000000,1395.720453
13.000000,96.000000,1495.453808
14.000000,96.000000,1593.362331
15.000000,96.000000,1694.051921
16.000000,96.000000,1797.522578
17.000000,96.000000,1899.505097
18.000000,96.000000,2003.311700
19.000000,96.000000,2109.596577
9.000000,96.500000,1112.170916
10.000000,96.500000,1205.213224
11.000000,96.500000,1301.576488
12.000000,96.500000,1401.260709
13.000000,96.500000,1500.934191
14.000000,96.500000,1599.095392
15.000000,96.500000,1700.040205
16.000000,96.500000,1803.768630
17.000000,96.500000,1905.745613
18.000000,96.500000,2009.783203
19.000000,96.500000,2116.300533
9.000000,97.000000,1116.883281
10.000000,97.000000,1210.202241
11.000000,97.000000,1306.845127
12.000000,97.000000,1406.811940
13.000000,97.000000,1506.424595
14.000000,97.000000,1604.838741
15.000000,97.000000,1706.039041
16.000000,97.000000,1810.025494
17.000000,97.000000,1911.996313
18.000000,97.000000,2016.265074
19.000000,97.000000,2123.015038
9.000000,97.500000,1121.641548
10.000000,97.500000,1215.238536
11.000000,97.500000,1312.162390
12.000000,97.500000,1412.413108
13.000000,97.500000,1511.962602
14.000000,97.500000,1610.633491
15.000000,97.500000,1712.093111
16.000000,97.500000,1816.190402
17.000000,97.500000,1918.293170
18.000000,97.500000,2022.786516
19.000000,97.500000,2129.762231
9.000000,98.000000,1126.409917
10.000000,98.000000,1220.285284
11.000000,98.000000,1317.490447
12.000000,98.000000,1418.025405
13.000000,98.000000,1517.510764
14.000000,98.000000,1616.438672
15.000000,98.000000,1718.157881
16.000000,98.000000,1822.365748
17.000000,98.000000,1924.600312
18.000000,98.000000,2029.318405
19.000000,98.000000,2136.520028
9.000000,98.500000,1131.212480
10.000000,98.500000,1225.358057
11.000000,98.500000,1322.835269
12.000000,98.500000,1423.644115
13.000000,98.500000,1523.064822
14.000000,98.500000,1622.245411
15.000000,98.500000,1724.219405
16.000000,98.500000,1828.442818
17.000000,98.500000,1930.912253
18.000000,98.500000,2035.866797
19.000000,98.500000,2143.306452
9.000000,99.000000,1136.025226
10.000000,99.000000,1230.441333
11.000000,99.000000,1328.190903
12.000000,99.000000,1429.273934
13.000000,99.000000,1528.629025
14.000000,99.000000,1628.062558
15.000000,99.000000,1730.291594
16.000000,99.000000,1834.529972
17.000000,99.000000,1937.234483
18.000000,99.000000,2042.425678
19.000000,99.000000,2150.103559
9.000000,99.500000,1140.865388
10.000000,99.500000,1235.556281
11.000000,99.500000,1333.582384
12.000000,99.500000,1434.943696
13.000000,99.500000,1534.218446
14.000000,99.500000,1633.884836
15.000000,99.500000,1736.348407
16.000000,99.500000,1840.595860
17.000000,99.500000,1943.553215
18.000000,99.500000,2048.999092
9.000000,100.000000,1145.715802
10.000000,100.000000,1240.681819
11.000000,100.000000,1338.984779
12.000000,100.000000,1440.624681
13.000000,100.000000,1539.818068
14.000000,100.000000,1639.717506
15.000000,100.000000,1742.415801
16.000000,100.000000,1846.671750
17.000000,100.000000,1949.882212
18.000000,100.000000,2055.583024
9.000000,100.500000,1150.645741
10.000000,100.500000,1245.881489
11.000000,100.500000,1344.456082
12.000000,100.500000,1446.369520
13.000000,100.500000,1545.472964
14.000000,100.500000,1645.598813
15.000000,100.500000,1748.524225
16.000000,100.500000,1852.787632
17.000000,100.500000,1956.250117
18.000000,100.500000,2062.204642
9.000000,101.000000,1155.586240
10.000000,101.000000,1251.092018
11.000000,101.000000,1349.938534
12.000000,101.000000,1452.125789
13.000000,101.000000,1551.138225
14.000000,101.000000,1651.490648
15.000000,101.000000,1754.643336
16.000000,101.000000,1858.913612
17.000000,101.000000,1962.628376
18.000000,101.000000,2068.836859
9.000000,101.500000,1160.443595
10.000000,101.500000,1256.254915
11.000000,101.500000,1355.412208
12.000000,101.500000,1457.915472
13.000000,101.500000,1556.844989
14.000000,101.500000,1657.435354
15.000000,101.500000,1760.827495
16.000000,101.500000,1865.108277
17.000000,101.500000,1969.054029
18.000000,101.500000,2075.494225
9.000000,102.000000,1165.311123
10.000000,102.000000,1261.428435
11.000000,102.000000,1360.896952
12.000000,102.000000,1463.716674
13.000000,102.000000,1562.562232
14.000000,102.000000,1663.390741
15.000000,102.000000,1767.022532
16.000000,102.000000,1871.313234
17.000000,102.000000,1975.490159
18.000000,102.000000,2082.162246
9.000000,102.500000,1170.224709
10.000000,102.500000,1266.647458
11.000000,102.500000,1366.426332
12.000000,102.500000,1469.561332
13.000000,102.500000,1568.312716
14.000000,102.500000,1669.381362
15.000000,102.500000,1773.254974
16.000000,102.500000,1877.545393
17.000000,102.500000,1981.932558
18.000000,102.500000,2088.815386
9.000000,103.000000,1175.148619
10.000000,103.000000,1271.877248
11.000000,103.000000,1371.966920
12.000000,103.000000,1475.417635
13.000000,103.000000,1574.073762
14.000000,103.000000,1675.382750
15.000000,103.000000,1779.498385
16.000000,103.000000,1883.787902
17.000000,103.000000,1988.385430
18.000000,103.000000,2095.479119
9.000000,103.500000,1179.954502
10.000000,103.500000,1277.026996
11.000000,103.500000,1377.466777
12.000000,103.500000,1481.011316
13.000000,103.500000,1579.836767
14.000000,103.500000,1681.393363
15.000000,103.500000,1785.758141
16.000000,103.500000,1890.050512
17.000000,103.500000,1994.866971
18.000000,103.500000,2102.180341
9.000000,104.000000,1184.770121
10.000000,104.000000,1282.187112
11.000000,104.000000,1382.977622
12.000000,104.000000,1486.615578
13.000000,104.000000,1585.610302
14.000000,104.000000,1687.414738
15.000000,104.000000,1792.028885
16.000000,104.000000,1896.323500
17.000000,104.000000,2001.359039
18.000000,104.000000,2108.892232
9.000000,104.500000,1189.614786
10.000000,104.500000,1287.346124
11.000000,104.500000,1388.456085
12.000000,104.500000,1492.088658
13.000000,104.500000,1591.348413
14.000000,104.500000,1693.419670
15.000000,104.500000,1798.302431
16.000000,104.500000,1902.611195
17.000000,104.500000,2007.875442
18.000000,104.500000,2115.637969
9.000000,105.000000,1194.469256
10.000000,105.000000,1292.515435
11.000000,105.000000,1393.945336
12.000000,105.000000,1497.571770
13.000000,105.000000,1597.096877
14.000000,105.000000,1699.435266
15.000000,105.000000,1804.586939
16.000000,105.000000,1908.909288
17.000000,105.000000,2014.402420
18.000000,105.000000,2122.394447
9.000000,105.500000,1199.400408
10.000000,105.500000,1297.730757
11.000000,105.500000,1399.448413
12.000000,105.500000,1503.043209
13.000000,105.500000,1602.833999
14.000000,105.500000,1705.440693
15.000000,105.500000,1810.863292
16.000000,105.500000,1915.201336
17.000000,105.500000,2020.921653
18.000000,105.500000,2129.141394
9.000000,106.000000,1204.341656
10.000000,106.000000,1302.956526
11.000000,106.000000,1404.962285
12.000000,106.000000,1508.524588
13.000000,106.000000,1608.581381
14.000000,106.000000,1711.456696
15.000000,106.000000,1817.150531
16.000000,106.000000,1921.503736
17.000000,106.000000,2027.451419
18.000000,106.000000,2135.899045
9.000000,106.500000,1209.359202
10.000000,106.500000,1308.235076
11.000000,106.500000,1410.504250
12.000000,106.500000,1514.018757
13.000000,106.500000,1614.343025
14.000000,106.500000,1717.488367
15.000000,106.500000,1823.454781
16.000000,106.500000,1927.826152
17.000000,106.500000,2034.009726
18.000000,106.500000,2142.693974
9.000000,107.000000,1214.387133
10.000000,107.000000,1313.524250
11.000000,107.000000,1416.057075
12.000000,107.000000,1519.522871
13.000000,107.000000,1620.114939
14.000000,107.000000,1723.530628
15.000000,107.000000,1829.769938
16.000000,107.000000,1934.158952
17.000000,107.000000,2040.578622
18.000000,107.000000,2149.499691
9.000000,107.500000,1219.421481
10.000000,107.500000,1318.849566
11.000000,107.500000,1421.676642
12.000000,107.500000,1525.100528
13.000000,107.500000,1625.935516
14.000000,107.500000,1729.595202
15.000000,107.500000,1836.079585
16.000000,107.500000,1940.496797
17.000000,107.500000,2047.168830
18.000000,107.500000,2156.344020
9.000000,108.000000,1224.466180
10.000000,108.000000,1324.185604
11.000000,108.000000,1427.307298
12.000000,108.000000,1530.688376
13.000000,108.000000,1631.766512
14.000000,108.000000,1735.670416
15.000000,108.000000,1842.400087
16.000000,108.000000,1946.845009
17.000000,108.000000,2053.769661
18.000000,108.000000,2163.199224
9.000000,108.500000,1229.566339
10.000000,108.500000,1329.556639
11.000000,108.500000,1432.949892
12.000000,108.500000,1536.266925
13.000000,108.500000,1637.592700
14.000000,108.500000,1741.745888
15.000000,108.500000,1848.517546
16.000000,108.500000,1953.210911
17.000000,108.500000,2060.399747
18.000000,108.500000,2170.096665
8.000000,109.000000,1137.819198
9.000000,109.000000,1234.677041
10.000000,109.000000,1334.938508
11.000000,109.000000,1438.603598
12.000000,109.000000,1541.855610
13.000000,109.000000,1643.429264
14.000000,109.000000,1747.831972
15.000000,109.000000,1854.645144
16.000000,109.000000,1959.587204
17.000000,109.000000,2067.040516
18.000000,109.000000,2177.005082
8.000000,109.500000,1142.715227
9.000000,109.500000,1239.838245
10.000000,109.500000,1340.365363
11.000000,109.500000,1444.296581
12.000000,109.500000,1547.483874
13.000000,109.500000,1649.307520
14.000000,109.500000,1753.961487
15.000000,109.500000,1860.807774
16.000000,109.500000,1966.011893
17.000000,109.500000,2073.730244
8.000000,110.000000,1147.621696
9.000000,110.000000,1245.010159
10.000000,110.000000,1345.803187
11.000000,110.000000,1450.000781
12.000000,110.000000,1553.122378
13.000000,110.000000,1655.196263
14.000000,110.000000,1760.101729
15.000000,110.000000,1866.980625
16.000000,110.000000,1972.447096
17.000000,110.000000,2080.430776
8.000000,110.500000,1152.556511
9.000000,110.500000,1250.218492
10.000000,110.500000,1351.286260
11.000000,110.500000,1455.759816
12.000000,110.500000,1558.821145
13.000000,110.500000,1661.145846
14.000000,110.500000,1766.303062
15.000000,110.500000,1873.216272
16.000000,110.500000,1978.941004
17.000000,110.500000,2087.185308
8.000000,111.000000,1157.501844
9.000000,111.000000,1255.437642
10.000000,111.000000,1356.780440
11.000000,111.000000,1461.530238
12.000000,111.000000,1564.530331
13.000000,111.000000,1667.106093
14.000000,111.000000,1772.515298
15.000000,111.000000,1879.462315
16.000000,111.000000,1985.445583
17.000000,111.000000,2093.950782
8.000000,111.500000,1162.476608
9.000000,111.500000,1260.692004
10.000000,111.500000,1362.315704
11.000000,111.500000,1467.347710
12.000000,111.500000,1570.300093
13.000000,111.500000,1673.150842
14.000000,111.500000,1778.837946
15.000000,111.500000,1885.831295
16.000000,111.500000,1992.052935
17.000000,111.500000,2100.797821
8.000000,112.000000,1167.461974
9.000000,112.000000,1265.957289
10.000000,112.000000,1367.862204
11.000000,112.000000,1473.176717
12.000000,112.000000,1576.080460
13.000000,112.000000,1679.206521
14.000000,112.000000,1785.171847
15.000000,112.000000,1892.211047
16.000000,112.000000,1998.671263
17.000000,112.000000,2107.656035
8.000000,112.500000,1172.457526
9.000000,112.500000,1271.245160
10.000000,112.500000,1373.443570
11.000000,112.500000,1479.052754
12.000000,112.500000,1581.906996
13.000000,112.500000,1685.304698
14.000000,112.500000,1791.544324
15.000000,112.500000,1898.624430
16.000000,112.500000,2005.332469
17.000000,112.500000,2114.567662
8.000000,113.000000,1177.463655
9.000000,113.000000,1276.543994
10.000000,113.000000,1379.036266
11.000000,113.000000,1484.940472
12.000000,113.000000,1587.744272
13.000000,113.000000,1691.413923
14.000000,113.000000,1797.928151
15.000000,113.000000,1905.048663
16.000000,113.000000,2012.004757
17.000000,113.000000,2121.490603
8.000000,113.500000,1182.425170
9.000000,113.500000,1281.831321
10.000000,113.500000,1384.652310
11.000000,113.500000,1490.888135
12.000000,113.500000,1593.639235
13.000000,113.500000,1697.572482
14.000000,113.500000,1804.352082
8.000000,114.000000,1187.396993
9.000000,114.000000,1287.129500
10.000000,114.000000,1390.279726
11.000000,114.000000,1496.847671
12.000000,114.000000,1599.545112
13.000000,114.000000,1703.742229
14.000000,114.000000,1810.787466
8.000000,114.500000,1192.352471
9.000000,114.500000,1292.435830
10.000000,114.500000,1395.942696
11.000000,114.500000,1502.873069
12.000000,114.500000,1605.514478
13.000000,114.500000,1709.980639
14.000000,114.500000,1817.296874
8.000000,115.000000,1197.318190
9.000000,115.000000,1297.753025
10.000000,115.000000,1401.617148
11.000000,115.000000,1508.910558
12.000000,115.000000,1611.494954
13.000000,115.000000,1716.230447
14.000000,115.000000,1823.817960
8.000000,115.500000,1202.384423
9.000000,115.500000,1303.121993
10.000000,115.500000,1407.292613
11.000000,115.500000,1514.896282
12.000000,115.500000,1617.465335
13.000000,115.500000,1722.510368
14.000000,115.500000,1830.410628
8.000000,116.000000,1207.461297
9.000000,116.000000,1308.501995
10.000000,116.000000,1412.979502
11.000000,116.000000,1520.893821
12.000000,116.000000,1623.446734
13.000000,116.000000,1728.801748
14.000000,116.000000,1837.015188
8.000000,116.500000,1212.630720
9.000000,116.500000,1313.969137
10.000000,116.500000,1418.747731
11.000000,116.500000,1526.670290
12.000000,116.500000,1629.499077
13.000000,116.500000,1735.161045
14.000000,116.500000,1843.684411
8.000000,117.000000,1217.811146
9.000000,117.000000,1319.447642
10.000000,117.000000,1424.527678
11.000000,117.000000,1532.457678
12.000000,117.000000,1635.562665
13.000000,117.000000,1741.532012
14.000000,117.000000,1850.365718
8.000000,117.500000,1223.023291
9.000000,117.500000,1324.983609
10.000000,117.500000,1430.391492
11.000000,117.500000,1538.308102
12.000000,117.500000,1641.647225
13.000000,117.500000,1747.851434
14.000000,117.500000,1856.920729
8.000000,118.000000,1228.246520
9.000000,118.000000,1330.531130
10.000000,118.000000,1436.267326
11.000000,118.000000,1544.169654
12.000000,118.000000,1647.743064
13.000000,118.000000,1754.182283
14.000000,118.000000,1863.487311
8.000000,118.500000,1233.505569
9.000000,118.500000,1336.140958
10.000000,118.500000,1442.232358
11.000000,118.500000,1550.122399
12.000000,118.500000,1653.936579
13.000000,118.500000,1760.617462
14.000000,118.500000,1870.165048
8.000000,119.000000,1238.775792
9.000000,119.000000,1341.762553
10.000000,119.000000,1448.209736
11.000000,119.000000,1556.086588
12.000000,119.000000,1660.141703
13.000000,119.000000,1767.064414
14.000000,119.000000,1876.854721
8.000000,119.500000,1244.077746
9.000000,119.500000,1347.322492
10.000000,119.500000,1454.028221
11.000000,119.500000,1561.872754
12.000000,119.500000,1666.265586
13.000000,119.500000,1773.529687
8.000000,120.000000,1249.390958
9.000000,120.000000,1352.893858
10.000000,120.000000,1459.858298
11.000000,120.000000,1567.669586
12.000000,120.000000,1672.400707
13.000000,120.000000,1780.006754
8.000000,120.500000,1254.758741
9.000000,120.500000,1358.481180
10.000000,120.500000,1465.664098
11.000000,120.500000,1573.450670
12.000000,120.500000,1678.546738
13.000000,120.500000,1786.522063
8.000000,121.000000,1260.137973
9.000000,121.000000,1364.079937
10.000000,121.000000,1471.481319
11.000000,121.000000,1579.242295
12.000000,121.000000,1684.703994
13.000000,121.000000,1793.049262
8.000000,121.500000,1265.580823
9.000000,121.500000,1369.724583
10.000000,121.500000,1477.325937
11.000000,121.500000,1585.049685
12.000000,121.500000,1690.817229
13.000000,121.500000,1799.470989
8.000000,122.000000,1271.035352
9.000000,122.000000,1375.380806
10.000000,122.000000,1483.182030
11.000000,122.000000,1590.867618
12.000000,122.000000,1696.941451
13.000000,122.000000,1805.904139
8.000000,122.500000,1276.388488
9.000000,122.500000,1380.920984
10.000000,122.500000,1488.904566
11.000000,122.500000,1596.594565
12.000000,122.500000,1703.033817
13.000000,122.500000,1812.368498
8.000000,123.000000,1281.752774
9.000000,123.000000,1386.472187
10.000000,123.000000,1494.638003
11.000000,123.000000,1602.331698
12.000000,123.000000,1709.137027
13.000000,123.000000,1818.844358
8.000000,123.500000,1287.080581
9.000000,123.500000,1392.007186
10.000000,123.500000,1500.375195
11.000000,123.500000,1608.113038
12.000000,123.500000,1715.300167
13.000000,123.500000,1825.397151
8.000000,124.000000,1292.419302
9.000000,124.000000,1397.553089
10.000000,124.000000,1506.123272
11.000000,124.000000,1613.904710
12.000000,124.000000,1721.474343
13.000000,124.000000,1831.961688
8.000000,124.500000,1297.801372
9.000000,124.500000,1403.167556
10.000000,124.500000,1511.966372
11.000000,124.500000,1619.770802
12.000000,124.500000,1727.640073
13.000000,124.500000,1838.429819
8.000000,125.000000,1303.194498
9.000000,125.000000,1408.793173
10.000000,125.000000,1517.820702
11.000000,125.000000,1625.647475
12.000000,125.000000,1733.816781
13.000000,125.000000,1844.909319
8.000000,125.500000,1308.464262
9.000000,125.500000,1414.380898
10.000000,125.500000,1523.729941
11.000000,125.500000,1631.608938
12.000000,125.500000,1740.061687
13.000000,125.500000,1851.438664
7.000000,126.000000,1210.945450
8.000000,126.000000,1313.744537
9.000000,126.000000,1419.979577
10.000000,126.000000,1529.650572
11.000000,126.000000,1637.581248
12.000000,126.000000,1746.317776
13.000000,126.000000,1857.979517
7.000000,126.500000,1216.033389
8.000000,126.500000,1319.148674
9.000000,126.500000,1425.703373
10.000000,126.500000,1535.697485
11.000000,126.500000,1643.658519
12.000000,126.500000,1752.664259
13.000000,126.500000,1864.595527
7.000000,127.000000,1221.131895
8.000000,127.000000,1324.563815
9.000000,127.000000,1431.438605
10.000000,127.000000,1541.756264
11.000000,127.000000,1649.747002
12.000000,127.000000,1759.022223
13.000000,127.000000,1871.223277
7.000000,127.500000,1226.284180
8.000000,127.500000,1330.056423
9.000000,127.500000,1437.275518
10.000000,127.500000,1547.941466
11.000000,127.500000,1655.897229
12.000000,127.500000,1765.375775
13.000000,127.500000,1877.778778
7.000000,128.000000,1231.447208
8.000000,128.000000,1335.560315
9.000000,128.000000,1443.124249
10.000000,128.000000,1554.139011
11.000000,128.000000,1662.058860
12.000000,128.000000,1771.740733
13.000000,128.000000,1884.345687
7.000000,128.500000,1236.647828
8.000000,128.500000,1341.132308
9.000000,128.500000,1449.072034
10.000000,128.500000,1560.467004
11.000000,128.500000,1668.315328
12.000000,128.500000,1778.188341
13.000000,128.500000,1890.982654
7.000000,129.000000,1241.859277
8.000000,129.000000,1346.715818
9.000000,129.000000,1455.032004
10.000000,129.000000,1566.807835
11.000000,129.000000,1674.583523
12.000000,129.000000,1784.647624
13.000000,129.000000,1897.631242
7.000000,129.500000,1247.168771
8.000000,129.500000,1352.339429
9.000000,129.500000,1460.971681
10.000000,129.500000,1573.065524
11.000000,129.500000,1680.817395
12.000000,129.500000,1791.132706
13.000000,129.500000,1904.367317
7.000000,130.000000,1252.489489
8.000000,130.000000,1357.974673
9.000000,130.000000,1466.923387
10.000000,130.000000,1579.335632
11.000000,130.000000,1687.062801
12.000000,130.000000,1797.629510
13.000000,130.000000,1911.115293
