weight_g,60.000000
thrust_N,velocity_m_s,power_W
11.000000,0.000000,585.535710
12.000000,0.000000,668.177813
13.000000,0.000000,755.740065
14.000000,0.000000,848.222468
15.000000,0.000000,943.310743
16.000000,0.000000,1042.527014
17.000000,0.000000,1146.332280
18.000000,0.000000,1258.230258
19.000000,0.000000,1374.786916
11.000000,0.500000,586.038925
12.000000,0.500000,668.640049
13.000000,0.500000,756.155298
14.000000,0.500000,848.584670
15.000000,0.500000,943.715940
16.000000,0.500000,1043.008024
17.000000,0.500000,1146.910450
18.000000,0.500000,1258.830608
19.000000,0.500000,1375.409723
11.000000,1.000000,586.542223
12.000000,1.000000,669.102357
13.000000,1.000000,756.570588
14.000000,1.000000,848.946917
15.000000,1.000000,944.121183
16.000000,1.000000,1043.489095
17.000000,1.000000,1147.488691
18.000000,1.000000,1259.431033
19.000000,1.000000,1376.032606
11.000000,1.500000,587.044508
12.000000,1.500000,669.564271
13.000000,1.500000,756.986170
14.000000,1.500000,849.310204
15.000000,1.500000,944.528994
16.000000,1.500000,1043.972220
17.000000,1.500000,1148.067240
18.000000,1.500000,1260.032867
19.000000,1.500000,1376.658076
11.000000,2.000000,587.546876
12.000000,2.000000,670.026256
13.000000,2.000000,757.401809
14.000000,2.000000,849.673538
15.000000,2.000000,944.936853
16.000000,2.000000,1044.455406
17.000000,2.000000,1148.645860
18.000000,2.000000,1260.634776
19.000000,2.000000,1377.283623
11.000000,2.500000,588.048254
12.000000,2.500000,670.487874
13.000000,2.500000,757.817772
14.000000,2.500000,850.037948
15.000000,2.500000,945.347291
16.000000,2.500000,1044.940644
17.000000,2.500000,1149.224821
18.000000,2.500000,1261.238141
19.000000,2.500000,1377.911817
11.000000,3.000000,588.549715
12.000000,3.000000,670.949564
13.000000,3.000000,758.233794
14.000000,3.000000,850.402405
15.000000,3.000000,945.757778
16.000000,3.000000,1045.425943
17.000000,3.000000,1149.803854
18.000000,3.000000,1261.841581
19.000000,3.000000,1378.540088
11.000000,3.500000,589.050209
12.000000,3.500000,671.410916
13.000000,3.500000,758.650172
14.000000,3.500000,850.767978
15.000000,3.500000,946.170857
16.000000,3.500000,1045.913291
17.000000,3.500000,1150.383261
18.000000,3.500000,1262.446525
19.000000,3.500000,1379.171068
11.000000,4.000000,589.550786
12.000000,4.000000,671.872338
13.000000,4.000000,759.066608
14.000000,4.000000,851.133597
15.000000,4.000000,946.583985
16.000000,4.000000,1046.400700
17.000000,4.000000,1150.962740
18.000000,4.000000,1263.051544
19.000000,4.000000,1379.802125
11.000000,4.500000,590.050419
12.000000,4.500000,672.333451
13.000000,4.500000,759.483435
14.000000,4.500000,851.500370
15.000000,4.500000,946.999719
16.000000,4.500000,1046.890154
17.000000,4.500000,1151.542629
18.000000,4.500000,1263.658116
19.000000,4.500000,1380.435954
11.000000,5.000000,590.550136
12.000000,5.000000,672.794635
13.000000,5.000000,759.900320
14.000000,5.000000,851.867191
15.000000,5.000000,947.415501
16.000000,5.000000,1047.379670
17.000000,5.000000,1152.122589
18.000000,5.000000,1264.264762
19.000000,5.000000,1381.069861
11.000000,5.500000,591.048932
12.000000,5.500000,673.255539
13.000000,5.500000,760.317630
14.000000,5.500000,852.235205
15.000000,5.500000,947.833902
16.000000,5.500000,1047.871227
17.000000,5.500000,1152.702994
18.000000,5.500000,1264.873010
19.000000,5.500000,1381.706602
11.000000,6.000000,591.547812
12.000000,6.000000,673.716513
13.000000,6.000000,760.734998
14.000000,6.000000,852.603267
15.000000,6.000000,948.252353
16.000000,6.000000,1048.362847
17.000000,6.000000,1153.283471
18.000000,6.000000,1265.481333
19.000000,6.000000,1382.343423
11.000000,6.500000,592.045796
12.000000,6.500000,674.177235
13.000000,6.500000,761.152825
14.000000,6.500000,852.972563
15.000000,6.500000,948.673434
16.000000,6.500000,1048.856503
17.000000,6.500000,1153.864428
18.000000,6.500000,1266.091307
19.000000,6.500000,1382.983142
11.000000,7.000000,592.543863
12.000000,7.000000,674.638029
13.000000,7.000000,761.570710
14.000000,7.000000,853.341907
15.000000,7.000000,949.094564
16.000000,7.000000,1049.350222
17.000000,7.000000,1154.445457
18.000000,7.000000,1266.701357
19.000000,7.000000,1383.622942
11.000000,7.500000,593.019658
12.000000,7.500000,675.083230
13.000000,7.500000,761.980589
14.000000,7.500000,853.711733
15.000000,7.500000,949.518339
16.000000,7.500000,1049.845973
17.000000,7.500000,1155.027002
18.000000,7.500000,1267.313108
19.000000,7.500000,1384.265706
11.000000,8.000000,593.495523
12.000000,8.000000,675.528495
13.000000,8.000000,762.390523
14.000000,8.000000,854.081607
15.000000,8.000000,949.942163
16.000000,8.000000,1050.341787
17.000000,8.000000,1155.608620
18.000000,8.000000,1267.924936
19.000000,8.000000,1384.908552
11.000000,8.500000,593.952810
12.000000,8.500000,676.002034
13.000000,8.500000,762.880159
14.000000,8.500000,854.587184
15.000000,8.500000,950.465336
16.000000,8.500000,1050.886806
17.000000,8.500000,1156.190791
18.000000,8.500000,1268.538517
19.000000,8.500000,1385.554429
11.000000,9.000000,594.410155
12.000000,9.000000,676.475636
13.000000,9.000000,763.369863
14.000000,9.000000,855.092835
15.000000,9.000000,950.988574
16.000000,9.000000,1051.431895
17.000000,9.000000,1156.773034
18.000000,9.000000,1269.152175
19.000000,9.000000,1386.200388
11.000000,9.500000,594.874824
12.000000,9.500000,677.010751
13.000000,9.500000,763.980211
14.000000,9.500000,855.783204
15.000000,9.500000,951.687738
16.000000,9.500000,1052.137867
17.000000,9.500000,1157.498397
18.000000,9.500000,1269.849586
19.000000,9.500000,1386.866779
11.000000,10.000000,595.339552
12.000000,10.000000,677.545941
13.000000,10.000000,764.590653
14.000000,10.000000,856.473688
15.000000,10.000000,952.386996
16.000000,10.000000,1052.843936
17.000000,10.000000,1158.223852
18.000000,10.000000,1270.547085
19.000000,10.000000,1387.533253
11.000000,10.500000,595.805686
12.000000,10.500000,678.082814
13.000000,10.500000,765.203076
14.000000,10.500000,857.166471
15.000000,10.500000,953.116375
16.000000,10.500000,1053.614128
17.000000,10.500000,1159.052368
18.000000,10.500000,1271.395230
19.000000,10.500000,1388.400687
11.000000,11.000000,596.271880
12.000000,11.000000,678.619763
13.000000,11.000000,765.815594
14.000000,11.000000,857.859371
15.000000,11.000000,953.845854
16.000000,11.000000,1054.384429
17.000000,11.000000,1159.880992
18.000000,11.000000,1272.243487
19.000000,11.000000,1389.268233
11.000000,11.500000,596.739487
12.000000,11.500000,679.158404
13.000000,11.500000,766.430102
14.000000,11.500000,858.554583
15.000000,11.500000,954.574701
16.000000,11.500000,1055.152148
17.000000,11.500000,1160.705377
18.000000,11.500000,1273.093546
19.000000,11.500000,1390.144015
11.000000,12.000000,597.207154
12.000000,12.000000,679.697122
13.000000,12.000000,767.044708
14.000000,12.000000,859.249911
15.000000,12.000000,955.303647
16.000000,12.000000,1055.919977
17.000000,12.000000,1161.529868
18.000000,12.000000,1273.943715
19.000000,12.000000,1391.019911
11.000000,12.500000,597.676244
12.000000,12.500000,680.237541
13.000000,12.500000,767.661315
14.000000,12.500000,859.947565
15.000000,12.500000,956.031894
16.000000,12.500000,1056.685170
17.000000,12.500000,1162.349470
18.000000,12.500000,1274.789070
19.000000,12.500000,1391.891082
11.000000,13.000000,598.145393
12.000000,13.000000,680.778038
13.000000,13.000000,768.278019
14.000000,13.000000,860.645337
15.000000,13.000000,956.760242
16.000000,13.000000,1057.450471
17.000000,13.000000,1163.169176
18.000000,13.000000,1275.634534
19.000000,13.000000,1392.762366
11.000000,13.500000,598.615973
12.000000,13.500000,681.320245
13.000000,13.500000,768.896736
14.000000,13.500000,861.345446
15.000000,13.500000,957.487826
16.000000,13.500000,1058.213083
17.000000,13.500000,1163.984050
18.000000,13.500000,1276.475239
19.000000,13.500000,1393.628976
11.000000,14.000000,599.086613
12.000000,14.000000,681.862531
13.000000,14.000000,769.515551
14.000000,14.000000,862.045675
15.000000,14.000000,958.215509
16.000000,14.000000,1058.975803
17.000000,14.000000,1164.799029
18.000000,14.000000,1277.316051
19.000000,14.000000,1394.495698
11.000000,14.500000,599.577299
12.000000,14.500000,682.419511
13.000000,14.500000,770.143162
14.000000,14.500000,862.747954
15.000000,14.500000,958.942365
16.000000,14.500000,1059.735781
17.000000,14.500000,1165.609231
18.000000,14.500000,1278.152158
19.000000,14.500000,1395.357796
11.000000,15.000000,600.068048
12.000000,15.000000,682.976571
13.000000,15.000000,770.770871
14.000000,15.000000,863.450352
15.000000,15.000000,959.669320
16.000000,15.000000,1060.495867
17.000000,15.000000,1166.419537
18.000000,15.000000,1278.988371
19.000000,15.000000,1396.220006
11.000000,15.500000,600.680539
12.000000,15.500000,683.618959
13.000000,15.500000,771.443817
14.000000,15.500000,864.145745
15.000000,15.500000,960.395385
16.000000,15.500000,1061.253159
17.000000,15.500000,1167.225122
18.000000,15.500000,1279.819931
19.000000,15.500000,1397.077641
11.000000,16.000000,601.293107
12.000000,16.000000,684.261438
13.000000,16.000000,772.116869
14.000000,16.000000,864.841229
15.000000,16.000000,961.121549
16.000000,16.000000,1062.010559
17.000000,16.000000,1168.030809
18.000000,16.000000,1280.651597
19.000000,16.000000,1397.935386
11.000000,16.500000,601.922339
12.000000,16.500000,684.913472
13.000000,16.500000,772.791624
14.000000,16.500000,865.530218
15.000000,16.500000,961.841866
16.000000,16.500000,1062.762879
17.000000,16.500000,1168.831831
18.000000,16.500000,1281.478661
19.000000,16.500000,1398.788605
11.000000,17.000000,602.551649
12.000000,17.000000,685.565598
13.000000,17.000000,773.466485
14.000000,17.000000,866.219294
15.000000,17.000000,962.562280
16.000000,17.000000,1063.515304
17.000000,17.000000,1169.632954
18.000000,17.000000,1282.305830
19.000000,17.000000,1399.641933
11.000000,17.500000,603.186286
12.000000,17.500000,686.242250
13.000000,17.500000,774.186604
14.000000,17.500000,866.973340
15.000000,17.500000,963.324011
16.000000,17.500000,1064.283752
17.000000,17.500000,1170.429465
18.000000,17.500000,1283.128448
19.000000,17.500000,1400.490783
11.000000,18.000000,603.821003
12.000000,18.000000,686.918995
13.000000,18.000000,774.906828
14.000000,18.000000,867.727470
15.000000,18.000000,964.085837
16.000000,18.000000,1065.052305
17.000000,18.000000,1171.226076
18.000000,18.000000,1283.951170
19.000000,18.000000,1401.339741
11.000000,18.500000,604.458208
12.000000,18.500000,687.602426
13.000000,18.500000,775.638269
14.000000,18.500000,868.496544
15.000000,18.500000,964.870739
16.000000,18.500000,1065.852566
17.000000,18.500000,1172.058364
18.000000,18.500000,1284.792110
19.000000,18.500000,1402.188425
11.000000,19.000000,605.095493
12.000000,19.000000,688.285950
13.000000,19.000000,776.369816
14.000000,19.000000,869.265701
15.000000,19.000000,965.655735
16.000000,19.000000,1066.652932
17.000000,19.000000,1172.890753
18.000000,19.000000,1285.633153
19.000000,19.000000,1403.037217
11.000000,19.500000,605.733822
12.000000,19.500000,688.968426
13.000000,19.500000,777.098017
14.000000,19.500000,870.028212
15.000000,19.500000,966.433126
16.000000,19.500000,1067.444393
17.000000,19.500000,1173.715077
18.000000,19.500000,1286.475755
19.000000,19.500000,1403.898139
11.000000,20.000000,606.372232
12.000000,20.000000,689.650996
13.000000,20.000000,777.826325
14.000000,20.000000,870.790803
15.000000,20.000000,967.210602
16.000000,20.000000,1068.235944
17.000000,20.000000,1174.539483
18.000000,20.000000,1287.318451
19.000000,20.000000,1404.759166
11.000000,20.500000,607.011597
12.000000,20.500000,690.332444
13.000000,20.500000,778.551230
14.000000,20.500000,871.547085
15.000000,20.500000,967.984117
16.000000,20.500000,1069.026078
17.000000,20.500000,1175.372624
18.000000,20.500000,1288.199244
19.000000,20.500000,1405.689176
11.000000,21.000000,607.651044
12.000000,21.000000,691.013985
13.000000,21.000000,779.276239
14.000000,21.000000,872.303447
15.000000,21.000000,968.757717
16.000000,21.000000,1069.816302
17.000000,21.000000,1176.205847
18.000000,21.000000,1289.080128
19.000000,21.000000,1406.619288
11.000000,21.500000,608.291360
12.000000,21.500000,691.694333
13.000000,21.500000,779.997790
14.000000,21.500000,873.053695
15.000000,21.500000,969.527524
16.000000,21.500000,1070.605251
17.000000,21.500000,1177.040804
18.000000,21.500000,1289.963444
19.000000,21.500000,1407.552525
11.000000,22.000000,608.931759
12.000000,22.000000,692.374774
13.000000,22.000000,780.719446
14.000000,22.000000,873.804021
15.000000,22.000000,970.297417
16.000000,22.000000,1071.394291
17.000000,22.000000,1177.875844
18.000000,22.000000,1290.846851
19.000000,22.000000,1408.485863
11.000000,22.500000,609.544170
12.000000,22.500000,693.034050
13.000000,22.500000,781.427766
14.000000,22.500000,874.548423
15.000000,22.500000,971.063683
16.000000,22.500000,1072.182195
17.000000,22.500000,1178.711732
18.000000,22.500000,1291.728762
19.000000,22.500000,1409.415201
11.000000,23.000000,610.156643
12.000000,23.000000,693.693403
13.000000,23.000000,782.136182
14.000000,23.000000,875.292903
15.000000,23.000000,971.830034
16.000000,23.000000,1072.970191
17.000000,23.000000,1179.547702
18.000000,23.000000,1292.610765
19.000000,23.000000,1410.344640
11.000000,23.500000,610.771042
12.000000,23.500000,694.352265
13.000000,23.500000,782.841579
14.000000,23.500000,876.031643
15.000000,23.500000,972.592921
16.000000,23.500000,1073.757188
17.000000,23.500000,1180.384426
18.000000,23.500000,1293.491186
19.000000,23.500000,1411.270001
11.000000,24.000000,611.385494
12.000000,24.000000,695.011201
13.000000,24.000000,783.547069
14.000000,24.000000,876.770460
15.000000,24.000000,973.355891
16.000000,24.000000,1074.544276
17.000000,24.000000,1181.221233
18.000000,24.000000,1294.371698
19.000000,24.000000,1412.195463
11.000000,24.500000,611.997031
12.000000,24.500000,695.668176
13.000000,24.500000,784.251651
14.000000,24.500000,877.508715
15.000000,24.500000,974.118788
16.000000,24.500000,1075.331829
17.000000,24.500000,1182.058699
18.000000,24.500000,1295.250543
19.000000,24.500000,1413.116772
11.000000,25.000000,612.608621
12.000000,25.000000,696.325223
13.000000,25.000000,784.956325
14.000000,25.000000,878.247046
15.000000,25.000000,974.881769
16.000000,25.000000,1076.119474
17.000000,25.000000,1182.896248
18.000000,25.000000,1296.129480
19.000000,25.000000,1414.038180
11.000000,25.500000,613.220171
12.000000,25.500000,696.999444
13.000000,25.500000,785.696879
14.000000,25.500000,879.033527
15.000000,25.500000,975.676035
16.000000,25.500000,1076.920298
17.000000,25.500000,1183.734363
18.000000,25.500000,1297.006665
19.000000,25.500000,1414.955362
11.000000,26.000000,613.831773
12.000000,26.000000,697.673739
13.000000,26.000000,786.437528
14.000000,26.000000,879.820084
15.000000,26.000000,976.470385
16.000000,26.000000,1077.721213
17.000000,26.000000,1184.572562
18.000000,26.000000,1297.883941
19.000000,26.000000,1415.872642
11.000000,26.500000,614.435921
12.000000,26.500000,698.334643
13.000000,26.500000,787.158168
14.000000,26.500000,880.580912
15.000000,26.500000,977.248119
16.000000,26.500000,1078.515588
17.000000,26.500000,1185.411233
18.000000,26.500000,1298.759384
19.000000,26.500000,1416.785625
11.000000,27.000000,615.040119
12.000000,27.000000,698.995612
13.000000,27.000000,787.878890
14.000000,27.000000,881.341799
15.000000,27.000000,978.025928
16.000000,27.000000,1079.310051
17.000000,27.000000,1186.249988
18.000000,27.000000,1299.634917
19.000000,27.000000,1417.698705
11.000000,27.500000,615.639715
12.000000,27.500000,699.654277
13.000000,27.500000,788.599840
14.000000,27.500000,882.110559
15.000000,27.500000,978.847019
16.000000,27.500000,1080.185828
17.000000,27.500000,1187.181383
18.000000,27.500000,1300.558097
19.000000,27.500000,1418.611378
11.000000,28.000000,616.239361
12.000000,28.000000,700.313007
13.000000,28.000000,789.320873
14.000000,28.000000,882.879381
15.000000,28.000000,979.668193
16.000000,28.000000,1081.061709
17.000000,28.000000,1188.112876
18.000000,28.000000,1301.481375
19.000000,28.000000,1419.524148
11.000000,28.500000,616.834584
12.000000,28.500000,700.969596
13.000000,28.500000,790.042283
14.000000,28.500000,883.662137
15.000000,28.500000,980.560047
16.000000,28.500000,1082.069181
17.000000,28.500000,1189.188678
18.000000,28.500000,1302.478857
19.000000,28.500000,1420.436308
11.000000,29.000000,617.429855
12.000000,29.000000,701.626250
13.000000,29.000000,790.763777
14.000000,29.000000,884.444958
15.000000,29.000000,981.451996
16.000000,29.000000,1083.076782
17.000000,29.000000,1190.264598
18.000000,29.000000,1303.476448
19.000000,29.000000,1421.348564
11.000000,29.500000,618.071629
12.000000,29.500000,702.314779
13.000000,29.500000,791.501100
14.000000,29.500000,885.233559
15.000000,29.500000,982.358644
16.000000,29.500000,1084.108631
17.000000,29.500000,1191.376772
18.000000,29.500000,1304.543203
19.000000,29.500000,1422.364939
11.000000,30.000000,618.713451
12.000000,30.000000,703.003374
13.000000,30.000000,792.238508
14.000000,30.000000,886.022225
15.000000,30.000000,983.265389
16.000000,30.000000,1085.140613
17.000000,30.000000,1192.489068
18.000000,30.000000,1305.610076
19.000000,30.000000,1423.381426
11.000000,30.500000,619.462131
12.000000,30.500000,703.763720
13.000000,30.500000,793.009103
14.000000,30.500000,886.815799
15.000000,30.500000,984.180639
16.000000,30.500000,1086.184967
17.000000,30.500000,1193.623448
18.000000,30.500000,1306.732297
19.000000,30.500000,1424.488419
11.000000,31.000000,620.210860
12.000000,31.000000,704.524133
13.000000,31.000000,793.779784
14.000000,31.000000,887.609439
15.000000,31.000000,985.095989
16.000000,31.000000,1087.229458
17.000000,31.000000,1194.757954
18.000000,31.000000,1307.854640
19.000000,31.000000,1425.595529
11.000000,31.500000,620.960800
12.000000,31.500000,705.285583
13.000000,31.500000,794.551296
14.000000,31.500000,888.408169
15.000000,31.500000,986.020113
16.000000,31.500000,1088.286683
17.000000,31.500000,1195.901546
18.000000,31.500000,1308.985826
19.000000,31.500000,1426.711160
11.000000,32.000000,621.710789
12.000000,32.000000,706.047101
13.000000,32.000000,795.322896
14.000000,32.000000,889.206969
15.000000,32.000000,986.944339
16.000000,32.000000,1089.344048
17.000000,32.000000,1197.045266
18.000000,32.000000,1310.117135
19.000000,32.000000,1427.826907
11.000000,32.500000,622.461979
12.000000,32.500000,706.809645
13.000000,32.500000,796.095315
14.000000,32.500000,890.011049
15.000000,32.500000,987.877617
16.000000,32.500000,1090.414520
17.000000,32.500000,1198.196568
18.000000,32.500000,1311.252400
11.000000,33.000000,623.213220
12.000000,33.000000,707.572260
13.000000,33.000000,796.867823
14.000000,33.000000,890.815199
15.000000,33.000000,988.811001
16.000000,33.000000,1091.485138
17.000000,33.000000,1199.347999
18.000000,33.000000,1312.387788
11.000000,33.500000,623.989169
12.000000,33.500000,708.410155
13.000000,33.500000,797.770795
14.000000,33.500000,891.778036
15.000000,33.500000,989.848967
16.000000,33.500000,1092.601750
17.000000,33.500000,1200.506875
18.000000,33.500000,1313.526958
11.000000,34.000000,624.765175
12.000000,34.000000,709.248140
13.000000,34.000000,798.673889
14.000000,34.000000,892.740971
15.000000,34.000000,990.887060
16.000000,34.000000,1093.718521
17.000000,34.000000,1201.665884
18.000000,34.000000,1314.666253
11.000000,34.500000,625.565671
12.000000,34.500000,710.155389
13.000000,34.500000,799.695095
14.000000,34.500000,893.841499
15.000000,34.500000,992.015231
16.000000,34.500000,1094.873929
17.000000,34.500000,1202.832195
18.000000,34.500000,1315.809149
11.000000,35.000000,626.366230
12.000000,35.000000,711.062747
13.000000,35.000000,800.716458
14.000000,35.000000,894.942150
15.000000,35.000000,993.143550
16.000000,35.000000,1096.029506
17.000000,35.000000,1203.998642
18.000000,35.000000,1316.952171
11.000000,35.500000,627.179508
12.000000,35.500000,712.002257
13.000000,35.500000,801.791178
14.000000,35.500000,896.100069
15.000000,35.500000,994.311287
16.000000,35.500000,1097.205162
17.000000,35.500000,1205.172245
18.000000,35.500000,1318.098611
11.000000,36.000000,627.992854
12.000000,36.000000,712.941885
13.000000,36.000000,802.866074
14.000000,36.000000,897.258123
15.000000,36.000000,995.479181
16.000000,36.000000,1098.380995
17.000000,36.000000,1206.345986
18.000000,36.000000,1319.245178
11.000000,36.500000,628.809163
12.000000,36.500000,713.886193
13.000000,36.500000,803.947544
14.000000,36.500000,898.416989
15.000000,36.500000,996.645661
16.000000,36.500000,1099.552933
17.000000,36.500000,1207.514665
18.000000,36.500000,1320.388925
11.000000,37.000000,629.625539
12.000000,37.000000,714.830622
13.000000,37.000000,805.029193
14.000000,37.000000,899.575991
15.000000,37.000000,997.812296
16.000000,37.000000,1100.725040
17.000000,37.000000,1208.683475
18.000000,37.000000,1321.532797
11.000000,37.500000,630.557887
12.000000,37.500000,715.852726
13.000000,37.500000,806.146235
14.000000,37.500000,900.731504
15.000000,37.500000,998.962026
16.000000,37.500000,1101.865538
17.000000,37.500000,1209.821542
18.000000,37.500000,1322.661168
11.000000,38.000000,631.490321
12.000000,38.000000,716.874968
13.000000,38.000000,807.263467
14.000000,38.000000,901.887151
15.000000,38.000000,1000.111894
16.000000,38.000000,1103.006176
17.000000,38.000000,1210.959715
18.000000,38.000000,1323.789654
11.000000,38.500000,632.429783
12.000000,38.500000,717.903775
13.000000,38.500000,808.386739
14.000000,38.500000,903.046651
15.000000,38.500000,1001.273055
16.000000,38.500000,1104.166087
17.000000,38.500000,1212.115588
18.000000,38.500000,1324.926858
11.000000,39.000000,633.369334
12.000000,39.000000,718.932721
13.000000,39.000000,809.510204
14.000000,39.000000,904.206286
15.000000,39.000000,1002.434358
16.000000,39.000000,1105.326143
17.000000,39.000000,1213.271570
18.000000,39.000000,1326.064178
11.000000,39.500000,634.303388
12.000000,39.500000,719.960228
13.000000,39.500000,810.636693
14.000000,39.500000,905.365642
15.000000,39.500000,1003.591810
16.000000,39.500000,1106.478495
17.000000,39.500000,1214.470520
18.000000,39.500000,1327.331755
11.000000,40.000000,635.237531
12.000000,40.000000,720.987877
13.000000,40.000000,811.763379
14.000000,40.000000,906.525135
15.000000,40.000000,1004.749403
16.000000,40.000000,1107.630991
17.000000,40.000000,1215.669587
18.000000,40.000000,1328.599471
11.000000,40.500000,636.166552
12.000000,40.500000,722.014452
13.000000,40.500000,812.893444
14.000000,40.500000,907.684120
15.000000,40.500000,1005.902950
16.000000,40.500000,1108.775623
17.000000,40.500000,1216.879364
18.000000,40.500000,1329.905023
11.000000,41.000000,637.095663
12.000000,41.000000,723.041171
13.000000,41.000000,814.023711
14.000000,41.000000,908.843243
15.000000,41.000000,1007.056638
16.000000,41.000000,1109.920398
17.000000,41.000000,1218.089259
18.000000,41.000000,1331.210719
11.000000,41.500000,638.018065
12.000000,41.500000,724.061980
13.000000,41.500000,815.148913
14.000000,41.500000,909.990839
15.000000,41.500000,1008.194541
16.000000,41.500000,1111.044755
17.000000,41.500000,1219.291721
18.000000,41.500000,1332.525574
11.000000,42.000000,638.940557
12.000000,42.000000,725.082930
13.000000,42.000000,816.274311
14.000000,42.000000,911.138562
15.000000,42.000000,1009.332569
16.000000,42.000000,1112.169236
17.000000,42.000000,1220.494288
18.000000,42.000000,1333.840569
11.000000,42.500000,639.887914
12.000000,42.500000,726.116644
13.000000,42.500000,817.399035
14.000000,42.500000,912.274811
15.000000,42.500000,1010.461616
16.000000,42.500000,1113.287493
17.000000,42.500000,1221.700897
18.000000,42.500000,1335.166367
11.000000,43.000000,640.835368
12.000000,43.000000,727.150499
13.000000,43.000000,818.523947
14.000000,43.000000,913.411175
15.000000,43.000000,1011.590782
16.000000,43.000000,1114.405869
17.000000,43.000000,1222.907610
18.000000,43.000000,1336.492307
11.000000,43.500000,641.886106
12.000000,43.500000,728.259382
13.000000,43.500000,819.692459
14.000000,43.500000,914.566471
15.000000,43.500000,1012.731163
16.000000,43.500000,1115.527125
17.000000,43.500000,1224.123006
18.000000,43.500000,1337.831540
11.000000,44.000000,642.936972
12.000000,44.000000,729.368432
13.000000,44.000000,820.861175
14.000000,44.000000,915.721887
15.000000,44.000000,1013.871664
16.000000,44.000000,1116.648501
17.000000,44.000000,1225.338509
18.000000,44.000000,1339.170921
11.000000,44.500000,644.045073
12.000000,44.500000,730.509923
13.000000,44.500000,822.034930
14.000000,44.500000,916.870056
15.000000,44.500000,1015.011333
16.000000,44.500000,1117.775966
17.000000,44.500000,1226.568865
18.000000,44.500000,1340.526619
11.000000,45.000000,645.153322
12.000000,45.000000,731.651594
13.000000,45.000000,823.208894
14.000000,45.000000,918.018344
15.000000,45.000000,1016.151123
16.000000,45.000000,1118.903553
17.000000,45.000000,1227.799333
18.000000,45.000000,1341.882472
11.000000,45.500000,646.313035
12.000000,45.500000,732.821266
13.000000,45.500000,824.384930
14.000000,45.500000,919.164169
15.000000,45.500000,1017.302982
16.000000,45.500000,1120.058849
17.000000,45.500000,1229.061865
18.000000,45.500000,1343.262315
11.000000,46.000000,647.472917
12.000000,46.000000,733.991127
13.000000,46.000000,825.561176
14.000000,46.000000,920.310113
15.000000,46.000000,1018.454965
16.000000,46.000000,1121.214273
17.000000,46.000000,1230.324516
18.000000,46.000000,1344.642319
11.000000,46.500000,648.632606
12.000000,46.500000,735.156756
13.000000,46.500000,826.728746
14.000000,46.500000,921.513329
15.000000,46.500000,1019.780643
16.000000,46.500000,1122.668531
17.000000,46.500000,1231.830870
18.000000,46.500000,1346.136799
11.000000,47.000000,649.792465
12.000000,47.000000,736.322576
13.000000,47.000000,827.896525
14.000000,47.000000,922.716681
15.000000,47.000000,1021.106494
16.000000,47.000000,1124.123002
17.000000,47.000000,1233.337397
18.000000,47.000000,1347.631469
11.000000,47.500000,650.951852
12.000000,47.500000,737.483919
13.000000,47.500000,829.055425
14.000000,47.500000,923.915472
15.000000,47.500000,1022.427823
16.000000,47.500000,1125.573004
17.000000,47.500000,1234.838857
18.000000,47.500000,1349.130349
11.000000,48.000000,652.111413
12.000000,48.000000,738.645453
13.000000,48.000000,830.214531
14.000000,48.000000,925.114399
15.000000,48.000000,1023.749325
16.000000,48.000000,1127.023218
17.000000,48.000000,1236.340491
18.000000,48.000000,1350.629422
11.000000,48.500000,653.270223
12.000000,48.500000,739.802240
13.000000,48.500000,831.364471
14.000000,48.500000,926.308717
15.000000,48.500000,1025.066283
16.000000,48.500000,1128.469004
17.000000,48.500000,1237.835029
18.000000,48.500000,1352.127013
11.000000,49.000000,654.429208
12.000000,49.000000,740.959216
13.000000,49.000000,832.514612
14.000000,49.000000,927.503166
15.000000,49.000000,1026.383411
16.000000,49.000000,1129.915002
17.000000,49.000000,1239.329740
18.000000,49.000000,1353.624796
11.000000,49.500000,655.599324
12.000000,49.500000,742.135974
13.000000,49.500000,833.693751
14.000000,49.500000,928.725623
15.000000,49.500000,1027.713934
16.000000,49.500000,1131.358832
17.000000,49.500000,1240.802150
18.000000,49.500000,1355.086265
11.000000,50.000000,656.769616
12.000000,50.000000,743.312917
13.000000,50.000000,834.873081
14.000000,50.000000,929.948199
15.000000,50.000000,1029.044620
16.000000,50.000000,1132.802872
17.000000,50.000000,1242.274718
18.000000,50.000000,1356.547896
11.000000,50.500000,657.996628
12.000000,50.500000,744.596679
13.000000,50.500000,836.213753
14.000000,50.500000,931.307860
15.000000,50.500000,1030.447901
16.000000,50.500000,1134.249698
17.000000,50.500000,1243.748704
18.000000,50.500000,1358.026563
11.000000,51.000000,659.223852
12.000000,51.000000,745.880678
13.000000,51.000000,837.554685
14.000000,51.000000,932.667678
15.000000,51.000000,1031.851367
16.000000,51.000000,1135.696736
17.000000,51.000000,1245.222848
18.000000,51.000000,1359.505396
11.000000,51.500000,660.461255
12.000000,51.500000,747.172698
13.000000,51.500000,838.901207
14.000000,51.500000,934.028676
15.000000,51.500000,1033.251380
16.000000,51.500000,1137.135318
17.000000,51.500000,1246.687121
18.000000,51.500000,1360.975409
11.000000,52.000000,661.698879
12.000000,52.000000,748.464962
13.000000,52.000000,840.247994
14.000000,52.000000,935.389833
15.000000,52.000000,1034.651580
16.000000,52.000000,1138.574110
17.000000,52.000000,1248.151552
18.000000,52.000000,1362.445585
11.000000,52.500000,662.986628
12.000000,52.500000,749.788342
13.000000,52.500000,841.604783
14.000000,52.500000,936.751834
15.000000,52.500000,1036.048007
16.000000,52.500000,1140.004146
17.000000,52.500000,1249.601518
18.000000,52.500000,1363.896897
11.000000,53.000000,664.274632
12.000000,53.000000,751.111987
13.000000,53.000000,842.961845
14.000000,53.000000,938.113996
15.000000,53.000000,1037.444621
16.000000,53.000000,1141.434392
17.000000,53.000000,1251.051637
18.000000,53.000000,1365.348366
11.000000,53.500000,665.554585
12.000000,53.500000,752.432512
13.000000,53.500000,844.321221
14.000000,53.500000,939.499664
15.000000,53.500000,1038.891204
16.000000,53.500000,1142.943039
17.000000,53.500000,1252.544469
18.000000,53.500000,1366.802660
11.000000,54.000000,666.834790
12.000000,54.000000,753.753302
13.000000,54.000000,845.680875
14.000000,54.000000,940.885505
15.000000,54.000000,1040.337994
16.000000,54.000000,1144.451927
17.000000,54.000000,1254.037458
18.000000,54.000000,1368.257097
11.000000,54.500000,668.107529
12.000000,54.500000,755.071514
13.000000,54.500000,847.043335
14.000000,54.500000,942.293223
15.000000,54.500000,1041.828384
16.000000,54.500000,1146.027746
17.000000,54.500000,1255.569363
18.000000,54.500000,1369.725219
10.000000,55.000000,587.377657
11.000000,55.000000,669.380519
12.000000,55.000000,756.389991
13.000000,55.000000,848.406075
14.000000,55.000000,943.701124
15.000000,55.000000,1043.319000
16.000000,55.000000,1147.603833
17.000000,55.000000,1257.101435
18.000000,55.000000,1371.193488
10.000000,55.500000,588.592676
11.000000,55.500000,670.646609
12.000000,55.500000,757.706419
13.000000,55.500000,849.772106
14.000000,55.500000,945.145318
15.000000,55.500000,1044.883741
16.000000,55.500000,1149.296798
17.000000,55.500000,1258.698013
18.000000,55.500000,1372.683002
10.000000,56.000000,589.807927
11.000000,56.000000,671.912951
12.000000,56.000000,759.023115
13.000000,56.000000,851.138421
14.000000,56.000000,946.589710
15.000000,56.000000,1046.448735
16.000000,56.000000,1150.989986
17.000000,56.000000,1260.294774
18.000000,56.000000,1374.172668
10.000000,56.500000,591.014882
11.000000,56.500000,673.192470
12.000000,56.500000,760.376691
13.000000,56.500000,852.567547
14.000000,56.500000,948.090835
15.000000,56.500000,1048.055435
16.000000,56.500000,1152.696284
17.000000,56.500000,1261.899867
18.000000,56.500000,1375.665931
10.000000,57.000000,592.222070
11.000000,57.000000,674.472252
12.000000,57.000000,761.730561
13.000000,57.000000,853.996996
14.000000,57.000000,949.592185
15.000000,57.000000,1049.662409
16.000000,57.000000,1154.402806
17.000000,57.000000,1263.505146
18.000000,57.000000,1377.159348
10.000000,57.500000,593.469042
11.000000,57.500000,675.789001
12.000000,57.500000,763.117752
13.000000,57.500000,855.455296
14.000000,57.500000,951.117081
15.000000,57.500000,1051.285649
16.000000,57.500000,1156.107441
17.000000,57.500000,1265.127486
18.000000,57.500000,1378.690072
10.000000,58.000000,594.716322
11.000000,58.000000,677.106070
12.000000,58.000000,764.505277
13.000000,58.000000,856.913941
14.000000,58.000000,952.642214
15.000000,58.000000,1052.909172
16.000000,58.000000,1157.812302
17.000000,58.000000,1266.750019
18.000000,58.000000,1380.220961
10.000000,58.500000,595.969515
11.000000,58.500000,678.511463
12.000000,58.500000,766.071875
13.000000,58.500000,858.650751
14.000000,58.500000,954.364231
15.000000,58.500000,1054.632888
16.000000,58.500000,1159.521179
17.000000,58.500000,1268.431477
18.000000,58.500000,1381.869416
10.000000,59.000000,597.223027
11.000000,59.000000,679.917241
12.000000,59.000000,767.638931
13.000000,59.000000,860.388097
14.000000,59.000000,956.086580
15.000000,59.000000,1056.356936
16.000000,59.000000,1161.230285
17.000000,59.000000,1270.113151
18.000000,59.000000,1383.518072
10.000000,59.500000,598.478475
11.000000,59.500000,681.337784
12.000000,59.500000,769.234845
13.000000,59.500000,862.169659
14.000000,59.500000,957.831456
15.000000,59.500000,1058.092718
16.000000,59.500000,1162.952347
17.000000,59.500000,1271.890172
18.000000,59.500000,1385.350050
10.000000,60.000000,599.734250
11.000000,60.000000,682.758729
12.000000,60.000000,770.831243
13.000000,60.000000,863.951792
14.000000,60.000000,959.576679
15.000000,60.000000,1059.828842
16.000000,60.000000,1164.674644
17.000000,60.000000,1273.667442
18.000000,60.000000,1387.182292
10.000000,60.500000,600.999816
11.000000,60.500000,684.185482
12.000000,60.500000,772.429208
13.000000,60.500000,865.707509
14.000000,60.500000,961.311623
15.000000,60.500000,1061.560762
16.000000,60.500000,1166.402697
17.000000,60.500000,1275.450601
18.000000,60.500000,1389.020549
10.000000,61.000000,602.265688
11.000000,61.000000,685.612622
12.000000,61.000000,774.027648
13.000000,61.000000,867.463691
14.000000,61.000000,963.046912
15.000000,61.000000,1063.293025
16.000000,61.000000,1168.130990
17.000000,61.000000,1277.234015
18.000000,61.000000,1390.859073
10.000000,61.500000,603.552653
11.000000,61.500000,687.053324
12.000000,61.500000,775.631412
13.000000,61.500000,869.181903
14.000000,61.500000,964.772677
15.000000,61.500000,1065.021770
16.000000,61.500000,1169.865050
17.000000,61.500000,1279.023327
18.000000,61.500000,1392.703623
10.000000,62.000000,604.839914
11.000000,62.000000,688.494407
12.000000,62.000000,777.235648
13.000000,62.000000,870.900458
14.000000,62.000000,966.498786
15.000000,62.000000,1066.750860
16.000000,62.000000,1171.599354
17.000000,62.000000,1280.812897
18.000000,62.000000,1394.548446
10.000000,62.500000,606.144769
11.000000,62.500000,689.946535
12.000000,62.500000,778.843566
13.000000,62.500000,872.605067
14.000000,62.500000,968.220051
15.000000,62.500000,1068.485032
16.000000,62.500000,1173.349603
17.000000,62.500000,1282.614375
18.000000,62.500000,1396.400758
10.000000,63.000000,607.449942
11.000000,63.000000,691.399060
12.000000,63.000000,780.451965
13.000000,63.000000,874.310017
14.000000,63.000000,969.941665
15.000000,63.000000,1070.219560
16.000000,63.000000,1175.100113
17.000000,63.000000,1284.416122
18.000000,63.000000,1398.253349
10.000000,63.500000,608.771329
11.000000,63.500000,692.861411
12.000000,63.500000,782.063017
13.000000,63.500000,876.001945
14.000000,63.500000,971.657546
15.000000,63.500000,1071.956294
16.000000,63.500000,1176.861315
17.000000,63.500000,1286.226530
18.000000,63.500000,1400.112370
10.000000,64.000000,610.093054
11.000000,64.000000,694.324174
12.000000,64.000000,783.674558
13.000000,64.000000,877.694212
14.000000,64.000000,973.373779
15.000000,64.000000,1073.693392
16.000000,64.000000,1178.622787
17.000000,64.000000,1288.037214
18.000000,64.000000,1401.971673
10.000000,64.500000,611.648382
11.000000,64.500000,695.957143
12.000000,64.500000,785.384968
13.000000,64.500000,879.410660
14.000000,64.500000,975.122713
15.000000,64.500000,1075.472122
16.000000,64.500000,1180.429521
17.000000,64.500000,1289.876298
18.000000,64.500000,1403.841224
10.000000,65.000000,613.204294
11.000000,65.000000,697.590710
12.000000,65.000000,787.095988
13.000000,65.000000,881.127499
14.000000,65.000000,976.872044
15.000000,65.000000,1077.251254
16.000000,65.000000,1182.236548
17.000000,65.000000,1291.715673
18.000000,65.000000,1405.711064
10.000000,65.500000,614.773560
11.000000,65.500000,699.232862
12.000000,65.500000,788.810256
13.000000,65.500000,882.841524
14.000000,65.500000,978.624192
15.000000,65.500000,1079.039255
16.000000,65.500000,1184.056143
17.000000,65.500000,1293.564128
18.000000,65.500000,1407.586212
10.000000,66.000000,616.343434
11.000000,66.000000,700.875630
12.000000,66.000000,790.525148
13.000000,66.000000,884.555949
14.000000,66.000000,980.376747
15.000000,66.000000,1080.827667
16.000000,66.000000,1185.876040
17.000000,66.000000,1295.412880
18.000000,66.000000,1409.461653
10.000000,66.500000,617.902931
11.000000,66.500000,702.513739
12.000000,66.500000,792.241805
13.000000,66.500000,886.274523
14.000000,66.500000,982.128335
15.000000,66.500000,1082.609466
16.000000,66.500000,1187.696285
17.000000,66.500000,1297.291880
18.000000,66.500000,1411.399324
10.000000,67.000000,619.463032
11.000000,67.000000,704.152472
12.000000,67.000000,793.959103
13.000000,67.000000,887.993519
14.000000,67.000000,983.880342
15.000000,67.000000,1084.391680
16.000000,67.000000,1189.516834
17.000000,67.000000,1299.171196
18.000000,67.000000,1413.337320
10.000000,67.500000,621.012860
11.000000,67.500000,705.784893
12.000000,67.500000,795.674548
13.000000,67.500000,889.710882
14.000000,67.500000,985.627482
15.000000,67.500000,1086.165468
16.000000,67.500000,1191.338730
17.000000,67.500000,1301.076973
18.000000,67.500000,1415.328635
10.000000,68.000000,622.563291
11.000000,68.000000,707.417941
12.000000,68.000000,797.390644
13.000000,68.000000,891.428678
14.000000,68.000000,987.375046
15.000000,68.000000,1087.939671
16.000000,68.000000,1193.160933
17.000000,68.000000,1302.983080
18.000000,68.000000,1417.320304
10.000000,68.500000,624.135949
11.000000,68.500000,709.062625
12.000000,68.500000,799.106347
13.000000,68.500000,893.134320
14.000000,68.500000,989.110927
15.000000,68.500000,1089.702735
16.000000,68.500000,1195.003763
17.000000,68.500000,1304.975148
18.000000,68.500000,1419.467745
10.000000,69.000000,625.709270
11.000000,69.000000,710.707972
12.000000,69.000000,800.822712
13.000000,69.000000,894.840391
14.000000,69.000000,990.847228
15.000000,69.000000,1091.466210
16.000000,69.000000,1196.846914
17.000000,69.000000,1306.967591
18.000000,69.000000,1421.615620
10.000000,69.500000,627.291652
11.000000,69.500000,712.355773
12.000000,69.500000,802.534054
13.000000,69.500000,896.534536
14.000000,69.500000,992.572059
15.000000,69.500000,1093.218745
16.000000,69.500000,1198.704552
17.000000,69.500000,1309.012944
18.000000,69.500000,1423.857457
10.000000,70.000000,628.874731
11.000000,70.000000,714.004255
12.000000,70.000000,804.246061
13.000000,70.000000,898.229105
14.000000,70.000000,994.297306
15.000000,70.000000,1094.971687
16.000000,70.000000,1200.562521
17.000000,70.000000,1311.058703
18.000000,70.000000,1426.099782
10.000000,70.500000,630.456101
11.000000,70.500000,715.647851
12.000000,70.500000,805.949616
13.000000,70.500000,899.911966
14.000000,70.500000,996.011292
15.000000,70.500000,1096.713883
16.000000,70.500000,1202.420315
17.000000,70.500000,1313.104919
18.000000,70.500000,1428.343239
10.000000,71.000000,632.038181
11.000000,71.000000,717.292134
12.000000,71.000000,807.653833
13.000000,71.000000,901.595249
14.000000,71.000000,997.725688
15.000000,71.000000,1098.456481
16.000000,71.000000,1204.278442
17.000000,71.000000,1315.151543
18.000000,71.000000,1430.587187
10.000000,71.500000,633.670720
11.000000,71.500000,718.965456
12.000000,71.500000,809.362797
13.000000,71.500000,903.319155
14.000000,71.500000,999.616760
15.000000,71.500000,1100.522938
16.000000,71.500000,1206.464990
17.000000,71.500000,1317.369254
18.000000,71.500000,1432.832961
10.000000,72.000000,635.304087
11.000000,72.000000,720.639532
12.000000,72.000000,811.072444
13.000000,72.000000,905.043516
14.000000,72.000000,1001.508381
15.000000,72.000000,1102.590042
16.000000,72.000000,1208.652078
17.000000,72.000000,1319.587482
18.000000,72.000000,1435.079229
10.000000,72.500000,636.958663
11.000000,72.500000,722.361143
12.000000,72.500000,812.858822
13.000000,72.500000,906.873675
14.000000,72.500000,1003.518212
15.000000,72.500000,1104.787897
16.000000,72.500000,1210.934971
17.000000,72.500000,1321.848849
10.000000,73.000000,638.614126
11.000000,73.000000,724.083612
12.000000,73.000000,814.646031
13.000000,73.000000,908.704443
14.000000,73.000000,1005.528726
15.000000,73.000000,1106.986511
16.000000,73.000000,1213.218461
17.000000,73.000000,1324.110757
10.000000,73.500000,640.261784
11.000000,73.500000,725.805503
12.000000,73.500000,816.440753
13.000000,73.500000,910.557023
14.000000,73.500000,1007.564136
15.000000,73.500000,1109.212955
16.000000,73.500000,1215.507227
17.000000,73.500000,1326.367378
10.000000,74.000000,641.910326
11.000000,74.000000,727.528264
12.000000,74.000000,818.236329
13.000000,74.000000,912.410240
14.000000,74.000000,1009.600236
15.000000,74.000000,1111.440143
16.000000,74.000000,1217.796557
17.000000,74.000000,1328.624521
10.000000,74.500000,643.549728
11.000000,74.500000,729.245565
12.000000,74.500000,820.030589
13.000000,74.500000,914.267701
14.000000,74.500000,1011.630627
15.000000,74.500000,1113.650795
16.000000,74.500000,1220.052866
17.000000,74.500000,1330.857236
10.000000,75.000000,645.190008
11.000000,75.000000,730.963737
12.000000,75.000000,821.825711
13.000000,75.000000,916.125809
14.000000,75.000000,1013.661709
15.000000,75.000000,1115.862180
16.000000,75.000000,1222.309723
17.000000,75.000000,1333.090464
10.000000,75.500000,646.816761
11.000000,75.500000,732.675972
12.000000,75.500000,823.622529
13.000000,75.500000,917.990216
14.000000,75.500000,1015.687844
15.000000,75.500000,1118.056507
16.000000,75.500000,1224.543430
17.000000,75.500000,1335.321034
10.000000,76.000000,648.444486
11.000000,76.000000,734.389132
12.000000,76.000000,825.420223
13.000000,76.000000,919.855265
14.000000,76.000000,1017.714659
15.000000,76.000000,1120.251553
16.000000,76.000000,1226.777678
17.000000,76.000000,1337.552124
10.000000,76.500000,650.068977
11.000000,76.500000,736.108971
12.000000,76.500000,827.235193
13.000000,76.500000,921.738086
14.000000,76.500000,1019.742625
15.000000,76.500000,1122.429979
16.000000,76.500000,1229.039468
17.000000,76.500000,1339.898688
10.000000,77.000000,651.694445
11.000000,77.000000,737.829726
12.000000,77.000000,829.051020
13.000000,77.000000,923.621525
14.000000,77.000000,1021.771250
15.000000,77.000000,1124.609108
16.000000,77.000000,1231.301833
17.000000,77.000000,1342.245870
10.000000,77.500000,653.318267
11.000000,77.500000,739.558292
12.000000,77.500000,830.885044
13.000000,77.500000,925.530587
14.000000,77.500000,1023.825493
15.000000,77.500000,1126.813771
16.000000,77.500000,1233.583017
17.000000,77.500000,1344.610218
10.000000,78.000000,654.943073
11.000000,78.000000,741.287791
12.000000,78.000000,832.719949
13.000000,78.000000,927.440298
14.000000,78.000000,1025.880429
15.000000,78.000000,1129.019172
16.000000,78.000000,1235.864804
17.000000,78.000000,1346.975207
10.000000,78.500000,656.570197
11.000000,78.500000,743.029029
12.000000,78.500000,834.576693
13.000000,78.500000,929.380128
14.000000,78.500000,1027.969154
15.000000,78.500000,1131.262242
16.000000,78.500000,1238.176235
17.000000,78.500000,1349.366037
10.000000,79.000000,658.198350
11.000000,79.000000,744.771241
12.000000,79.000000,836.434352
13.000000,79.000000,931.320647
14.000000,79.000000,1030.058615
15.000000,79.000000,1133.506099
16.000000,79.000000,1240.488310
17.000000,79.000000,1351.757543
10.000000,79.500000,659.828426
11.000000,79.500000,746.524729
12.000000,79.500000,838.313492
13.000000,79.500000,933.283877
14.000000,79.500000,1032.164812
15.000000,79.500000,1135.760135
16.000000,79.500000,1242.806416
17.000000,79.500000,1354.158515
10.000000,80.000000,661.459548
11.000000,80.000000,748.279217
12.000000,80.000000,840.193576
13.000000,80.000000,935.247826
14.000000,80.000000,1034.271771
15.000000,80.000000,1138.014978
16.000000,80.000000,1245.125181
17.000000,80.000000,1356.560176
10.000000,80.500000,663.170739
11.000000,80.500000,750.214782
12.000000,80.500000,842.365997
13.000000,80.500000,937.441888
14.000000,80.500000,1036.487704
15.000000,80.500000,1140.246791
16.000000,80.500000,1247.421288
17.000000,80.500000,1358.958765
10.000000,81.000000,664.883101
11.000000,81.000000,752.151624
12.000000,81.000000,844.539801
13.000000,81.000000,939.636986
14.000000,81.000000,1038.704591
15.000000,81.000000,1142.479482
16.000000,81.000000,1249.718104
17.000000,81.000000,1361.358067
10.000000,81.500000,666.622014
11.000000,81.500000,754.122624
12.000000,81.500000,846.755950
13.000000,81.500000,941.849856
14.000000,81.500000,1040.930503
15.000000,81.500000,1144.711642
16.000000,81.500000,1252.023328
17.000000,81.500000,1363.767971
10.000000,82.000000,668.362145
11.000000,82.000000,756.094955
12.000000,82.000000,848.973546
13.000000,82.000000,944.063793
14.000000,82.000000,1043.157389
15.000000,82.000000,1146.944686
16.000000,82.000000,1254.329272
17.000000,82.000000,1366.178600
10.000000,82.500000,670.253028
11.000000,82.500000,758.153996
12.000000,82.500000,851.205478
13.000000,82.500000,946.265520
14.000000,82.500000,1045.378947
15.000000,82.500000,1149.179896
16.000000,82.500000,1256.634492
17.000000,82.500000,1368.576161
9.000000,83.000000,589.231613
10.000000,83.000000,672.145469
11.000000,83.000000,760.214559
12.000000,83.000000,853.438882
13.000000,83.000000,948.468303
14.000000,83.000000,1047.601473
15.000000,83.000000,1151.415990
16.000000,83.000000,1258.940420
17.000000,83.000000,1370.974413
9.000000,83.500000,590.973178
10.000000,83.500000,674.045618
11.000000,83.500000,762.277339
12.000000,83.500000,855.668341
13.000000,83.500000,950.659944
14.000000,83.500000,1049.819683
15.000000,83.500000,1153.642452
16.000000,83.500000,1261.253079
17.000000,83.500000,1373.376273
9.000000,84.000000,592.716347
10.000000,84.000000,675.947334
11.000000,84.000000,764.341637
12.000000,84.000000,857.899255
13.000000,84.000000,952.852629
14.000000,84.000000,1052.038857
15.000000,84.000000,1155.869667
16.000000,84.000000,1263.566444
17.000000,84.000000,1375.778816
18.000000,84.000000,1492.896847
19.000000,84.000000,1614.973787
9.000000,84.500000,594.471411
10.000000,84.500000,677.856511
11.000000,84.500000,766.408398
12.000000,84.500000,860.127072
13.000000,84.500000,955.036383
14.000000,84.500000,1054.255321
15.000000,84.500000,1158.103829
16.000000,84.500000,1265.894633
17.000000,84.500000,1378.201591
18.000000,84.500000,1495.446581
19.000000,84.500000,1617.650367
9.000000,85.000000,596.228100
10.000000,85.000000,679.767269
11.000000,85.000000,768.476682
12.000000,85.000000,862.356340
13.000000,85.000000,957.221181
14.000000,85.000000,1056.472749
15.000000,85.000000,1160.338725
16.000000,85.000000,1268.223541
17.000000,85.000000,1380.625069
18.000000,85.000000,1497.996928
19.000000,85.000000,1620.327601
9.000000,85.500000,597.998591
10.000000,85.500000,681.689749
11.000000,85.500000,770.554620
12.000000,85.500000,864.593205
13.000000,85.500000,959.405800
14.000000,85.500000,1058.692361
15.000000,85.500000,1162.587547
16.000000,85.500000,1270.603516
17.000000,85.500000,1383.139757
18.000000,85.500000,1500.631886
19.000000,85.500000,1623.032223
9.000000,86.000000,599.770744
10.000000,86.000000,683.613864
11.000000,86.000000,772.634156
12.000000,86.000000,866.831620
13.000000,86.000000,961.591529
14.000000,86.000000,1060.912971
15.000000,86.000000,1164.837115
16.000000,86.000000,1272.984276
17.000000,86.000000,1385.655272
18.000000,86.000000,1503.267569
19.000000,86.000000,1625.737543
9.000000,86.500000,601.552848
10.000000,86.500000,685.544244
11.000000,86.500000,774.715864
12.000000,86.500000,869.010429
13.000000,86.500000,963.811655
14.000000,86.500000,1063.216983
15.000000,86.500000,1167.218784
16.000000,86.500000,1275.469918
17.000000,86.500000,1388.245762
18.000000,86.500000,1505.940452
19.000000,86.500000,1628.445040
9.000000,87.000000,603.336632
10.000000,87.000000,687.476271
11.000000,87.000000,776.799179
12.000000,87.000000,871.190614
13.000000,87.000000,966.032972
14.000000,87.000000,1065.522145
15.000000,87.000000,1169.601402
16.000000,87.000000,1277.956500
17.000000,87.000000,1390.837182
18.000000,87.000000,1508.614112
19.000000,87.000000,1631.153249
9.000000,87.500000,605.127185
10.000000,87.500000,689.412159
11.000000,87.500000,778.883217
12.000000,87.500000,873.320283
13.000000,87.500000,968.259591
14.000000,87.500000,1067.845503
15.000000,87.500000,1172.013896
16.000000,87.500000,1280.465889
17.000000,87.500000,1393.443665
18.000000,87.500000,1511.286891
19.000000,87.500000,1633.848356
9.000000,88.000000,606.919419
10.000000,88.000000,691.349696
11.000000,88.000000,780.968865
12.000000,88.000000,875.451197
13.000000,88.000000,970.487426
14.000000,88.000000,1070.170045
15.000000,88.000000,1174.427379
16.000000,88.000000,1282.976245
17.000000,88.000000,1396.051093
18.000000,88.000000,1513.960444
19.000000,88.000000,1636.544165
9.000000,88.500000,608.756373
10.000000,88.500000,693.324459
11.000000,88.500000,783.083340
12.000000,88.500000,877.598497
13.000000,88.500000,972.737286
14.000000,88.500000,1072.522062
15.000000,88.500000,1176.870783
16.000000,88.500000,1285.508985
17.000000,88.500000,1398.672670
18.000000,88.500000,1516.663594
19.000000,88.500000,1639.307599
9.000000,89.000000,610.595148
10.000000,89.000000,695.301011
11.000000,89.000000,785.199567
12.000000,89.000000,879.747182
13.000000,89.000000,974.988469
14.000000,89.000000,1074.875334
15.000000,89.000000,1179.315213
16.000000,89.000000,1288.042717
17.000000,89.000000,1401.295204
18.000000,89.000000,1519.367543
19.000000,89.000000,1642.071793
9.000000,89.500000,612.511050
10.000000,89.500000,697.330514
11.000000,89.500000,787.340207
12.000000,89.500000,881.898714
13.000000,89.500000,977.295757
14.000000,89.500000,1077.342627
15.000000,89.500000,1181.900995
16.000000,89.500000,1290.663494
17.000000,89.500000,1403.945900
18.000000,89.500000,1522.083894
19.000000,89.500000,1644.854224
9.000000,90.000000,614.429105
10.000000,90.000000,699.362029
11.000000,90.000000,789.482705
12.000000,90.000000,884.051647
13.000000,90.000000,979.604459
14.000000,90.000000,1079.811343
15.000000,90.000000,1184.487987
16.000000,90.000000,1293.285367
17.000000,90.000000,1406.597578
18.000000,90.000000,1524.801056
19.000000,90.000000,1647.637434
9.000000,90.500000,616.348653
10.000000,90.500000,701.391389
11.000000,90.500000,791.619059
12.000000,90.500000,886.200618
13.000000,90.500000,981.909848
14.000000,90.500000,1082.277469
15.000000,90.500000,1187.063707
16.000000,90.500000,1295.902940
17.000000,90.500000,1409.252468
18.000000,90.500000,1527.547207
19.000000,90.500000,1650.477796
9.000000,91.000000,618.270339
10.000000,91.000000,703.422739
11.000000,91.000000,793.757244
12.000000,91.000000,888.350982
13.000000,91.000000,984.216643
14.000000,91.000000,1084.745010
15.000000,91.000000,1189.640621
16.000000,91.000000,1298.521600
17.000000,91.000000,1411.908339
18.000000,91.000000,1530.294203
19.000000,91.000000,1653.319008
9.000000,91.500000,620.189363
10.000000,91.500000,705.449126
11.000000,91.500000,795.887839
12.000000,91.500000,890.497554
13.000000,91.500000,986.520294
14.000000,91.500000,1087.210127
15.000000,91.500000,1192.207472
16.000000,91.500000,1301.137504
17.000000,91.500000,1414.569352
18.000000,91.500000,1533.072920
19.000000,91.500000,1656.217907
9.000000,92.000000,622.110521
10.000000,92.000000,707.477490
11.000000,92.000000,798.020243
12.000000,92.000000,892.645510
13.000000,92.000000,988.825342
14.000000,92.000000,1089.676653
15.000000,92.000000,1194.775505
16.000000,92.000000,1303.754492
17.000000,92.000000,1417.231351
18.000000,92.000000,1535.852525
19.000000,92.000000,1659.117731
9.000000,92.500000,624.040251
10.000000,92.500000,709.541523
11.000000,92.500000,800.218404
12.000000,92.500000,894.875756
13.000000,92.500000,991.182454
14.000000,92.500000,1092.161760
15.000000,92.500000,1197.335980
16.000000,92.500000,1306.374867
17.000000,92.500000,1419.908878
18.000000,92.500000,1538.653766
19.000000,92.500000,1662.035273
9.000000,93.000000,625.972146
10.000000,93.000000,711.607626
11.000000,93.000000,802.418524
12.000000,93.000000,897.107552
13.000000,93.000000,993.541064
14.000000,93.000000,1094.648308
15.000000,93.000000,1199.897641
16.000000,93.000000,1308.996370
17.000000,93.000000,1422.587476
18.000000,93.000000,1541.455967
19.000000,93.000000,1664.953775
9.000000,93.500000,627.926579
10.000000,93.500000,713.740994
11.000000,93.500000,804.735660
12.000000,93.500000,899.469458
13.000000,93.500000,995.980123
14.000000,93.500000,1097.160345
15.000000,93.500000,1202.451876
16.000000,93.500000,1311.618085
17.000000,93.500000,1425.274561
18.000000,93.500000,1544.273143
19.000000,93.500000,1667.887315
9.000000,94.000000,629.883235
10.000000,94.000000,715.876598
11.000000,94.000000,807.055032
12.000000,94.000000,901.833195
13.000000,94.000000,998.420841
14.000000,94.000000,1099.673869
15.000000,94.000000,1205.007291
16.000000,94.000000,1314.240936
17.000000,94.000000,1427.962737
18.000000,94.000000,1547.091300
19.000000,94.000000,1670.821828
9.000000,94.500000,631.847673
10.000000,94.500000,718.025278
11.000000,94.500000,809.393279
12.000000,94.500000,904.219254
13.000000,94.500000,1000.911076
14.000000,94.500000,1102.266582
15.000000,94.500000,1207.648928
16.000000,94.500000,1316.935026
17.000000,94.500000,1430.705591
18.000000,94.500000,1549.951701
19.000000,94.500000,1673.779692
9.000000,95.000000,633.814351
10.000000,95.000000,720.176221
11.000000,95.000000,811.733798
12.000000,95.000000,906.607189
13.000000,95.000000,1003.403071
14.000000,95.000000,1104.860936
15.000000,95.000000,1210.291904
16.000000,95.000000,1319.630370
17.000000,95.000000,1433.449615
18.000000,95.000000,1552.813134
19.000000,95.000000,1676.738551
9.000000,95.500000,635.779281
10.000000,95.500000,722.335099
11.000000,95.500000,814.091980
12.000000,95.500000,909.033643
13.000000,95.500000,1005.991354
14.000000,95.500000,1107.614613
15.000000,95.500000,1213.117114
16.000000,95.500000,1322.509051
17.000000,95.500000,1436.377248
18.000000,95.500000,1555.794648
19.000000,95.500000,1679.740720
9.000000,96.000000,637.746555
10.000000,96.000000,724.496329
11.000000,96.000000,816.452498
12.000000,96.000000,911.462055
13.000000,96.000000,1008.581603
14.000000,96.000000,1110.370258
15.000000,96.000000,1215.944000
16.000000,96.000000,1325.389278
17.000000,96.000000,1439.306298
18.000000,96.000000,1558.777336
19.000000,96.000000,1682.743929
9.000000,96.500000,639.723325
10.000000,96.500000,726.696673
11.000000,96.500000,818.883813
12.000000,96.500000,913.962150
13.000000,96.500000,1011.224547
14.000000,96.500000,1113.157500
15.000000,96.500000,1218.773616
16.000000,96.500000,1328.256295
17.000000,96.500000,1442.222280
18.000000,96.500000,1561.744075
19.000000,96.500000,1685.747508
9.000000,97.000000,641.702578
10.000000,97.000000,728.899545
11.000000,97.000000,821.317659
12.000000,97.000000,916.464364
13.000000,97.000000,1013.869569
14.000000,97.000000,1115.946772
15.000000,97.000000,1221.604919
16.000000,97.000000,1331.124846
17.000000,97.000000,1445.139579
18.000000,97.000000,1564.711970
19.000000,97.000000,1688.752122
9.000000,97.500000,643.690749
10.000000,97.500000,731.113655
11.000000,97.500000,823.765238
12.000000,97.500000,918.973494
13.000000,97.500000,1016.523074
14.000000,97.500000,1118.746178
15.000000,97.500000,1224.429103
16.000000,97.500000,1333.974301
17.000000,97.500000,1448.037959
18.000000,97.500000,1567.669595
19.000000,97.500000,1691.765864
9.000000,98.000000,645.681407
10.000000,98.000000,733.330297
11.000000,98.000000,826.215357
12.000000,98.000000,921.484751
13.000000,98.000000,1019.178664
14.000000,98.000000,1121.547621
15.000000,98.000000,1227.254961
16.000000,98.000000,1336.825266
17.000000,98.000000,1450.937591
18.000000,98.000000,1570.628378
19.000000,98.000000,1694.780672
9.000000,98.500000,647.643647
10.000000,98.500000,735.531090
11.000000,98.500000,828.662979
12.000000,98.500000,923.987140
13.000000,98.500000,1021.818580
14.000000,98.500000,1124.325892
15.000000,98.500000,1230.045846
16.000000,98.500000,1339.642945
17.000000,98.500000,1453.812545
18.000000,98.500000,1573.585384
19.000000,98.500000,1697.818600
9.000000,99.000000,649.608347
10.000000,99.000000,737.734401
11.000000,99.000000,831.113124
12.000000,99.000000,926.491623
13.000000,99.000000,1024.460527
14.000000,99.000000,1127.106121
15.000000,99.000000,1232.838329
16.000000,99.000000,1342.462078
17.000000,99.000000,1456.688731
18.000000,99.000000,1576.543586
19.000000,99.000000,1700.857689
9.000000,99.500000,651.580653
10.000000,99.500000,739.944187
11.000000,99.500000,833.568373
12.000000,99.500000,928.991385
13.000000,99.500000,1027.099340
14.000000,99.500000,1129.885007
15.000000,99.500000,1235.614323
16.000000,99.500000,1345.257227
17.000000,99.500000,1459.542734
18.000000,99.500000,1579.495670
19.000000,99.500000,1703.907873
9.000000,100.000000,653.555419
10.000000,100.000000,742.156481
11.000000,100.000000,836.026125
12.000000,100.000000,931.493225
13.000000,100.000000,1029.740171
14.000000,100.000000,1132.665847
15.000000,100.000000,1238.391897
16.000000,100.000000,1348.053806
17.000000,100.000000,1462.397950
18.000000,100.000000,1582.448952
19.000000,100.000000,1706.959238
9.000000,100.500000,655.534338
10.000000,100.500000,744.368561
11.000000,100.500000,838.480099
12.000000,100.500000,933.987889
13.000000,100.500000,1032.384140
14.000000,100.500000,1135.459762
15.000000,100.500000,1241.162805
16.000000,100.500000,1350.830656
17.000000,100.500000,1465.236729
18.000000,100.500000,1585.416935
19.000000,100.500000,1710.058670
9.000000,101.000000,657.515754
10.000000,101.000000,746.583247
11.000000,101.000000,840.936761
12.000000,101.000000,936.484815
13.000000,101.000000,1035.030257
14.000000,101.000000,1138.255690
15.000000,101.000000,1243.935309
16.000000,101.000000,1353.608922
17.000000,101.000000,1468.076713
18.000000,101.000000,1588.386148
19.000000,101.000000,1713.159360
9.000000,101.500000,659.503243
10.000000,101.500000,748.802097
11.000000,101.500000,843.396054
12.000000,101.500000,938.979698
13.000000,101.500000,1037.679822
14.000000,101.500000,1141.060435
15.000000,101.500000,1246.822483
16.000000,101.500000,1356.645096
17.000000,101.500000,1471.269636
18.000000,101.500000,1591.572277
19.000000,101.500000,1716.330726
9.000000,102.000000,661.493252
10.000000,102.000000,751.023602
11.000000,102.000000,845.858121
12.000000,102.000000,941.476917
13.000000,102.000000,1040.331586
14.000000,102.000000,1143.867216
15.000000,102.000000,1249.711451
16.000000,102.000000,1359.683087
17.000000,102.000000,1474.464259
18.000000,102.000000,1594.759935
19.000000,102.000000,1719.503455
9.000000,102.500000,663.500104
10.000000,102.500000,753.258407
11.000000,102.500000,848.328103
12.000000,102.500000,943.975801
13.000000,102.500000,1042.988833
14.000000,102.500000,1146.683624
15.000000,102.500000,1252.630119
16.000000,102.500000,1362.773955
17.000000,102.500000,1477.704176
18.000000,102.500000,1597.964112
19.000000,102.500000,1722.661811
9.000000,103.000000,665.509603
10.000000,103.000000,755.495953
11.000000,103.000000,850.800883
12.000000,103.000000,946.477019
13.000000,103.000000,1045.648286
14.000000,103.000000,1149.502084
15.000000,103.000000,1255.550645
16.000000,103.000000,1365.866735
17.000000,103.000000,1480.945872
18.000000,103.000000,1601.169847
19.000000,103.000000,1725.821515
9.000000,103.500000,667.534641
10.000000,103.500000,757.745414
11.000000,103.500000,853.280674
12.000000,103.500000,949.013678
13.000000,103.500000,1048.389853
14.000000,103.500000,1152.453953
15.000000,103.500000,1258.567552
16.000000,103.500000,1369.016017
17.000000,103.500000,1484.191521
18.000000,103.500000,1604.368532
19.000000,103.500000,1728.962380
9.000000,104.000000,669.562403
10.000000,104.000000,759.997665
11.000000,104.000000,855.763274
12.000000,104.000000,951.552776
13.000000,104.000000,1051.133869
14.000000,104.000000,1155.408265
15.000000,104.000000,1261.586592
16.000000,104.000000,1372.167353
17.000000,104.000000,1487.438964
18.000000,104.000000,1607.568771
19.000000,104.000000,1732.104572
9.000000,104.500000,671.619706
10.000000,104.500000,762.268498
11.000000,104.500000,858.251826
12.000000,104.500000,954.105831
13.000000,104.500000,1053.905750
14.000000,104.500000,1158.338175
15.000000,104.500000,1264.640341
16.000000,104.500000,1375.354355
17.000000,104.500000,1490.698191
18.000000,104.500000,1610.765210
8.000000,105.000000,588.156121
9.000000,105.000000,673.679800
10.000000,105.000000,764.542149
11.000000,105.000000,860.743167
12.000000,105.000000,956.661344
13.000000,105.000000,1056.680144
14.000000,105.000000,1161.270424
15.000000,105.000000,1267.696314
16.000000,105.000000,1378.543491
17.000000,105.000000,1493.959252
18.000000,105.000000,1613.963210
8.000000,105.500000,590.039394
9.000000,105.500000,675.764321
10.000000,105.500000,766.830699
11.000000,105.500000,863.238528
12.000000,105.500000,959.220735
13.000000,105.500000,1059.458189
14.000000,105.500000,1164.188176
15.000000,105.500000,1270.756481
16.000000,105.500000,1381.746875
17.000000,105.500000,1497.216141
18.000000,105.500000,1617.148326
8.000000,106.000000,591.925460
9.000000,106.000000,677.851684
10.000000,106.000000,769.122085
11.000000,106.000000,865.736663
12.000000,106.000000,961.782578
13.000000,106.000000,1062.238739
14.000000,106.000000,1167.108213
15.000000,106.000000,1273.818868
16.000000,106.000000,1384.952407
17.000000,106.000000,1500.474859
18.000000,106.000000,1620.334986
8.000000,106.500000,593.821474
9.000000,106.500000,679.946890
10.000000,106.500000,771.419033
11.000000,106.500000,868.237902
12.000000,106.500000,964.348837
13.000000,106.500000,1065.023205
14.000000,106.500000,1170.024348
15.000000,106.500000,1276.884331
16.000000,106.500000,1388.168511
17.000000,106.500000,1503.722780
18.000000,106.500000,1623.504964
8.000000,107.000000,595.720286
9.000000,107.000000,682.044938
10.000000,107.000000,773.718812
11.000000,107.000000,870.741908
12.000000,107.000000,966.917553
13.000000,107.000000,1067.810172
14.000000,107.000000,1172.942751
15.000000,107.000000,1279.952004
16.000000,107.000000,1391.386762
17.000000,107.000000,1506.972507
18.000000,107.000000,1626.676462
8.000000,107.500000,597.628760
9.000000,107.500000,684.150595
10.000000,107.500000,776.023981
11.000000,107.500000,873.112020
12.000000,107.500000,969.490768
13.000000,107.500000,1070.601034
14.000000,107.500000,1175.858554
15.000000,107.500000,1283.024705
16.000000,107.500000,1394.618207
17.000000,107.500000,1510.257415
18.000000,107.500000,1629.957977
8.000000,108.000000,599.540039
9.000000,108.000000,686.259093
10.000000,108.000000,778.331975
11.000000,108.000000,875.484560
12.000000,108.000000,972.066443
13.000000,108.000000,1073.394392
14.000000,108.000000,1178.776608
15.000000,108.000000,1286.099608
16.000000,108.000000,1397.851799
17.000000,108.000000,1513.544186
18.000000,108.000000,1633.241196
8.000000,108.500000,601.464095
9.000000,108.500000,688.398946
10.000000,108.500000,780.694362
11.000000,108.500000,877.923417
12.000000,108.500000,974.702528
13.000000,108.500000,1076.230824
14.000000,108.500000,1181.715896
15.000000,108.500000,1289.197054
16.000000,108.500000,1401.108217
17.000000,108.500000,1516.882956
18.000000,108.500000,1636.651992
8.000000,109.000000,603.390980
9.000000,109.000000,690.541779
10.000000,109.000000,783.059865
11.000000,109.000000,880.365112
12.000000,109.000000,977.341432
13.000000,109.000000,1079.070021
14.000000,109.000000,1184.657600
15.000000,109.000000,1292.296799
16.000000,109.000000,1404.366798
17.000000,109.000000,1520.223660
18.000000,109.000000,1640.064705
8.000000,109.500000,605.245434
9.000000,109.500000,692.639788
10.000000,109.500000,785.408960
11.000000,109.500000,882.812918
12.000000,109.500000,979.986289
13.000000,109.500000,1081.915045
14.000000,109.500000,1187.600567
15.000000,109.500000,1295.396685
16.000000,109.500000,1407.624328
17.000000,109.500000,1523.570776
18.000000,109.500000,1643.508835
8.000000,110.000000,607.102630
9.000000,110.000000,694.740754
10.000000,110.000000,787.761176
11.000000,110.000000,885.263558
12.000000,110.000000,982.633964
13.000000,110.000000,1084.762835
14.000000,110.000000,1190.545955
15.000000,110.000000,1298.498877
16.000000,110.000000,1410.884029
17.000000,110.000000,1526.919858
18.000000,110.000000,1646.954930
8.000000,110.500000,608.947956
9.000000,110.500000,696.837542
10.000000,110.500000,790.116993
11.000000,110.500000,887.718967
12.000000,110.500000,985.286737
13.000000,110.500000,1087.616182
14.000000,110.500000,1193.495809
15.000000,110.500000,1301.614269
16.000000,110.500000,1414.167447
17.000000,110.500000,1530.297682
18.000000,110.500000,1650.440586
8.000000,111.000000,610.796004
9.000000,111.000000,698.937284
10.000000,111.000000,792.475933
11.000000,111.000000,890.177200
12.000000,111.000000,987.942321
13.000000,111.000000,1090.472295
14.000000,111.000000,1196.448124
15.000000,111.000000,1304.732109
16.000000,111.000000,1417.453292
17.000000,111.000000,1533.677696
18.000000,111.000000,1653.928311
8.000000,111.500000,612.622631
9.000000,111.500000,701.030250
10.000000,111.500000,794.843860
11.000000,111.500000,892.650250
12.000000,111.500000,990.612486
13.000000,111.500000,1093.342702
14.000000,111.500000,1199.410668
15.000000,111.500000,1307.860142
16.000000,111.500000,1420.749433
17.000000,111.500000,1537.058750
18.000000,111.500000,1657.412779
8.000000,112.000000,614.451930
9.000000,112.000000,703.126163
10.000000,112.000000,797.214940
11.000000,112.000000,895.126163
12.000000,112.000000,993.285505
13.000000,112.000000,1096.215923
14.000000,112.000000,1202.375739
15.000000,112.000000,1310.990703
16.000000,112.000000,1424.048098
17.000000,112.000000,1540.442049
18.000000,112.000000,1660.899328
8.000000,112.500000,616.299954
9.000000,112.500000,705.241058
10.000000,112.500000,799.605368
11.000000,112.500000,897.616610
12.000000,112.500000,995.984240
13.000000,112.500000,1099.127795
14.000000,112.500000,1205.375191
15.000000,112.500000,1314.140227
16.000000,112.500000,1427.348020
17.000000,112.500000,1543.817924
18.000000,112.500000,1664.378902
8.000000,113.000000,618.150684
9.000000,113.000000,707.358930
10.000000,113.000000,801.998978
11.000000,113.000000,900.109958
12.000000,113.000000,998.685932
13.000000,113.000000,1102.042661
14.000000,113.000000,1208.377357
15.000000,113.000000,1317.292375
16.000000,113.000000,1430.650467
17.000000,113.000000,1547.196018
18.000000,113.000000,1667.860532
8.000000,113.500000,620.019649
9.000000,113.500000,709.494197
10.000000,113.500000,804.409038
11.000000,113.500000,902.611698
12.000000,113.500000,1001.394471
13.000000,113.500000,1104.962598
14.000000,113.500000,1211.377072
15.000000,113.500000,1320.441679
16.000000,113.500000,1433.949664
17.000000,113.500000,1550.570828
18.000000,113.500000,1671.343941
8.000000,114.000000,621.891353
9.000000,114.000000,711.632465
10.000000,114.000000,806.822297
11.000000,114.000000,905.116346
12.000000,114.000000,1004.105967
13.000000,114.000000,1107.885519
14.000000,114.000000,1214.379477
15.000000,114.000000,1323.593584
16.000000,114.000000,1437.251364
17.000000,114.000000,1553.947840
18.000000,114.000000,1674.829402
8.000000,114.500000,623.781082
9.000000,114.500000,713.787943
10.000000,114.500000,809.251853
11.000000,114.500000,907.629219
12.000000,114.500000,1006.824086
13.000000,114.500000,1110.813228
14.000000,114.500000,1217.379448
15.000000,114.500000,1326.742657
16.000000,114.500000,1440.549822
17.000000,114.500000,1557.338361
18.000000,114.500000,1678.350992
8.000000,115.000000,625.673581
9.000000,115.000000,715.946445
10.000000,115.000000,811.684624
11.000000,115.000000,910.145005
12.000000,115.000000,1009.545158
13.000000,115.000000,1113.743911
14.000000,115.000000,1220.382088
15.000000,115.000000,1329.894310
16.000000,115.000000,1443.850760
17.000000,115.000000,1560.731110
18.000000,115.000000,1681.874712
8.000000,115.500000,627.581776
9.000000,115.500000,718.115802
10.000000,115.500000,814.123729
11.000000,115.500000,912.659655
12.000000,115.500000,1012.267606
13.000000,115.500000,1116.677846
14.000000,115.500000,1223.390078
15.000000,115.500000,1333.063872
16.000000,115.500000,1447.156564
17.000000,115.500000,1564.148828
18.000000,115.500000,1685.418987
8.000000,116.000000,629.492772
9.000000,116.000000,720.288215
10.000000,116.000000,816.566099
11.000000,116.000000,915.177269
12.000000,116.000000,1014.993038
13.000000,116.000000,1119.614753
14.000000,116.000000,1226.400736
15.000000,116.000000,1336.236044
16.000000,116.000000,1450.464809
17.000000,116.000000,1567.568823
18.000000,116.000000,1688.965429
8.000000,116.500000,631.444430
9.000000,116.500000,722.481551
10.000000,116.500000,819.006429
11.000000,116.500000,917.691429
12.000000,116.500000,1017.748444
13.000000,116.500000,1122.616770
14.000000,116.500000,1229.483967
15.000000,116.500000,1339.486695
16.000000,116.500000,1453.834474
17.000000,116.500000,1571.041735
18.000000,116.500000,1692.538876
8.000000,117.000000,633.399072
9.000000,117.000000,724.678107
10.000000,117.000000,821.450165
11.000000,117.000000,920.208701
12.000000,117.000000,1020.507049
13.000000,117.000000,1125.622022
14.000000,117.000000,1232.570110
15.000000,117.000000,1342.740176
16.000000,117.000000,1457.206696
17.000000,117.000000,1574.517040
18.000000,117.000000,1696.114544
8.000000,117.500000,635.372198
9.000000,117.500000,726.892076
10.000000,117.500000,823.909740
11.000000,117.500000,922.746230
12.000000,117.500000,1023.297178
13.000000,117.500000,1128.671468
14.000000,117.500000,1235.689981
15.000000,117.500000,1346.021458
16.000000,117.500000,1460.603130
17.000000,117.500000,1578.081840
18.000000,117.500000,1699.850062
8.000000,118.000000,637.348352
9.000000,118.000000,729.109299
10.000000,118.000000,826.372742
11.000000,118.000000,925.286904
12.000000,118.000000,1026.090580
13.000000,118.000000,1131.724276
14.000000,118.000000,1238.812867
15.000000,118.000000,1349.305636
16.000000,118.000000,1464.002171
17.000000,118.000000,1581.649240
18.000000,118.000000,1703.588170
8.000000,118.500000,639.342987
9.000000,118.500000,731.342139
10.000000,118.500000,828.848215
11.000000,118.500000,927.840945
12.000000,118.500000,1028.899398
13.000000,118.500000,1134.794558
14.000000,118.500000,1241.946938
15.000000,118.500000,1352.606282
16.000000,118.500000,1467.425890
17.000000,118.500000,1585.255972
18.000000,118.500000,1707.381344
8.000000,119.000000,641.340691
9.000000,119.000000,733.578263
10.000000,119.000000,831.327134
11.000000,119.000000,930.398152
12.000000,119.000000,1031.711510
13.000000,119.000000,1137.868221
14.000000,119.000000,1245.084035
15.000000,119.000000,1355.909844
16.000000,119.000000,1470.852266
17.000000,119.000000,1588.865390
18.000000,119.000000,1711.177231
8.000000,119.500000,643.357314
9.000000,119.500000,735.827865
10.000000,119.500000,833.813963
11.000000,119.500000,932.965547
12.000000,119.500000,1034.537555
13.000000,119.500000,1140.959467
14.000000,119.500000,1248.249052
15.000000,119.500000,1359.266869
16.000000,119.500000,1474.346424
17.000000,119.500000,1592.513994
18.000000,119.500000,1714.980801
8.000000,120.000000,645.377047
9.000000,120.000000,738.080779
10.000000,120.000000,836.304261
11.000000,120.000000,935.536138
12.000000,120.000000,1037.366922
13.000000,120.000000,1144.054115
14.000000,120.000000,1251.417169
15.000000,120.000000,1362.626976
16.000000,120.000000,1477.843466
17.000000,120.000000,1596.165407
18.000000,120.000000,1718.787095
8.000000,120.500000,647.413428
9.000000,120.500000,740.349358
10.000000,120.500000,838.809203
11.000000,120.500000,938.123256
12.000000,120.500000,1040.213239
13.000000,120.500000,1147.166753
14.000000,120.500000,1254.613654
15.000000,120.500000,1366.037055
16.000000,120.500000,1481.393246
17.000000,120.500000,1599.845093
18.000000,120.500000,1722.594769
8.000000,121.000000,649.452948
9.000000,121.000000,742.621268
10.000000,121.000000,841.317627
11.000000,121.000000,940.713598
12.000000,121.000000,1043.062931
13.000000,121.000000,1150.282883
14.000000,121.000000,1257.813366
15.000000,121.000000,1369.450389
16.000000,121.000000,1484.946078
17.000000,121.000000,1603.527668
18.000000,121.000000,1726.405158
8.000000,121.500000,651.499067
9.000000,121.500000,744.902902
10.000000,121.500000,843.839311
11.000000,121.500000,943.320632
12.000000,121.500000,1045.929950
13.000000,121.500000,1153.417417
14.000000,121.500000,1261.027428
15.000000,121.500000,1372.879936
16.000000,121.500000,1488.504408
17.000000,121.500000,1607.210946
18.000000,121.500000,1730.211171
8.000000,122.000000,653.548325
9.000000,122.000000,747.187872
10.000000,122.000000,846.364488
11.000000,122.000000,945.930918
12.000000,122.000000,1048.800388
13.000000,122.000000,1156.555510
14.000000,122.000000,1264.244763
15.000000,122.000000,1376.312759
16.000000,122.000000,1492.065773
17.000000,122.000000,1610.897091
18.000000,122.000000,1734.019869
8.000000,122.500000,655.586366
9.000000,122.500000,749.473025
10.000000,122.500000,848.901809
11.000000,122.500000,948.558346
12.000000,122.500000,1051.688807
13.000000,122.500000,1159.619660
14.000000,122.500000,1267.476655
15.000000,122.500000,1379.761882
16.000000,122.500000,1495.631830
17.000000,122.500000,1614.583120
8.000000,123.000000,657.627513
9.000000,123.000000,751.761509
10.000000,123.000000,851.442634
11.000000,123.000000,951.189043
12.000000,123.000000,1054.580660
13.000000,123.000000,1162.687166
14.000000,123.000000,1270.711822
15.000000,123.000000,1383.214283
16.000000,123.000000,1499.200904
17.000000,123.000000,1618.271992
8.000000,123.500000,659.549909
9.000000,123.500000,753.990367
10.000000,123.500000,853.988025
11.000000,123.500000,953.836926
12.000000,123.500000,1057.491334
13.000000,123.500000,1165.722015
14.000000,123.500000,1273.961806
15.000000,123.500000,1386.683263
16.000000,123.500000,1502.789773
17.000000,123.500000,1622.009823
8.000000,124.000000,661.475108
9.000000,124.000000,756.222463
10.000000,124.000000,856.537022
11.000000,124.000000,956.488187
12.000000,124.000000,1060.405513
13.000000,124.000000,1168.760117
14.000000,124.000000,1277.215069
15.000000,124.000000,1390.155524
16.000000,124.000000,1506.381696
17.000000,124.000000,1625.750642
8.000000,124.500000,663.426120
9.000000,124.500000,758.478430
10.000000,124.500000,859.109259
11.000000,124.500000,959.161113
12.000000,124.500000,1063.346220
13.000000,124.500000,1171.822139
14.000000,124.500000,1280.491528
15.000000,124.500000,1393.649811
16.000000,124.500000,1509.992828
17.000000,124.500000,1629.522459
8.000000,125.000000,665.380002
9.000000,125.000000,760.737710
10.000000,125.000000,861.685212
11.000000,125.000000,961.837533
12.000000,125.000000,1066.290564
13.000000,125.000000,1174.887546
14.000000,125.000000,1283.771392
15.000000,125.000000,1397.147501
16.000000,125.000000,1513.607131
17.000000,125.000000,1633.297385
8.000000,125.500000,667.361090
9.000000,125.500000,763.023178
10.000000,125.500000,864.286222
11.000000,125.500000,964.538444
12.000000,125.500000,1069.266282
13.000000,125.500000,1177.983107
14.000000,125.500000,1287.078762
15.000000,125.500000,1400.669110
16.000000,125.500000,1517.236736
17.000000,125.500000,1637.087090
8.000000,126.000000,669.345115
9.000000,126.000000,765.312015
10.000000,126.000000,866.890995
11.000000,126.000000,967.242919
12.000000,126.000000,1072.245775
13.000000,126.000000,1181.082245
14.000000,126.000000,1290.389718
15.000000,126.000000,1404.194284
16.000000,126.000000,1520.869635
17.000000,126.000000,1640.879977
8.000000,126.500000,671.353413
9.000000,126.500000,767.621564
10.000000,126.500000,869.483579
11.000000,126.500000,969.963415
12.000000,126.500000,1075.244189
13.000000,126.500000,1184.195145
14.000000,126.500000,1293.715733
15.000000,126.500000,1407.735932
16.000000,126.500000,1524.513948
17.000000,126.500000,1644.685372
8.000000,127.000000,673.364707
9.000000,127.000000,769.934530
10.000000,127.000000,872.079890
11.000000,127.000000,972.687508
12.000000,127.000000,1078.246407
13.000000,127.000000,1187.311630
14.000000,127.000000,1297.045347
15.000000,127.000000,1411.281161
16.000000,127.000000,1528.161567
17.000000,127.000000,1648.493964
8.000000,127.500000,675.402647
9.000000,127.500000,772.273512
10.000000,127.500000,874.554140
11.000000,127.500000,975.432891
12.000000,127.500000,1081.269850
13.000000,127.500000,1190.442053
14.000000,127.500000,1300.390198
15.000000,127.500000,1414.843043
16.000000,127.500000,1531.847631
17.000000,127.500000,1652.381274
8.000000,128.000000,677.443647
9.000000,128.000000,774.615968
10.000000,128.000000,877.031774
11.000000,128.000000,978.181901
12.000000,128.000000,1084.297123
13.000000,128.000000,1193.576071
14.000000,128.000000,1303.738659
15.000000,128.000000,1418.408521
16.000000,128.000000,1535.537100
17.000000,128.000000,1656.272007
8.000000,128.500000,679.489068
9.000000,128.500000,776.974316
10.000000,128.500000,879.531694
11.000000,128.500000,980.952758
12.000000,128.500000,1087.345767
13.000000,128.500000,1196.729688
14.000000,128.500000,1307.123463
15.000000,128.500000,1422.028677
16.000000,128.500000,1539.267145
17.000000,128.500000,1660.183229
7.000000,129.000000,589.418001
8.000000,129.000000,681.537557
9.000000,129.000000,779.336170
10.000000,129.000000,882.035033
11.000000,129.000000,983.727271
12.000000,129.000000,1090.398266
13.000000,129.000000,1199.886926
14.000000,129.000000,1310.511953
15.000000,129.000000,1425.652562
16.000000,129.000000,1543.000696
17.000000,129.000000,1664.097911
7.000000,129.500000,591.110473
8.000000,129.500000,683.559241
9.000000,129.500000,781.699970
10.000000,129.500000,884.558433
11.000000,129.500000,986.509099
12.000000,129.500000,1093.445323
13.000000,129.500000,1203.045171
14.000000,129.500000,1313.944613
15.000000,129.500000,1429.366635
16.000000,129.500000,1546.793756
17.000000,129.500000,1668.036231
7.000000,130.000000,592.805360
8.000000,130.000000,685.583913
9.000000,130.000000,784.067272
10.000000,130.000000,887.085285
11.000000,130.000000,989.294606
12.000000,130.000000,1096.496263
13.000000,130.000000,1206.207109
14.000000,130.000000,1317.381123
15.000000,130.000000,1433.084688
16.000000,130.000000,1550.590477
17.000000,130.000000,1671.978057
