weight_g,219.000000
thrust_N,velocity_m_s,power_W
8.000000,0.000000,755.319804
9.000000,0.000000,884.608354
10.000000,0.000000,1023.367031
11.000000,0.000000,1166.348298
12.000000,0.000000,1316.936247
13.000000,0.000000,1471.798406
14.000000,0.000000,1633.562103
15.000000,0.000000,1802.057203
16.000000,0.000000,1978.247484
17.000000,0.000000,2162.564185
8.000000,0.500000,755.290625
9.000000,0.500000,884.542494
10.000000,0.500000,1023.259641
11.000000,0.500000,1166.234614
12.000000,0.500000,1316.812445
13.000000,0.500000,1471.691358
14.000000,0.500000,1633.470018
15.000000,0.500000,1801.985137
16.000000,0.500000,1978.179549
17.000000,0.500000,2162.453953
8.000000,1.000000,755.261418
9.000000,1.000000,884.476600
10.000000,1.000000,1023.152214
11.000000,1.000000,1166.120886
12.000000,1.000000,1316.688599
13.000000,1.000000,1471.584266
14.000000,1.000000,1633.377892
15.000000,1.000000,1801.913031
16.000000,1.000000,1978.111576
17.000000,1.000000,2162.343675
8.000000,1.500000,755.232667
9.000000,1.500000,884.411295
10.000000,1.500000,1023.045523
11.000000,1.500000,1166.006715
12.000000,1.500000,1316.563037
13.000000,1.500000,1471.475235
14.000000,1.500000,1633.283956
15.000000,1.500000,1801.840341
16.000000,1.500000,1978.044303
17.000000,1.500000,2162.234261
8.000000,2.000000,755.203888
9.000000,2.000000,884.345956
10.000000,2.000000,1022.938795
11.000000,2.000000,1165.892500
12.000000,2.000000,1316.437431
13.000000,2.000000,1471.366159
14.000000,2.000000,1633.189979
15.000000,2.000000,1801.767612
16.000000,2.000000,1977.976992
17.000000,2.000000,2162.124801
8.000000,2.500000,755.175564
9.000000,2.500000,884.281205
10.000000,2.500000,1022.832800
11.000000,2.500000,1165.777847
12.000000,2.500000,1316.310109
13.000000,2.500000,1471.255128
14.000000,2.500000,1633.094177
15.000000,2.500000,1801.694283
16.000000,2.500000,1977.910380
17.000000,2.500000,2162.016202
8.000000,3.000000,755.147212
9.000000,3.000000,884.216421
10.000000,3.000000,1022.726767
11.000000,3.000000,1165.663150
12.000000,3.000000,1316.182742
13.000000,3.000000,1471.144053
14.000000,3.000000,1632.998335
15.000000,3.000000,1801.620916
16.000000,3.000000,1977.843729
17.000000,3.000000,2161.907558
8.000000,3.500000,755.119314
9.000000,3.500000,884.152222
10.000000,3.500000,1022.621467
11.000000,3.500000,1165.548018
12.000000,3.500000,1316.053658
13.000000,3.500000,1471.031005
14.000000,3.500000,1632.900654
15.000000,3.500000,1801.546935
16.000000,3.500000,1977.777776
17.000000,3.500000,2161.799773
8.000000,4.000000,755.091389
9.000000,4.000000,884.087990
10.000000,4.000000,1022.516129
11.000000,4.000000,1165.432844
12.000000,4.000000,1315.924529
13.000000,4.000000,1470.917913
14.000000,4.000000,1632.802932
15.000000,4.000000,1801.472915
16.000000,4.000000,1977.711784
17.000000,4.000000,2161.691943
8.000000,4.500000,755.063916
9.000000,4.500000,884.024343
10.000000,4.500000,1022.411521
11.000000,4.500000,1165.317240
12.000000,4.500000,1315.793681
13.000000,4.500000,1470.802832
14.000000,4.500000,1632.703356
15.000000,4.500000,1801.398267
16.000000,4.500000,1977.646489
17.000000,4.500000,2161.584970
8.000000,5.000000,755.036415
9.000000,5.000000,883.960662
10.000000,5.000000,1022.306876
11.000000,5.000000,1165.201593
12.000000,5.000000,1315.662788
13.000000,5.000000,1470.687706
14.000000,5.000000,1632.603739
15.000000,5.000000,1801.323580
16.000000,5.000000,1977.581154
17.000000,5.000000,2161.477951
8.000000,5.500000,755.009366
9.000000,5.500000,883.897564
10.000000,5.500000,1022.202958
11.000000,5.500000,1165.085522
12.000000,5.500000,1315.530177
13.000000,5.500000,1470.570574
14.000000,5.500000,1632.502254
15.000000,5.500000,1801.248250
16.000000,5.500000,1977.516515
17.000000,5.500000,2161.371788
8.000000,6.000000,754.982289
9.000000,6.000000,883.834432
10.000000,6.000000,1022.099003
11.000000,6.000000,1164.969408
12.000000,6.000000,1315.397520
13.000000,6.000000,1470.453397
14.000000,6.000000,1632.400727
15.000000,6.000000,1801.172881
16.000000,6.000000,1977.451836
17.000000,6.000000,2161.265580
8.000000,6.500000,754.955662
9.000000,6.500000,883.771882
10.000000,6.500000,1021.995774
11.000000,6.500000,1164.852875
12.000000,6.500000,1315.263143
13.000000,6.500000,1470.334198
14.000000,6.500000,1632.297317
15.000000,6.500000,1801.096854
16.000000,6.500000,1977.387851
17.000000,6.500000,2161.160224
8.000000,7.000000,754.929008
9.000000,7.000000,883.709299
10.000000,7.000000,1021.892508
11.000000,7.000000,1164.736299
12.000000,7.000000,1315.128721
13.000000,7.000000,1470.214952
14.000000,7.000000,1632.193865
15.000000,7.000000,1801.020788
16.000000,7.000000,1977.323827
17.000000,7.000000,2161.054824
8.000000,7.500000,754.902802
9.000000,7.500000,883.647295
10.000000,7.500000,1021.789965
11.000000,7.500000,1164.619310
12.000000,7.500000,1314.992579
13.000000,7.500000,1470.093667
14.000000,7.500000,1632.088516
15.000000,7.500000,1800.944049
16.000000,7.500000,1977.260494
17.000000,7.500000,2160.950274
8.000000,8.000000,754.876570
9.000000,8.000000,883.585258
10.000000,8.000000,1021.687385
11.000000,8.000000,1164.502277
12.000000,8.000000,1314.856390
13.000000,8.000000,1469.972335
14.000000,8.000000,1631.983124
15.000000,8.000000,1800.867270
16.000000,8.000000,1977.197123
17.000000,8.000000,2160.845679
8.000000,8.500000,754.850785
9.000000,8.500000,883.523799
10.000000,8.500000,1021.585527
11.000000,8.500000,1164.384836
12.000000,8.500000,1314.718482
13.000000,8.500000,1469.848947
14.000000,8.500000,1631.875819
15.000000,8.500000,1800.789803
16.000000,8.500000,1977.134442
17.000000,8.500000,2160.741934
8.000000,9.000000,754.824972
9.000000,9.000000,883.462307
10.000000,9.000000,1021.483632
11.000000,9.000000,1164.267351
12.000000,9.000000,1314.580528
13.000000,9.000000,1469.725511
14.000000,9.000000,1631.768471
15.000000,9.000000,1800.712296
16.000000,9.000000,1977.071722
17.000000,9.000000,2160.638143
8.000000,9.500000,754.766465
9.000000,9.500000,883.381969
10.000000,9.500000,1021.379230
11.000000,9.500000,1164.149465
12.000000,9.500000,1314.440854
13.000000,9.500000,1469.600001
14.000000,9.500000,1631.659196
15.000000,9.500000,1800.634086
16.000000,9.500000,1977.009691
17.000000,9.500000,2160.535200
8.000000,10.000000,754.707931
9.000000,10.000000,883.301600
10.000000,10.000000,1021.274791
11.000000,10.000000,1164.031535
12.000000,10.000000,1314.301132
13.000000,10.000000,1469.474444
14.000000,10.000000,1631.549877
15.000000,10.000000,1800.555836
16.000000,10.000000,1976.947621
17.000000,10.000000,2160.432211
8.000000,10.500000,754.582526
9.000000,10.500000,883.188275
10.000000,10.500000,1021.176528
11.000000,10.500000,1163.920951
12.000000,10.500000,1314.161138
13.000000,10.500000,1469.346794
14.000000,10.500000,1631.438614
15.000000,10.500000,1800.476866
16.000000,10.500000,1976.886237
17.000000,10.500000,2160.330068
8.000000,11.000000,754.457098
9.000000,11.000000,883.074923
10.000000,11.000000,1021.078234
11.000000,11.000000,1163.810327
12.000000,11.000000,1314.021097
13.000000,11.000000,1469.219096
14.000000,11.000000,1631.327307
15.000000,11.000000,1800.397856
16.000000,11.000000,1976.824816
17.000000,11.000000,2160.227879
8.000000,11.500000,754.333962
9.000000,11.500000,883.000166
10.000000,11.500000,1021.057664
11.000000,11.500000,1163.746824
12.000000,11.500000,1313.885176
13.000000,11.500000,1469.086878
14.000000,11.500000,1631.213847
15.000000,11.500000,1800.318111
16.000000,11.500000,1976.764079
17.000000,11.500000,2160.126534
8.000000,12.000000,754.210805
9.000000,12.000000,882.925394
10.000000,12.000000,1021.037086
11.000000,12.000000,1163.683304
12.000000,12.000000,1313.749216
13.000000,12.000000,1468.954613
14.000000,12.000000,1631.100343
15.000000,12.000000,1800.238325
16.000000,12.000000,1976.703304
17.000000,12.000000,2160.025144
8.000000,12.500000,754.085454
9.000000,12.500000,882.848368
10.000000,12.500000,1021.014120
11.000000,12.500000,1163.634940
12.000000,12.500000,1313.649997
13.000000,12.500000,1468.845716
14.000000,12.500000,1630.990250
15.000000,12.500000,1800.159324
16.000000,12.500000,1976.643213
17.000000,12.500000,2159.924595
8.000000,13.000000,753.960083
9.000000,13.000000,882.771328
10.000000,13.000000,1020.991146
11.000000,13.000000,1163.586567
12.000000,13.000000,1313.550764
13.000000,13.000000,1468.736794
14.000000,13.000000,1630.880121
15.000000,13.000000,1800.080286
16.000000,13.000000,1976.583083
17.000000,13.000000,2159.824001
8.000000,13.500000,753.832544
9.000000,13.500000,882.692614
10.000000,13.500000,1020.967057
11.000000,13.500000,1163.539280
12.000000,13.500000,1313.455048
13.000000,13.500000,1468.643542
14.000000,13.500000,1630.800706
15.000000,13.500000,1799.985693
16.000000,13.500000,1976.474147
17.000000,13.500000,2159.710969
8.000000,14.000000,753.704984
9.000000,14.000000,882.613888
10.000000,14.000000,1020.942962
11.000000,14.000000,1163.491984
12.000000,14.000000,1313.359319
13.000000,14.000000,1468.550277
14.000000,14.000000,1630.721279
15.000000,14.000000,1799.891081
16.000000,14.000000,1976.365179
17.000000,14.000000,2159.597895
8.000000,14.500000,753.575221
9.000000,14.500000,882.533463
10.000000,14.500000,1020.917736
11.000000,14.500000,1163.444290
12.000000,14.500000,1313.263758
13.000000,14.500000,1468.457037
14.000000,14.500000,1630.641872
15.000000,14.500000,1799.764457
16.000000,14.500000,1976.202230
17.000000,14.500000,2159.466435
8.000000,15.000000,753.445436
9.000000,15.000000,882.453024
10.000000,15.000000,1020.892503
11.000000,15.000000,1163.396587
12.000000,15.000000,1313.168184
13.000000,15.000000,1468.363783
14.000000,15.000000,1630.562453
15.000000,15.000000,1799.637817
16.000000,15.000000,1976.039259
17.000000,15.000000,2159.334954
8.000000,15.500000,753.313413
9.000000,15.500000,882.370861
10.000000,15.500000,1020.866126
11.000000,15.500000,1163.348480
12.000000,15.500000,1313.072773
13.000000,15.500000,1468.270553
14.000000,15.500000,1630.483055
15.000000,15.500000,1799.511591
16.000000,15.500000,1975.875995
17.000000,15.500000,2159.201065
8.000000,16.000000,753.181369
9.000000,16.000000,882.288684
10.000000,16.000000,1020.839741
11.000000,16.000000,1163.300364
12.000000,16.000000,1312.977349
13.000000,16.000000,1468.177311
14.000000,16.000000,1630.403645
15.000000,16.000000,1799.385350
16.000000,16.000000,1975.712711
17.000000,16.000000,2159.067158
8.000000,16.500000,753.047050
9.000000,16.500000,882.204756
10.000000,16.500000,1020.812197
11.000000,16.500000,1163.251839
12.000000,16.500000,1312.882084
13.000000,16.500000,1468.084092
14.000000,16.500000,1630.324256
15.000000,16.500000,1799.259521
16.000000,16.500000,1975.549525
17.000000,16.500000,2158.933341
8.000000,17.000000,752.912709
9.000000,17.000000,882.120815
10.000000,17.000000,1020.784645
11.000000,17.000000,1163.203304
12.000000,17.000000,1312.786806
13.000000,17.000000,1467.990861
14.000000,17.000000,1630.244854
15.000000,17.000000,1799.133677
16.000000,17.000000,1975.386319
17.000000,17.000000,2158.799506
8.000000,17.500000,752.776057
9.000000,17.500000,882.035096
10.000000,17.500000,1020.755917
11.000000,17.500000,1163.154354
12.000000,17.500000,1312.691682
13.000000,17.500000,1467.897654
14.000000,17.500000,1630.165474
15.000000,17.500000,1799.008243
16.000000,17.500000,1975.223211
17.000000,17.500000,2158.665762
8.000000,18.000000,752.639382
9.000000,18.000000,881.949363
10.000000,18.000000,1020.727183
11.000000,18.000000,1163.105395
12.000000,18.000000,1312.596545
13.000000,18.000000,1467.804433
14.000000,18.000000,1630.086081
15.000000,18.000000,1798.882794
16.000000,18.000000,1975.060083
17.000000,18.000000,2158.532000
8.000000,18.500000,752.500248
9.000000,18.500000,881.861731
10.000000,18.500000,1020.697236
11.000000,18.500000,1163.056013
12.000000,18.500000,1312.501558
13.000000,18.500000,1467.711238
14.000000,18.500000,1630.006709
15.000000,18.500000,1798.757754
16.000000,18.500000,1974.897054
17.000000,18.500000,2158.398329
8.000000,19.000000,752.361091
9.000000,19.000000,881.774086
10.000000,19.000000,1020.667282
11.000000,19.000000,1163.006623
12.000000,19.000000,1312.406558
13.000000,19.000000,1467.618029
14.000000,19.000000,1629.927325
15.000000,19.000000,1798.632698
16.000000,19.000000,1974.734005
17.000000,19.000000,2158.264641
8.000000,19.500000,752.289321
9.000000,19.500000,881.723800
10.000000,19.500000,1020.642639
11.000000,19.500000,1162.956804
12.000000,19.500000,1312.311704
13.000000,19.500000,1467.524844
14.000000,19.500000,1629.847962
15.000000,19.500000,1798.508051
16.000000,19.500000,1974.571054
17.000000,19.500000,2158.131043
8.000000,20.000000,752.217549
9.000000,20.000000,881.673511
10.000000,20.000000,1020.617989
11.000000,20.000000,1162.906976
12.000000,20.000000,1312.216837
13.000000,20.000000,1467.431647
14.000000,20.000000,1629.768587
15.000000,20.000000,1798.383387
16.000000,20.000000,1974.408083
17.000000,20.000000,2157.997427
8.000000,20.500000,752.179745
9.000000,20.500000,881.641873
10.000000,20.500000,1020.595593
11.000000,20.500000,1162.856713
12.000000,20.500000,1312.122110
13.000000,20.500000,1467.338473
14.000000,20.500000,1629.689233
15.000000,20.500000,1798.259130
16.000000,20.500000,1974.245211
17.000000,20.500000,2157.863903
8.000000,21.000000,752.141941
9.000000,21.000000,881.610234
10.000000,21.000000,1020.573191
11.000000,21.000000,1162.806441
12.000000,21.000000,1312.027370
13.000000,21.000000,1467.245287
14.000000,21.000000,1629.609867
15.000000,21.000000,1798.134857
16.000000,21.000000,1974.082320
17.000000,21.000000,2157.730361
8.000000,21.500000,752.102657
9.000000,21.500000,881.560256
10.000000,21.500000,1020.513230
11.000000,21.500000,1162.731197
12.000000,21.500000,1311.927626
13.000000,21.500000,1467.152126
14.000000,21.500000,1629.530521
15.000000,21.500000,1798.010989
16.000000,21.500000,1973.919527
17.000000,21.500000,2157.596911
8.000000,22.000000,752.063375
9.000000,22.000000,881.510278
10.000000,22.000000,1020.453264
11.000000,22.000000,1162.655943
12.000000,22.000000,1311.827870
13.000000,22.000000,1467.058951
14.000000,22.000000,1629.451165
15.000000,22.000000,1797.887105
16.000000,22.000000,1973.756715
17.000000,22.000000,2157.463443
8.000000,22.500000,752.020311
9.000000,22.500000,881.412619
10.000000,22.500000,1020.295289
11.000000,22.500000,1162.514552
12.000000,22.500000,1311.714273
13.000000,22.500000,1466.965801
14.000000,22.500000,1629.371828
15.000000,22.500000,1797.763625
16.000000,22.500000,1973.594002
17.000000,22.500000,2157.330066
8.000000,23.000000,751.977247
9.000000,23.000000,881.314962
10.000000,23.000000,1020.137318
11.000000,23.000000,1162.373157
12.000000,23.000000,1311.600665
13.000000,23.000000,1466.872638
14.000000,23.000000,1629.292480
15.000000,23.000000,1797.640129
16.000000,23.000000,1973.431269
17.000000,23.000000,2157.196672
8.000000,23.500000,751.934594
9.000000,23.500000,881.221580
10.000000,23.500000,1019.987700
11.000000,23.500000,1162.233018
12.000000,23.500000,1311.479248
13.000000,23.500000,1466.773195
14.000000,23.500000,1629.212535
15.000000,23.500000,1797.517034
16.000000,23.500000,1973.268636
17.000000,23.500000,2157.063370
8.000000,24.000000,751.891942
9.000000,24.000000,881.128200
10.000000,24.000000,1019.838087
11.000000,24.000000,1162.092877
12.000000,24.000000,1311.357821
13.000000,24.000000,1466.673740
14.000000,24.000000,1629.132578
15.000000,24.000000,1797.393924
16.000000,24.000000,1973.105983
17.000000,24.000000,2156.930050
8.000000,24.500000,751.849379
9.000000,24.500000,881.035284
10.000000,24.500000,1019.689355
11.000000,24.500000,1161.965574
12.000000,24.500000,1311.264345
13.000000,24.500000,1466.591888
14.000000,24.500000,1629.053994
15.000000,24.500000,1797.271093
16.000000,24.500000,1972.943430
17.000000,24.500000,2156.796822
8.000000,25.000000,751.806816
9.000000,25.000000,880.942371
10.000000,25.000000,1019.540628
11.000000,25.000000,1161.838274
12.000000,25.000000,1311.170870
13.000000,25.000000,1466.510033
14.000000,25.000000,1628.975401
15.000000,25.000000,1797.148247
16.000000,25.000000,1972.780857
17.000000,25.000000,2156.663577
8.000000,25.500000,751.764341
9.000000,25.500000,880.849916
10.000000,25.500000,1019.392772
11.000000,25.500000,1161.713413
12.000000,25.500000,1311.082304
13.000000,25.500000,1466.417520
14.000000,25.500000,1628.862664
15.000000,25.500000,1797.007633
16.000000,25.500000,1972.618385
17.000000,25.500000,2156.530424
8.000000,26.000000,751.721867
9.000000,26.000000,880.757464
10.000000,26.000000,1019.244921
11.000000,26.000000,1161.588555
12.000000,26.000000,1310.993740
13.000000,26.000000,1466.325006
14.000000,26.000000,1628.749922
15.000000,26.000000,1796.867005
16.000000,26.000000,1972.455892
17.000000,26.000000,2156.397254
8.000000,26.500000,751.679480
9.000000,26.500000,880.665464
10.000000,26.500000,1019.097930
11.000000,26.500000,1161.464002
12.000000,26.500000,1310.905284
13.000000,26.500000,1466.204932
14.000000,26.500000,1628.568309
15.000000,26.500000,1796.689848
16.000000,26.500000,1972.292799
17.000000,26.500000,2156.263926
8.000000,27.000000,751.637093
9.000000,27.000000,880.573467
10.000000,27.000000,1018.950945
11.000000,27.000000,1161.339453
12.000000,27.000000,1310.816830
13.000000,27.000000,1466.084860
14.000000,27.000000,1628.386702
15.000000,27.000000,1796.512684
16.000000,27.000000,1972.129688
17.000000,27.000000,2156.130582
8.000000,27.500000,751.593440
9.000000,27.500000,880.481120
10.000000,27.500000,1018.804661
11.000000,27.500000,1161.215207
12.000000,27.500000,1310.728484
13.000000,27.500000,1465.965073
14.000000,27.500000,1628.205415
15.000000,27.500000,1796.328330
16.000000,27.500000,1971.952394
17.000000,27.500000,2155.992424
8.000000,28.000000,751.549787
9.000000,28.000000,880.388777
10.000000,28.000000,1018.658382
11.000000,28.000000,1161.090963
12.000000,28.000000,1310.640139
13.000000,28.000000,1465.845288
14.000000,28.000000,1628.024132
15.000000,28.000000,1796.143977
16.000000,28.000000,1971.775099
17.000000,28.000000,2155.854254
8.000000,28.500000,751.501318
9.000000,28.500000,880.293971
10.000000,28.500000,1018.512393
11.000000,28.500000,1160.967021
12.000000,28.500000,1310.551901
13.000000,28.500000,1465.725785
14.000000,28.500000,1627.843169
15.000000,28.500000,1795.957772
16.000000,28.500000,1971.588317
17.000000,28.500000,2155.675658
8.000000,29.000000,751.452850
9.000000,29.000000,880.199169
10.000000,29.000000,1018.366410
11.000000,29.000000,1160.843082
12.000000,29.000000,1310.463665
13.000000,29.000000,1465.606285
14.000000,29.000000,1627.662210
15.000000,29.000000,1795.771571
16.000000,29.000000,1971.401537
17.000000,29.000000,2155.497061
8.000000,29.500000,751.393127
9.000000,29.500000,880.096935
10.000000,29.500000,1018.219559
11.000000,29.500000,1160.719442
12.000000,29.500000,1310.375535
13.000000,29.500000,1465.487067
14.000000,29.500000,1627.481572
15.000000,29.500000,1795.585379
16.000000,29.500000,1971.206626
17.000000,29.500000,2155.263364
8.000000,30.000000,751.333402
9.000000,30.000000,879.994707
10.000000,30.000000,1018.072714
11.000000,30.000000,1160.595805
12.000000,30.000000,1310.287407
13.000000,30.000000,1465.367852
14.000000,30.000000,1627.300937
15.000000,30.000000,1795.399190
16.000000,30.000000,1971.011718
17.000000,30.000000,2155.029671
8.000000,30.500000,751.272722
9.000000,30.500000,879.892289
10.000000,30.500000,1017.926527
11.000000,30.500000,1160.472465
12.000000,30.500000,1310.199385
13.000000,30.500000,1465.248917
14.000000,30.500000,1627.120623
15.000000,30.500000,1795.213011
16.000000,30.500000,1970.816942
17.000000,30.500000,2154.795726
8.000000,31.000000,751.212040
9.000000,31.000000,879.789877
10.000000,31.000000,1017.780346
11.000000,31.000000,1160.349129
12.000000,31.000000,1310.111364
13.000000,31.000000,1465.129985
14.000000,31.000000,1626.940312
15.000000,31.000000,1795.026835
16.000000,31.000000,1970.622169
17.000000,31.000000,2154.561785
8.000000,31.500000,751.150416
9.000000,31.500000,879.687277
10.000000,31.500000,1017.634812
11.000000,31.500000,1160.226087
12.000000,31.500000,1310.023449
13.000000,31.500000,1465.011333
14.000000,31.500000,1626.760320
15.000000,31.500000,1794.840668
16.000000,31.500000,1970.427530
17.000000,31.500000,2154.327594
8.000000,32.000000,751.088791
9.000000,32.000000,879.584683
10.000000,32.000000,1017.489284
11.000000,32.000000,1160.103048
12.000000,32.000000,1309.935535
13.000000,32.000000,1464.892683
14.000000,32.000000,1626.580333
15.000000,32.000000,1794.654505
16.000000,32.000000,1970.232894
17.000000,32.000000,2154.093406
8.000000,32.500000,751.027045
9.000000,32.500000,879.492046
10.000000,32.500000,1017.364344
11.000000,32.500000,1159.993125
12.000000,32.500000,1309.850406
13.000000,32.500000,1464.774311
14.000000,32.500000,1626.400665
15.000000,32.500000,1794.468350
16.000000,32.500000,1970.038395
17.000000,32.500000,2153.858970
8.000000,33.000000,750.965298
9.000000,33.000000,879.399414
10.000000,33.000000,1017.239411
11.000000,33.000000,1159.883207
12.000000,33.000000,1309.765280
13.000000,33.000000,1464.655942
14.000000,33.000000,1626.221000
15.000000,33.000000,1794.282199
16.000000,33.000000,1969.843899
17.000000,33.000000,2153.624537
8.000000,33.500000,750.903833
9.000000,33.500000,879.321705
10.000000,33.500000,1017.144665
11.000000,33.500000,1159.792490
12.000000,33.500000,1309.684211
13.000000,33.500000,1464.537851
14.000000,33.500000,1626.041654
15.000000,33.500000,1794.096057
16.000000,33.500000,1969.649543
17.000000,33.500000,2153.389858
8.000000,34.000000,750.842368
9.000000,34.000000,879.243998
10.000000,34.000000,1017.049922
11.000000,34.000000,1159.701777
12.000000,34.000000,1309.603145
13.000000,34.000000,1464.419762
14.000000,34.000000,1625.862313
15.000000,34.000000,1793.909918
16.000000,34.000000,1969.455189
17.000000,34.000000,2153.155182
8.000000,34.500000,750.779587
9.000000,34.500000,879.160680
10.000000,34.500000,1016.944415
11.000000,34.500000,1159.603260
12.000000,34.500000,1309.520399
13.000000,34.500000,1464.301950
14.000000,34.500000,1625.683289
15.000000,34.500000,1793.723788
16.000000,34.500000,1969.260977
17.000000,34.500000,2152.920261
8.000000,35.000000,750.716804
9.000000,35.000000,879.077364
10.000000,35.000000,1016.838912
11.000000,35.000000,1159.504747
12.000000,35.000000,1309.437656
13.000000,35.000000,1464.184140
14.000000,35.000000,1625.504270
15.000000,35.000000,1793.537662
16.000000,35.000000,1969.066769
17.000000,35.000000,2152.685344
8.000000,35.500000,750.653094
9.000000,35.500000,878.993545
10.000000,35.500000,1016.733383
11.000000,35.500000,1159.409083
12.000000,35.500000,1309.361307
13.000000,35.500000,1464.070298
14.000000,35.500000,1625.325435
15.000000,35.500000,1793.351222
16.000000,35.500000,1968.872704
17.000000,35.500000,2152.450183
8.000000,36.000000,750.589382
9.000000,36.000000,878.909727
10.000000,36.000000,1016.627859
11.000000,36.000000,1159.313422
12.000000,36.000000,1309.284959
13.000000,36.000000,1463.956459
14.000000,36.000000,1625.146606
15.000000,36.000000,1793.164785
16.000000,36.000000,1968.678643
17.000000,36.000000,2152.215026
8.000000,36.500000,750.524755
9.000000,36.500000,878.825412
10.000000,36.500000,1016.522309
11.000000,36.500000,1159.193456
12.000000,36.500000,1309.148813
13.000000,36.500000,1463.799146
14.000000,36.500000,1624.962203
15.000000,36.500000,1792.978088
16.000000,36.500000,1968.484729
17.000000,36.500000,2151.979626
8.000000,37.000000,750.460128
9.000000,37.000000,878.741099
10.000000,37.000000,1016.416763
11.000000,37.000000,1159.073495
12.000000,37.000000,1309.012674
13.000000,37.000000,1463.641840
14.000000,37.000000,1624.777805
15.000000,37.000000,1792.791395
16.000000,37.000000,1968.290817
17.000000,37.000000,2151.744231
8.000000,37.500000,750.413099
9.000000,37.500000,878.666988
10.000000,37.500000,1016.313265
11.000000,37.500000,1158.947542
12.000000,37.500000,1308.861679
13.000000,37.500000,1463.473748
14.000000,37.500000,1624.592126
15.000000,37.500000,1792.604691
16.000000,37.500000,1968.097055
17.000000,37.500000,2151.508596
8.000000,38.000000,750.366066
9.000000,38.000000,878.592876
10.000000,38.000000,1016.209769
11.000000,38.000000,1158.821594
12.000000,38.000000,1308.710691
13.000000,38.000000,1463.305666
14.000000,38.000000,1624.406452
15.000000,38.000000,1792.417992
16.000000,38.000000,1967.903296
17.000000,38.000000,2151.272964
8.000000,38.500000,750.312748
9.000000,38.500000,878.514670
10.000000,38.500000,1016.105474
11.000000,38.500000,1158.695740
12.000000,38.500000,1308.559804
13.000000,38.500000,1463.137127
14.000000,38.500000,1624.218388
15.000000,38.500000,1792.229204
16.000000,38.500000,1967.709689
17.000000,38.500000,2151.037094
8.000000,39.000000,750.259420
9.000000,39.000000,878.436461
10.000000,39.000000,1016.001181
11.000000,39.000000,1158.569892
12.000000,39.000000,1308.408925
13.000000,39.000000,1462.968598
14.000000,39.000000,1624.030334
15.000000,39.000000,1792.040423
16.000000,39.000000,1967.516085
17.000000,39.000000,2150.801228
8.000000,39.500000,750.191945
9.000000,39.500000,878.349154
10.000000,39.500000,1015.895019
11.000000,39.500000,1158.444138
12.000000,39.500000,1308.258147
13.000000,39.500000,1462.799622
14.000000,39.500000,1623.839815
15.000000,39.500000,1791.851735
16.000000,39.500000,1967.326782
17.000000,39.500000,2150.566329
8.000000,40.000000,750.124450
9.000000,40.000000,878.261840
10.000000,40.000000,1015.788859
11.000000,40.000000,1158.318389
12.000000,40.000000,1308.107376
13.000000,40.000000,1462.630655
14.000000,40.000000,1623.649307
15.000000,40.000000,1791.663057
16.000000,40.000000,1967.137482
17.000000,40.000000,2150.331433
8.000000,40.500000,750.059676
9.000000,40.500000,878.176156
10.000000,40.500000,1015.683087
11.000000,40.500000,1158.192733
12.000000,40.500000,1307.956707
13.000000,40.500000,1462.461730
14.000000,40.500000,1623.458770
15.000000,40.500000,1791.474877
16.000000,40.500000,1966.948820
17.000000,40.500000,2150.096262
8.000000,41.000000,749.994880
9.000000,41.000000,878.090465
10.000000,41.000000,1015.577317
11.000000,41.000000,1158.067083
12.000000,41.000000,1307.806045
13.000000,41.000000,1462.292815
14.000000,41.000000,1623.268243
15.000000,41.000000,1791.286707
16.000000,41.000000,1966.760164
17.000000,41.000000,2149.861096
8.000000,41.500000,749.932839
9.000000,41.500000,878.006426
10.000000,41.500000,1015.471942
11.000000,41.500000,1157.941527
12.000000,41.500000,1307.655484
13.000000,41.500000,1462.123716
14.000000,41.500000,1623.077121
15.000000,41.500000,1791.082191
16.000000,41.500000,1966.540165
17.000000,41.500000,2149.614791
8.000000,42.000000,749.870777
9.000000,42.000000,877.922379
10.000000,42.000000,1015.366570
11.000000,42.000000,1157.815977
12.000000,42.000000,1307.504931
13.000000,42.000000,1461.954626
14.000000,42.000000,1622.886010
15.000000,42.000000,1790.877687
16.000000,42.000000,1966.320178
17.000000,42.000000,2149.368496
8.000000,42.500000,749.811502
9.000000,42.500000,877.840006
10.000000,42.500000,1015.261600
11.000000,42.500000,1157.690520
12.000000,42.500000,1307.354478
13.000000,42.500000,1461.785481
14.000000,42.500000,1622.694613
15.000000,42.500000,1790.673316
16.000000,42.500000,1966.098277
17.000000,42.500000,2149.101188
8.000000,43.000000,749.752204
9.000000,43.000000,877.757625
10.000000,43.000000,1015.156632
11.000000,43.000000,1157.565068
12.000000,43.000000,1307.204034
13.000000,43.000000,1461.616346
14.000000,43.000000,1622.503226
15.000000,43.000000,1790.468956
16.000000,43.000000,1965.876389
17.000000,43.000000,2148.833896
8.000000,43.500000,749.696953
9.000000,43.500000,877.692312
10.000000,43.500000,1015.082446
11.000000,43.500000,1157.459712
12.000000,43.500000,1307.058091
13.000000,43.500000,1461.447301
14.000000,43.500000,1622.311934
15.000000,43.500000,1790.264955
16.000000,43.500000,1965.663250
17.000000,43.500000,2148.628962
8.000000,44.000000,749.641678
9.000000,44.000000,877.626982
10.000000,44.000000,1015.008251
11.000000,44.000000,1157.354356
12.000000,44.000000,1306.912154
13.000000,44.000000,1461.278265
14.000000,44.000000,1622.120653
15.000000,44.000000,1790.060966
16.000000,44.000000,1965.450121
17.000000,44.000000,2148.424037
8.000000,44.500000,749.590496
9.000000,44.500000,877.578622
10.000000,44.500000,1014.964593
11.000000,44.500000,1157.268927
12.000000,44.500000,1306.770745
13.000000,44.500000,1461.109318
14.000000,44.500000,1621.929466
15.000000,44.500000,1789.857336
16.000000,44.500000,1965.238559
17.000000,44.500000,2148.227236
8.000000,45.000000,749.539287
9.000000,45.000000,877.530236
10.000000,45.000000,1014.920910
11.000000,45.000000,1157.183489
12.000000,45.000000,1306.629340
13.000000,45.000000,1460.940380
14.000000,45.000000,1621.738290
15.000000,45.000000,1789.653718
16.000000,45.000000,1965.027008
17.000000,45.000000,2148.030442
8.000000,45.500000,749.491374
9.000000,45.500000,877.488127
10.000000,45.500000,1014.886459
11.000000,45.500000,1157.103736
12.000000,45.500000,1306.489336
13.000000,45.500000,1460.771532
14.000000,45.500000,1621.547209
15.000000,45.500000,1789.450458
16.000000,45.500000,1964.815925
17.000000,45.500000,2147.833278
8.000000,46.000000,749.443434
9.000000,46.000000,877.445988
10.000000,46.000000,1014.851974
11.000000,46.000000,1157.023968
12.000000,46.000000,1306.349336
13.000000,46.000000,1460.602692
14.000000,46.000000,1621.356138
15.000000,46.000000,1789.247210
16.000000,46.000000,1964.604853
17.000000,46.000000,2147.636121
8.000000,46.500000,749.384513
9.000000,46.500000,877.397977
10.000000,46.500000,1014.817569
11.000000,46.500000,1156.949828
12.000000,46.500000,1306.220869
13.000000,46.500000,1460.441774
14.000000,46.500000,1621.166234
15.000000,46.500000,1789.044321
16.000000,46.500000,1964.394258
17.000000,46.500000,2147.438602
8.000000,47.000000,749.325565
9.000000,47.000000,877.349936
10.000000,47.000000,1014.783129
11.000000,47.000000,1156.875671
12.000000,47.000000,1306.092404
13.000000,47.000000,1460.280863
14.000000,47.000000,1620.976340
15.000000,47.000000,1788.841442
16.000000,47.000000,1964.183675
17.000000,47.000000,2147.241091
8.000000,47.500000,749.261311
9.000000,47.500000,877.299015
10.000000,47.500000,1014.748682
11.000000,47.500000,1156.812302
12.000000,47.500000,1305.988777
13.000000,47.500000,1460.137368
14.000000,47.500000,1620.788962
15.000000,47.500000,1788.638922
16.000000,47.500000,1963.973578
17.000000,47.500000,2147.043224
8.000000,48.000000,749.197030
9.000000,48.000000,877.248063
10.000000,48.000000,1014.714201
11.000000,48.000000,1156.748914
12.000000,48.000000,1305.885147
13.000000,48.000000,1459.993877
14.000000,48.000000,1620.601594
15.000000,48.000000,1788.436414
16.000000,48.000000,1963.763492
17.000000,48.000000,2146.845366
8.000000,48.500000,749.197537
9.000000,48.500000,877.234472
10.000000,48.500000,1014.687496
11.000000,48.500000,1156.691403
12.000000,48.500000,1305.793512
13.000000,48.500000,1459.857430
14.000000,48.500000,1620.415251
15.000000,48.500000,1788.234263
16.000000,48.500000,1963.553903
17.000000,48.500000,2146.647160
8.000000,49.000000,749.197968
9.000000,49.000000,877.220825
10.000000,49.000000,1014.660753
11.000000,49.000000,1156.633864
12.000000,49.000000,1305.701859
13.000000,49.000000,1459.720979
14.000000,49.000000,1620.228917
15.000000,49.000000,1788.032123
16.000000,49.000000,1963.344324
17.000000,49.000000,2146.448963
8.000000,49.500000,749.226186
9.000000,49.500000,877.223332
10.000000,49.500000,1014.637640
11.000000,49.500000,1156.579429
12.000000,49.500000,1305.616369
13.000000,49.500000,1459.588642
14.000000,49.500000,1620.043789
15.000000,49.500000,1787.830632
16.000000,49.500000,1963.135252
17.000000,49.500000,2146.250426
8.000000,50.000000,749.254300
9.000000,50.000000,877.225770
10.000000,50.000000,1014.614486
11.000000,50.000000,1156.524961
12.000000,50.000000,1305.530852
13.000000,50.000000,1459.456298
14.000000,50.000000,1619.858670
15.000000,50.000000,1787.629151
16.000000,50.000000,1962.926190
17.000000,50.000000,2146.051898
8.000000,50.500000,749.279491
9.000000,50.500000,877.226783
10.000000,50.500000,1014.591566
11.000000,50.500000,1156.471958
12.000000,50.500000,1305.448006
13.000000,50.500000,1459.327031
14.000000,50.500000,1619.676794
15.000000,50.500000,1787.429596
16.000000,50.500000,1962.717643
17.000000,50.500000,2145.853038
8.000000,51.000000,749.304581
9.000000,51.000000,877.227729
10.000000,51.000000,1014.568606
11.000000,51.000000,1156.418923
12.000000,51.000000,1305.365132
13.000000,51.000000,1459.197757
14.000000,51.000000,1619.494927
15.000000,51.000000,1787.230052
16.000000,51.000000,1962.509107
17.000000,51.000000,2145.654187
8.000000,51.500000,749.326801
9.000000,51.500000,877.227281
10.000000,51.500000,1014.545890
11.000000,51.500000,1156.367362
12.000000,51.500000,1305.284949
13.000000,51.500000,1459.102701
14.000000,51.500000,1619.392331
15.000000,51.500000,1787.075242
16.000000,51.500000,1962.301097
17.000000,51.500000,2145.455012
8.000000,52.000000,749.348921
9.000000,52.000000,877.226767
10.000000,52.000000,1014.523134
11.000000,52.000000,1156.315768
12.000000,52.000000,1305.204738
13.000000,52.000000,1459.007624
14.000000,52.000000,1619.289717
15.000000,52.000000,1786.920432
16.000000,52.000000,1962.093096
17.000000,52.000000,2145.255845
8.000000,52.500000,749.368224
9.000000,52.500000,877.224892
10.000000,52.500000,1014.500633
11.000000,52.500000,1156.265658
12.000000,52.500000,1305.127237
13.000000,52.500000,1458.931926
14.000000,52.500000,1619.230091
15.000000,52.500000,1786.788737
16.000000,52.500000,1961.882998
17.000000,52.500000,2145.055529
8.000000,53.000000,749.387429
9.000000,53.000000,877.222950
10.000000,53.000000,1014.478090
11.000000,53.000000,1156.215515
12.000000,53.000000,1305.049707
13.000000,53.000000,1458.856197
14.000000,53.000000,1619.170428
15.000000,53.000000,1786.657034
16.000000,53.000000,1961.672909
17.000000,53.000000,2144.855221
8.000000,53.500000,749.403866
9.000000,53.500000,877.219678
10.000000,53.500000,1014.455813
11.000000,53.500000,1156.166867
12.000000,53.500000,1304.974908
13.000000,53.500000,1458.782637
14.000000,53.500000,1619.111673
15.000000,53.500000,1786.516132
16.000000,53.500000,1961.443626
17.000000,53.500000,2144.648333
8.000000,54.000000,749.420207
9.000000,54.000000,877.216341
10.000000,54.000000,1014.433495
11.000000,54.000000,1156.118186
12.000000,54.000000,1304.900079
13.000000,54.000000,1458.709045
14.000000,54.000000,1619.052880
15.000000,54.000000,1786.375223
16.000000,54.000000,1961.214354
17.000000,54.000000,2144.441453
8.000000,54.500000,749.436199
9.000000,54.500000,877.236207
10.000000,54.500000,1014.459651
11.000000,54.500000,1156.102409
12.000000,54.500000,1304.835037
13.000000,54.500000,1458.637638
14.000000,54.500000,1618.994998
15.000000,54.500000,1786.257767
16.000000,54.500000,1961.028610
17.000000,54.500000,2144.247237
8.000000,55.000000,749.452094
9.000000,55.000000,877.255985
10.000000,55.000000,1014.485730
11.000000,55.000000,1156.086575
12.000000,55.000000,1304.769960
13.000000,55.000000,1458.566199
14.000000,55.000000,1618.937076
15.000000,55.000000,1786.140290
16.000000,55.000000,1960.842864
17.000000,55.000000,2144.053027
8.000000,55.500000,749.486143
9.000000,55.500000,877.300674
10.000000,55.500000,1014.543764
11.000000,55.500000,1156.091291
12.000000,55.500000,1304.711906
13.000000,55.500000,1458.496961
14.000000,55.500000,1618.880064
15.000000,55.500000,1786.038532
16.000000,55.500000,1960.686650
17.000000,55.500000,2143.870724
8.000000,56.000000,749.520079
9.000000,56.000000,877.345254
10.000000,56.000000,1014.601692
11.000000,56.000000,1156.095932
12.000000,56.000000,1304.653812
13.000000,56.000000,1458.427690
14.000000,56.000000,1618.823014
15.000000,56.000000,1785.936743
16.000000,56.000000,1960.530420
17.000000,56.000000,2143.688423
8.000000,56.500000,749.580894
9.000000,56.500000,877.408131
10.000000,56.500000,1014.668405
11.000000,56.500000,1156.105299
12.000000,56.500000,1304.599206
13.000000,56.500000,1458.360637
14.000000,56.500000,1618.766874
15.000000,56.500000,1785.834526
16.000000,56.500000,1960.380135
17.000000,56.500000,2143.572320
8.000000,57.000000,749.641574
9.000000,57.000000,877.470884
10.000000,57.000000,1014.735004
11.000000,57.000000,1156.114588
12.000000,57.000000,1304.544561
13.000000,57.000000,1458.293550
14.000000,57.000000,1618.710695
15.000000,57.000000,1785.732280
16.000000,57.000000,1960.229832
17.000000,57.000000,2143.456200
8.000000,57.500000,749.705094
9.000000,57.500000,877.536692
10.000000,57.500000,1014.804905
11.000000,57.500000,1156.126743
12.000000,57.500000,1304.493001
13.000000,57.500000,1458.228697
14.000000,57.500000,1618.655426
15.000000,57.500000,1785.629611
16.000000,57.500000,1960.076518
17.000000,57.500000,2143.325485
8.000000,58.000000,749.768476
9.000000,58.000000,877.602373
10.000000,58.000000,1014.874690
11.000000,58.000000,1156.138818
12.000000,58.000000,1304.441400
13.000000,58.000000,1458.163810
14.000000,58.000000,1618.600118
15.000000,58.000000,1785.526912
16.000000,58.000000,1959.923186
17.000000,58.000000,2143.194750
8.000000,58.500000,749.846327
9.000000,58.500000,877.676421
10.000000,58.500000,1014.947076
11.000000,58.500000,1156.147117
12.000000,58.500000,1304.379131
13.000000,58.500000,1458.090971
14.000000,58.500000,1618.544242
15.000000,58.500000,1785.423796
16.000000,58.500000,1959.766956
17.000000,58.500000,2143.050266
8.000000,59.000000,749.923995
9.000000,59.000000,877.750320
10.000000,59.000000,1015.019342
11.000000,59.000000,1156.155334
12.000000,59.000000,1304.316817
13.000000,59.000000,1458.018095
14.000000,59.000000,1618.488327
15.000000,59.000000,1785.320651
16.000000,59.000000,1959.610708
17.000000,59.000000,2142.905758
8.000000,59.500000,750.003848
9.000000,59.500000,877.826093
10.000000,59.500000,1015.093104
11.000000,59.500000,1156.161963
12.000000,59.500000,1304.249243
13.000000,59.500000,1457.941353
14.000000,59.500000,1618.432448
15.000000,59.500000,1785.217094
16.000000,59.500000,1959.453149
17.000000,59.500000,2142.762485
8.000000,60.000000,750.083515
9.000000,60.000000,877.901717
10.000000,60.000000,1015.166746
11.000000,60.000000,1156.168508
12.000000,60.000000,1304.181621
13.000000,60.000000,1457.864571
14.000000,60.000000,1618.376529
15.000000,60.000000,1785.113508
16.000000,60.000000,1959.295572
17.000000,60.000000,2142.619188
8.000000,60.500000,750.164106
9.000000,60.500000,877.967897
10.000000,60.500000,1015.219029
11.000000,60.500000,1156.192984
12.000000,60.500000,1304.187490
13.000000,60.500000,1457.842559
14.000000,60.500000,1618.328785
15.000000,60.500000,1785.009515
16.000000,60.500000,1959.136688
17.000000,60.500000,2142.477134
8.000000,61.000000,750.244512
9.000000,61.000000,878.033926
10.000000,61.000000,1015.271191
11.000000,61.000000,1156.217354
12.000000,61.000000,1304.193266
13.000000,61.000000,1457.820479
14.000000,61.000000,1618.280998
15.000000,61.000000,1784.905493
16.000000,61.000000,1958.977787
17.000000,61.000000,2142.335057
8.000000,61.500000,750.326749
9.000000,61.500000,878.099504
10.000000,61.500000,1015.320313
11.000000,61.500000,1156.254730
12.000000,61.500000,1304.233828
13.000000,61.500000,1457.823428
14.000000,61.500000,1618.237198
15.000000,61.500000,1784.801071
16.000000,61.500000,1958.817581
17.000000,61.500000,2142.194234
8.000000,62.000000,750.408801
9.000000,62.000000,878.164933
10.000000,62.000000,1015.369317
11.000000,62.000000,1156.291990
12.000000,62.000000,1304.274274
13.000000,62.000000,1457.826293
14.000000,62.000000,1618.193352
15.000000,62.000000,1784.696620
16.000000,62.000000,1958.657358
17.000000,62.000000,2142.053387
8.000000,62.500000,750.492813
9.000000,62.500000,878.231216
10.000000,62.500000,1015.417892
11.000000,62.500000,1156.327847
12.000000,62.500000,1304.312168
13.000000,62.500000,1457.828536
14.000000,62.500000,1618.152258
15.000000,62.500000,1784.593017
16.000000,62.500000,1958.495835
17.000000,62.500000,2141.913804
8.000000,63.000000,750.576640
9.000000,63.000000,878.297349
10.000000,63.000000,1015.466349
11.000000,63.000000,1156.363589
12.000000,63.000000,1304.349947
13.000000,63.000000,1457.830694
14.000000,63.000000,1618.111114
15.000000,63.000000,1784.489383
16.000000,63.000000,1958.334295
17.000000,63.000000,2141.774197
8.000000,63.500000,750.663194
9.000000,63.500000,878.370606
10.000000,63.500000,1015.526729
11.000000,63.500000,1156.405950
12.000000,63.500000,1304.386950
13.000000,63.500000,1457.831789
14.000000,63.500000,1618.071648
15.000000,63.500000,1784.386056
16.000000,63.500000,1958.171457
17.000000,63.500000,2141.635864
8.000000,64.000000,750.749560
9.000000,64.000000,878.443708
10.000000,64.000000,1015.586983
11.000000,64.000000,1156.448190
12.000000,64.000000,1304.423839
13.000000,64.000000,1457.832798
14.000000,64.000000,1618.032130
15.000000,64.000000,1784.282698
16.000000,64.000000,1958.008602
17.000000,64.000000,2141.497507
8.000000,64.500000,750.842001
9.000000,64.500000,878.522834
10.000000,64.500000,1015.653210
11.000000,64.500000,1156.492902
12.000000,64.500000,1304.459013
13.000000,64.500000,1457.838522
14.000000,64.500000,1618.007027
15.000000,64.500000,1784.185766
16.000000,64.500000,1957.844452
17.000000,64.500000,2141.360436
8.000000,65.000000,750.934247
9.000000,65.000000,878.601801
10.000000,65.000000,1015.719309
11.000000,65.000000,1156.537492
12.000000,65.000000,1304.494074
13.000000,65.000000,1457.844143
14.000000,65.000000,1617.981835
15.000000,65.000000,1784.088785
16.000000,65.000000,1957.680285
17.000000,65.000000,2141.223340
8.000000,65.500000,751.047715
9.000000,65.500000,878.690879
10.000000,65.500000,1015.782462
11.000000,65.500000,1156.576196
12.000000,65.500000,1304.525418
13.000000,65.500000,1457.849799
14.000000,65.500000,1617.960583
15.000000,65.500000,1783.993159
16.000000,65.500000,1957.514825
17.000000,65.500000,2141.087541
8.000000,66.000000,751.160951
9.000000,66.000000,878.779758
10.000000,66.000000,1015.845447
11.000000,66.000000,1156.614754
12.000000,66.000000,1304.556646
13.000000,66.000000,1457.855347
14.000000,66.000000,1617.939232
15.000000,66.000000,1783.897481
16.000000,66.000000,1957.349349
17.000000,66.000000,2140.951717
8.000000,66.500000,751.278761
9.000000,66.500000,878.873181
10.000000,66.500000,1015.912659
11.000000,66.500000,1156.654380
12.000000,66.500000,1304.585827
13.000000,66.500000,1457.859526
14.000000,66.500000,1617.918650
15.000000,66.500000,1783.828962
16.000000,66.500000,1957.236447
17.000000,66.500000,2140.833986
8.000000,67.000000,751.396334
9.000000,67.000000,878.966395
10.000000,67.000000,1015.979689
11.000000,67.000000,1156.693852
12.000000,67.000000,1304.614891
13.000000,67.000000,1457.863597
14.000000,67.000000,1617.897968
15.000000,67.000000,1783.760376
16.000000,67.000000,1957.123508
17.000000,67.000000,2140.716224
8.000000,67.500000,751.543746
9.000000,67.500000,879.079988
10.000000,67.500000,1016.056583
11.000000,67.500000,1156.737049
12.000000,67.500000,1304.642529
13.000000,67.500000,1457.866328
14.000000,67.500000,1617.878069
15.000000,67.500000,1783.696671
16.000000,67.500000,1957.019307
17.000000,67.500000,2140.602910
8.000000,68.000000,751.690891
9.000000,68.000000,879.193354
10.000000,68.000000,1016.133290
11.000000,68.000000,1156.780092
12.000000,68.000000,1304.670050
13.000000,68.000000,1457.868952
14.000000,68.000000,1617.858069
15.000000,68.000000,1783.632898
16.000000,68.000000,1956.915065
17.000000,68.000000,2140.489563
8.000000,68.500000,751.883193
9.000000,68.500000,879.335785
10.000000,68.500000,1016.221150
11.000000,68.500000,1156.826867
12.000000,68.500000,1304.696132
13.000000,68.500000,1457.870265
14.000000,68.500000,1617.838868
15.000000,68.500000,1783.610724
16.000000,68.500000,1956.891012
17.000000,68.500000,2140.402619
8.000000,69.000000,752.075179
9.000000,69.000000,879.477963
10.000000,69.000000,1016.308817
11.000000,69.000000,1156.873487
12.000000,69.000000,1304.722098
13.000000,69.000000,1457.871471
14.000000,69.000000,1617.819566
15.000000,69.000000,1783.588447
16.000000,69.000000,1956.866858
17.000000,69.000000,2140.315627
8.000000,69.500000,752.263056
9.000000,69.500000,879.621167
10.000000,69.500000,1016.403248
11.000000,69.500000,1156.923845
12.000000,69.500000,1304.746613
13.000000,69.500000,1457.871394
14.000000,69.500000,1617.801075
15.000000,69.500000,1783.568198
16.000000,69.500000,1956.845309
17.000000,69.500000,2140.230310
8.000000,70.000000,752.450622
9.000000,70.000000,879.764120
10.000000,70.000000,1016.497482
11.000000,70.000000,1156.974047
12.000000,70.000000,1304.771013
13.000000,70.000000,1457.871212
14.000000,70.000000,1617.782484
15.000000,70.000000,1783.547844
16.000000,70.000000,1956.823659
17.000000,70.000000,2140.144943
8.000000,70.500000,752.634254
9.000000,70.500000,879.908260
10.000000,70.500000,1016.598630
11.000000,70.500000,1157.071237
12.000000,70.500000,1304.892727
13.000000,70.500000,1457.937232
14.000000,70.500000,1617.773256
15.000000,70.500000,1783.528703
16.000000,70.500000,1956.801661
17.000000,70.500000,2140.047273
8.000000,71.000000,752.817579
9.000000,71.000000,880.052151
10.000000,71.000000,1016.699579
11.000000,71.000000,1157.168238
12.000000,71.000000,1305.014264
13.000000,71.000000,1458.003105
14.000000,71.000000,1617.763922
15.000000,71.000000,1783.509457
16.000000,71.000000,1956.779558
17.000000,71.000000,2139.949536
8.000000,71.500000,752.997143
9.000000,71.500000,880.197391
10.000000,71.500000,1016.807595
11.000000,71.500000,1157.273352
12.000000,71.500000,1305.143695
13.000000,71.500000,1458.073414
14.000000,71.500000,1617.755932
15.000000,71.500000,1783.491425
16.000000,71.500000,1956.759252
17.000000,71.500000,2139.860354
8.000000,72.000000,753.176403
9.000000,72.000000,880.342381
10.000000,72.000000,1016.915409
11.000000,72.000000,1157.378270
12.000000,72.000000,1305.272944
13.000000,72.000000,1458.143573
14.000000,72.000000,1617.747835
15.000000,72.000000,1783.473287
16.000000,72.000000,1956.738841
17.000000,72.000000,2139.771100
8.000000,72.500000,753.352069
9.000000,72.500000,880.488884
10.000000,72.500000,1017.030448
11.000000,72.500000,1157.499187
12.000000,72.500000,1305.427547
13.000000,72.500000,1458.229426
14.000000,72.500000,1617.742425
15.000000,72.500000,1783.456363
16.000000,72.500000,1956.724713
17.000000,72.500000,2139.729504
8.000000,73.000000,753.527435
9.000000,73.000000,880.635137
10.000000,73.000000,1017.145282
11.000000,73.000000,1157.619893
12.000000,73.000000,1305.581937
13.000000,73.000000,1458.315109
14.000000,73.000000,1617.736907
15.000000,73.000000,1783.439334
16.000000,73.000000,1956.710475
17.000000,73.000000,2139.687807
8.000000,73.500000,753.699958
9.000000,73.500000,880.786423
10.000000,73.500000,1017.273780
11.000000,73.500000,1157.756500
12.000000,73.500000,1305.753738
13.000000,73.500000,1458.410556
14.000000,73.500000,1617.733296
15.000000,73.500000,1783.423519
16.000000,73.500000,1956.697077
17.000000,73.500000,2139.644772
8.000000,74.000000,753.872184
9.000000,74.000000,880.937453
10.000000,74.000000,1017.402059
11.000000,74.000000,1157.892876
12.000000,74.000000,1305.925305
13.000000,74.000000,1458.505821
14.000000,74.000000,1617.729576
15.000000,74.000000,1783.407599
16.000000,74.000000,1956.683569
17.000000,74.000000,2139.601637
8.000000,74.500000,754.181424
9.000000,74.500000,881.171608
10.000000,74.500000,1017.552591
11.000000,74.500000,1158.038230
12.000000,74.500000,1306.101226
13.000000,74.500000,1458.604862
14.000000,74.500000,1617.732314
15.000000,74.500000,1783.395878
16.000000,74.500000,1956.670889
17.000000,74.500000,2139.557163
8.000000,75.000000,754.490246
9.000000,75.000000,881.405440
10.000000,75.000000,1017.702885
11.000000,75.000000,1158.183346
12.000000,75.000000,1306.276909
13.000000,75.000000,1458.703718
14.000000,75.000000,1617.734936
15.000000,75.000000,1783.384048
16.000000,75.000000,1956.658100
17.000000,75.000000,2139.512590
8.000000,75.500000,754.820698
9.000000,75.500000,881.655852
10.000000,75.500000,1017.863968
11.000000,75.500000,1158.336180
12.000000,75.500000,1306.456653
13.000000,75.500000,1458.811078
14.000000,75.500000,1617.754955
15.000000,75.500000,1783.382243
16.000000,75.500000,1956.646126
17.000000,75.500000,2139.466678
8.000000,76.000000,755.150711
9.000000,76.000000,881.905929
10.000000,76.000000,1018.024807
11.000000,76.000000,1158.488771
12.000000,76.000000,1306.636158
13.000000,76.000000,1458.918243
14.000000,76.000000,1617.774839
15.000000,76.000000,1783.380319
16.000000,76.000000,1956.634042
17.000000,76.000000,2139.420668
8.000000,76.500000,755.506016
9.000000,76.500000,882.254102
10.000000,76.500000,1018.364481
11.000000,76.500000,1158.752555
12.000000,76.500000,1306.838858
13.000000,76.500000,1459.027834
14.000000,76.500000,1617.797882
15.000000,76.500000,1783.380796
16.000000,76.500000,1956.622763
17.000000,76.500000,2139.373319
8.000000,77.000000,755.860860
9.000000,77.000000,882.601858
10.000000,77.000000,1018.703780
11.000000,77.000000,1159.016008
12.000000,77.000000,1307.041303
13.000000,77.000000,1459.137230
14.000000,77.000000,1617.820787
15.000000,77.000000,1783.381152
16.000000,77.000000,1956.611374
17.000000,77.000000,2139.325872
8.000000,77.500000,756.242734
9.000000,77.500000,882.972098
10.000000,77.500000,1019.060326
11.000000,77.500000,1159.289282
12.000000,77.500000,1307.247243
13.000000,77.500000,1459.297407
14.000000,77.500000,1617.959790
15.000000,77.500000,1783.444678
16.000000,77.500000,1956.600778
17.000000,77.500000,2139.277086
8.000000,78.000000,756.624122
9.000000,78.000000,883.341902
10.000000,78.000000,1019.416485
11.000000,78.000000,1159.562219
12.000000,78.000000,1307.452928
13.000000,78.000000,1459.457346
14.000000,78.000000,1618.098564
15.000000,78.000000,1783.508036
16.000000,78.000000,1956.590072
17.000000,78.000000,2139.228203
8.000000,78.500000,757.010821
9.000000,78.500000,883.712780
10.000000,78.500000,1019.768945
11.000000,78.500000,1159.833098
12.000000,78.500000,1307.659901
13.000000,78.500000,1459.619066
14.000000,78.500000,1618.238065
15.000000,78.500000,1783.571840
16.000000,78.500000,1956.580147
17.000000,78.500000,2139.177983
8.000000,79.000000,757.397029
9.000000,79.000000,884.083222
10.000000,79.000000,1020.121021
11.000000,79.000000,1160.103641
12.000000,79.000000,1307.866621
13.000000,79.000000,1459.780546
14.000000,79.000000,1618.377336
15.000000,79.000000,1783.635477
16.000000,79.000000,1956.570111
17.000000,79.000000,2139.127665
8.000000,79.500000,757.778731
9.000000,79.500000,884.449248
10.000000,79.500000,1020.468780
11.000000,79.500000,1160.372232
12.000000,79.500000,1308.074691
13.000000,79.500000,1459.942241
14.000000,79.500000,1618.513729
15.000000,79.500000,1783.723296
16.000000,79.500000,1956.608582
17.000000,79.500000,2139.090632
8.000000,80.000000,758.159949
9.000000,80.000000,884.814844
10.000000,80.000000,1020.816159
11.000000,80.000000,1160.640490
12.000000,80.000000,1308.282509
13.000000,80.000000,1460.103697
14.000000,80.000000,1618.649893
15.000000,80.000000,1783.810928
16.000000,80.000000,1956.646909
17.000000,80.000000,2139.053492
8.000000,80.500000,758.536724
9.000000,80.500000,885.176082
10.000000,80.500000,1021.159272
11.000000,80.500000,1160.906896
12.000000,80.500000,1308.491741
13.000000,80.500000,1460.265330
14.000000,80.500000,1618.783157
15.000000,80.500000,1783.912012
16.000000,80.500000,1956.712920
17.000000,80.500000,2139.023200
8.000000,81.000000,758.913020
9.000000,81.000000,885.536895
10.000000,81.000000,1021.502010
11.000000,81.000000,1161.172974
12.000000,81.000000,1308.700721
13.000000,81.000000,1460.426724
14.000000,81.000000,1618.916195
15.000000,81.000000,1784.012899
16.000000,81.000000,1956.778768
17.000000,81.000000,2138.992797
8.000000,81.500000,759.279749
9.000000,81.500000,885.890443
10.000000,81.500000,1021.840285
11.000000,81.500000,1161.450136
12.000000,81.500000,1308.939067
13.000000,81.500000,1460.605603
14.000000,81.500000,1619.047982
15.000000,81.500000,1784.144982
16.000000,81.500000,1956.904158
17.000000,81.500000,2138.978994
8.000000,82.000000,759.645997
9.000000,82.000000,886.243567
10.000000,82.000000,1022.178188
11.000000,82.000000,1161.726959
12.000000,82.000000,1309.177136
13.000000,82.000000,1460.784227
14.000000,82.000000,1619.179543
15.000000,82.000000,1784.276846
16.000000,82.000000,1957.029346
17.000000,82.000000,2138.965071
8.000000,82.500000,759.999813
9.000000,82.500000,886.587761
10.000000,82.500000,1022.511617
11.000000,82.500000,1162.034659
12.000000,82.500000,1309.486794
13.000000,82.500000,1461.005771
14.000000,82.500000,1619.311987
15.000000,82.500000,1784.455438
16.000000,82.500000,1957.240261
17.000000,82.500000,2138.975681
8.000000,83.000000,760.353126
9.000000,83.000000,886.931521
10.000000,83.000000,1022.844679
11.000000,83.000000,1162.341988
12.000000,83.000000,1309.796109
13.000000,83.000000,1461.227018
14.000000,83.000000,1619.444203
15.000000,83.000000,1784.633777
16.000000,83.000000,1957.450912
17.000000,83.000000,2138.986156
8.000000,83.500000,760.779962
9.000000,83.500000,887.326824
10.000000,83.500000,1023.204133
11.000000,83.500000,1162.667574
12.000000,83.500000,1310.117317
13.000000,83.500000,1461.451962
14.000000,83.500000,1619.573310
15.000000,83.500000,1784.810020
16.000000,83.500000,1957.658251
17.000000,83.500000,2139.003753
8.000000,84.000000,761.206235
9.000000,84.000000,887.721656
10.000000,84.000000,1023.563201
11.000000,84.000000,1162.992774
12.000000,84.000000,1310.438174
13.000000,84.000000,1461.676605
14.000000,84.000000,1619.702191
15.000000,84.000000,1784.986011
16.000000,84.000000,1957.865328
17.000000,84.000000,2139.021212
8.000000,84.500000,761.676874
9.000000,84.500000,888.184066
10.000000,84.500000,1024.015330
11.000000,84.500000,1163.385891
12.000000,84.500000,1310.801041
13.000000,84.500000,1461.919744
14.000000,84.500000,1619.829168
15.000000,84.500000,1785.159919
16.000000,84.500000,1958.087941
17.000000,84.500000,2139.176185
8.000000,85.000000,762.146915
9.000000,85.000000,888.645954
10.000000,85.000000,1024.467009
11.000000,85.000000,1163.778566
12.000000,85.000000,1311.163524
13.000000,85.000000,1462.162568
14.000000,85.000000,1619.955919
15.000000,85.000000,1785.333577
16.000000,85.000000,1958.310279
17.000000,85.000000,2139.330929
8.000000,85.500000,762.614171
9.000000,85.500000,889.110807
10.000000,85.500000,1024.928037
11.000000,85.500000,1164.185927
12.000000,85.500000,1311.547189
13.000000,85.500000,1462.415223
14.000000,85.500000,1620.079836
15.000000,85.500000,1785.505163
16.000000,85.500000,1958.530178
17.000000,85.500000,2139.488948
8.000000,86.000000,763.080835
9.000000,86.000000,889.575138
10.000000,86.000000,1025.388608
11.000000,86.000000,1164.592835
12.000000,86.000000,1311.930454
13.000000,86.000000,1462.667555
14.000000,86.000000,1620.203529
15.000000,86.000000,1785.676500
16.000000,86.000000,1958.749804
17.000000,86.000000,2139.646735
8.000000,86.500000,763.545210
9.000000,86.500000,890.043540
10.000000,86.500000,1025.860316
11.000000,86.500000,1165.004068
12.000000,86.500000,1312.311050
13.000000,86.500000,1462.915208
14.000000,86.500000,1620.323142
15.000000,86.500000,1785.845777
16.000000,86.500000,1958.970142
17.000000,86.500000,2139.827936
8.000000,87.000000,764.009001
9.000000,87.000000,890.511420
10.000000,87.000000,1026.331561
11.000000,87.000000,1165.414845
12.000000,87.000000,1312.691249
13.000000,87.000000,1463.162542
14.000000,87.000000,1620.442533
15.000000,87.000000,1786.014808
16.000000,87.000000,1959.190206
17.000000,87.000000,2140.008886
8.000000,87.500000,764.480042
9.000000,87.500000,891.018490
10.000000,87.500000,1026.877546
11.000000,87.500000,1165.863518
12.000000,87.500000,1313.072774
13.000000,87.500000,1463.452761
14.000000,87.500000,1620.663893
15.000000,87.500000,1786.235368
16.000000,87.500000,1959.408381
17.000000,87.500000,2140.194336
8.000000,88.000000,764.950495
9.000000,88.000000,891.525008
10.000000,88.000000,1027.423014
11.000000,88.000000,1166.311703
12.000000,88.000000,1313.453901
13.000000,88.000000,1463.742626
14.000000,88.000000,1620.884959
15.000000,88.000000,1786.455643
16.000000,88.000000,1959.626284
17.000000,88.000000,2140.379531
8.000000,88.500000,765.436191
9.000000,88.500000,892.038034
10.000000,88.500000,1027.964996
11.000000,88.500000,1166.754757
12.000000,88.500000,1313.830467
13.000000,88.500000,1464.043447
14.000000,88.500000,1621.135315
15.000000,88.500000,1786.689717
16.000000,88.500000,1959.841218
17.000000,88.500000,2140.561774
8.000000,89.000000,765.921298
9.000000,89.000000,892.550510
10.000000,89.000000,1028.506466
11.000000,89.000000,1167.197328
12.000000,89.000000,1314.206640
13.000000,89.000000,1464.343906
14.000000,89.000000,1621.385354
15.000000,89.000000,1786.923495
16.000000,89.000000,1960.055881
17.000000,89.000000,2140.743764
8.000000,89.500000,766.437201
9.000000,89.500000,893.077577
10.000000,89.500000,1029.015350
11.000000,89.500000,1167.634840
12.000000,89.500000,1314.578311
13.000000,89.500000,1464.650783
14.000000,89.500000,1621.654076
15.000000,89.500000,1787.165318
16.000000,89.500000,1960.267595
17.000000,89.500000,2140.922821
8.000000,90.000000,766.952505
9.000000,90.000000,893.604091
10.000000,90.000000,1029.523682
11.000000,90.000000,1168.071876
12.000000,90.000000,1314.949594
13.000000,90.000000,1464.957293
14.000000,90.000000,1621.922467
15.000000,90.000000,1787.406839
16.000000,90.000000,1960.479040
17.000000,90.000000,2141.101625
8.000000,90.500000,767.476046
9.000000,90.500000,894.132956
10.000000,90.500000,1030.015011
11.000000,90.500000,1168.503924
12.000000,90.500000,1315.316433
13.000000,90.500000,1465.297525
14.000000,90.500000,1622.269050
15.000000,90.500000,1787.684997
16.000000,90.500000,1960.687555
17.000000,90.500000,2141.277514
8.000000,91.000000,767.998989
9.000000,91.000000,894.661272
10.000000,91.000000,1030.505775
11.000000,91.000000,1168.935500
12.000000,91.000000,1315.682888
13.000000,91.000000,1465.637360
14.000000,91.000000,1622.615237
15.000000,91.000000,1787.962825
16.000000,91.000000,1960.895804
17.000000,91.000000,2141.453152
8.000000,91.500000,768.529933
9.000000,91.500000,895.191706
10.000000,91.500000,1030.990944
11.000000,91.500000,1169.356527
12.000000,91.500000,1316.033225
13.000000,91.500000,1465.967635
14.000000,91.500000,1622.958217
15.000000,91.500000,1788.236810
16.000000,91.500000,1961.101142
17.000000,91.500000,2141.625893
8.000000,92.000000,769.060280
9.000000,92.000000,895.721594
10.000000,92.000000,1031.475555
11.000000,92.000000,1169.777087
12.000000,92.000000,1316.383179
13.000000,92.000000,1466.297514
14.000000,92.000000,1623.300803
15.000000,92.000000,1788.510467
16.000000,92.000000,1961.306215
17.000000,92.000000,2141.798385
8.000000,92.500000,769.631111
9.000000,92.500000,896.270409
10.000000,92.500000,1031.954155
11.000000,92.500000,1170.179862
12.000000,92.500000,1316.702026
13.000000,92.500000,1466.609404
14.000000,92.500000,1623.640056
15.000000,92.500000,1788.817223
16.000000,92.500000,1961.567994
17.000000,92.500000,2141.984953
8.000000,93.000000,770.201334
9.000000,93.000000,896.818675
10.000000,93.000000,1032.432204
11.000000,93.000000,1170.582167
12.000000,93.000000,1317.020480
13.000000,93.000000,1466.920894
14.000000,93.000000,1623.978918
15.000000,93.000000,1789.123625
16.000000,93.000000,1961.829463
17.000000,93.000000,2142.171262
8.000000,93.500000,770.820502
9.000000,93.500000,897.389793
10.000000,93.500000,1032.907679
11.000000,93.500000,1171.036707
12.000000,93.500000,1317.450869
13.000000,93.500000,1467.293297
14.000000,93.500000,1624.317020
15.000000,93.500000,1789.474410
16.000000,93.500000,1962.163301
17.000000,93.500000,2142.375651
8.000000,94.000000,771.439050
9.000000,94.000000,897.960360
10.000000,94.000000,1033.382605
11.000000,94.000000,1171.490729
12.000000,94.000000,1317.880772
13.000000,94.000000,1467.665246
14.000000,94.000000,1624.654731
15.000000,94.000000,1789.824803
16.000000,94.000000,1962.496769
17.000000,94.000000,2142.579766
8.000000,94.500000,772.068758
9.000000,94.500000,898.580909
10.000000,94.500000,1033.943044
11.000000,94.500000,1172.022480
12.000000,94.500000,1318.379280
13.000000,94.500000,1468.070635
14.000000,94.500000,1624.989619
15.000000,94.500000,1790.178246
16.000000,94.500000,1962.835279
17.000000,94.500000,2142.786203
8.000000,95.000000,772.697844
9.000000,95.000000,899.200882
10.000000,95.000000,1034.502872
11.000000,95.000000,1172.553654
12.000000,95.000000,1318.877243
13.000000,95.000000,1468.475539
14.000000,95.000000,1625.324119
15.000000,95.000000,1790.531293
16.000000,95.000000,1963.173413
17.000000,95.000000,2142.992362
8.000000,95.500000,773.328740
9.000000,95.500000,899.837781
10.000000,95.500000,1035.092062
11.000000,95.500000,1173.103127
12.000000,95.500000,1319.381243
13.000000,95.500000,1468.880987
14.000000,95.500000,1625.654544
15.000000,95.500000,1790.894768
16.000000,95.500000,1963.529667
17.000000,95.500000,2143.215532
8.000000,96.000000,773.959018
9.000000,96.000000,900.474098
10.000000,96.000000,1035.680623
11.000000,96.000000,1173.652013
12.000000,96.000000,1319.884696
13.000000,96.000000,1469.285953
14.000000,96.000000,1625.984585
15.000000,96.000000,1791.257832
16.000000,96.000000,1963.885519
17.000000,96.000000,2143.438404
8.000000,96.500000,774.583984
9.000000,96.500000,901.103966
10.000000,96.500000,1036.261407
11.000000,96.500000,1174.198963
12.000000,96.500000,1320.392834
13.000000,96.500000,1469.691341
14.000000,96.500000,1626.310470
15.000000,96.500000,1791.624732
16.000000,96.500000,1964.247162
17.000000,96.500000,2143.666052
8.000000,97.000000,775.208336
9.000000,97.000000,901.733248
10.000000,97.000000,1036.841554
11.000000,97.000000,1174.745321
12.000000,97.000000,1320.900426
13.000000,97.000000,1470.096249
14.000000,97.000000,1626.635974
15.000000,97.000000,1791.991218
16.000000,97.000000,1964.608396
17.000000,97.000000,2143.893398
8.000000,97.500000,775.899002
9.000000,97.500000,902.381418
10.000000,97.500000,1037.394932
11.000000,97.500000,1175.279572
12.000000,97.500000,1321.412592
13.000000,97.500000,1470.501458
14.000000,97.500000,1626.961306
15.000000,97.500000,1792.359435
16.000000,97.500000,1964.974090
17.000000,97.500000,2144.134841
8.000000,98.000000,776.589044
9.000000,98.000000,903.028983
10.000000,98.000000,1037.947651
11.000000,98.000000,1175.813221
12.000000,98.000000,1321.924212
13.000000,98.000000,1470.906189
14.000000,98.000000,1627.286245
15.000000,98.000000,1792.727237
16.000000,98.000000,1965.339372
17.000000,98.000000,2144.375970
8.000000,98.500000,777.347819
9.000000,98.500000,903.713375
10.000000,98.500000,1038.506541
11.000000,98.500000,1176.352780
12.000000,98.500000,1322.441405
13.000000,98.500000,1471.311102
14.000000,98.500000,1627.610785
15.000000,98.500000,1793.096883
16.000000,98.500000,1965.731000
17.000000,98.500000,2144.736363
8.000000,99.000000,778.105973
9.000000,99.000000,904.397162
10.000000,99.000000,1039.064770
11.000000,99.000000,1176.891737
12.000000,99.000000,1322.958051
13.000000,99.000000,1471.715539
14.000000,99.000000,1627.934925
15.000000,99.000000,1793.466116
16.000000,99.000000,1966.122191
17.000000,99.000000,2145.096324
8.000000,99.500000,778.876428
9.000000,99.500000,905.089115
10.000000,99.500000,1039.629152
11.000000,99.500000,1177.436584
12.000000,99.500000,1323.480249
13.000000,99.500000,1472.165145
14.000000,99.500000,1628.350384
15.000000,99.500000,1793.877844
16.000000,99.500000,1966.516047
17.000000,99.500000,2145.455055
8.000000,100.000000,779.646268
9.000000,100.000000,905.780464
10.000000,100.000000,1040.192874
11.000000,100.000000,1177.980829
12.000000,100.000000,1324.001900
13.000000,100.000000,1472.614244
14.000000,100.000000,1628.765377
15.000000,100.000000,1794.289130
16.000000,100.000000,1966.909466
17.000000,100.000000,2145.813355
8.000000,100.500000,780.430578
9.000000,100.500000,906.486583
10.000000,100.500000,1040.772477
11.000000,100.500000,1178.536071
12.000000,100.500000,1324.519489
13.000000,100.500000,1473.151440
14.000000,100.500000,1629.354758
15.000000,100.500000,1794.777938
16.000000,100.500000,1967.305453
17.000000,100.500000,2146.170344
8.000000,101.000000,781.214279
9.000000,101.000000,907.192099
10.000000,101.000000,1041.351415
11.000000,101.000000,1179.090709
12.000000,101.000000,1325.036519
13.000000,101.000000,1473.688068
14.000000,101.000000,1629.943540
15.000000,101.000000,1795.266252
16.000000,101.000000,1967.701002
17.000000,101.000000,2146.526903
8.000000,101.500000,782.021362
9.000000,101.500000,907.928082
10.000000,101.500000,1041.967066
11.000000,101.500000,1179.678179
12.000000,101.500000,1325.559800
13.000000,101.500000,1474.247705
14.000000,101.500000,1630.545564
15.000000,101.500000,1795.761558
16.000000,101.500000,1968.099023
17.000000,101.500000,2146.882071
8.000000,102.000000,782.827842
9.000000,102.000000,908.663459
10.000000,102.000000,1042.582039
11.000000,102.000000,1180.265031
12.000000,102.000000,1326.082477
13.000000,102.000000,1474.806759
14.000000,102.000000,1631.146980
15.000000,102.000000,1796.256367
16.000000,102.000000,1968.496606
17.000000,102.000000,2147.236811
8.000000,102.500000,783.666166
9.000000,102.500000,909.424637
10.000000,102.500000,1043.219083
11.000000,102.500000,1180.878284
12.000000,102.500000,1326.636424
13.000000,102.500000,1475.391339
14.000000,102.500000,1631.764133
15.000000,102.500000,1796.759118
16.000000,102.500000,1968.896564
17.000000,102.500000,2147.590080
8.000000,103.000000,784.503893
9.000000,103.000000,910.185210
10.000000,103.000000,1043.855442
11.000000,103.000000,1181.490906
12.000000,103.000000,1327.189748
13.000000,103.000000,1475.975320
14.000000,103.000000,1632.380666
15.000000,103.000000,1797.261368
16.000000,103.000000,1969.296083
17.000000,103.000000,2147.942923
8.000000,103.500000,785.340022
9.000000,103.500000,910.955662
10.000000,103.500000,1044.512782
11.000000,103.500000,1182.121289
12.000000,103.500000,1327.758335
13.000000,103.500000,1476.572944
14.000000,103.500000,1633.005332
15.000000,103.500000,1797.768217
16.000000,103.500000,1969.697882
17.000000,103.500000,2148.294217
8.000000,104.000000,786.175559
9.000000,104.000000,911.725509
10.000000,104.000000,1045.169430
11.000000,104.000000,1182.751036
12.000000,104.000000,1328.326291
13.000000,104.000000,1477.169962
14.000000,104.000000,1633.629374
15.000000,104.000000,1798.274563
16.000000,104.000000,1970.099240
17.000000,104.000000,2148.645088
8.000000,104.500000,787.027848
9.000000,104.500000,912.551341
10.000000,104.500000,1045.906709
11.000000,104.500000,1183.429010
12.000000,104.500000,1328.910290
13.000000,104.500000,1477.794232
14.000000,104.500000,1634.285504
15.000000,104.500000,1798.786403
16.000000,104.500000,1970.490222
17.000000,104.500000,2148.991233
8.000000,105.000000,787.879544
9.000000,105.000000,913.376557
10.000000,105.000000,1046.643261
11.000000,105.000000,1184.106328
12.000000,105.000000,1329.493649
13.000000,105.000000,1478.417860
14.000000,105.000000,1634.940951
15.000000,105.000000,1799.297714
16.000000,105.000000,1970.880758
17.000000,105.000000,2149.336954
8.000000,105.500000,788.790607
9.000000,105.500000,914.318406
10.000000,105.500000,1047.534137
11.000000,105.500000,1184.930177
12.000000,105.500000,1330.208104
13.000000,105.500000,1479.105190
14.000000,105.500000,1635.590721
15.000000,105.500000,1799.815522
16.000000,105.500000,1971.284087
17.000000,105.500000,2149.683532
8.000000,106.000000,789.701044
9.000000,106.000000,915.259606
10.000000,106.000000,1048.424217
11.000000,106.000000,1185.753297
12.000000,106.000000,1330.921827
13.000000,106.000000,1479.791838
14.000000,106.000000,1636.239812
15.000000,106.000000,1800.332775
16.000000,106.000000,1971.686934
17.000000,106.000000,2150.029679
8.000000,106.500000,790.739118
9.000000,106.500000,916.256201
10.000000,106.500000,1049.307729
11.000000,106.500000,1186.573045
12.000000,106.500000,1331.637036
13.000000,106.500000,1480.477173
14.000000,106.500000,1636.889015
15.000000,106.500000,1800.910015
16.000000,106.500000,1972.171308
17.000000,106.500000,2150.392564
8.000000,107.000000,791.776664
9.000000,107.000000,917.252186
10.000000,107.000000,1050.190454
11.000000,107.000000,1187.392070
12.000000,107.000000,1332.351515
13.000000,107.000000,1481.161831
14.000000,107.000000,1637.537539
15.000000,107.000000,1801.486632
16.000000,107.000000,1972.655110
17.000000,107.000000,2150.755001
8.000000,107.500000,792.849071
9.000000,107.500000,918.259323
10.000000,107.500000,1051.066202
11.000000,107.500000,1188.204827
12.000000,107.500000,1333.062302
13.000000,107.500000,1481.842614
14.000000,107.500000,1638.181804
15.000000,107.500000,1802.064141
16.000000,107.500000,1973.141029
17.000000,107.500000,2151.114966
8.000000,108.000000,793.920999
9.000000,108.000000,919.265871
10.000000,108.000000,1051.941172
11.000000,108.000000,1189.016867
12.000000,108.000000,1333.772367
13.000000,108.000000,1482.522724
14.000000,108.000000,1638.825395
15.000000,108.000000,1802.641029
16.000000,108.000000,1973.626377
17.000000,108.000000,2151.474488
8.000000,108.500000,794.981919
9.000000,108.500000,920.262519
10.000000,108.500000,1052.809282
11.000000,108.500000,1189.822742
12.000000,108.500000,1334.479744
13.000000,108.500000,1483.208514
14.000000,108.500000,1639.481086
15.000000,108.500000,1803.225511
16.000000,108.500000,1974.118534
17.000000,108.500000,2151.850200
8.000000,109.000000,796.042359
9.000000,109.000000,921.258579
10.000000,109.000000,1053.676622
11.000000,109.000000,1190.627909
12.000000,109.000000,1335.186404
13.000000,109.000000,1483.893632
14.000000,109.000000,1640.136096
15.000000,109.000000,1803.809368
16.000000,109.000000,1974.610118
17.000000,109.000000,2152.225460
8.000000,109.500000,797.094772
9.000000,109.500000,922.246142
10.000000,109.500000,1054.537216
11.000000,109.500000,1191.427011
12.000000,109.500000,1335.892037
13.000000,109.500000,1484.595756
14.000000,109.500000,1640.821093
15.000000,109.500000,1804.407855
16.000000,109.500000,1975.130747
17.000000,109.500000,2152.700531
8.000000,110.000000,798.146712
9.000000,110.000000,923.233120
10.000000,110.000000,1055.397049
11.000000,110.000000,1192.225412
12.000000,110.000000,1336.596957
13.000000,110.000000,1485.297199
14.000000,110.000000,1641.505389
15.000000,110.000000,1805.005709
16.000000,110.000000,1975.650784
17.000000,110.000000,2153.175084
8.000000,110.500000,799.225986
9.000000,110.500000,924.240553
10.000000,110.500000,1056.269981
11.000000,110.500000,1193.027455
12.000000,110.500000,1337.300270
13.000000,110.500000,1486.005279
14.000000,110.500000,1642.200844
15.000000,110.500000,1805.610416
16.000000,110.500000,1976.179013
17.000000,110.500000,2153.665977
8.000000,111.000000,800.304862
9.000000,111.000000,925.247440
10.000000,111.000000,1057.142170
11.000000,111.000000,1193.828808
12.000000,111.000000,1338.002877
13.000000,111.000000,1486.712677
14.000000,111.000000,1642.895593
15.000000,111.000000,1806.214487
16.000000,111.000000,1976.706647
17.000000,111.000000,2154.156343
8.000000,111.500000,801.407945
9.000000,111.500000,926.304011
10.000000,111.500000,1058.069827
11.000000,111.500000,1194.653979
12.000000,111.500000,1338.704275
13.000000,111.500000,1487.427162
14.000000,111.500000,1643.601370
15.000000,111.500000,1806.825253
16.000000,111.500000,1977.247801
17.000000,111.500000,2154.681786
8.000000,112.000000,802.510676
9.000000,112.000000,927.360093
10.000000,112.000000,1058.996788
11.000000,112.000000,1195.478481
12.000000,112.000000,1339.404970
13.000000,112.000000,1488.140963
14.000000,112.000000,1644.306434
15.000000,112.000000,1807.435382
16.000000,112.000000,1977.788354
17.000000,112.000000,2155.206679
8.000000,112.500000,803.618668
9.000000,112.500000,928.421444
10.000000,112.500000,1059.937063
11.000000,112.500000,1196.341081
12.000000,112.500000,1340.184241
13.000000,112.500000,1489.023230
14.000000,112.500000,1645.227087
15.000000,112.500000,1808.131090
16.000000,112.500000,1978.381515
17.000000,112.500000,2155.904370
8.000000,113.000000,804.726333
9.000000,113.000000,929.482323
10.000000,113.000000,1060.876652
11.000000,113.000000,1197.203009
12.000000,113.000000,1340.962772
13.000000,113.000000,1489.904717
14.000000,113.000000,1646.146880
15.000000,113.000000,1808.826108
16.000000,113.000000,1978.974039
17.000000,113.000000,2156.601391
8.000000,113.500000,805.839061
9.000000,113.500000,930.548315
10.000000,113.500000,1061.853320
11.000000,113.500000,1198.184703
12.000000,113.500000,1341.918045
13.000000,113.500000,1490.874241
14.000000,113.500000,1647.067869
15.000000,113.500000,1809.521954
16.000000,113.500000,1979.572976
17.000000,113.500000,2157.299943
8.000000,114.000000,806.951487
9.000000,114.000000,931.613850
10.000000,114.000000,1062.829306
11.000000,114.000000,1199.165699
12.000000,114.000000,1342.872506
13.000000,114.000000,1491.842950
14.000000,114.000000,1647.988000
15.000000,114.000000,1810.217112
16.000000,114.000000,1980.171275
17.000000,114.000000,2157.997827
8.000000,114.500000,808.068788
9.000000,114.500000,932.684351
10.000000,114.500000,1063.816456
11.000000,114.500000,1200.164913
12.000000,114.500000,1343.847289
13.000000,114.500000,1492.812926
14.000000,114.500000,1648.888654
15.000000,114.500000,1810.905272
16.000000,114.500000,1980.775832
17.000000,114.500000,2158.697051
8.000000,115.000000,809.185809
9.000000,115.000000,933.754409
10.000000,115.000000,1064.802935
11.000000,115.000000,1201.163432
12.000000,115.000000,1344.821256
13.000000,115.000000,1493.782092
14.000000,115.000000,1649.788466
15.000000,115.000000,1811.592751
16.000000,115.000000,1981.379751
17.000000,115.000000,2159.395606
8.000000,115.500000,810.377732
9.000000,115.500000,934.882831
10.000000,115.500000,1065.834599
11.000000,115.500000,1202.195988
12.000000,115.500000,1345.814632
13.000000,115.500000,1494.751602
14.000000,115.500000,1650.677669
15.000000,115.500000,1812.313833
16.000000,115.500000,1982.034210
17.000000,115.500000,2160.102944
8.000000,116.000000,811.569524
9.000000,116.000000,936.010875
10.000000,116.000000,1066.865607
11.000000,116.000000,1203.227854
12.000000,116.000000,1346.807188
13.000000,116.000000,1495.720306
14.000000,116.000000,1651.566041
15.000000,116.000000,1813.034216
16.000000,116.000000,1982.688002
17.000000,116.000000,2160.809611
8.000000,116.500000,812.760496
9.000000,116.500000,937.132416
10.000000,116.500000,1067.898901
11.000000,116.500000,1204.278270
12.000000,116.500000,1347.824466
13.000000,116.500000,1496.691180
14.000000,116.500000,1652.450753
15.000000,116.500000,1813.811568
16.000000,116.500000,1983.414520
17.000000,116.500000,2161.527286
7.000000,117.000000,698.299415
8.000000,117.000000,813.951350
9.000000,117.000000,938.253584
10.000000,117.000000,1068.931547
11.000000,117.000000,1205.327998
12.000000,117.000000,1348.840919
13.000000,117.000000,1497.661252
14.000000,117.000000,1653.334638
15.000000,117.000000,1814.588191
16.000000,117.000000,1984.140327
17.000000,117.000000,2162.244285
18.000000,117.000000,2349.036939
7.000000,117.500000,699.527386
8.000000,117.500000,815.127005
9.000000,117.500000,939.356056
10.000000,117.500000,1069.957905
11.000000,117.500000,1206.389020
12.000000,117.500000,1349.874547
13.000000,117.500000,1498.629618
14.000000,117.500000,1654.208260
15.000000,117.500000,1815.379584
16.000000,117.500000,1984.888955
17.000000,117.500000,2162.962588
18.000000,117.500000,2349.760934
7.000000,118.000000,700.755498
8.000000,118.000000,816.302532
9.000000,118.000000,940.458150
10.000000,118.000000,1070.983623
11.000000,118.000000,1207.449356
12.000000,118.000000,1350.907348
13.000000,118.000000,1499.597185
14.000000,118.000000,1655.081065
15.000000,118.000000,1816.170242
16.000000,118.000000,1985.636860
17.000000,118.000000,2163.680216
18.000000,118.000000,2350.484231
7.000000,118.500000,702.023022
8.000000,118.500000,817.496493
9.000000,118.500000,941.553436
10.000000,118.500000,1071.996727
11.000000,118.500000,1208.498832
12.000000,118.500000,1351.926615
13.000000,118.500000,1500.549438
14.000000,118.500000,1655.945571
15.000000,118.500000,1816.979131
16.000000,118.500000,1986.409091
17.000000,118.500000,2164.398655
18.000000,118.500000,2351.205269
7.000000,119.000000,703.290884
8.000000,119.000000,818.690439
9.000000,119.000000,942.648377
10.000000,119.000000,1073.009194
11.000000,119.000000,1209.547617
12.000000,119.000000,1352.945049
13.000000,119.000000,1501.500896
14.000000,119.000000,1656.809268
15.000000,119.000000,1817.787277
16.000000,119.000000,1987.180587
17.000000,119.000000,2165.116422
18.000000,119.000000,2351.925611
7.000000,119.500000,704.580741
8.000000,119.500000,819.890944
9.000000,119.500000,943.731510
10.000000,119.500000,1074.006072
11.000000,119.500000,1210.575721
12.000000,119.500000,1353.937229
13.000000,119.500000,1502.431690
14.000000,119.500000,1657.707162
15.000000,119.500000,1818.787062
16.000000,119.500000,1988.149006
17.000000,119.500000,2165.857409
18.000000,119.500000,2352.643712
7.000000,120.000000,705.871054
8.000000,120.000000,821.091497
9.000000,120.000000,944.814315
10.000000,120.000000,1075.002307
11.000000,120.000000,1211.603099
12.000000,120.000000,1354.928538
13.000000,120.000000,1503.361682
14.000000,120.000000,1658.604230
15.000000,120.000000,1819.785997
16.000000,120.000000,1989.116571
17.000000,120.000000,2166.597711
18.000000,120.000000,2353.361118
7.000000,120.500000,707.162023
8.000000,120.500000,822.330051
9.000000,120.500000,945.977257
10.000000,120.500000,1076.084810
11.000000,120.500000,1212.681662
12.000000,120.500000,1355.948314
13.000000,120.500000,1504.338773
14.000000,120.500000,1659.555112
15.000000,120.500000,1820.804038
16.000000,120.500000,1990.074418
17.000000,120.500000,2167.329619
18.000000,120.500000,2354.076299
7.000000,121.000000,708.453460
8.000000,121.000000,823.568677
9.000000,121.000000,947.139881
10.000000,121.000000,1077.166664
11.000000,121.000000,1213.759500
12.000000,121.000000,1356.967225
13.000000,121.000000,1505.315056
14.000000,121.000000,1660.505151
15.000000,121.000000,1821.821225
16.000000,121.000000,1991.031421
17.000000,121.000000,2168.060850
18.000000,121.000000,2354.790787
7.000000,121.500000,709.761239
8.000000,121.500000,824.944966
9.000000,121.500000,948.577541
10.000000,121.500000,1078.503628
11.000000,121.500000,1214.954844
12.000000,121.500000,1358.028671
13.000000,121.500000,1506.394230
14.000000,121.500000,1661.573942
15.000000,121.500000,1822.877404
16.000000,121.500000,1991.978830
17.000000,121.500000,2168.783791
18.000000,121.500000,2355.503066
7.000000,122.000000,711.069516
8.000000,122.000000,826.321451
9.000000,122.000000,950.015054
10.000000,122.000000,1079.840032
11.000000,122.000000,1216.149490
12.000000,122.000000,1359.089252
13.000000,122.000000,1507.472574
14.000000,122.000000,1662.641849
15.000000,122.000000,1823.932717
16.000000,122.000000,1992.925405
17.000000,122.000000,2169.506062
18.000000,122.000000,2356.214655
7.000000,122.500000,712.381216
8.000000,122.500000,827.698355
9.000000,122.500000,951.449394
10.000000,122.500000,1081.170088
11.000000,122.500000,1217.351203
12.000000,122.500000,1360.171860
13.000000,122.500000,1508.568164
14.000000,122.500000,1663.719520
15.000000,122.500000,1824.989046
16.000000,122.500000,1993.891738
17.000000,122.500000,2170.304377
18.000000,122.500000,2356.963504
7.000000,123.000000,713.693426
8.000000,123.000000,829.075459
9.000000,123.000000,952.883576
10.000000,123.000000,1082.499586
11.000000,123.000000,1218.552222
12.000000,123.000000,1361.253611
13.000000,123.000000,1509.662929
14.000000,123.000000,1664.796310
15.000000,123.000000,1826.044513
16.000000,123.000000,1994.857223
17.000000,123.000000,2171.101970
18.000000,123.000000,2357.711639
7.000000,123.500000,715.008714
8.000000,123.500000,830.452647
9.000000,123.500000,954.314276
10.000000,123.500000,1083.823832
11.000000,123.500000,1219.761246
12.000000,123.500000,1362.357078
13.000000,123.500000,1510.774606
14.000000,123.500000,1665.882346
15.000000,123.500000,1827.100490
16.000000,123.500000,1995.841198
17.000000,123.500000,2171.966612
18.000000,123.500000,2358.489743
7.000000,124.000000,716.324524
8.000000,124.000000,831.830035
9.000000,124.000000,955.744805
10.000000,124.000000,1085.147520
11.000000,124.000000,1220.969582
12.000000,124.000000,1363.459695
13.000000,124.000000,1511.885463
14.000000,124.000000,1666.967502
15.000000,124.000000,1828.155609
16.000000,124.000000,1996.824313
17.000000,124.000000,2172.830487
18.000000,124.000000,2359.267112
7.000000,124.500000,717.679673
8.000000,124.500000,833.229830
9.000000,124.500000,957.177363
10.000000,124.500000,1086.554980
11.000000,124.500000,1222.414044
12.000000,124.500000,1364.829269
13.000000,124.500000,1513.115864
14.000000,124.500000,1668.073217
15.000000,124.500000,1829.214284
16.000000,124.500000,1997.805873
17.000000,124.500000,2173.701434
18.000000,124.500000,2360.045080
7.000000,125.000000,719.035473
8.000000,125.000000,834.629896
9.000000,125.000000,958.609754
10.000000,125.000000,1087.961902
11.000000,125.000000,1223.857846
12.000000,125.000000,1366.197977
13.000000,125.000000,1514.345437
14.000000,125.000000,1669.178051
15.000000,125.000000,1830.272105
16.000000,125.000000,1998.786577
17.000000,125.000000,2174.571609
18.000000,125.000000,2360.822312
7.000000,125.500000,720.387209
8.000000,125.500000,836.034468
9.000000,125.500000,960.056563
10.000000,125.500000,1089.377269
11.000000,125.500000,1225.294455
12.000000,125.500000,1367.550971
13.000000,125.500000,1515.578086
14.000000,125.500000,1670.296434
15.000000,125.500000,1831.330752
16.000000,125.500000,1999.767467
17.000000,125.500000,2175.452756
18.000000,125.500000,2361.607597
7.000000,126.000000,721.739579
8.000000,126.000000,837.439312
9.000000,126.000000,961.503226
10.000000,126.000000,1090.792127
11.000000,126.000000,1226.730416
12.000000,126.000000,1368.903112
13.000000,126.000000,1516.809914
14.000000,126.000000,1671.413938
15.000000,126.000000,1832.388549
16.000000,126.000000,2000.747502
17.000000,126.000000,2176.333125
18.000000,126.000000,2362.392143
7.000000,126.500000,723.123984
8.000000,126.500000,838.884560
9.000000,126.500000,962.999344
10.000000,126.500000,1092.237255
11.000000,126.500000,1228.166208
12.000000,126.500000,1370.235975
13.000000,126.500000,1518.029629
14.000000,126.500000,1672.526988
15.000000,126.500000,1833.441609
16.000000,126.500000,2001.733024
17.000000,126.500000,2177.237630
18.000000,126.500000,2363.242257
7.000000,127.000000,724.509107
8.000000,127.000000,840.330170
9.000000,127.000000,964.495408
10.000000,127.000000,1093.681945
11.000000,127.000000,1229.601378
12.000000,127.000000,1371.567999
13.000000,127.000000,1519.248532
14.000000,127.000000,1673.639164
15.000000,127.000000,1834.493823
16.000000,127.000000,2002.717689
17.000000,127.000000,2178.141343
18.000000,127.000000,2364.091590
7.000000,127.500000,726.032533
8.000000,127.500000,841.865463
9.000000,127.500000,966.022770
10.000000,127.500000,1095.130867
11.000000,127.500000,1231.025869
12.000000,127.500000,1372.881607
13.000000,127.500000,1520.455983
14.000000,127.500000,1674.746900
15.000000,127.500000,1835.541316
16.000000,127.500000,2003.694046
17.000000,127.500000,2179.031410
18.000000,127.500000,2364.946385
7.000000,128.000000,727.557072
8.000000,128.000000,843.401358
9.000000,128.000000,967.550140
10.000000,128.000000,1096.579374
11.000000,128.000000,1232.449745
12.000000,128.000000,1374.194388
13.000000,128.000000,1521.662631
14.000000,128.000000,1675.853767
15.000000,128.000000,1836.587967
16.000000,128.000000,2004.669555
17.000000,128.000000,2179.920694
18.000000,128.000000,2365.800397
7.000000,128.500000,729.084334
8.000000,128.500000,844.944187
9.000000,128.500000,969.089247
10.000000,128.500000,1098.030746
11.000000,128.500000,1233.861841
12.000000,128.500000,1375.489577
13.000000,128.500000,1522.858460
14.000000,128.500000,1677.000707
15.000000,128.500000,1837.766174
16.000000,128.500000,2005.742731
17.000000,128.500000,2180.803468
18.000000,128.500000,2366.662803
7.000000,129.000000,730.612704
8.000000,129.000000,846.487619
9.000000,129.000000,970.628372
10.000000,129.000000,1099.481724
11.000000,129.000000,1235.273330
12.000000,129.000000,1376.783950
13.000000,129.000000,1524.053494
14.000000,129.000000,1678.146769
15.000000,129.000000,1838.943498
16.000000,129.000000,2006.815020
17.000000,129.000000,2181.685459
18.000000,129.000000,2367.524421
7.000000,129.500000,732.143985
8.000000,129.500000,848.038129
9.000000,129.500000,972.179320
10.000000,129.500000,1100.934239
11.000000,129.500000,1236.671989
12.000000,129.500000,1378.061954
13.000000,129.500000,1525.239362
14.000000,129.500000,1679.327175
15.000000,129.500000,1840.222434
16.000000,129.500000,2007.971411
17.000000,129.500000,2182.603986
18.000000,129.500000,2368.484862
7.000000,130.000000,733.676371
8.000000,130.000000,849.589246
9.000000,130.000000,973.730295
10.000000,130.000000,1102.386380
11.000000,130.000000,1238.070045
12.000000,130.000000,1379.339142
13.000000,130.000000,1526.424410
14.000000,130.000000,1680.506665
15.000000,130.000000,1841.500451
16.000000,130.000000,2009.126865
17.000000,130.000000,2183.521675
18.000000,130.000000,2369.444438
